339.5236002878055
339.52524647869996
339.5261224803817
339.5266644092262
339.5269154509042
339.5270944880949
339.5271535873908
339.5272182583067
339.5272233685955
339.52725178943183
339.5272439620312
339.5272598970005
339.5272504894383
339.5272612081044
339.5272529618378
339.52726088102463
339.5272541967952
339.5272602712939
339.52725497405845
339.527259694396
339.5272555421416
339.5272592189867
339.5272559773184
339.52725884816573
339.527256309113
339.5272585537223
339.527256566922
339.5272583276019
339.52725676753835
339.52725815087615
339.5272569226472
339.5272580109395
339.527257055046
339.5272578911863
339.5272571600035
339.5272578073782
339.52725723277763
339.5272577349315
339.5272572959584
339.52725768389064
339.5272573382899
339.52725765342984
339.5272573558577
