338.80256511999505
338.8031011544117
338.8088926992523
338.805841443781
338.80511396384827
338.80831669159215
338.8086134889518
338.80580532742806
338.8060505161775
338.8076892427616
338.80294740898535
338.8081583801595
338.80074694033647
338.80694240975754
338.8074550797137
338.80735230441496
338.81039290896115
338.80961868314444
338.8097788305513
338.80925461212064
338.8050636950484
338.80868102954264
338.80155760148045
338.80679316846727
338.80381659369596
338.8098214345682
338.80428673828646
338.8088448294329
338.80103249153944
338.80509218028783
338.8097857290795
338.8084857492504
338.8060764760121
338.80988650987274
338.8105057443572
338.8073490887873
338.80536819306144
338.806955312004
338.80496647635664
338.8117296475575
338.7993614157094
338.8074716733172
338.8034589066556
