351.8111563129253
327.2958684471262
276.0264662471458
270.5880267622049
262.21486479534474
335.87539133677456
264.6061244211153
283.00489060893824
292.54507327393003
282.52680671424014
262.5473111489614
240.26487548449995
255.9489723297752
279.72721653096323
302.05662933448957
282.9264760527676
299.1983080448099
243.59075344346093
273.11731538969616
256.74441161329014
232.91405518474585
298.95492102469143
287.15749501784467
270.01030972797616
266.89646001186793
263.79287173981174
275.26879603450834
244.23333445650132
315.43188050989556
275.36816767036817
259.6750728988318
265.4771908965158
279.13503319844494
254.51978044479802
223.68578160098878
261.1366814954963
271.62850712562977
293.940639776627
239.01957569665865
218.78449860951332
253.29853135664052
270.9318629093541
284.9565207569849
277.47793727203134
301.3095397007728
310.3803681744357
239.80644497080357
254.4686958323182
238.54015897125282
270.8664682136223
221.86582221316712
275.5478245984614
244.85332751103488
245.34982079439033
272.30377535120533
282.0411760850766
276.41244701350115
240.4284155383957
252.4033367099073
240.57999541831487
236.37949797681722
269.1702444963594
320.16218166981344
280.4935828096168
277.25279903066985
267.58634551954674
226.5437950419073
276.7455291599217
235.44780185821583
286.7075707227232
275.44279087245377
243.6707136607838
245.4378460445514
290.0951232232801
261.5658622199444
300.73417158655866
260.9475340006502
271.72516203277337
291.4766601494375
280.73890875657526
297.7255294464885
299.47426043258383
261.58497460793296
240.207552640848
269.7141256387222
275.1123897278412
257.97510933005105
268.4261618227574
237.3508934138481
239.0358787256555
316.75724800900934
301.7673332300401
247.06766125949798
274.10867676941416
258.4576943696593
294.1563120718092
298.5455300091562
261.1850640875564
296.4971592292459
314.8011887190405
256.1726632351965
253.84547078121977
237.10912421015018
264.44355457606434
266.09739185238504
224.1468960146376
265.78416653723616
276.1851394041696
220.08962390280794
240.9708433864471
328.32239372156255
309.7241727802939
323.3804047337835
269.261625991061
251.00747520479126
210.0612408190973
236.08102699521623
234.24698789260947
255.9087211551996
217.6306767686292
253.3467081033632
274.1685911534587
263.7441390145759
294.8360013851052
284.6464400427358
211.06124350128084
214.5588411968347
215.5126240790487
221.96914458088577
344.3898630517215
299.13222666621004
251.30793672624714
238.45411887833325
248.6728267908111
211.5344419268804
254.14063737235847
264.40376518390985
248.61289093381492
261.36638737124304
247.48388428936596
232.33014629212266
260.020447570394
326.2016729842071
323.92240869208763
274.8880061529271
287.79577353773493
248.8562651717948
271.8020392687249
295.9514511192101
292.4258116438068
314.1858744135752
309.4810774898433
245.82355719638872
246.34496279631276
234.5244872938929
238.99345696462842
285.81443318699166
273.2042388987902
215.33079718738009
266.0276467471558
292.35840421379544
242.13915474478563
318.05873288644216
273.73295390021667
275.0654292633553
313.76149470511155
249.66035033627122
263.6858397345786
250.42072005405498
249.9113741663532
268.67174529891054
261.04875718368567
289.33235485222394
271.0072215485852
238.88677967445983
244.97182162373792
273.9799641946738
297.11302223603707
290.42062541675114
275.56082385864283
272.9178455904621
282.8382635623275
280.80488738562417
289.8800310229417
327.48673411974596
239.59673340932932
277.52310304321145
304.1425024343407
286.20327851746697
276.59509589305526
255.14286068442016
258.4333190049292
239.09140774775733
277.29585294722347
262.30573839363933
280.3179032205953
285.82493707216054
293.18946479599254
301.46978010283783
246.27236097920104
274.44719360499585
282.68130627604114
284.6270711111356
236.4890028258087
261.3261166099255
273.3204207468516
249.66461198213074
302.74761516892613
287.92495920065994
252.2778521117143
265.5728197116114
254.20999105012015
229.1120745870503
229.90427135773643
247.24897522566607
300.3600841985244
313.3536493274296
261.9178279482221
285.1759289681504
287.2570447114049
249.32294451247435
274.2041549295609
289.58587236009043
271.63350756479485
263.0964602103777
296.0975323167222
293.4977476556378
286.140387802232
272.63151283509796
289.43278510428354
276.24024615526287
232.26411785007804
275.7634890914924
264.8343111536451
323.1554208331145
248.1513012807627
329.77362697124045
309.2153719944181
267.0535828930879
251.7866130643888
257.04594703717885
279.63546727554785
249.59381920783198
240.2319734167031
260.1622377363092
251.3859645783814
264.53332429412694
260.9102225930692
291.649131232276
274.5698461101565
258.0371273930359
227.64797437618836
260.64512036769884
249.90929239183606
257.09685002719925
241.2972924937203
256.72842722131463
245.50837484453223
282.9490150531783
259.4762948761345
282.3266403613379
253.73782930830203
269.3101038459572
243.6790619650128
265.4649125695578
278.6937222780689
266.3002329396404
290.82414289684675
284.07149120302347
312.9067387728137
256.5281091743673
268.3789305078535
259.59267705021193
266.132229937939
255.60076374503842
249.31119377589494
272.4423499653785
262.7078215711226
292.66484521573875
266.39934477924544
258.596856314296
256.3198290208675
271.6592849438166
280.7998439060466
263.32519437916926
306.15671366690367
255.7607433780504
263.2472746453568
235.11001347532147
255.61765823011228
291.0696260100085
296.17360508895945
250.55060291083646
258.1534748667036
259.0892684496066
300.26930360098777
293.2353315660439
264.8501495337987
271.61984104716976
289.6496711555519
232.2116263755306
252.0416114012478
254.91621117162867
273.1169122354913
272.68673259242496
267.0137447488232
247.884170121426
262.3269176698668
270.06909118409385
265.17499020653486
280.36603048763936
256.0780572693766
240.25347249813785
260.757875462019
281.82759873228497
257.9565983969078
258.1609334041859
287.29374163690954
244.90540961635998
255.97601048831712
270.961597660993
248.23010426276596
313.46011972034466
283.7569822174264
293.7482205838751
270.6300860152551
265.2064631610847
263.56013432306645
257.2563402061496
247.27284428384155
269.9620974464342
261.9757215430145
233.50616966131201
258.9394042335043
250.99899353890214
256.77271749010833
281.28074647120957
219.62588713751757
275.36111748812255
288.88374118396314
242.99006013853068
291.141707667819
294.50483067243476
278.8041515566292
235.1130988210498
248.37531412973476
228.73968031116237
248.4285766727553
221.6275849325175
245.10361299748183
259.65784265627735
260.38770725722134
246.7142553592421
268.58178342846804
256.5665238292131
227.04844843830506
323.5781626813987
280.0463460097817
265.2572522163973
269.4796560135728
249.65014465876448
238.41101883622468
265.6803311736003
278.3141028422833
300.5086229763692
250.43971652921755
253.64621385358623
265.26878858158307
259.11638663560734
244.83005484446767
270.36384896113304
297.55523213713604
257.72037069586804
283.58659711848304
294.5530211163277
288.69067027770507
248.8059148408356
284.6347960275598
284.5574011957069
272.80987920513144
275.6797234368423
272.306550623136
246.52867453472572
292.7880236405472
266.4800545351027
232.19305640207313
262.2317845368234
287.4282277660677
266.04633793501125
281.02688021727954
264.19913458498195
289.689345132414
258.5184755593946
291.7409414596332
281.8703387763817
267.47427263374266
265.24949193959765
285.1224750456895
231.55659212727915
274.85578124481253
271.5247479684622
250.1147983487317
277.6766129029711
300.9059217450995
285.8419095914578
262.00822713182424
305.88964533065155
235.5711149322742
228.03573644415883
257.216079539794
228.71517165181285
236.52414262924867
255.45146312285215
270.49990627927764
265.415262734954
258.3586830448621
216.4546492085501
251.63140632027353
239.10369613245712
299.2345583319693
286.18247957543645
282.1934918581683
223.30506338507985
265.6857143001107
277.47232253804395
270.2908564982499
265.7217436412175
317.8810442884569
222.691463799536
276.2772161338944
272.13091752200853
292.01009454122686
278.92702464536706
238.54795600497164
301.56845949718263
240.08099804478115
248.76820552087156
250.42820085085987
241.37561517411086
222.47905025162618
232.17421897055465
266.04788125117193
272.7013319934631
304.0826859498775
275.84426305349916
248.05208841714193
237.8084540154814
254.55605052935425
244.7108021081367
291.1500763816148
248.71667145479296
294.8232451653312
258.4020865519269
240.88375748669205
234.05859979033994
234.50512347153563
283.59964006079827
306.5758259288996
281.2057812067942
253.8158542603196
245.05635419342434
241.96919436707685
277.2469285819243
249.71221254947886
277.65428430069005
229.3040132627939
284.43962275442027
266.8368164200656
244.31416054659348
257.0055087615474
257.28703784877143
261.1475549839233
275.2584336219297
238.59817788326473
252.4701867220574
257.01719326181046
252.62802531068155
291.5151221710257
287.29208665157785
291.3007031618763
305.9349324699433
334.6640354454721
307.8817520096054
240.94097707531182
251.46189006228815
225.8912185995723
258.9373589402385
266.3263336971577
243.25045237064478
221.13972484864644
286.7649039519456
246.7904113358818
276.51705904092523
293.9417344999383
251.23969862578087
258.5052833730588
308.5515994656889
258.29079793725396
250.75195925950538
233.05635419403552
240.66855057765497
299.5690791942179
243.61089725641068
243.8246485394193
296.1586645436473
300.8199414620758
285.96999766363297
281.7137140095001
253.5533094642451
276.8556077425601
256.3899511198106
264.4900227765902
291.29471754745464
243.30032460705843
228.34429868715233
252.39401446501142
257.1178830479039
317.7826348102826
291.4225711710751
297.9261418932583
276.9109641791729
300.6561649104988
298.7787706985255
298.7163117377786
224.33662715976243
277.15704187523806
239.7191323930747
295.99870553586516
272.5846532899013
263.1233476702182
261.7240388446662
262.90091172090615
268.9192831683322
272.52070076193195
268.1213751193136
280.3970691334398
284.7515369952016
251.18447666190332
253.75203085094108
293.56523542193463
285.75835948236636
248.44675370358163
265.8445334460703
277.58707850874634
264.2802475459175
257.6981742159405
268.741141911014
253.94903267390328
243.60053720584256
270.14784012237214
282.3475928301923
264.00308120503905
271.5859422556241
239.6497431990574
251.53654480096884
242.619577968464
259.9781245656195
232.8239734955423
261.2489068962168
242.41234343932592
238.69622279217583
214.44086213232367
240.20360885426635
292.35349559932365
200.3627816424705
257.40521779929986
256.82660052907886
244.61483217170462
243.90943926092586
281.51046955108177
229.09548405665555
249.31873625531443
272.6672213464335
280.8524513072334
264.25454358925344
275.2713594652305
299.1476068481861
265.3240707241348
270.26000684979954
278.7682004678645
230.895363723248
249.27207319959416
272.0985795422457
336.414510272647
326.8673249487474
320.450967699755
290.7580419027654
256.1756870239624
270.2231794135878
250.33299664146034
265.3487106853281
270.18833751257625
270.26731356649543
229.82511941806297
265.286418601434
246.12412377930013
285.7980787985143
237.87650419273996
252.75723241601372
228.32640320208156
247.2158436521131
254.77478523846366
337.44890849644435
242.49262775454554
252.76417022637906
306.0193371067289
253.6280396793154
265.8373356675438
302.84437971530133
273.64947817480424
270.16391206663684
235.52385489919106
274.9564811126911
323.075065514422
262.05427448559203
269.87899258660036
294.1664901257318
276.30819836165756
240.71974396303995
283.0575075838133
265.4034770859871
293.7931063770375
247.9845117914665
280.71031452485477
280.27665657238686
278.72698217397556
314.23981627853937
245.48859025130514
251.23808803563588
248.613680553186
243.85373472009087
237.50674350143527
268.2770338212431
280.9290508465201
286.1516242369253
245.0129311660712
250.07379129115725
215.34218278425396
249.06278153992025
257.27149212235236
268.15663891492295
238.2782824546448
268.05304114703904
256.432689410256
280.4453268968209
286.4429927501187
253.48173810500884
263.23355064095813
252.14722408214584
287.3156999653438
237.45352946349885
265.8609145428345
262.82644970703404
302.68999111748417
262.9762699829298
269.926550257107
249.56676482781768
280.3607017424365
284.03348802024266
261.3642510836944
241.26988179879845
296.39006647333736
241.5083252848417
287.7132250141294
274.4769153909874
268.5848075794638
236.96568592675612
314.9291644259356
275.09470299750683
259.9164533035364
262.6147186779126
273.61117506894516
259.6622335415159
283.2839093837538
222.4419367358496
258.149253268959
244.08293103732285
273.6026599598699
247.60427361840266
239.5903390815074
272.6769636457029
271.55551153057604
243.5151523076056
240.38286103541031
280.2262392183475
292.0828338242718
242.93236865641666
283.5283009769628
309.20451039724867
263.7760737128847
257.4814062048681
223.87560223552282
269.1696324146178
260.244712154672
276.3052801072772
229.2787675279542
253.52668818563689
262.9023289423203
281.2304632735031
240.4965749659459
269.4853286948346
274.32733402971644
273.875856763334
292.6915287283482
271.025524905941
295.99177021489595
233.2213271514338
268.7077747377043
324.2858017538383
281.46089498806396
274.30805541275186
250.77836375989136
241.85615236248123
217.8434772270848
286.6137593695894
285.12730160244973
274.33988924499135
293.00767678851844
266.6727678676252
262.324068262591
265.8666649677034
307.4669155786396
234.030960298609
289.93703512320644
250.26289593119873
270.9642585888214
260.93919970537536
234.94863886167877
249.21493197552627
243.3208914027491
272.61786328221206
247.27514037367655
303.5518582845689
266.9111552941031
279.00787888781633
273.1175644697796
247.3931585966202
251.0126246533764
288.5162776809302
287.60733311760123
249.31494025245775
255.3247699229396
263.2203500563046
274.0982417727646
255.72084576718044
272.7029577140347
247.77417153894203
278.13404411729425
253.2873325899418
329.3866234087036
279.43307463635574
269.2535302445176
266.0026922128163
249.35087830547127
285.3804410005396
264.37408164606313
242.8954311365378
242.16151089651976
293.546585546952
248.32219833959243
274.02237508355756
247.62044856295688
284.0513157144014
217.90521655546036
243.76073675241787
254.22465942089912
275.51438585843425
227.73401190739241
274.208826760354
288.8316797041043
296.93669653270626
261.44330338248983
294.8844405997079
274.57867486792384
262.49981802297407
246.67644820304122
263.13954616495175
264.78267602986307
253.48522683550254
273.7853813661495
227.29777945877868
266.06252914265497
226.84516765066655
321.6056357159687
253.6974309143552
247.2953547872894
245.58143017464317
303.70030170460814
265.8760592190665
269.12040665606037
284.0145674130472
265.86857801282895
274.33623260303284
235.26063277185312
260.11557472965796
242.5825027806568
261.1696408626449
264.36208690033527
308.03778629595763
271.0479123798432
282.53033518319717
265.41205249435734
275.3747772153001
262.2673152113275
243.96044945830363
253.52696561819175
291.3027945526701
262.12519963114755
228.15246563669643
300.8045719774964
271.21672760139336
269.7343094170792
275.97910218467587
309.69888370050467
297.22636235080427
216.8947794784035
229.81915133300936
258.3482067589066
273.0608679645811
267.6364304855524
270.26698448797106
287.0202409082849
236.23568359055207
296.8244429230108
299.55858051753603
236.06091295968508
276.9184260771144
293.39152700881823
278.81360017953557
252.67899942505755
256.9714123820304
236.12147571411333
306.71820810463396
255.91395045563695
239.78649215132464
277.49467713871854
283.4376530914451
261.65413412611815
281.94555955802207
291.55069635112886
261.4176077459124
271.40424085294944
279.90126515261363
285.43978393726866
281.10750243940856
225.50417197516072
243.39325024391292
265.5134696555324
237.89372942812042
274.15307026190567
272.5879747941799
253.69320691135363
277.82980580217554
272.08784790619393
224.8180509279482
247.18303537197062
248.37960371933877
249.72293179720873
255.36376903683413
242.50359880097676
250.2040956657729
256.21964307813323
260.04145097880973
276.51607098898967
269.20391217505676
243.96284382781596
248.47236070616054
239.694375883264
256.69048734847456
268.0936582829454
271.02781385940034
265.5908382786147
241.34169932070654
264.3656527065905
264.8592634903034
283.0571952336177
284.20043305380386
323.5617887120461
229.99109910504194
272.7251372116152
279.71506612567464
230.72095027990872
244.149490429234
274.0419974841352
254.29075963728246
262.9092861005629
263.41930107417284
275.10418967175065
247.32615862667444
254.02684776840033
245.65365782217123
277.8802586160891
316.8348159593006
305.061358090461
292.6422355925897
233.4041857238626
268.81722413084935
247.8211581139185
252.07647711312165
229.61961367345066
249.00687619647942
242.19127268178272
254.7060913941532
246.96539676265093
254.76905046775937
266.6241947943927
302.1693911992479
266.2969954505388
240.2686935243255
258.7572595492238
249.5792648580973
258.07521580226603
258.46352644989383
259.5257019116543
277.0412908536091
256.47907166648656
253.17620911836275
230.10071088702534
257.2207335844869
257.43166387159727
259.70260649107513
253.00708794017555
257.67468006993295
265.5713206814835
238.68652911338722
281.20340705424314
294.0037335692614
295.57946998093394
300.0584045572905
290.2045889594301
244.06690255572903
240.50533161312342
243.36508239418617
244.7016142727225
250.75808604992926
229.83279641659465
266.7437816392048
262.8648818102956
285.9419998386875
245.89094170354656
223.73830795832328
255.15473295375705
340.3589986762963
284.11696798019693
243.7940962849243
256.8005120026064
247.48816506171715
220.80917994031915
270.19843596580904
251.59089996590046
248.12447979600984
227.5847292727849
289.3289992408245
284.18090335073066
273.6294540500385
268.8227418710303
306.0196071601822
304.4104909010639
237.95180439174874
249.6422328441986
252.00013590647723
232.952037186682
272.40500211372273
265.25845353736077
246.8938942058885
256.0856785297801
259.4584574556793
286.1802663501585
272.2949998272816
245.07519867934752
252.72913185023936
267.5583825331705
272.8042923126195
219.17918074160116
273.31472633377416
292.70528858859325
234.93752917810343
240.0582541092881
241.9125380725891
223.9837166495854
233.77352926935419
236.28336567329825
238.3525363188528
243.11178535057115
270.7485566881369
256.1990882931277
258.79217733000405
258.9409421533928
260.44394086883403
237.27369477512548
253.1323370031896
259.69687418587273
257.45722017780645
261.65268425428076
257.47993977967417
304.57474865589757
233.85197160224197
306.43903872778174
277.00170427176636
239.496265929949
282.5966463853256
243.3168905954808
244.99190113972872
281.8664107437944
274.2203511101543
314.8860207417165
342.11176016705576
278.5418527908041
250.11614050366916
261.7943456202047
238.02120043133618
275.5240301708109
267.9636523347581
292.62625552044483
312.10805460822303
326.62474805826787
268.1106067051878
244.00740855076583
267.32338296360103
281.41617220733315
260.01736871816684
241.82464468001854
308.98841031227494
282.0078465177794
271.6032466487959
308.53739062527893
293.494837924547
248.5560078296694
252.76101647957694
273.50035137159284
267.1255100092385
254.31769917189376
270.22121032502037
276.9630854615243
263.82585587754147
265.9566511720768
259.7002997386153
278.8227927723201
291.22796611033846
276.62311930250144
264.75254573480925
296.0326261584996
276.1709988609655
288.21638630819507
243.3006007563672
257.98225133906817
259.63427322311327
267.09299934480805
281.9217983749695
249.13549800479086
277.4142332387855
270.7000645145308
265.66623150609666
242.53915844799485
255.24159371078713
302.06709750252776
267.0571956926142
243.3655143121141
240.93500301521271
263.046278366819
273.1555667509092
218.85804091760656
258.8366147537017
278.8493213739712
357.4335671533481
306.0898955708835
261.94057027669623
302.49270962469745
272.07355634728447
344.3431248993147
269.2391772104311
254.5888021006831
299.8792428681627
324.8144952139701
232.74099589593243
254.55171588563826
296.42728291393723
299.3499678040389
222.0106165696052
266.2216361548635
266.81400098087033
298.0667762187077
293.9789661800023
259.2482720260159
242.31070550787263
253.7473496722523
243.2716665265616
264.697585545131
301.0867104541394
249.85622586350655
284.62486470799195
295.32314900599886
272.91074725054204
279.34041953930864
296.17473464715295
253.92035285983002
243.1627309997566
289.51706072787056
198.784274114063
309.6461796365911
294.4568341446575
322.98108685336774
264.084110714728
283.580106394249
271.81798794842325
291.5770241813152
241.8860652091098
302.4535365360789
211.13972787436796
247.5641631250619
260.75169103662483
258.3065132275224
289.30664305307437
239.3528241936583
243.725036844844
289.21082537749317
300.25750961428275
263.1431593868765
312.08931170770666
268.0327152367099
242.6830222089775
250.0986872900976
284.11771607369883
248.56251401768532
270.6404861707706
255.05108068312984
286.23779352381825
245.18289958901005
290.13315715361387
260.17405237810453
265.49886898096884
246.0719710132107
279.4485785351717
295.66120956500527
284.60842558555305
258.43565785035025
240.91014357621316
258.0556195360259
287.4371743549709
300.89880809758324
252.71969748759875
272.70234926231205
268.9950121844304
273.45269642880885
278.62438605586067
240.12531572097214
284.7312572438386
249.88389883044874
318.18248732731445
253.74579995521344
242.76299724291312
302.5046484693885
279.29679351096274
240.90042563452153
302.95351659943117
300.79445394547656
300.742902712489
271.09754684439395
246.43758621695451
280.8495238123578
245.56560294068186
268.35379982797895
255.59350486838957
232.69993678067112
264.7175337661174
249.40082989283837
226.3228495674557
269.80548377049854
236.47163680795347
225.62975484854542
235.7496576575213
265.0713618527516
252.75442860048497
280.93481260654517
280.3294884150964
247.64029342168942
287.46615670848405
278.5943501406
319.59361859655473
255.05332565127173
302.1725748577737
305.4145659082569
237.01941314933356
256.0505666298559
270.13973056321265
252.18943212257
253.72399150003912
277.8140958432341
297.0583407662343
275.705619297456
277.2268402707996
272.3642756110057
249.63685300044017
248.44804319157265
245.115624733211
266.0391703218338
279.0705887199729
287.0110460735159
236.66362824727548
270.12201616418315
271.76895685575437
247.43707867583726
235.5593502453994
257.8120588614256
266.6743152746931
240.7037408524193
282.9391348052304
269.4158879778115
266.81069359980756
225.0996254136553
265.3177674191538
236.92960752069484
257.01015367970103
273.16245902498486
227.30022125161486
264.86217623070115
248.3170132669038
244.34787461807719
250.7882924976293
243.8176161184092
277.2390396295814
245.34718711307505
263.4982996918261
246.78397779597435
268.6335214000428
272.8454072988825
263.9555496843532
282.5971002629958
237.41501389455516
272.10974254558096
273.89128226973116
287.3287161071203
244.69060526660178
269.8550125536276
276.9349363442161
280.35462662472855
268.84933417796856
272.0740807034308
281.5513811378041
246.02654556953348
265.71670964121586
253.38394774484914
346.5755560371326
259.687070692773
239.1106492394465
263.8818455141154
239.70624798361678
279.0737615041435
270.18530763778836
247.42073072935455
281.8798480219557
261.06777747761225
253.76918812288204
260.97530596499564
247.0611303174519
263.2609667056822
249.22487850650214
282.27200887259096
272.1818085387931
273.56556109146914
283.57842994719977
250.4224305334501
232.92019316751976
275.0961036028457
237.20065596397035
241.09139783936553
275.30165978480363
237.98501371761085
240.53605856531067
267.52811347384704
294.0842218871694
243.18773434089962
253.07208448532037
264.8208032006514
294.7218306796858
307.1249403003603
249.73272676276974
282.1265867043403
262.5559984173742
298.95816314639524
250.218697209144
248.3190953566227
226.07938135863515
267.45245295611676
243.8826305748662
255.18067986820824
280.06894696952077
257.09811021003406
245.46606997092022
261.53799069602974
240.95710617053555
285.8702597243828
287.161220844544
264.3890904682921
325.10684521036455
299.5831549902796
236.0388674142887
247.46712491096696
269.9653741257498
235.79426866333233
254.46089145092992
318.98133481142577
267.3399046647828
241.48749211226823
304.8877179204137
313.32390222972026
311.8616036849562
311.5948261859012
269.1668988922611
287.13653813657584
289.0264038858586
279.8257415560074
281.2542580316076
273.8764487717417
252.48921745538246
211.83189308812143
282.61543782101944
268.2044437992736
218.3015345588792
249.40852293896023
271.2864987940411
253.59732961468399
258.4251472914475
244.6420596902608
312.67883616272593
274.5703561262926
267.5244182856404
247.46020176104503
240.29061803146033
235.75014433078468
272.83692048385274
290.0542282440583
254.13153959438205
281.4136553768185
241.11176400305703
285.5319102377398
266.2914711901685
294.5438597794273
284.25736603490077
233.96544733218616
269.53171073884005
225.63762407924514
257.8862663205364
261.8367040726007
264.8173416124191
270.6774247557041
273.39237277954817
290.57596804824425
248.89735446701525
255.81278249400202
308.8074766053469
295.3499429652584
289.0174571911339
269.6785406540148
254.74863402947085
253.82011125941062
230.16108458774397
307.9294142269064
312.5361351899337
250.39422056847252
228.46659588249167
275.99759460776113
236.51095607952448
250.27720882551512
266.03778709709877
264.86049988283776
255.529719251208
258.0253167397459
252.8345508229686
231.28075979329878
253.95361072401283
254.3398936325102
235.51171740802238
290.2100792421261
254.7794923427282
266.5171947145718
257.78769891057163
264.16727518173866
277.108501550043
256.36725308856694
227.6312918519834
276.37835526425624
218.4335267986171
232.32005154533545
234.83283900393872
242.65096510067815
244.12845863110851
303.1334257920389
296.1696809622226
308.5645895001944
285.95973294589203
259.55459819192765
263.6682439815486
255.28849676070968
261.27230278553907
272.0206578429206
277.64955569274025
299.2924491268932
281.6039371096995
295.7067899539252
251.6155240922817
238.3187003103085
279.8600779006956
271.5214416605304
237.379441363737
240.38675734063145
260.4495206816937
248.04087204410462
267.72310093801934
290.2070165085606
239.09255561424652
247.79187585687032
264.1233757684822
246.3929382393835
270.1362201111042
228.07678985904204
263.18197717523435
244.48554955713917
259.40746612724615
268.2851384609821
253.88087889715098
257.43277732346905
245.0506363135646
235.77349053893704
313.0549858661252
210.90395458380226
300.88568981934804
250.84143734298414
234.05015632824507
237.32831824099412
254.89232870400883
270.2619582033949
250.90705472574336
247.96191800758243
293.57939388020895
275.79721046233317
216.9390034939861
306.58905108610634
303.5293279274483
260.06052593997447
291.8008902365109
248.50101773662027
227.00007713382365
262.16820534993894
261.04554187267786
239.5580740502919
276.8377894642181
305.4861265166546
252.35323492641328
248.21732757322025
273.34219047322404
262.17696595191956
244.43198386736913
261.48738330899505
250.7557308205869
317.1543884468265
249.63758823496755
299.17860110953916
255.57298418629216
269.11681079276605
247.07691955257906
264.1850092813256
324.9093296782812
260.1646503272932
282.53961935295956
300.2670356328017
266.14755507675
280.0454178463551
328.30277066119015
317.6860267231241
271.40898579423083
237.39999783760868
304.68372313462896
294.75448093097657
236.5684382416075
258.6699984140578
253.9690145564382
273.3357771145529
300.6174458923051
278.3005664938828
295.1223106860416
284.07897553773364
286.81216412060894
298.7796647850191
281.96530094271293
249.48448072193423
292.4870043285191
254.6621764843585
304.3723629847518
232.59260336094303
244.20539751148317
310.78233854903374
219.52748546068324
271.80552931071725
283.7974238094175
251.22893053659936
287.20350209850585
266.22182845533825
244.5475928200758
294.8581549001974
258.3101387594361
302.2183423488168
265.0351364839589
270.3785302560427
241.1543737933389
290.37263652367983
253.77533055201638
262.58820674649905
275.37999738700455
255.4817447749083
252.3002976711141
272.7695021752734
253.44492518773768
282.4463963843882
208.05134891928174
259.4991380002466
258.81069117528386
247.74948177620536
308.35975410131505
234.88182247878285
272.64139002142474
251.11396212677937
249.38920332607813
286.30180881387787
288.6899987461511
256.1597649240284
259.154160228034
294.19511687610066
257.4839130851324
272.9321421344066
286.95845571835525
273.13646316638915
261.7111074171844
302.2635657573701
263.90963625418954
288.0884990320774
265.20161499263486
236.72553755826084
243.7983254584833
248.67186302226037
262.66650667448994
277.84549242816865
272.9305211789324
249.55757011950482
294.17207004275406
265.86102591478266
266.94815435493365
274.17850575834746
259.72623834508704
232.2095039759297
267.41319696995197
327.8325085230754
276.90606029960327
240.41765751235653
238.98385589232203
241.79571249510627
246.4571588257677
323.76561880810186
243.59140336472774
242.62937353842426
245.86651224049274
217.69308381911833
229.97442167892586
224.38992170704296
271.9144934308133
226.89233958092518
248.63640947354725
301.84327500738436
257.2015107143088
235.75306946533965
265.366119651997
249.01305752899498
242.01295269996626
267.84818442200776
228.0326918315841
241.14078595419414
275.13037854013965
241.64327562128892
257.5933671470266
238.77372700325213
289.0086276126094
256.49858284328366
280.044026089774
298.7279376065708
243.0932713348302
281.9231563034118
233.04802827956155
274.28800971619785
309.3559226875077
254.4510498237796
236.12073114927625
271.3355855101254
207.0509923446225
278.1118788923486
241.6209783764789
236.2454571708222
252.0957063602982
230.69486883666832
258.29496369790286
276.7418188515585
251.18888268305454
241.7715341685689
273.18025490577566
274.05806513509015
251.6686397655867
224.59560774231795
256.09291636932176
245.02488806203473
261.29102140589384
313.0374459795421
252.80895713676
277.91987335303565
258.3941518998472
255.02953946765047
279.106722864788
230.6115887343185
268.78042215754976
280.29724889976205
258.02161797648296
269.08260976173915
281.09542920661625
262.27251344529213
256.5601817484712
266.6351846588659
240.34751179104205
238.55936320574256
275.76158236607444
291.8312319155666
270.3072246685042
311.80983862746507
232.15576245944249
252.27785437001148
239.11906068446115
250.69478740764316
247.4523212313652
265.05359746550675
266.6182276952313
236.0241994227399
280.25673742970685
295.8622787865461
283.22610152192647
281.87944188405527
284.15136026451364
256.1119873984717
314.74798431276577
263.0431406480493
292.38516078999965
295.2568882307387
289.48141599382507
261.83334261679556
270.7819239012315
258.2490264000953
225.57592669298174
250.01842964236857
270.0515275094076
234.61998066783417
241.62254171899986
226.3426402961486
247.0419910271885
250.2443430046551
255.27808714960702
267.0621952936053
270.89061973348726
267.3860656955512
283.176845411479
288.4495934683946
248.01874118001433
246.71672722609947
310.6066881575971
255.29960365814622
241.80411335843382
283.97499910736224
241.57842037663795
250.51545765873743
263.77413890021853
289.76809412712464
277.6035897391266
266.8806916240719
253.5450975622516
232.90728804725222
245.58926699898439
269.0026083026896
269.67067046195734
269.61590893176617
285.8387076939107
234.5389082005713
299.9672706249985
297.8745001900825
264.2868260764517
268.775924991176
270.1096490120399
265.5701341701788
270.77535200328566
269.1236022838857
273.1665076961508
279.1203703341889
279.1709742707317
287.1808891186374
250.95610893098637
243.33518049836857
253.27175058901776
290.57336626632605
277.12212839134736
225.6338498335681
271.02113622415345
247.48314370634034
273.2423012810759
264.5000742076081
237.83416551863775
291.59020920743933
265.80896067322465
245.65277090278687
265.4506529198843
280.4833064537379
277.049550332129
276.9774045528029
235.9450471724267
257.0195713186404
267.21326308051357
306.79117465915624
247.82314874912845
264.3220361294807
249.6630717064836
241.22605300339637
301.47930806386285
306.1131729565095
341.8873556968174
288.8003533774754
249.99207392841345
274.73286937962985
253.2285643987707
250.96394832164515
262.0003045608755
296.4614039490698
315.17510371789103
252.9184183019097
267.92162834183546
224.54503145709168
270.24090628523845
246.73532177630113
237.15027061337605
248.3554558963515
271.5560991780367
295.22829378111055
299.55044122895924
287.96117474342464
269.66186756809475
242.66513387399027
233.66708515927894
259.0750081484439
265.5855598212802
238.34684518777067
235.16563950455748
281.1898507901933
234.9683229791699
269.89952429686673
231.74684089212678
250.77160154219018
323.60628931754036
270.32764012081316
246.68754329311196
268.85542729264125
203.5951907156268
274.0891676839092
255.8637982609216
285.7270750454045
284.65819781145547
277.68304213427473
233.1446664162213
268.55327996169217
218.06897950492566
258.17275978432735
236.61431703390554
241.69106090487912
241.4081990957493
244.50554467062466
247.52208086609608
243.2730707115261
311.68032041430706
293.6689258532133
294.3535384417046
284.1978811529116
257.1895140283741
265.52613915514667
270.41426882200176
272.55153932323446
262.77441181085305
270.5473931041197
265.77286356606055
301.0477853452321
231.05298371828394
275.21054508152883
254.72622422024142
283.98483979777666
257.53032139886636
291.035937521141
287.65906999708386
281.27654626971344
269.3351814360358
243.51152521319455
256.1026948407525
242.65598326636245
295.543962392665
268.2231584613328
240.59055338986218
269.1089728368097
244.1394081962062
236.41045916592702
252.440801400051
278.8020751654403
307.7298277458176
276.23096958897077
253.16374732548138
243.82109021075303
269.1340496541234
271.2483034929028
245.67858168919338
243.9018044442637
297.5455595818348
253.21644768153783
258.32583125150995
239.05434132978553
243.33621462754672
244.0293413233012
256.0474385683774
301.9701361388434
254.48279890906997
256.93949706904823
249.16060962015763
316.55082600261085
254.46775451069698
231.080274943728
265.5730073955492
261.6173108594958
238.204435906664
311.8795728107216
265.65252581215464
260.10709818120813
249.19036579399835
281.80479107861174
309.7363304163446
276.946592703287
308.72823882015655
275.0653803794412
280.5244820722728
272.12383408565074
296.76971544412663
277.62923977547325
304.2054670070065
285.6581487603253
233.41893269272987
255.82454804173904
251.86900521209463
280.23609928484075
269.2883305310388
267.0573583835503
288.40841160330456
278.1875857615378
230.58422018151032
236.39712776313536
275.28047092742054
232.41596272680908
271.13065083284164
277.32250974775525
271.6586632754188
301.14810966909863
227.41308455751278
250.19678243272938
283.09162291442044
224.3202395021217
280.2288063513115
269.07241887704004
286.30453605297953
252.27669210371096
258.7829504920519
272.74621946539264
260.7033542219433
255.81030585145345
277.795465711446
302.86660873208893
279.683428844437
232.1531048474717
295.3866709879949
275.15907565661473
256.9744959308882
291.8809710582136
220.79660522646736
250.67778210144024
300.4812921540579
223.1002672733157
266.42042651801603
248.18163932539755
241.98581351159373
268.0446993524092
222.21212707430823
271.0240112853353
289.7415258149849
304.83321589120897
281.61331720260205
221.95306673203595
265.3204930876964
274.4537312439643
232.5830901451409
297.19184919295367
221.0758680232684
254.80132070201216
261.6937215287471
239.71309938159538
262.53870507504325
262.9808196785161
278.5870222974336
221.16899059235584
263.615537152451
256.1126854068134
246.39957235875772
240.7097678098362
226.75589008367388
260.1733980688732
320.51308590965346
260.91693748004036
358.9561990140937
289.3271159888827
280.0660021432559
239.4663387418841
267.88701544114156
251.87780239927815
245.53005930478685
288.68598239385756
268.7113647843944
271.79267892614007
220.63142141146818
273.4118666718714
248.56270835129544
289.250196135079
257.91692592116306
250.99988618242787
263.569371278747
229.8154115577927
259.25527226610575
258.35664425749565
291.26799552037846
236.3935605805018
281.81107070780126
250.68004468258005
255.56527516280767
255.2430852315738
271.57022913434776
340.41372894798405
276.900367484719
291.15628118254244
264.1691837335238
305.3663054656354
254.68534906441346
291.71799926745007
252.6096503669978
280.3817667370895
257.1126080326503
281.68378275691066
252.49304195248988
264.806120012654
224.44481758127222
280.355839044787
260.550236737472
300.9192234277725
286.8271670807153
262.15081809682306
253.86535332497442
232.75064958189614
262.20074268005555
261.4508817634778
267.0094054208603
269.4584805321647
284.99593834241387
269.7628847095184
280.39161916053854
280.18599793920293
246.1419764040038
267.58389655314386
249.02731266850606
275.43489789846353
290.21445400686935
244.00242246245034
255.8454981483519
268.11309633858036
291.42388611123897
240.2840163721703
243.96121056913398
276.78221187205054
235.17415071069263
226.03989180386998
251.39899827318732
246.67651989404112
280.3589722366305
254.5668461653404
262.3192560763564
271.45997151348274
265.70711815473624
274.10566994640976
262.6866875262931
232.7825669994345
263.81665210064966
282.7170095453039
246.08810266840737
244.855652714381
289.3773136237869
265.1803668778157
255.03731379727833
304.1874077732209
242.897601222503
264.02261818619445
252.1902780549135
239.01023028814234
274.6272255915683
244.4840947741177
271.03752273111604
285.1862624636851
258.5240859823534
272.4765709991334
239.00819892040454
297.8841555569088
239.62035181757528
284.10738858487457
274.3330587989185
237.36754623625893
250.44578188413288
249.52322719199583
261.58346513763536
278.8927283625817
215.2372845155187
272.59219825814944
310.384908773005
268.4321073741885
256.5509090110427
260.9648261643015
254.79531316098291
238.92779111571144
242.85057116276585
311.6976862421725
230.2870976406848
325.4936847577337
296.60646408295725
308.00506449851673
273.0483170765219
258.5587114763912
265.749548936612
252.88668188930023
252.89809300994966
333.5315405665897
285.58315087645315
267.71718885179143
262.82581584411673
257.8949252256425
246.11529873823747
286.28359458129853
259.41893571196124
298.0143529562047
238.59681085695047
242.4845264843898
281.30779678188264
284.1842329445062
316.71541290997993
287.0139054177562
245.5873336569639
266.5157737360569
274.39030481583904
247.62873172131367
251.38861432217527
334.47997745941393
242.7963127475232
242.13728096918203
280.5073229345726
312.744677930139
232.03815884888172
244.78945019794628
235.961353932973
252.1635139255086
247.17913540021982
246.3273618927924
294.68829034199007
250.687197024934
234.28614491806366
252.75305464910343
293.31140385812614
276.21298866637517
236.10064655344468
305.2915677871788
270.45855295530055
248.31659300078172
264.7580285423901
255.5216461699456
315.6594841654878
242.60359178413637
251.72614433756098
256.5752485257108
263.4131741707679
272.51945905480534
308.6377949216403
287.1272300645942
275.0592397779692
289.93296940997243
286.5317035417538
303.19471487775445
322.2647078012815
267.8292709584348
269.63781989214476
271.7325152530102
241.58197723550256
308.35043445194606
228.25190738635138
288.95052095490973
251.00499646179378
259.65839524404146
288.6921344563598
249.0841764457291
261.4173258924857
233.811912768404
313.70463092043065
231.65323401382193
240.78536627441645
249.44663511880208
259.23094732454047
262.543970273342
272.9854079100769
236.1116780641023
238.63112192496192
245.95389148499817
267.7326114970492
263.96883945690934
250.28994170343503
275.7719822208164
249.36525255895685
244.84642469498795
266.79798300599214
265.2423651696881
237.6786493313266
227.11864109733142
252.67124773480464
246.39835449378006
245.45373875985388
265.29274552408606
282.45507574407384
239.34323848667555
257.8793164353119
271.1744054615265
275.47911066841334
258.7184076863341
300.8456909242086
237.62124146299902
245.8432305380702
317.87377241882496
257.3315922784386
235.26456827356014
251.06527340295725
272.0074530162383
275.51081623183563
285.2343595009297
242.90181155351456
306.3412100005662
276.77591555111576
293.1359275643481
264.44192028976977
275.18366722913925
288.91900642158
308.09365370171145
274.6993370462442
250.7768257505959
237.283136873506
303.62509666988626
280.55148421553895
266.3588926192606
273.65717031562235
250.3230142322136
280.003975013271
277.92654033680446
253.55703442299273
242.15457958669867
274.7468111629132
309.41193792852573
343.1071462094551
283.3878750108415
232.1576111043105
269.7649913333589
276.7205768121639
258.9637411274016
261.2937673170818
278.91707560850773
252.95167696266435
272.183101644041
256.67859765479807
332.0400671843672
250.09271375252865
295.1549190375954
251.53383853379637
235.3822802308714
217.21475022868253
279.21331272576936
264.0393861302873
238.10492401453666
282.7523332738783
257.7478312206222
243.09757634368725
226.18462528893724
217.86044566368219
257.1675343849929
266.0898094497388
243.5978136176709
296.08815968199633
300.0848799214
287.03074602922425
264.43568600853905
248.9378346700687
274.6684802424861
262.9132938187104
271.8273342694156
285.2324984985171
302.07855284470133
266.1307692725677
279.99717542610597
251.70656474865973
231.44122475851327
266.1413944194792
304.9326951073017
207.9737860641908
275.41727382468525
261.5361309502041
245.20702806592453
225.2224338259548
287.59605651116
281.4624437316088
297.45771421142854
266.7375661683036
291.50607213773765
302.3850015933858
273.9514090215089
218.12119400384836
285.8716201756615
295.1499440096086
239.81857083004434
269.42748530057725
260.1429904940305
236.075046537444
294.3903597323224
290.69274049717933
282.1241453771945
271.0702940026531
221.0200529198628
251.29969796794467
248.74414291221183
214.63111443433445
252.34776353195775
259.36553220741916
225.4818658803124
249.42809075675905
230.37231692345813
259.55243166489527
255.29010549501982
267.29234390321653
266.4103635457577
223.44316301320214
241.8023687163368
273.09531680168584
294.5729001999134
250.74518619687296
305.4443780659931
284.72944746818393
281.8441741714487
306.4141565549653
272.7912587990286
250.69768177065998
243.17700681486167
274.7837563678622
259.2798047536053
292.78423227975145
252.43296373693738
288.2202166315401
256.17059628269635
270.02374629245605
308.8957872685278
272.89057293359656
258.3267499821959
311.3870241850382
256.83799763559364
231.75090094842017
234.87035362247843
295.81438177090604
260.81052148807794
289.80044409586117
260.3130538932746
257.19419577973895
265.3732952689752
270.31825014203787
284.52799114224035
227.97895912150852
217.30633453442715
290.0845868597971
248.03066612570547
278.347349135438
246.0219996176893
274.07213139906526
275.4194227461703
303.38245367712807
274.44131604698487
276.2005118757952
282.42392723285593
270.82949950918555
268.5807790769031
273.2658171224175
273.4910393296741
277.1107148132287
242.03796644276008
248.66394837503321
260.6050648493692
287.80881861713715
244.4167749719927
265.37684511137195
249.97045831370633
246.0195974324597
246.96046590991318
245.36173994501587
280.56516792823095
305.146574574057
247.27702266699634
244.02838963491376
280.04673455201555
250.22646149038337
261.03197149012703
286.3527090717107
210.76459964795504
245.20761002006475
226.2328294304898
277.3882750113262
227.90664902946446
290.12046532309614
295.2045322599588
276.27137211267836
253.08959450444672
277.7332095440943
267.71688361815177
319.48930648493115
277.2875837023603
269.46659061906394
239.56491902912967
226.56809392210562
225.3229545961367
256.59821464063134
253.92571478779428
233.12640312395524
259.0801042568637
330.7348991939798
250.85158568178304
261.2767045071814
251.5715695808176
288.41753324703313
257.1604119212134
263.3671803884208
284.18792585644405
282.76122998679057
247.33533944713417
228.2194991534343
247.39549519994762
246.0286308141658
284.85612875479273
239.38399093563203
265.17492417478934
269.6650845295517
271.68047965550795
304.49447079980746
255.33825529227033
284.49570379336365
291.1991599171888
279.6983431883855
252.72296648123302
263.5531666445313
242.23192367050797
247.801412188448
269.61045589251444
259.41738068289123
222.852317975834
239.45590092567727
262.9163844365394
253.4029111303389
270.92111216904595
249.05567778705154
267.5925389098702
286.9948493381962
246.20263097505085
278.80737359123304
259.127974166302
237.18788156972732
229.42200654861517
266.6662429117132
263.98604351154063
295.07456925627775
237.20045985048637
245.01851433387492
284.7318812990561
269.1010827863356
266.11007100658026
305.7106554291677
284.3047903913539
284.26440302398987
261.4867023508996
269.8497260668082
239.12352170562372
299.0001147460425
281.5047372484114
301.7507881683996
275.0121396371396
241.82090554223396
289.7027270386461
245.06645852746442
313.7973522929242
248.61101880401839
260.3432354592951
335.267348551075
239.06751440651715
283.3663434474729
274.784239322762
256.8425358590903
309.90948979894165
274.9622342493385
316.9179581758799
283.9648675727658
297.583657984389
255.47845751873683
227.25712058716454
265.3732506989036
306.06896069599316
256.83192397956736
281.92518653080333
282.4214191144565
251.59466625214554
268.39113684685435
254.77025515586138
264.100524223526
278.63650437502656
233.58933185087517
260.9139663432725
234.0855546214152
255.79000869439915
259.641708168434
288.76392836426385
208.03257361531723
261.3922286273446
290.98849622998387
250.0446345389355
258.7489353544079
286.34439697826747
234.58201704884414
338.65106302918866
230.93796614464372
273.18955876340624
270.66981355077587
281.23467028606683
274.4865773860365
265.12577925110236
262.7769711635774
239.11827344610356
249.00632491125725
260.2953334739432
266.3475104365498
262.28977261972614
327.471267924062
268.6517327784095
292.5044786792714
266.337573662051
234.56713061151095
259.01944553281646
292.65086138958577
321.5634682846721
269.5884480390232
308.33870747627225
314.52220245217904
268.365749250981
251.3715406160336
275.08624365122523
263.92031120765023
239.1988461234141
275.7536979595898
260.7590036045294
302.30764357571024
231.5837469890248
247.34495769569185
229.60831203474663
218.71536280051805
260.452342636534
281.63899502309505
289.4862427089829
290.94052363256924
266.627702782047
267.4957476828713
240.3398312460631
225.51356327498797
227.50729949236847
231.75972334027756
261.471616139519
267.0996663038386
265.2589379749261
320.72724581789225
267.38100930897053
253.67599371785764
306.2174667160725
235.06776271248236
258.6215522120474
293.5529503094731
251.73975429264829
275.9788865009323
267.5581131936051
264.48485821904615
230.36143090296537
280.1490607195301
255.8756916379789
221.82435184763744
328.07853281637654
245.68111783103086
271.98807153094094
257.27096484287176
297.2353511059191
251.91657955339178
274.0703759875614
265.94857427605893
273.44563648698386
291.0791684994474
258.67863296414725
238.2539283002261
234.5047896002652
253.18084084102884
311.9028631215915
