209.89871403894085
209.89872626504348
209.8987336714663
209.89873963456284
209.89874454465007
209.89874849589887
209.89875168207527
209.8987543374269
209.89875648467205
209.8987581399897
209.89875951313297
209.89876065054796
209.8987616125387
209.8987623186831
209.89876287098832
209.8987633961151
209.8987638067174
209.898764061174
209.89876436982013
209.8987645882844
209.89876474320954
209.8987648741695
209.89876497544174
209.89876505853135
209.8987651119878
209.8987652155629
209.8987652383148
209.89876529491266
209.89876527724846
209.89876533602546
209.89876538087265
209.89876535955045
209.89876540807927
209.89876541409103
209.89876537736563
209.89876538547105
209.8987654203811
209.89876540942714
209.89876548206303
209.8987654029097
209.89876545944935
209.89876541013655
209.8987654448174
209.89876547366293
209.89876546251253
209.89876540908517
209.89876544764957
209.898765473994
209.89876543085484
209.89876543172795
209.8987654672692
209.89876544557046
209.89876542695492
209.89876545762672
209.8987654212815
209.89876542555794
209.89876543988066
209.89876547412496
209.89876542169077
209.89876545003426
209.89876546699088
209.89876545920197
209.89876546605228
209.8987654209741
209.89876544561048
209.89876542520506
209.89876543642458
209.89876545208608
209.89876545125662
209.89876542235652
209.89876545501465
