240.18676651913756
240.1863913618172
240.1867665493255
240.18513261592216
240.18683620489264
240.18638552780158
240.18635490219003
240.18695858140745
240.18639171439463
240.18606734699188
240.1862159729626
240.1867664266283
240.18628865521077
240.18689246152462
240.1864298223354
240.18645491971438
240.18676743325523
240.18614026787327
240.1864299913468
240.18635348956195
240.18696545258354
240.1860225316468
240.18695751623818
240.18642085544343
240.18696357699082
240.18641033648964
240.18609698536602
240.18617231493772
240.18635819749215
240.19003952596722
240.1867982035037
240.18679049255115
240.18698792378927
240.1863572019156
240.1861995308136
240.18621112583241
240.18676663795668
240.185196332106
240.1869575883229
240.18635829723462
240.1869882611445
240.1864261000428
240.18605818253127
240.1870329887097
240.18641767583722
240.18625078437253
240.1868513903646
240.18647117581895
240.1872458092148
240.18634485816438
240.18621300674204
240.18676654313458
240.1861959640155
240.18671015962536
240.18622740610226
240.18619962086086
240.18621875798635
240.1867664295496
240.18531474935298
240.18682674934462
240.18633681347637
240.1862433743845
