280.32865697667904
294.3803320798845
259.6467363065726
245.97700803399266
224.24120814887328
226.8551203031352
208.07179007544482
259.8238874305373
212.36295691544478
233.34243058769607
209.11900511331578
238.42024186599883
246.7261832385857
250.97106577959767
249.64642970846808
230.01528412157586
278.9161603283669
259.07878101803817
224.9047179590616
266.9658450864499
238.12856378777724
218.09948636014178
242.29449672867577
236.79217940016224
246.50791300374385
252.0256711283664
243.6881734444496
308.0178458857217
243.30868042081966
218.81716107554166
279.70818965983017
227.74672786591782
241.13691957411083
277.80782483914845
253.42451342814638
239.23507408450132
286.35012099726737
275.62470211151594
225.4080178350614
249.03147268925932
284.1006513425491
275.01000251386176
285.82634187226176
213.056967886454
262.4867939110991
254.551703298941
215.44586782675105
236.21298365625444
238.83979180803544
220.12456586804728
293.458044244293
266.58827405347256
235.12227144217104
319.15814767604024
246.55151584343002
230.8669147307828
285.096359231462
247.0010108233182
282.1710021497747
205.08122252597786
263.8455003944746
208.93230624234093
274.8094629453626
238.01896189292165
280.751835986448
257.96838400435445
245.78329146462784
240.33339615687146
264.53361614435926
217.30072090814065
247.39056424602677
233.01104963851685
205.30618646183575
236.44991265385033
258.9955799714335
225.19652325146308
241.57082818450363
275.7100998942078
238.8210972083143
244.35281453666903
227.77917581024303
270.83653046074323
307.65380676103086
250.25729820103152
258.43728671594727
241.1729159409624
221.04431418842796
237.51693878058722
221.73027932069454
233.56917881865957
287.31545558065045
240.8348453808503
292.89971492929544
224.0703451570189
228.4722252169122
264.630937925278
204.19157734797045
237.85784447773403
232.40764355133433
257.20885114495104
227.09328231919062
238.91323998286316
239.14907373617098
247.11177416396094
286.1601997763428
269.5217573578848
197.2818483064184
225.33637283327334
255.7946507111119
215.7286582080742
260.8905960374941
276.04925849595384
232.67793555481694
228.4830607682743
236.28693549283344
217.74435075304427
262.62538461770237
218.2049147254911
226.91428635317789
211.15593382780935
236.04483777540008
272.21670752644786
212.13464495281005
243.46633553285574
241.74566957582647
274.1068233544611
225.0387637950953
222.19531636462852
259.11433864630453
252.96577862828053
217.8558561807331
216.54139284652047
218.65797071244742
254.0136827091519
237.0025700075421
192.40920422490308
221.77678469004604
243.59549134786357
249.72852035964752
209.04569567486033
201.92600572718948
330.06150407222594
290.5880742073714
224.04585730329563
253.72679507361318
262.1519751690139
222.00634842993895
199.04654132435826
235.4125109291781
231.28546804333018
261.26212365739775
236.50952189237432
247.6784398053569
228.66322398660122
253.08191362486104
245.61891517975891
209.99671887342993
257.34550903123454
224.71462742370932
237.69413826616073
258.1636409105413
270.88184301873844
262.19368204893544
234.13441721454728
211.1384086694161
232.69096845998865
258.32707156853576
207.49395814371383
249.48320082463033
272.0472774790687
283.92209368624026
261.0509071932029
214.6117819625506
345.8631412956529
227.97944118587475
219.42591129745415
246.08982849820313
251.66914460950647
230.82801440978074
262.3734745516267
261.7454238982682
266.3669526892336
238.0772988969111
209.33246872752352
236.67540184292739
207.24304915410903
249.20180325506954
240.68113533842552
234.1361427386655
224.23110801171424
261.8461700757616
237.8089457128808
209.19220222406875
223.89272652063664
216.42306749426643
227.68883295947307
238.88775502851786
263.1422539494379
274.70881209275103
258.94571729868767
201.70880569796282
240.9770096153079
216.39493527168815
210.3145486919093
234.06200590115623
280.42418343493773
214.30751449563104
239.81677490693255
195.8738862412938
258.7946962812712
272.0451938775295
220.8198205880617
261.77210389255197
247.59880396473454
241.77349813637557
218.4600700706069
236.5447988409578
269.5090599957548
259.82465660610615
233.28703081793356
208.59180697406555
259.30086882608157
235.05956039671582
255.43661569236428
237.4478328219775
227.93889180757833
246.32930487381964
235.05301494896412
244.16322295782447
234.41893271096342
247.13331821694737
230.51368077763618
236.81258253692067
219.31542506246478
286.7623033924974
254.58112085964967
255.66726782506885
246.0476132669428
206.8454683578093
225.97652886340802
297.65761110765743
240.54896321336855
238.51787237885583
203.3725159282767
224.2596316493582
226.32913756803464
243.32403368509404
235.06483075502183
218.23503963412077
226.4828029975397
227.6969035787115
276.2208818588988
359.96057069201925
230.96517256366496
226.9513719430688
235.463943880437
253.6385578375266
235.96200193744153
221.65328815809335
230.68453891355603
219.92439727220335
238.66407445832738
241.176143275472
246.5128689961275
208.49877473697416
278.6899509692157
304.62527844389115
284.40593497377995
281.80871899332124
283.6311234809691
236.5821909311344
286.70249808406516
260.12420499169093
312.8930018122337
294.88843099269434
184.7480687490024
240.6716168619314
255.8322071674629
192.30382389829902
265.20101346465526
244.51530174174695
197.97929820604622
212.95581461233087
270.91044861776754
232.7152496805502
233.90694823591912
270.9042677020625
228.5660490791197
246.66291338848532
218.81592847168213
234.66594995213381
224.7609710632678
230.08326038836094
262.0735080242739
222.34438755472365
239.74959268106613
318.4134092574968
208.44276684516808
251.45712248976633
338.02455727243796
264.3394863396534
247.03212054878531
256.03556361248775
266.5237829856487
209.43616032718273
249.58287067916535
251.473365734666
231.9937282816536
263.01763163591386
251.71214607104775
244.6608300372027
275.59228656780033
228.23325458233012
225.56321108259726
256.0794486637169
235.2710612026276
224.56827304451144
259.5910725759313
278.8553487028548
200.80256388094858
238.08424132668006
229.77015356678749
293.5439146699355
189.3699707541091
244.42854954923678
221.54331097277463
246.98421370246797
258.4413828391407
213.93589306002832
232.37731072260067
283.98103335066116
215.9463273018482
217.0426802848815
245.25875252504193
264.0628055004927
259.3017852061748
226.0304774575925
225.98421420229715
215.2093036116712
301.21666621096665
201.38200411811704
248.57314556735219
267.26313618135464
250.19578004517825
263.9307484777528
214.9842382218776
208.95461116015213
227.87673946033465
239.01738482622022
234.31965011919965
256.59097391924297
267.7552501588216
233.05016130351578
232.48865152487997
262.0568443047523
223.58096246537752
236.13664105204225
223.21265579426836
209.88785108366574
194.870469296613
250.56186826396151
271.06858376158925
241.1619407375838
233.27779704677232
195.1911365721753
225.10735243887757
216.14811052332516
189.94478690590768
286.26146236850764
247.96993887257122
221.1878312714398
294.22506344280555
220.60391391445592
313.4629225748504
292.9055621144653
226.28121933626244
245.83302724278474
234.03537353112188
222.28951330159907
251.32599187304731
219.92312407020654
259.4033555447968
241.40460206962598
225.57379460750963
231.90312140074093
236.66089379941695
225.48974443484622
247.32740111177554
233.49668146493786
245.09089593187673
211.25178479524038
251.22518471925287
248.93669390580908
224.1557183497207
260.86306574185437
253.56307794454915
237.0829803122324
266.0872253951675
252.1474607995915
205.70727498957422
229.3568486640579
235.85516392409045
222.95111400885799
233.0690526203689
223.9235416903539
259.95850749267265
318.4649646474427
224.8429568046122
243.4651104243385
260.00790917869017
298.1761333440081
234.35611424109084
254.1491825961566
263.88537053921027
253.0241449148598
222.76953578296525
247.6011990486004
238.04329437167326
210.2774492559547
237.57212633802556
258.9315974562487
206.9354782527953
241.407804766146
226.21770248275425
210.78517140795884
244.47739482748148
242.7722361086635
203.75710800780507
225.55143504518492
193.09921262566058
273.589421275974
253.01290016392886
248.90447433553345
263.0445744874596
237.9060974681779
213.10350423437194
289.9479539561871
250.1849834954046
280.26292533322703
303.9276864560961
236.91755327951978
223.34033590323816
219.25381008411932
229.3805348927417
233.807863470749
244.04112291788624
233.46791428556025
236.0080177036143
274.5659874302946
260.9512151893141
235.86817040540336
231.51589194666303
261.00013491402206
224.17311262439762
201.8312454691768
226.51153534522746
260.07901004416635
224.21696227841312
220.9010322750837
246.03520399001718
202.24561816561618
232.49761361702986
321.55078857933404
234.79134352257825
232.25357882097887
241.6788043421402
232.69953233435808
282.5342914513021
243.66572668733716
181.94062532008684
252.03216150631488
236.8191221468005
238.58096811645373
234.61197259639448
230.320184500888
225.9460980695294
198.9281721330044
233.60929691065394
239.09416061393858
264.9400133691379
227.35321491597279
201.03479166726174
253.17276514194964
201.05529380214284
222.04270570306107
205.06806432643498
251.3914307863306
298.26256230699073
248.09923075830739
302.2162478120299
255.27834342804272
319.6548766216438
235.09409650308953
244.836520980185
213.62954122782685
244.96437902028265
250.8694858100789
236.53223983496719
235.08058951661224
270.99916454077174
217.47948308418563
219.4326331258344
264.4018873359164
261.82347950829717
200.76491265914228
206.24767004283785
213.4766605145851
231.27019407963962
208.4300228293141
242.22175067580247
232.78347228417988
224.97006759922078
224.49049314203148
212.09020912786946
234.356193420841
251.9984426380979
227.09703982667997
226.40421210280329
259.82815648586256
237.21048095816514
267.73310411328566
252.44038005403127
228.26146960530605
318.51763037830824
209.0456024773448
273.2908845303464
282.3419359449181
265.29596728194156
268.45877055711753
236.6973857175908
240.60745372608653
214.1234213426069
219.8291938892653
230.45684947189875
209.6456305161264
207.30921801604563
220.94274829825736
269.86128283757716
249.90722340275533
225.09983609520714
268.50377589283744
233.03568836773047
256.6268540979945
213.0114156094205
259.26373968829284
223.72565061270143
235.77048392174765
207.89123756584013
252.67584191879723
233.15549442230258
236.50074836128624
267.49838388498756
222.4990358944924
242.31907283965847
260.0006475049886
230.03685547949863
239.65597898652777
332.405365293409
253.31521548138699
252.86319115472725
220.20502234334708
276.7516628051235
263.62270841392456
222.3336492353992
238.13435053697322
180.51677186699817
216.04782071631053
222.03587722117663
261.5537564587139
241.2607297548966
226.8237067083246
236.1631964443368
234.87638128065737
241.50299200607697
242.5024598936725
260.0252907858521
222.47610560819157
204.01325097703375
260.17269406848936
230.10700374524458
227.6970741795958
235.96617469369085
221.5477733273001
254.77532099265954
255.24706084502395
208.92647916518035
245.27484577524592
240.043285550375
235.57566996003152
225.1646052164724
254.47277317769476
249.37463497379213
241.97559213536442
216.67364999305573
226.7511287998932
246.29628886826686
260.26965947728604
238.06637659406988
239.3980277813389
237.74157631446724
230.43158729109564
259.2624840171193
290.628355768451
230.28174958241289
212.22218786401208
251.4994230203156
243.7412266000174
233.76920617962605
261.5635232863133
223.13942769754794
191.19216698294622
219.5829626302293
243.3511250554875
233.4720245198696
246.23880419982015
245.20171713194577
228.06034977574018
200.3384209976648
251.17705690069124
240.71976716432255
244.18751355691347
237.4633805215999
271.4279864511045
247.0712084644765
205.7455344311602
305.7215396302636
235.18950365873752
296.1764107341878
220.99226242190343
213.03103398453095
263.998642234772
212.169256046589
231.41306083870586
230.88451128441375
276.29736311145825
229.7013726567966
237.30855784672895
195.67183529934846
243.7670873904426
249.00515823121532
227.75339480483672
246.49004984012572
229.2359040992742
247.27340134701808
205.817437707301
198.03500452579465
212.8700978923007
262.27093061833875
223.36218669902883
265.1183385171462
262.3282917083998
239.79797154851258
238.1999971450714
248.6791069287283
206.00868511165027
248.11277134274133
234.85855783816078
241.8650144728017
241.87114536916488
295.3098121912335
239.50656069911201
250.6792550504615
277.0205357223167
252.36094738839893
230.1926150030631
223.2183769941621
265.33708799252054
245.55823549162596
261.977772262675
301.89220983398263
228.52356419342686
229.0960470539867
244.99658450158313
263.559269957419
223.98888363386504
232.61032290762523
250.4277544451179
228.9958870431583
227.21595231731771
246.35104259796208
201.86095762180048
208.51311771260225
244.03191953865462
255.87602248688927
252.5179901922238
265.2950532931136
218.48707461263984
266.89203282110975
233.43013487628195
281.4306453918689
252.916713655286
234.7218256610795
259.0753669125261
257.53229395876406
246.89731374455732
217.6692159732338
261.92684523994103
260.6171361519664
238.1628899377538
237.24259537507896
243.68831587658497
214.08082356778323
280.2139645710413
238.1298950483615
214.50484600441996
226.9658407480456
222.42204301257152
270.7501958895009
224.5632151167374
264.105940665293
270.7769646180968
259.2809153730341
278.9556153010053
266.4881463263009
276.5041862600483
247.56672752570012
245.17235713705304
253.76003395335283
284.71861609246116
261.6238427394128
246.52741158092977
223.6821686453768
202.53368786201463
229.92152163549326
235.7697326085763
236.7087869857205
254.20325388378114
228.95744536121492
269.73449065635214
251.74281546054408
259.48297673198977
223.33427748538088
267.31712707324186
209.9635298376379
254.28738778526895
269.27168672325206
268.68953789549414
241.19010395449004
249.78977389322245
264.8532356484211
260.4521210237872
219.873285120324
237.01794282751507
269.9243736960634
261.9605513077986
264.0374196868506
237.7150523318851
256.4169287365803
244.73451684846077
231.44394345860928
219.09996911068447
218.53741635964252
242.6070273849764
299.6894236498629
255.69431925250683
229.5802727487462
226.54256048964453
247.9594995668449
292.9941812711768
257.7578138006793
295.60719298553886
251.269017687242
220.4423963284935
241.56755831101327
245.19660377834225
239.9734331939253
243.13140005766763
228.6454716316657
229.34816488981596
200.06883598398417
267.4947314616584
288.508253972017
245.3521177310613
239.11115792149212
272.87748536953586
241.82713134761434
237.98823384920252
246.87356781604467
241.67916026580497
232.7205227270606
217.17543380186544
258.0845859628171
240.13297340876306
285.92366537603084
243.08036514002015
220.47737490214058
237.04165281003225
252.3353316290886
251.58774384084973
241.37503234043834
277.879654954595
225.82019792264327
262.99064922804246
268.7135823358258
272.0048469796893
229.8636793445039
230.23557183417142
219.41544510732638
224.72142389559303
198.145713046717
257.4622960276902
213.87587024760433
253.4390648022527
234.9128546967695
259.8005390893086
200.45309132218244
237.43821864042548
229.6807676149183
256.0180658331956
253.1411798381596
228.66574655333534
226.43193773648818
264.7737973885378
234.40171841383562
253.98003561011865
253.3823179260653
280.7999238265329
242.86474584171083
249.569315571076
233.35496166479425
244.18380026050727
229.55021044582827
224.65738287637942
254.57196039464907
249.78804894315545
229.47129148372915
229.9373193307838
277.3333629058616
234.90531699210987
236.57896101244842
240.38777186305379
208.3575771265605
213.34326435884577
247.84309083470725
231.19960868830094
245.09724556535366
199.5467761219188
233.81542756871204
277.54875901466585
251.19247196888318
261.91694673738675
253.4325764621608
240.23668062203797
270.09871596307494
242.52008233309607
265.43879092289717
273.53451401158236
233.28595595509978
259.2151537985774
221.33068468308193
186.16381240516785
276.91066851167125
254.27838695878745
231.9288694798306
286.7109752073011
245.230650541489
240.83702867940883
243.4789513759024
239.5361006448511
266.20588002129807
220.49579578856356
241.31807972979732
270.09087400577846
212.88635724788764
263.2240733259823
231.13298830136773
237.4339417250303
260.10634193051374
234.30304191965843
266.67790436616633
244.14399987191427
253.6331441400107
233.08457364269998
243.8348576014978
248.63476844321121
263.27979396947194
252.92576033074874
301.6408403949463
258.62890619030804
286.0012678474013
254.14438792518922
295.5960525612754
232.77719064426492
241.94557064789115
244.6755827043089
222.69865302517428
195.47644535262953
249.46585979990778
225.58978083264083
256.582226781029
306.6465435178834
253.0631494516565
231.53274580318248
245.83517185301753
210.89452273127972
239.27970402516075
238.63268415580387
229.3523202195065
264.7024881961406
245.78585151111474
236.3171707217989
253.98477295035264
251.25920970391599
233.95540887091192
243.96228183520725
254.08118837463553
212.9798399262363
231.40916123209172
221.65268572000787
247.61752328681177
254.44345973004238
271.98388830875047
216.30088898859685
237.04455470721587
241.21312826225767
267.77682765500504
204.03080817410955
257.6174684712023
252.53706624606275
279.3377130408189
225.93372572999215
241.10338715804392
283.30209580715746
249.81268201960484
266.294557190442
265.86887164614745
247.67353110740078
207.63838079644484
233.9848326666397
233.51667970904964
285.17633566990844
243.77023226500023
217.7502192434913
264.0053503344534
237.87478133526747
245.37171896311338
257.1047318877827
214.59253528591944
234.6614988533256
236.14663519660826
224.24302416536375
202.80802353934268
266.79867918239324
256.75862596713705
206.59828875717358
284.76093284998205
243.45978979452047
260.63867488867254
237.2646424297709
242.78723495695158
208.4921802910394
206.73905778783956
234.83025600601104
238.6747778793506
214.84698284050683
353.1432167425228
231.02161076973425
267.9312012325099
245.3057983026083
246.75741186313098
245.51954276158358
222.013615857868
291.8854727037833
227.16220381503808
215.41967950301478
308.49950884265127
236.06843980459962
212.17348589748144
239.69782613409916
253.65204513369827
242.67790752183646
268.0813040175417
225.01710669399472
251.28730102218105
244.7289330024796
227.06544459919678
242.32041604537517
238.78750227607088
238.63002849707846
262.5800440229359
248.77431039413204
336.48392008576775
239.37572887397255
247.9315881660441
223.31434258710942
254.82252532424172
226.61122030345723
242.07348704186734
209.38087277978775
236.16927950896206
252.03076704381965
222.4145960206224
216.82849003720912
293.94687262299703
220.99347605241928
270.02443665714236
217.60995645594085
249.32528394382098
243.9242750806152
245.9026159075438
226.49160092824604
204.2431011077424
293.84298161335755
239.61145553615643
222.4731145403348
216.10219891855377
225.22966262078262
217.70914831737173
249.18742425428354
259.9234730975295
219.57988899562042
239.84494067329797
262.76888737111585
242.06127960371668
272.01197620565654
227.40217092094827
222.3425752298499
212.5803749554907
237.86840995794046
235.34191678836942
214.07126703247195
261.42379290782264
287.3125226684788
248.7131744620565
321.32332901857444
244.11729530544835
242.48812184252893
244.40818314737407
257.82566298678285
302.2798369676457
227.1867042184167
196.30579899111763
225.4416976358334
253.0482541497331
234.02566546323942
283.48664465235197
243.42397025873652
213.84417113527888
247.85033371829195
200.8057950923103
224.7493047734897
321.4629765228019
253.41359121713322
249.8071163679997
233.68337145558326
253.06955580078647
269.4088339062582
223.05122360173846
232.94840562948957
194.2416696145665
231.174499297078
234.25420864202897
257.8977567195543
223.7708031393704
232.34266473248135
247.3949745099526
255.41504228152917
218.93575931875966
275.43408540126984
222.43753572160495
224.14197534660343
253.105376835505
265.65552582769305
221.30368766217725
251.37997681557317
219.96556170433178
250.65948541628313
276.5620452823932
244.95718855640735
227.86044238627073
229.23799468699144
246.94187890732428
235.22628078365233
203.52446908847196
243.02855040942086
238.5339982745063
237.765140305768
283.09096448664786
237.1054634322063
286.1460481991526
238.3336213028524
175.23070505814394
238.59997623745585
256.51617114868714
266.91227755357977
281.79565182939405
269.1078204769292
259.13762645656243
244.73392367968336
220.49328938307008
236.3188865701086
238.6403955082642
217.76415030716453
243.9300501398975
189.74244818859734
231.38372709043324
269.4547052285052
222.16795778961387
255.98854647087865
232.77588222251507
245.91514829383232
206.5669744235347
233.3199523530784
239.01747958222404
247.15996542194625
251.7416011322057
221.037553938746
232.23823744774563
259.7154673426412
272.5976211982779
244.88432539062342
265.8857245997642
254.71817553264555
245.02548703807406
226.6142597188009
281.566778175591
215.5167102846899
234.44922654144466
254.96866325876908
286.9766694950522
270.12005599803524
215.6095929790754
239.73188854329055
252.98570764565375
220.45722635823768
277.01680122484686
202.23959392582765
300.06018597149523
229.8244554035482
229.76006929704454
238.91374436940532
206.45013723929878
255.723149004858
220.24567621183814
257.9132582152961
240.08685993152903
175.05788939318154
239.96331149165053
276.62756692402763
256.45888166868826
238.97220562491566
232.42920206993585
236.984824867337
245.2533213501447
228.6828449498862
241.2546455351985
253.91608127596555
218.63360257691238
274.4904717389727
227.59319679543842
223.1634086603881
235.94422493193997
328.0666993311024
247.12550012179418
271.1316144793527
213.03580410865834
260.0897494367673
208.64555637148442
219.6124909557402
223.05413651972776
208.36888070992427
224.26224228809588
246.77367124479497
229.3516557966941
238.9451833636267
248.24594506900758
249.58679346804274
222.50781157804886
231.554093436338
206.44468186690938
225.75935239507817
212.09532190393656
275.83600710431347
224.064115764515
252.8094219197519
252.35725323460065
238.42977289302507
230.88832112570526
233.6214381531463
213.4136297488585
244.81755058607087
237.58205716393422
237.00056988553843
269.01606673322385
239.65661217167508
250.1606952303555
236.5455745080253
247.91843119787518
232.39315846323734
257.92613297281787
256.4045161110116
214.61118470033398
227.05745068535907
259.8821979314089
206.8956425456563
302.24553664040286
231.733792059822
273.1556749276933
207.7619900945574
257.4603240613942
288.69018641952425
248.9444729744573
221.85522034717724
216.5151754343533
242.59714753890876
222.4507200945518
221.89930138888303
241.10252797749126
287.1341686754604
287.8493645049166
185.24027629359625
248.82262427045498
209.8955801697448
258.77282593527343
231.83560099679744
227.15082455903757
264.05835413653404
216.0700684870826
298.0561780576827
284.5151999045047
241.9569296698901
223.38252399500925
263.2350389089552
238.91233075718628
242.5279597059125
267.3381348440307
230.98762182379141
229.85758142574923
268.93911925842986
239.30456812679768
234.76436547609046
288.72693960141623
267.3043640194228
288.0020867586718
293.5911966020358
230.33886659902055
284.15411140746437
233.83917879557703
219.4899154813029
212.44155594881158
213.36229573894525
331.8562304676161
275.58928326755995
242.080904804694
270.8502987730317
238.79081532510463
212.91196730709635
237.5269116454292
249.92665392701747
233.12657470075646
249.6944998279796
221.83825018035714
243.227188493649
217.4335680140648
245.3868070145836
276.49883166572545
258.45864616753533
218.55472587276017
202.52861671568826
201.12592525716173
261.7453482350684
242.99884572980227
240.12082243862096
270.20778937329305
243.23994902608683
256.63600007025525
226.62270306790015
238.60903761762893
235.4321246588952
257.77381107921246
258.73795474134386
240.2079568221816
229.41517689236207
210.78610325971385
248.79735650675138
247.7770560273202
200.4048595202621
237.33151218050625
253.89253953454318
224.24324836715823
243.91909459693125
245.5007112470339
232.58381390653085
284.4134211721248
234.63646351516945
254.29643884208053
245.20644114800962
230.6881971032126
257.862059080333
277.91046822670614
260.25442388345255
255.90216236305423
215.23150183999678
248.1950934927445
237.460156815534
226.95172676356742
238.5749249001965
259.26521010382567
255.86471688211896
249.7333931530593
256.2688993224874
245.06973943160847
250.65339994663373
229.24176246020943
224.13231972517679
277.0176151143969
268.2252428410575
258.5540259265108
239.88035846373532
210.28818990522996
252.81693628482753
207.35655889188638
262.6750458641909
258.26275926589733
226.6043982739793
254.9223684159806
232.63859242532635
219.99876727879746
204.87774049397558
202.63439123297576
245.8312188992859
255.1680920192157
255.99146357289283
264.7124129041331
244.34801159618655
230.99315095698694
252.25831338769058
252.16930844733724
217.63708315958502
207.5156093001715
291.6626681218622
227.79599194147158
249.5907034596894
204.89480123168323
235.3245623591938
214.55940408195602
185.1109100074391
277.72900136513636
233.57870635634754
260.09052966197487
240.60302777483594
281.26101592212217
213.95356414280832
262.75718438398326
266.52196096017724
253.32840951008257
273.02100697159767
227.45778680080548
261.0904224010301
236.98003480309853
247.0724953809986
220.36165883624926
271.44064181961585
232.427228954155
233.00779194995994
245.05376313102897
280.27180823747767
248.02459990157513
229.2247890609433
251.79974894563202
284.17685987229925
213.8265985790058
255.4129676570301
238.04629106854554
235.1355678695254
200.36477028712397
235.71390581014566
250.91525776177878
259.2809185802471
201.2147767613642
213.68605888832826
261.0880031743436
228.46473820827669
230.29118443687912
281.5597869894118
224.3784545296221
260.7507599534583
227.95856008853298
255.65625186474063
231.72738499217667
204.5048441469553
250.1930607922841
232.110097170691
241.77245335665066
228.12730796949472
227.73333504609764
254.41545040463097
223.45620642631548
267.65295286959736
248.22327367961407
232.29469548369525
229.2178978509619
248.76166185026523
201.60827042604797
222.30805118539138
222.9486957914196
288.9144835443585
268.40835615998367
232.46484454744495
253.8528541199048
250.26766206650063
231.86503319011535
287.81533058336936
236.9991442884202
258.3989016535925
224.16476071975194
223.2642981078243
241.05824725161074
235.71157934790244
251.6532334710937
263.3110324223526
230.6884224396781
235.29088144405978
237.9348342930316
204.79243976116413
230.67995650100056
218.7496991007356
225.26685857150005
234.9144393565948
274.5675861277268
273.2493126936024
252.3262658653548
219.18988970457576
249.5936246527708
251.52297904662555
209.26901390007697
295.1126949908212
217.2353921731701
210.4898176008137
293.53745332104154
291.55853731912794
209.59701429400593
231.7999733685865
271.88409381976817
243.425069090561
254.76793270523194
219.25745744962478
243.80517716816394
224.13680534815649
230.49803436553339
216.3406104609021
300.0070397456875
235.40614182746504
219.86709815770155
278.25671167782275
235.85948437341722
232.35988121578703
227.57264936331194
279.1310917257797
274.612535668246
253.3386102700024
283.53368361870525
218.22018753102748
283.5529517221148
239.8872294194298
247.22177138808183
267.0539192520664
230.43595935258782
200.4634067711886
251.996147951053
289.1025191009976
265.70347991696326
290.8793861461454
286.1136067294283
241.8615492535173
297.95620536239585
242.83467586518964
239.39184206107166
208.00665735587245
251.91019309544936
240.4371732013533
221.77471039124066
252.6531712251017
181.86218292015838
230.7812118404545
286.2410101041314
249.20786464045523
271.0719851073227
258.3702495012549
247.0391113353544
224.92344234196935
229.50811605912168
237.11970775324153
262.4990250712144
230.3126373582636
231.39435658883303
200.51207645854447
258.58232924877666
247.0882249493734
282.31032083684113
221.7519553087186
210.77496636495925
252.63989474088885
242.43328364082845
260.57274906069506
245.42058063828154
248.87505308928667
215.07102729496546
221.49516796710668
240.478733829048
255.0031692747143
277.1782917812234
228.6599859703565
228.67807641410036
263.53873891284456
228.1384566416382
227.4008946066606
230.5210280858446
258.91417492792243
215.96849887695862
281.2736819611164
265.2627082822146
255.1392042398802
281.4705341406516
253.94503361720126
251.75233531062258
307.4155077844043
279.6087113948306
262.88424656930147
286.02096047397936
245.40241970890202
229.93126855435548
240.11927047895733
222.19569421064807
181.05619874951662
270.7016348830657
281.2272211443051
253.58303910522955
242.17419145617168
291.70093462755904
272.3649212959572
311.20638316043187
262.8247434669174
234.85329390666448
301.27431754861027
262.9327733615064
250.5644817064167
236.14708417927613
279.5497596799396
259.63276432355633
212.8591343308799
234.2501136676292
291.46047183679184
240.11835336289369
225.28170926048188
272.0258053158177
247.06825981248403
191.39796442590887
251.75348688988015
239.3007687574136
248.75280481291702
234.3759346709121
242.47608176642098
232.06999458983773
227.01470067410264
277.248558975989
267.54958148067817
249.20311191736255
253.0540254933876
194.81777098984458
201.6289774394245
297.7966450419626
222.67737006780226
209.61331381258788
223.57240956672467
190.98935840977356
217.04644443141297
213.91471240879036
247.02927981124958
263.45674198359484
233.3347980476683
204.16099377680803
256.19141969649354
215.57749321620213
222.30097977037076
232.17618390842108
251.23562517378014
221.5740351144923
220.35221395507688
238.9729096958181
262.9212418777752
234.232488468464
256.1686825545621
267.1258464704151
246.3091208023252
251.93301934417104
223.3039445852628
238.5579400707502
245.32177154772216
244.42263067601016
289.57755263644503
234.52957445761422
251.58429460250773
220.64010535553098
255.0325011885143
223.865588458837
199.73124331893632
237.55282699060626
233.0529784631217
264.36470574571285
251.38929591979831
234.31459840142634
217.91866376181133
193.36780993366847
246.585513143742
253.09978639060864
247.5258973869495
242.10001123062102
245.6483749768813
267.3758711227565
239.71775123220868
293.6875535848085
235.44496444880497
241.29913774406305
257.9773962532636
224.59471867070533
207.99327831936534
279.74347220826894
208.09908483549953
217.93026526703034
234.810283648083
243.28046032536076
314.8507604371989
254.59480453829747
233.67922567407368
289.46839451615233
246.26678779686335
228.77169168106047
228.4670767938951
248.20089617546182
240.55174592451658
256.10128183010966
235.6188688109396
246.11598752078135
228.82445465866476
239.60010866995435
287.8635045090341
264.83039288327564
282.15063789190026
238.55554653669242
245.81441588897724
222.37331111676758
252.71036510058912
172.4150346784736
228.89439099561423
248.8355607468984
210.19368209451204
253.05190490797395
256.6060065377387
216.19887744594598
238.4661998519441
224.59259056230076
270.43518550955923
223.9670314633404
234.2112676933175
228.22588129364885
245.64838827663334
249.82450935838278
227.94295946194325
243.3459632800077
247.2158491287846
257.42291603353806
221.46663768094731
258.7598549731774
251.14160685101524
256.803190392151
247.13282083778176
237.2127757537528
237.45010063576046
228.77033849805593
264.20658573071705
263.5457973657176
248.94204184331466
286.0739951786236
225.05420432874234
216.66275699238759
266.5808548897621
237.316311866045
225.5168285308173
240.59487253171392
206.88494440552313
239.22126619378105
293.68690475751646
248.4643357731984
275.648149641871
311.48592724482296
256.52192212996306
247.6483653052128
241.00557307596318
214.917262083909
280.5853226974141
311.73348250385607
286.20937997935107
234.13818868936505
234.61715279961936
231.0575965065509
269.16142277250765
219.95017020311207
257.5614237310365
213.9890377317206
234.57034786284203
218.8514029358048
213.33778833411634
247.02654154173797
250.58797303045867
235.22651885158848
243.26204275753116
206.70041788642993
245.5244638196309
278.79672840971034
261.06850688153645
219.0422142467578
211.56214784487383
256.9370842236676
199.55448190006427
256.9240431362414
309.13537098874804
245.95280029025162
236.01675892388448
244.03218717558775
213.94272941543022
247.3717696298263
257.1118507410865
223.9013091986999
235.504066757916
186.60291848133784
243.8618454131647
245.20867065904895
248.55277924914844
206.21504001843277
204.88423375308048
235.5083394923713
250.44890428881627
213.54462961480021
228.61158169107512
248.0221695235232
232.86262046097545
225.24042155384086
193.52655642747413
272.57724407786736
275.19404768262757
253.84253528725822
215.27094630646752
233.31151741725625
225.73270120139932
207.90312187932432
193.64029467472574
251.04309479007497
249.42650795914233
239.57134305947693
243.64588554174406
261.55180837301305
264.2526705307537
225.9909881768399
288.22954377671704
237.63669617444975
239.2388044373365
225.58305454009678
247.03517675725743
229.88436182693113
237.57516370201483
254.1107161496766
236.95190493785776
224.4930755266687
249.2235714182607
209.58400809043087
235.75333020824473
236.71892558422405
236.87090401473688
236.6942444705055
212.54275443422375
209.24933977797627
229.32347651786404
221.72288269142155
243.328577537206
276.98642367013963
228.49619842442917
262.97326773632085
190.7368373000063
239.3641188381589
241.34955456631724
249.4458436666173
295.2584816964809
268.0193838310079
233.74310686578974
244.6459043273353
239.06521222525043
194.30643100454472
221.0171553323744
242.4937712418032
194.96867753920378
268.82931281399215
260.45101647049887
210.5189048286411
240.17769948177738
237.66915214399341
272.53914936835645
245.82108166860417
247.67134190228535
224.3747917864821
230.05829542165156
300.5861383996671
319.7751028026105
269.53012938034954
281.51628705399344
252.23689340928104
246.20966893486911
247.0534134642803
230.34594781999476
239.73558154032798
250.26029088924406
292.45933487592265
221.4566555338679
248.24693748221034
269.881524571043
244.10226496943505
195.54859262082027
261.64991077641025
230.52156717533944
265.3785669307108
253.6272740221466
227.07681765710004
246.00867493031546
251.52545544924214
194.2259063423844
214.45386207202682
188.63337234425126
250.43697307334514
252.1363524448243
242.98528266570065
270.8689922436024
222.32506842183648
249.9107065697317
229.98300944967195
239.6249517867691
266.40288498380687
254.56064251682255
277.5848970024381
230.59154558222508
236.7741275576991
249.75038608920295
246.67752758337883
213.73042930744123
212.17911482189083
236.61876482982188
244.45915079530096
234.8811293959152
239.2904122674372
244.99462291784585
237.7844506506226
234.534813481092
260.9493402274675
222.18182940565748
223.7380704532261
176.23374310182407
211.22673627833137
207.75262994877994
249.18222969741328
246.25692150503164
295.57068997767055
231.82822537928587
266.84623477444984
203.74952692707302
226.21860814251704
201.51170047937194
219.04347314912593
225.70730585668935
263.36722534219734
257.82672802644083
195.6351914832485
217.66870082932292
240.27500132640125
260.126880434691
250.74046067747986
248.09286110644462
209.52944188186666
263.1121769945021
305.95928000076674
228.5496428978513
224.72105852811364
219.99200506845955
207.74258567398647
219.09744384052465
230.9297398076742
270.49251241167076
289.78833640692756
249.9741496294737
227.28129929298302
283.1128794818069
239.24821137211984
227.28731829847675
268.6181090072496
241.9054949049023
230.11623315699399
216.65350297343684
237.88468215882313
226.582730918366
216.8761849628063
217.25202219374478
194.3816517732921
265.6918602946098
250.99472400272498
216.57548170280643
264.3294146208791
283.8254919965402
249.8219060395495
277.1253901188029
233.78181524720276
231.98759003763553
216.08131155010778
239.697910169838
243.40493045037147
208.4709776492673
211.56429412722355
201.5933080216637
231.13900063245092
250.55934127880028
250.8945347869303
289.35906664049253
237.686161831778
235.5639645891497
196.41774701565737
237.48012677644147
234.21919940726366
229.72623909381218
220.5442237360403
284.88235710148
244.47604305128334
325.5426769820042
234.4306065904675
264.64499705831986
292.3488696554559
241.3618138039019
243.72583615535405
284.33408412657445
214.98491603479488
299.5936046541319
240.2452399052563
243.3424602864543
220.96463523805141
213.57225059100892
271.81102622218896
254.95723501598695
294.1442900147522
223.34821004915284
217.56569629220758
253.82200416794512
255.25859587284504
231.29393927723868
266.4211868182756
255.7453870206955
211.6557057426544
234.18194293655688
236.26549871987663
246.9816834392259
219.30804609123152
216.35829803760862
217.07412959710928
250.87197822605958
251.09566543105757
281.34019003319554
294.786296809325
238.62697146454593
276.71329425426666
254.971152759681
202.338515162759
324.32364458823577
218.03500021464424
269.6825468482566
290.94440443394706
230.59685416158754
237.19520032213768
280.7922439411632
242.2399117142195
206.32622866128804
291.14836873079184
227.2696962970076
275.7429032046348
228.7320107460837
211.47582704818342
280.14555193443084
250.643299051153
252.08805487822974
228.80264889990212
267.24728927208344
268.75195151549997
261.5558077698224
239.17011177696986
216.39585399907082
286.5177877697861
228.58277794608148
289.44770210882416
249.18241197511088
255.5295923689264
221.6906106553506
253.04167173308088
226.7459011429455
241.4187251511612
233.5679874412599
339.27457390731433
228.5852583530359
225.08022666949546
239.95835105370497
216.9300469806767
261.96584945643554
239.33395744202426
209.5436942912056
235.1590958480956
210.95968036865816
307.5924215905834
202.62596615357324
245.72864411550108
236.2972248137812
275.27177913388005
248.2500038871076
265.28265361936064
215.7988777893479
226.6867053474416
252.32342836691532
237.2893130654702
260.14308229694143
250.45272911759093
245.79181544028688
267.4004123987979
198.0207431296585
222.8875578675652
202.2958699571318
238.96641871059546
199.9941401425167
252.59984456311213
246.51786352944328
274.36519515310647
243.72816028929083
271.94576831226004
216.10705379536375
232.68473413330503
235.34908826794708
241.51391536509618
239.41540214035194
258.53782247158233
247.6908402092522
271.92945042753126
245.17752100765938
287.849385592388
230.39768840448232
265.7507836588775
285.1184408525587
212.30672576569486
228.5628380900598
299.82437825528905
236.1608881893917
258.006553925341
225.3171634603641
335.2274445388466
235.6735408754903
236.21743835811503
249.03837172553176
280.1007206303184
222.53926518198568
222.99588573002256
260.0318978528958
257.46979294274934
220.67240461619804
239.1931860531913
255.98032406513812
189.779590433056
243.2781515006791
272.8856974285445
273.7650356523227
227.5461358372122
228.0765713150613
211.7586603613454
246.22932337154634
238.14228226727573
203.9465377489105
222.83447667845758
230.5371183999232
234.67339345358778
247.73474458960118
256.4655350110261
238.73349887202494
246.25982631766237
273.0354272928671
270.64666944526834
269.5156942133908
233.23339536017738
262.74945521575864
265.0599461038946
258.10197410878027
255.6280096725677
281.5154153140029
262.37737688585185
271.5052659105859
240.92289502249332
223.29721744928975
243.6319166268222
281.7359084531781
250.57915430696448
236.70590169884963
240.7634676269954
254.9379156983341
235.83797413756838
297.3897731443867
200.99050604982767
229.4142970595276
271.645764432149
287.5609795190976
247.79819013475208
258.9568002305459
187.13204230443807
238.10157410870306
226.74778594647069
236.3171686346177
232.73924137395807
263.98209026735276
249.20556977839442
247.8791859964258
256.5946116960258
236.04330234765075
217.42927926802076
237.0139081889647
250.62622468615882
245.7037890246138
211.93961026071338
235.87564588693203
242.9604669897817
273.291227776499
280.721262114821
231.97498223517323
281.4829254540964
207.4073135862127
271.406348436547
205.39467868575593
242.49432662467007
243.17658364441013
241.43896901310654
252.39205258904258
200.71377073420445
245.6664370126673
217.54085504438262
234.67067433230113
238.70648394274758
236.35765087988693
246.24417663895292
277.2428977895179
270.32426544529153
256.6271068479982
254.55087090079905
271.58051905804314
258.6554840429453
230.32858865096932
248.6670661990065
255.55874657351524
254.4071364433621
250.6420118837268
205.31685518845916
262.9497934053652
248.6029243808007
213.77656097966246
216.35976114263758
261.2610656125471
240.9938635439612
295.1942925535841
202.65909547242336
224.49936576501932
252.6228029287886
201.5580874652369
243.52406229800545
209.56850325351115
224.40702058956958
274.0520573349204
245.69674171076622
295.17845631798264
240.0917601173278
244.0984528568806
217.78668974281754
258.2585345041007
302.3370415219106
214.99105148867238
276.95832250616513
231.42393369972706
236.02916636888403
245.81629406043794
267.9821237302385
247.68847448122688
278.68919658567756
211.78257320227567
205.54816234868485
239.1205391534604
215.22871999675408
316.8687388491817
232.2845226309728
306.2509343944257
236.61573671537917
243.51258171838708
232.2532983298879
223.24642994895112
238.4618731951341
231.2025380876148
221.97096103720833
267.1355213697534
253.01587598584592
249.69347320543602
227.99458769569173
263.71174756938126
227.12923062301707
225.25375322566833
233.59600275941193
252.98755795380566
238.50580865715165
226.78319953056052
209.54880071629304
269.205346295028
218.89825543621555
278.0315018162364
258.46774558885954
225.25699991476722
239.83942837629002
253.2697959454963
230.13512051524594
225.13615798403043
240.29482628928963
243.72255937196314
279.5222989144968
267.80459882412106
237.37837518693414
242.34603689145297
223.47111907112412
262.16157974500675
252.626116998028
230.81368417316116
263.48208428476937
240.93904854322318
208.0373674047878
258.77215420629364
286.31362435629126
239.78786631196272
270.4913087503519
204.5767115947092
244.44688855763525
278.4493551605847
270.6100867643254
224.5445460593328
245.244582321262
229.42039395612665
230.34436006238684
255.72862076223828
250.75511631090194
213.4989593414357
237.76392203767318
244.51508457248565
246.8902939708205
293.4621389321983
288.04406694252975
233.9527925978182
277.34476554673165
278.37488337024115
256.7228098624619
235.72938980918843
230.5965507144574
207.80151043238584
256.0624717513565
201.56077984720469
230.72593817440793
234.6592025551945
260.016900677816
241.22072768642101
268.4534339949023
262.5261318802368
203.55651930207387
295.7183805712266
255.71506451698951
271.8501995461993
233.51233369263355
218.16638915718067
216.71548124821857
215.16908948041964
222.1001723165391
240.92560233420227
260.6312268798938
218.59558666788507
244.92341612000018
248.36777811939828
262.71995879604947
236.85090658522677
230.55587576399557
215.59439544554334
276.48198639554903
233.84913563122973
189.44801064080093
237.74952780106105
254.01123041810934
230.38317410612945
189.37881059455685
232.6233917789068
266.2052960166475
220.85188958607614
211.0396784543991
242.83099907415453
306.07240403816104
237.9214913706528
254.64293428638484
236.49001234932803
233.0484372789506
203.98901434021536
233.55975556385238
264.82071051117964
230.11803317640442
229.18131122353952
233.29167287156451
241.99439562787302
265.28842511516996
249.73523581726477
256.6378754777834
227.63080429064576
242.2015613245312
239.52704581106082
265.84029921889305
266.6438557904912
246.58385398879182
260.2204243859742
261.0062450899277
242.1646643228596
230.2365693161264
226.7798490561545
200.58166332321707
243.5125780934468
242.97492530406453
242.19978085695766
224.1553710103035
215.52784230315592
230.38425301143434
246.91201235668268
241.56205178436358
234.10361538128927
227.5785793705145
216.07885688450187
243.20303116657306
272.8281629299745
224.4833350526169
227.5036328319693
241.11522824480198
232.59797979041468
221.5356132593006
215.92171257606242
250.31171331799123
258.6088495637523
229.28634410502855
247.14112419926096
221.68678004248068
255.0729043171741
284.8983220659429
264.45767746446654
228.99047245667316
208.23241407924797
241.88501291023567
229.15068468102254
217.3290996203432
258.503271465539
220.0231722597964
221.14706853567623
244.66975644754712
268.76446178543847
234.55171812488697
261.6890751994215
207.2325232696021
300.0284913156647
238.2136040435871
243.45982461061794
224.38387384219095
245.11165677569807
237.93618362036068
210.70751361362636
238.3208967866376
268.7163888049545
284.17530359048396
230.24333517439663
249.2822583593661
247.76807658770122
271.44709504034836
248.30934050586075
231.77956037269905
207.68618063931353
265.63803521811496
217.82003158016596
274.5076531919185
255.18109917931724
246.57931327447295
228.15314017783385
241.86632739938796
267.8426052699797
250.57636543363333
241.7417368410388
208.1145892594941
237.14433886448387
245.01135027746204
214.8591412892565
267.81885700603016
230.56194764492102
247.04614629712887
218.1017680518562
224.77636946481653
214.62548158725258
223.73605926544406
239.48155788215809
222.1917769717984
236.00503059092443
217.33349020127207
288.28433436492924
218.27804677304812
236.58176505484153
265.33874655212276
220.0994222945301
210.69248473341577
278.83281090902165
247.69056279258803
298.32660201366525
246.9126400424866
275.9886075089453
291.81268099846784
275.9609381573973
211.782453057589
278.53927337098867
215.73300483473577
245.22036961454432
238.79685078200419
238.8231780885253
257.17211382091045
244.999129724456
220.63839741097763
229.99158481357154
266.0770778924925
246.82835403399076
271.7592319821706
206.87875737831928
235.30112278927118
221.88187175360508
269.1447725709295
276.3262358336942
275.3760608129669
247.40389969979879
245.06669135193806
242.19712092354894
229.22289747942705
260.77033664647024
238.96952291636262
275.810853386065
272.85227144358214
250.58479958830867
303.6482631752733
246.63636202074122
242.63466568582226
242.87769295321777
221.55997597018722
212.95188646856695
202.99532984069083
220.1471181102097
253.0687399447197
258.34626439446583
243.00518390757497
259.0702931949636
190.967477747472
218.8946636915207
201.96699645288754
241.41501396161038
225.99906283058226
256.13520058244467
239.83974110567942
236.1177444482455
255.42431857064366
224.30728381488007
237.7482754116645
217.3345583677292
209.06392130139284
216.14469060546253
253.38581217383035
269.9943217386026
258.72839200648014
232.79531146155205
265.27393856830895
211.7420470699435
256.40696066082455
217.39127635362092
235.15725177910645
316.9729442106327
211.52721252653282
235.063650801545
236.67131321283523
207.82978718925733
237.52733732108027
222.13838095217943
209.79470239358488
230.8078222424956
260.00300132797565
250.68598771700636
236.56517323490698
223.41697538492735
250.16548409115057
186.11887210502755
218.92803812015336
276.84147701982874
264.5919664124958
255.9164512315765
264.4138849595329
253.392366971937
235.98655083903577
239.59218604909256
235.78745989897288
239.53893964970484
242.739566262695
229.8208104709629
222.12980540271383
261.479798728833
250.41716801398434
211.92208987427875
243.08801288856193
205.4433769218158
256.66246348340064
249.84358413948212
232.14832283416763
178.20417056430597
258.9656043802388
202.22194476763252
209.12510075746104
205.07404794252943
239.16540661652107
268.4104677394498
245.58328003436327
264.77681320509873
229.04833328153472
192.28359593939967
226.21282146964222
232.0992667300161
275.2549523743801
244.28247767337598
214.4703929569805
294.5738216213649
246.84241046698298
223.4501946886303
229.1580467002932
232.53792833781336
186.37480352434795
250.02406961238012
213.44576845050324
229.8642375639174
249.04283047362696
208.5263623575447
219.14521249418613
232.5628559786128
244.6630000533769
233.08947445009835
230.06286191102117
233.65000720648095
226.7425087466836
208.160242613405
204.5408039378235
202.64288636425044
213.7481903702719
258.9013837983366
264.39976750535425
247.84984812838957
236.3247783894185
265.3841602848843
243.4442845589947
229.16929934965447
275.8591074164724
273.34323194634635
203.87496079143602
248.23314295033924
269.94786163407844
258.3516623846954
268.26123439893126
229.95498665980995
201.02167906961404
252.22208222129848
263.06392270943616
233.74056336528156
256.3231307696551
241.37832916539628
238.29170411126688
218.84086011175532
204.44980654201936
222.15418030682486
201.17104391218163
239.5542596934829
239.5502138712909
194.77933893282898
284.5935683255084
211.92164062836673
246.5336805934785
292.83863219141494
237.26853818970267
250.3988776532933
252.78079797467217
270.10639934858773
207.2225844830973
196.33080554089975
235.1535542634083
270.3556617719587
245.1700188339455
259.2761562449159
224.47388379566837
202.9064248452196
208.5901948949322
231.086177212419
232.1220907153329
282.8628356116824
230.29447334748693
232.28102444310207
243.90950189728756
215.365650534397
238.00860606634524
209.22073710081168
218.44900151784532
246.39593807572965
265.34371032670606
200.54063752153888
230.3632171191275
201.2039614415262
218.82937011425383
270.2688626711024
250.98697510745842
314.45636788918637
231.69263605889864
240.7402558963513
251.17701972741634
266.432215739158
236.4144268821692
249.65491122205276
214.5080266885925
207.37164883711375
227.56585301365703
229.40896784851793
258.5356947153341
317.6856032939395
244.50393818924204
210.11048580880743
228.36847130139358
256.9766442812979
258.38841776701156
226.77392280229833
244.6049105047714
228.58176635263953
232.9109875941649
211.56590247922577
227.50126306468155
220.40183202316985
205.6997156246798
252.1814070752589
243.8173528437037
247.54495975212194
251.63564604660496
214.8883015169995
259.94503699836787
243.38127895374782
245.74143042380456
245.60527710733004
221.7702021044679
255.0235998799326
259.572660655831
240.98703376494814
238.68208940222394
301.57135440199636
233.97091895574704
231.1721459638793
265.82781414024066
208.85445089347195
222.35371621290687
264.15841801965144
266.553893847391
211.36832224065438
254.09204125229735
230.42353719449602
235.0694565527374
263.8836508052191
223.19795097166207
259.31349146342836
247.15933004859835
308.4888891236624
274.96266028285027
222.63508379273117
240.63403726078104
260.5899608777836
260.7875181591371
255.5247463347623
205.2362754882779
217.88356395973824
213.05535479215905
229.9163452635985
257.7188725846354
254.4449712850619
253.7375025014626
269.55081845645327
293.1237681362545
255.7439181433292
319.0308709696401
223.45243944250979
266.1284927709494
221.79986467352137
204.70612756011542
233.3395634291228
249.7411483572796
263.6264370356221
234.32942504342645
215.55434009362943
236.31761722580995
304.00253225979395
255.9508478960488
290.4503882136196
254.6147491884185
205.53088084841147
261.64865245693363
228.97208254691213
276.91285520466045
221.03790627827402
232.5427323775366
251.46270443627145
213.01564191887155
237.5341512352461
238.9967594500631
243.80866293422878
238.68437635200098
260.5593295802828
275.6221629786305
254.7195913863834
255.29185927531216
246.96548893721774
212.86744950257707
219.1391533886781
287.8506110860035
282.5118029084988
229.48643808194902
232.00497939821798
244.40016642503906
285.36187664070167
247.63751003635116
234.32428498449735
208.2105209310539
227.0883552558953
234.32525944930967
220.23403229413088
260.56696473271586
249.06797525577713
198.0958534736419
258.63143928407226
236.25597470463254
237.69736641750205
236.85427221423015
275.82534319825936
208.47252801479772
229.23239315929823
221.7175679814536
240.47444221645128
247.03651404508855
295.91784788807854
215.25716398248915
222.74564591166563
208.61430527770426
213.10605098912492
211.26249416870996
242.12885180709418
234.81429411191493
250.5653966824757
220.0681064319797
207.64214100770187
227.88256503816228
217.83610547194257
202.83642857789528
255.90113038604613
227.71111146884505
283.3826054792153
207.8208999504568
193.5441089310916
266.8556511325296
265.036249001394
223.05878841190133
216.74598257534672
228.0436851651175
265.43243810127024
276.7415650906041
293.9073944108095
246.753289564047
270.48950800090097
229.89092727319803
294.85897964739706
213.17264653753955
330.7372527359985
241.55170692538377
247.66396733967122
243.6699546384625
256.1309067137772
299.3970184661448
243.68080620397814
223.59769286436494
216.5789739062311
260.3751657962566
191.272006611689
255.89066302741412
294.8021378064295
279.02918392198626
257.59684684860986
227.7127543448005
222.13844135124236
241.22642548580188
285.0601703013526
216.44369613728486
195.63900554098655
228.22245038824622
267.2487566694617
245.13821288966574
269.3841958735138
247.81667139800265
243.71447023143992
245.56508813798428
282.60539380682167
248.72932665830012
242.06944711343385
267.48866505676415
201.3613573818002
223.22746572294272
272.5824973687995
254.44744977075607
264.60012491152156
272.1463634779211
241.21330682910047
244.05248582863715
211.3091273077298
215.17018412135076
238.6372315036133
254.11304961913265
251.86609350214712
230.82471921818797
255.09547414130066
220.31758147396613
245.60537954093888
216.15100548241753
272.26748733012937
208.95573595562018
272.4709156093886
207.95696484786458
214.24646522954572
214.9728285651654
232.48664767714217
252.4902342064306
248.23005179257598
220.07255009608343
213.857155976817
222.5343653849559
198.6555390721187
294.8812092078151
222.24668264063075
211.18621318018995
259.91333627013955
236.65856285998598
243.76263845188078
201.1680828917306
224.29145186324604
237.97179420059547
240.94950591772795
264.24570328975096
220.11152426770423
237.25591022276785
209.3827013777336
209.00015047576744
214.1500049874885
232.85261770465877
247.29300456750207
321.0744390024338
241.47760089382064
232.75813495612238
263.7609341344796
279.41919377737213
243.99608031334355
225.0494143316755
242.08773145836312
259.6479610176757
241.46738826553337
276.03429483959917
278.28597035154235
232.83563598059118
227.83858754998073
229.1219543220941
219.87276150728576
275.3144523673691
220.6003518718062
290.6767109205248
206.1290011727251
252.47569464379922
219.8997605284676
257.0689920850564
281.4440771151567
222.5858107417589
206.13736968266312
232.08161408884916
222.45447437418625
223.25179508014116
214.87442542484496
204.26107352029067
222.93207703204826
238.54274863319006
227.11456176417414
230.47358492121566
278.11851838894654
233.78012747108005
227.14054163068067
249.30476288544014
275.8552607082529
242.26308052858803
275.93559611274395
219.141713785124
238.69000953808427
234.6885414312128
210.3815332116792
228.303023003391
294.0975044971565
233.46875821391586
230.75589234149083
282.50284530979116
213.66953642468434
206.1456901434576
257.3776868917048
201.74564886721782
262.38175265013706
269.0106477829395
292.1825587032363
226.0500106102554
251.1005517609883
267.646373177995
265.3804836673662
225.51476343313698
252.59524533746298
205.2179820279125
306.67527473066
251.16182810557075
223.4185629276326
271.73206317878794
264.893431251985
231.0416560046142
210.91278651775792
242.96053122694138
293.51226608629804
252.08978656248655
263.2538446113467
256.43383090163115
256.52529092121404
207.49654557497706
217.9091300929431
248.08828735572752
227.10236517398153
238.50962752546184
257.8362475640606
221.69687964604236
227.3558634420624
271.65393756574485
229.84622379788198
212.96611085906625
249.3312184867682
257.634666711092
198.74859322898556
249.1253925425699
224.34692376304884
239.59839466540143
278.33924388268497
271.1070439325413
254.63122064596973
282.23787374887615
213.6677680918947
222.59227040666156
244.6254267730983
262.73891964321956
198.5249921544455
242.22559296293184
259.8141965321265
264.7422104321886
252.51959461253136
234.9580769612221
254.83557629445568
228.5015983907506
286.2041620911332
271.42447983508464
201.5039491847856
271.46931501768995
251.3947962335078
239.7499021482654
218.1678061216371
246.00119513063692
211.54308131779544
241.9318092565518
215.91127849323675
259.6889571780339
268.37158289470244
293.450454077567
286.5129868349759
256.6006660646526
251.22255603584927
211.55541805177927
260.19779481412843
223.71089667046908
222.26823579566553
240.13130716979504
211.83918317232747
206.75898893061094
212.5716678450117
192.79425274627283
213.9019231570419
228.94565624021925
232.31263159716036
250.66587803664152
234.6777789837215
256.3223878573626
278.6555930225877
200.90409135562368
247.8161082714796
247.45866486045998
254.17441550514195
242.9139062811155
255.63697704055812
232.63522491289768
217.3804524791194
241.46810096758418
214.4123066586908
243.26878303149715
263.3617757136235
222.85353057750035
239.4259210699238
263.31228383642156
238.45700963644776
255.0532267197268
220.42304026149213
237.34887620445807
185.76572799053974
257.3977359236451
310.80211662629154
232.18093025463168
230.4497237566393
250.20554749306757
256.2100308445515
270.56105802115053
216.77420212817378
223.37905614101328
225.08527023834176
269.0108095955802
229.1226540945936
268.88935021450743
271.064328257693
272.4748758500209
236.8903154246509
216.24154839164112
251.01298456336372
217.6753911888227
226.19208550755866
245.3439040032681
228.21471360279247
236.21516076498665
239.48878189863171
209.10564725578297
279.8710492203245
259.2109994026832
220.50416531565133
234.01989790447988
255.17508076666854
225.39542255317792
245.44407045014668
235.22891324141528
236.35617824678775
215.7933533298783
229.23301678488497
235.42603576090187
235.534204545198
217.93595266598277
247.49957632564474
244.57615825685207
279.76000007241964
222.91948454629164
240.43060692562722
232.76944886276033
253.1214071228169
224.9240956729045
202.18480829242617
247.17474290775135
216.99868357973173
252.72054841474164
241.43272103497293
263.754258423578
243.75909480196424
214.32502181141172
181.15264163829852
211.46212447597645
206.5146571304649
228.76352809066884
239.17878051334992
210.3372554408852
258.3182773782173
216.94383931264747
278.47456944792066
202.57079363742378
267.18779813405126
242.03314984741155
232.63391787896398
206.2105768446345
277.70589786802884
247.1676686432911
269.8999770586379
231.6030620642705
234.90449177927803
257.3949281931855
251.2480537017109
253.13767830480356
254.6551049852278
230.8940896660788
243.70125326537527
267.00356596626807
285.59304280159995
244.92603016959038
219.0941424566554
245.24825662199873
220.55313028488308
249.3086943543749
255.6567533601774
244.39934653695673
228.85032713529654
228.09254509420134
274.1071481104009
294.5932926735841
229.02998686453793
276.552376027219
265.4984276427422
219.98715675994754
241.26896975992713
255.05442709487397
202.7289116414031
209.96944523171987
230.8913148266729
246.30738275579643
202.66275289887562
218.97898035938852
272.15734081191476
213.48717984627
251.16451061458793
233.54466052446514
193.48559561616275
239.04570014984347
240.99072969774716
255.65475214482285
254.8706776300678
222.04104442195967
212.75791968090925
197.72769045457244
283.8455557569396
259.21603434253484
212.5225980891846
197.51423576113302
230.69363962579519
194.23141650040634
264.17645375756547
246.54311928071547
238.65955659991596
225.56653034151532
234.04413201252464
209.03335573361255
269.0867107404629
224.86327080393676
237.7764631252503
239.71221991674975
230.73891280498356
214.86511555686593
228.23388563178014
250.13204943435267
230.8274433988845
224.71899910422508
221.3714572293684
229.73780810600147
247.46916259801947
237.85926155711059
222.89270377508365
235.51139508606866
232.6835364624858
231.52776041126344
221.58918652613647
258.3221512660384
228.4391891300911
227.6066469057696
212.79478850064334
263.06382835586555
245.76815254753456
214.87435875483789
203.99207546864636
245.21961896505672
277.00719111040235
228.5329555264907
213.46359056723304
212.92089889245108
256.3174742308911
270.0255623344565
261.3782283940818
262.50537107512355
204.97533135325648
275.99099727044813
259.2426318542566
181.33158535917755
248.0776028110413
252.352315047523
215.81589489232283
207.43802973546553
264.1802352400264
242.6116588250734
258.3084873619955
229.8818037455203
276.3873434837442
273.6357557296287
232.97427653591149
275.21148350671865
295.9075920142932
308.72613286203705
231.53060379135422
237.75861753732897
226.56728706799913
228.42095710826106
223.58308979670983
226.3357434484642
255.6210997805465
249.63315268442966
281.7070767469704
230.3004729822278
194.84212559019215
220.02561434416566
264.6049502339447
270.524141154252
264.1991245991085
229.5985937207006
252.9175702641951
229.05647435726132
218.94419511896558
240.66776940308046
254.03555595490616
253.02282075502444
260.761431364459
301.34918329049833
242.8204561501043
225.25250731653068
238.23444279714022
250.64977906702552
206.9032397068804
213.99699462472927
269.9841586444527
265.5119402013952
268.0609885554295
221.79818766727112
234.85568860021885
201.54628524323925
225.20938473031856
235.088452918455
232.5300615353044
232.93854217394255
199.7492281908635
258.36212832760066
283.86103175976314
253.06456145248376
268.42784932174254
234.13082583190408
222.326292307931
270.79379041772336
271.4386877939105
211.00741140800528
218.13025720673613
218.91588177892845
273.13063632615376
209.52835519844666
237.26462510880083
275.91051237878855
229.56774706509896
217.9516490099486
263.5540854736464
220.38320115651004
210.33426931023132
268.1556827278109
225.4264399111271
223.19769002846442
199.80161477462389
247.45729320927057
230.78629989374895
244.14907181123272
249.05514429416507
259.6274542158935
227.3893492241623
247.21388584258966
271.8009980765637
240.9259673979832
258.18188937276136
233.93742996745277
296.7128222527681
258.42998767015524
260.8604254917009
232.0008411522722
279.38484642491676
249.6683397636516
226.0073561182944
211.98555147449952
278.90150764316786
244.67169074516278
232.91235036076978
256.5739378683502
219.00187371089123
224.87702424055897
213.48803302447777
215.95191678614356
262.32212004461326
257.16055953048635
223.2227099079173
241.60134126071353
228.81107731407974
195.15335949172731
272.3810888440348
259.94484217534773
239.59476186567917
223.08725161245093
220.96225774660707
242.98760285589378
269.41611470025964
258.3998319299426
235.63554875017144
260.858039901359
256.6242903972743
264.4268385040341
242.2622503156308
250.53966402169317
260.2501175781945
279.00341208383907
238.48620969196782
253.6657332709292
216.7705401359126
255.9717121879803
215.46512836706825
295.9513346517924
246.78019788837992
256.16129186737817
223.20946199283935
245.84381982299965
244.35349603265058
218.9898049500771
195.61685014353134
228.1075568854576
228.72937641653698
214.50661705993116
263.3620810356224
191.18135247169994
250.90021877374966
240.05927904695272
220.23952587286476
251.14799057727214
241.0954135004431
245.78699161414988
266.67628876445815
282.6900611760793
233.3289268160006
349.29881599813234
226.48097249958664
245.44405023928266
233.1136951360386
246.36393378057983
232.24468448897824
264.8626011473825
245.60856145096477
256.9816474195104
202.91931876330636
211.86988638772164
235.11582957732026
270.64630325720645
237.09047499345616
251.6202503903769
270.4242577065015
238.9855663246708
267.2224356996594
246.46687984850723
229.71445771760773
229.75440008635633
284.81913243304007
262.9671155252727
288.9310990832746
264.5069857032504
252.4947754588211
281.25598738214467
292.8778468144592
212.7456667762017
218.13490312849171
217.1639390939381
239.34981222695205
214.56255360867362
274.35011553100776
240.11134688637685
245.93322634976357
241.97899699374102
216.11978813819587
238.96913105621934
236.39733253396116
221.47794819518458
198.79884657950606
209.6433965768665
235.74582521955017
273.204214751604
211.06334931752644
274.8999858024763
273.8185116320383
264.4775091218762
324.94900136452634
269.2412465212401
274.573691001744
245.37496326840483
265.0223056670511
226.25501040869858
234.9487331112614
207.02903666056227
240.16235292691272
224.73289558198303
272.23785069503356
262.05264704325236
233.4077854041243
237.95164039102383
219.7867861900013
224.7164333218243
238.50744041136932
285.84874297189526
203.26216370635666
225.9721906555351
240.66553607129026
199.25516231905203
220.674010112416
234.59940719534643
275.81717771152034
222.85725314484444
254.48702331865206
225.03533379593864
232.71007614117116
257.8132137124194
253.89141995296814
292.2912695532432
230.34264228236862
277.7427562219091
265.1674079709919
244.9042251734063
229.72014935058542
215.82592325413134
220.75876416114625
252.89299973205198
218.21733404835686
239.49084824568126
259.22932469134685
256.87204967276193
217.46918537525926
256.72698991617654
229.07017085363623
225.17231897101738
235.71894309401978
261.26129609846976
266.385692973854
261.6007392380852
261.19409393973183
228.4993910320336
238.8941299499711
228.16356715071015
230.47316164942458
219.69027550902683
242.63346124778036
225.79982824041508
201.65584369178396
248.1253910221858
226.4023201931268
200.29966144973878
187.3287714269245
231.4981651325943
263.9276080506388
230.90352230577264
202.91173273988534
276.9283486981876
246.22138190851547
236.06127059296705
220.65541786432732
244.47279945237096
198.02676831441931
212.51102466939483
239.00371177133638
199.85327003174461
244.6635634925915
256.66744733031373
272.5081212435616
183.958445288823
188.36759021726903
203.90327284904197
235.08562444290146
262.71996193833183
245.5569485076703
238.1950961734401
235.4303504343843
261.31396146921907
234.133571872022
202.0151910907589
219.71752906846814
227.29844458168373
242.12201818975154
229.59891138831154
242.60276668029837
271.8623878651997
287.2197900060564
223.27548370929435
247.73441444174387
262.6327949904371
241.9013243758818
276.1285685270559
211.33559355360921
268.5475951519329
232.73740951751824
233.74815354752354
288.26082895416766
256.0120784584433
217.48297960392665
254.37490839255042
237.1231220292393
227.99722139490768
245.83528777526226
237.18464554403909
253.91238492541015
200.2812850078335
294.73373120080214
241.2865182562964
228.70098559488542
253.03910764015745
260.3585350982612
318.0066320588812
237.64796963566914
236.1870269216597
223.52524412877392
311.2403238690458
197.44630261603743
306.098061073455
289.93672134075314
236.77800031157676
275.07913360150997
244.65974075137638
222.76279825670645
245.4666173454607
229.07992823398672
219.28952406020835
244.19359405362047
261.51477926713414
248.14564930601045
228.3168415497057
249.44654796656687
249.78970788267907
210.53927069040947
275.20236686069984
275.67087733512744
257.1099885114236
240.8277870833408
232.81040860712528
235.753790968447
218.71507752360776
221.64077044138685
260.07985808502417
210.2255169142736
240.0811810019659
211.84373733995017
254.30501341528725
254.82809659885243
233.7826598448446
221.44209000677802
245.1558483300032
260.04520595865324
212.04264571424574
240.96420063369442
278.58957560989074
240.8742367515806
220.45102336478885
218.52450885577127
251.4547871951945
210.46716870507225
198.87490538519341
254.5483601881424
219.45219616079703
291.3631241018884
225.41105666197836
236.27278170036152
230.77229278546292
222.6862215163419
248.5665304113645
281.132018175791
244.7277968467679
243.5473629371263
250.96347139158752
283.29145614616573
277.2154916675063
230.12099164922256
284.437677478767
254.89540044218302
259.26299213583115
273.39740475523286
288.40688292344566
221.07750880275853
248.40557223721407
232.21567949838936
229.09631207713392
265.8937160602072
199.62144282378722
260.2053568843985
235.0149263724452
194.05026942119002
220.24971775175072
238.3684828847181
197.06497069390025
247.3604494649917
250.38186824182048
250.17467025783844
254.8888388457708
274.88650812825654
228.48950088990387
235.53458771610167
204.3553219399182
212.17627499555238
220.39718033676036
246.19453274167608
266.45784033474047
253.42611900775228
256.8353409648407
280.1595610352233
238.80164060136303
257.9386663950281
216.68226064159535
228.06170258438215
238.71971986768767
220.9927336879773
268.11750321718864
239.53422909078654
245.1102496945532
261.2538930159062
247.529883398558
238.5775175386807
247.31648552278057
209.47285172145348
207.96013218723238
222.32414187677205
252.88684479799122
239.96397872944362
269.43450336076785
215.62231623777188
263.30881905776914
245.73896416730713
245.43960686784703
224.0260521757882
233.08241666678805
236.3227805935312
243.71190204576124
224.9470716160722
245.82300867687445
258.21273723372724
234.93064432113897
225.31346034503076
211.9569102455862
257.272597519448
248.31222014210653
249.59443911793642
252.1013042127015
227.87103299295995
226.45915764570236
279.58147015073337
230.15802601142786
219.5570852246601
236.72304985299706
254.59588177292608
242.2124367551878
243.8426427980885
227.36874181451276
251.97980093571823
286.21091151668224
255.46781752316747
242.09672095568385
244.08762418827973
265.8658402757719
230.99351743876468
236.51686939946376
214.2167904365342
223.37432944623288
209.9015438396018
232.75306247430854
242.61066285613924
232.48875646013767
237.74916619015858
238.6486711455509
264.62155134859495
227.95895494893193
251.29861956369132
236.2696052932879
247.86238442489412
211.91394326474983
298.98456543986686
289.4855727698887
228.15469663706608
233.42259323853068
187.39108219032642
276.14403074909933
302.26214989926666
247.97669096733443
236.85322977602482
288.16937684384175
211.01630273053888
282.54893223568797
215.0109897586517
200.09429401892703
242.48343829775695
218.5350276044337
241.80590058513917
226.96233837213367
235.27435573912226
260.53244766651187
221.1631979213562
259.3874269302469
260.1308367771562
215.945296702208
265.2535001714714
263.6656401719665
209.8301648341585
289.87682455510367
229.7529977541417
251.68102133984212
235.2758771959925
220.02481620863546
262.4083002534462
212.38895280379802
204.70171341195237
286.680028129369
230.6762507740641
327.07168128027115
289.93989992595743
293.4774075343739
242.25318076775875
248.17501597304363
234.69442478904966
265.3767450482119
275.1451514073415
258.4015280167805
207.50770311593078
224.5345909621101
272.3285399766173
242.83974549884442
243.97924178827088
233.15540133428294
273.0201773302397
218.85110806126613
230.88378712604754
227.68926156929228
224.75635283486918
235.8254521834897
253.40215886605438
278.7912696534768
261.9508026718395
254.16239590384066
221.8647355409339
242.34182641340885
226.6755439771805
233.96977942727972
244.32325917610433
281.29846893111244
266.90316661505494
264.64957841904834
197.32634691975545
259.8953481207136
226.47625609941315
211.91524870868307
241.4794542461168
274.30125586420763
232.16393329564016
256.4528689548606
230.65211455500685
226.97486906370614
227.81779411341995
247.9263000061037
228.81743672175799
290.2739906577626
270.155657764175
237.62767018773593
245.9985881242901
230.5790161062032
246.2149982972769
241.06676532747224
245.34061472478788
315.59898731438443
251.47655156056862
254.82301856915
290.3187158211367
261.75397276622243
221.06980453641154
210.78862032969482
243.36084350640886
251.94215062714648
211.28214375046082
245.68116587144323
214.79342425696086
225.7483909605071
234.8045769254677
253.0374553380534
221.88676838122774
258.6643000183394
230.26773939526174
261.94079703837633
262.81059194658883
259.1949077118188
266.31609897653107
287.9734755133977
229.66826511046384
246.41550328198355
251.2227975788992
243.73222349013668
285.828846268123
246.34395677701104
224.3372253869893
266.21994806302246
193.00483544787858
207.53082472085953
240.63345379580278
274.65618692408316
240.2706325929612
265.02064101654105
284.1899049275089
229.00413378875237
266.7960543348454
255.24374562571757
294.46688876557164
253.67144779325463
252.49208889133297
238.88036623038352
229.54330301249865
228.85792538058013
257.26487855578307
236.952884220751
207.47963520034682
238.54423831403255
203.7268682346912
246.718157884432
212.7678687920561
241.05578196956776
240.18217349832412
244.81968548859004
280.8204396573128
245.2852634997107
237.65731256769504
222.10128809371963
232.43733011221047
262.60598362307064
214.64844234997872
221.34573616529815
264.97575647209305
244.9981164286146
224.10588047362398
201.81167276971973
213.8985733713489
288.1457076414954
247.83400700136553
205.71755871013738
228.5980636990862
251.16442220518366
262.671499575139
246.8340843730839
259.40095696237404
247.5657378738979
216.23983897967264
230.95583097764757
210.97978789475746
208.3940151479328
208.49334298213944
256.90610661602113
223.75314407760743
242.09871216793545
235.73422402748838
239.22170981753152
225.9683004268445
263.2764457052108
226.3962031158153
238.3872568339575
252.48166881210636
262.292657455313
303.4929768401198
285.5990792720113
256.9893182782689
248.9693829236785
221.71652822347824
237.41925243206788
224.59121657221112
223.70926574990153
287.0897750831209
233.36496663303114
209.8396492304746
271.23995987081435
240.7592496050056
242.94998291519005
203.56039583310485
276.72613945545163
260.9118985531386
207.15620812634006
254.57138701784424
240.95462686894462
223.82173498522025
332.2606891532196
292.25939749821555
278.1333439014852
237.1587821294088
211.20116803864948
234.11096416122746
238.7450448819436
214.01857671432663
248.63874090474565
226.8659240588313
269.0399204485584
242.36141339398455
236.25231400935445
193.340548782493
213.3467109753983
241.00756906636525
273.923479675781
226.53661540499888
221.0602014962351
260.68709295091685
246.15693542943336
205.3656624853611
227.62285224336665
289.5810025782557
204.24207343440503
259.00128523109015
223.75051685236394
257.38297102064826
223.17482103058137
208.85812324588187
236.06726004381198
250.65684009995311
285.93626195692923
226.4750522908289
240.84958790091332
227.52758455218282
243.52144891093485
232.91840136167593
251.52010916394647
242.0860710638808
238.96226453443523
233.06146270723548
227.94962230185047
251.32615418196656
235.17303707893007
257.074649460963
225.25112027663272
232.99751111946534
262.4798505639192
229.74601327767596
249.63343695283402
266.88089373358525
198.71168053511064
222.45678348606452
219.0762393536279
255.72587328671943
243.30347336025443
244.47373694251291
222.65315894782543
276.0687886190135
261.00824176124297
222.31476869771723
307.2447100044228
232.88494997401722
227.63827907771338
262.9192424979992
268.47796593187377
250.53741377103142
200.41647367621772
215.0757518026512
248.9412219277583
191.2558164303191
220.62636352493428
208.62482897529844
210.34459039650392
204.88095776597038
217.7808128898032
251.47102336667012
229.33884070871864
232.60720399860293
255.07628282892983
226.33057767350692
290.2530004847795
263.1632596971467
266.8886931046145
228.89895287132822
240.8282962125959
239.74769075459335
281.6703675260069
226.9036982053658
228.08348463568836
243.92789602675475
254.8892724206671
235.1142432744382
237.5100415040506
196.72603679273743
246.98226103803609
256.3504593556281
263.8676607874222
250.29417758900672
278.6218589958735
246.95843373483513
232.50188121874817
242.06948327331338
264.757270686212
240.76768265722785
263.2356270509772
244.01149964914657
217.66228263650555
254.21923359204084
228.1912747217575
227.20881473086774
235.5567822890589
249.73587069450878
200.60822118225042
198.50692547939252
239.56037801865023
255.86158138734754
239.01976684876718
234.94987688888796
230.0036498978734
253.5222364437068
259.8699270465877
281.7647145226365
231.89841135556344
245.38551522558555
243.62288588576484
260.84113117097877
216.95244757342152
202.42232611612417
253.5021078462014
267.5858196177287
266.98789550806396
264.560915157781
199.70015973807313
230.9535415371647
202.15106881363317
224.46106714953203
258.06171256746165
219.4909809040837
229.73665406752843
248.2219952136511
270.52040439040866
245.83414871338755
231.93540975800715
260.04354134900495
252.54887708765455
291.95199004060123
236.2820214643143
296.54307992453687
220.80733148742002
264.0932692174101
241.57215223286767
254.67641133989673
229.18503548542503
238.6432979941601
265.53701986942906
259.42381024872884
267.11779108049814
285.7870756231714
279.28601801279
232.1571412642952
263.86474055610597
226.3751440324122
236.78517754375935
242.45916828990448
270.7852046942571
198.05711435247213
219.57668494258542
240.67238793394063
226.2639434513403
214.02782509545796
224.21932387037668
251.20922333060298
193.65777924039867
248.88364059256855
241.33563100686297
283.2373541764682
244.54325513518415
245.62996285862755
245.1034228617791
215.43737218156457
252.19194236863405
273.7196964173345
272.7031941063469
202.24842248298228
165.86231000430416
246.81479196273722
203.3291016346775
222.24492232245393
210.90673020342365
283.65239626390394
255.0961486166343
248.67992090072948
260.265369203873
227.1972392485477
263.4826938500628
283.88631807267666
199.7095659802435
241.52988940337673
256.4713028362021
251.23527124605607
325.0866941191489
223.6464750545565
237.4101308368845
202.72594682744239
203.78851199999917
244.99232433817815
257.30801836785395
247.58398252155166
217.29250269953627
245.81372284970712
251.09202790656127
255.67531061987393
285.08698973304126
193.53356970334426
221.32574087649118
236.35227173008025
255.6172747919336
236.31359707855154
255.3306843911996
257.31171126966365
246.413926131092
