288.54173450385133
288.54203268611127
288.5425253546682
288.5425563957142
288.54265039345955
288.5428606136402
288.54272763644985
288.54288013072437
288.5426905950617
288.54303895954763
288.54296605872514
288.54302928991274
288.54262474752977
288.54304067965495
288.5429489159378
288.54299927230386
288.5430517981313
288.5430444518079
288.54226481507794
288.5433814628377
288.5440220306664
288.54353903908304
288.5439875023949
288.54310953942695
288.5430559885499
288.54284340470986
288.542953066446
288.54299234917744
288.54304557417345
288.5430026317499
288.5430510860824
288.5426853988647
288.54302999523316
288.5429153018249
288.542919545489
288.54295075193295
288.54301129468513
288.54272832627066
288.5427727887327
288.54299256954073
288.5428903986467
288.5428741074538
288.5428220995673
288.54272056817354
288.5430299594227
288.5429526250555
288.54301221732385
288.5427525532614
288.5427174430806
288.54304963277536
288.542970311948
