489.78584687998955
489.85510435833385
489.8861671690702
489.90312002248993
489.9120564699788
489.9148798695451
489.9178044497521
489.9175345135209
489.91911123037244
489.91781584893397
489.92054459951214
489.91554586888014
489.91777150379676
489.91785665779935
489.91714787310957
489.9180309473686
489.9191593425294
489.9174575107936
489.91783116903935
489.919072885672
489.91833630654764
489.9191359005308
489.9196364736508
489.9179052687796
489.91853333663676
489.91903816847116
489.91759905085564
489.91762111679054
489.91942395917795
489.9194194510965
