276.08737472600933
276.0875937637966
276.0878328051467
276.0880228448914
276.08805680796377
276.0881058178229
276.08818268906
276.0878250415926
276.0880989159168
276.0881121284483
276.0882750892888
276.08799898425605
276.0880304926468
276.088269057911
276.0880530086888
276.088212421304
276.0881855435855
276.08820384252795
276.08816189717254
276.088014582514
276.0883652506982
276.08822517134286
276.08818625686945
276.08820223792463
276.08815978905113
276.0871831693821
276.0880145306819
276.087970997125
276.08800900603455
276.08800944671384
276.0881837999077
276.08823778307124
276.0881969913753
276.0882092628908
276.0881647387778
276.0880844029816
276.08816751631457
276.08815494292503
276.08816010494957
276.0881685883687
276.08823348468104
276.0880175390339
276.08839964495564
276.08807368396447
276.0880778915089
276.0883505566999
276.08784171953084
276.0881610917095
276.0882438086228
276.0883440971702
276.0881656106758
276.08818329272253
276.08811272839375
