282.37265458542896
269.359126979392
235.5591847662531
250.5588566828062
290.5981298919842
303.8364707276403
199.109816840564
234.48823602856623
232.48498828139827
249.8493637130814
253.47978946064768
258.0049815914904
262.9090966833596
241.88214978543192
217.36880896942603
246.06013353295566
254.5860376707169
262.9460169988188
217.69014259739652
246.48172839662948
288.3128138419388
259.42041834991505
206.71874325975932
220.9602471469534
223.82967370560618
212.78710301427054
220.87467269873105
214.081651898583
272.42607572337783
260.7345998107621
240.363269990572
208.88467280300574
212.22806932403637
251.2248924337382
225.97380746466843
228.874933265035
203.27226577902366
249.6896551683294
295.98957370494645
251.2897541414859
298.48295123573735
242.17482586193364
213.1797612911032
217.69150223317047
281.82867650472144
215.2081304858657
274.00163931369025
210.35566608748195
275.1332644216127
246.7669689056529
270.3928943669871
262.8977528909636
217.18181734226164
203.7248238629727
243.38401315248666
265.50484900611264
255.14274747363197
220.63615621541976
215.1547216242834
254.2219710147965
268.70111533196723
260.66175106308947
223.9678938128818
225.67836957693362
230.70948275484625
220.05425910950544
252.48823580733188
271.2476494524908
234.93206555304278
248.6933843827792
242.53959146940906
196.98088827998436
254.20230923219788
247.41889643519244
233.35483994461538
247.98388055419127
246.71452941877214
266.8637971586177
186.3620627173368
180.0003742499248
285.83374630892285
238.0021880002132
217.01990008200664
226.95493545889985
237.79882985358563
246.89941222668858
246.3822032267999
246.7710404705649
215.9773235992143
250.3155476795364
219.34501005905622
218.7121499913046
298.4600765917421
257.7730989486663
286.27419984867447
282.0500519448906
227.47398037820312
310.17833893762145
269.26931072026855
256.8151286148059
190.10014480038808
236.3165912502409
237.95192204132036
255.82669077334867
249.2936730534093
287.0482862443241
237.37436213472392
266.13576777376875
215.0741736409691
279.375963976232
224.87755594761984
234.01162462195862
266.39558731910074
235.20893375011656
253.00249817352596
233.35750656545133
259.5958929561493
240.07716454277397
244.3380861705773
254.91063613480583
197.48838244991566
222.37287063667827
254.863084374374
250.41043934565823
222.0784335313765
215.82642435242087
214.46519454562804
280.9433310202876
227.8930382731014
222.212060264701
241.47600947722094
214.36967897155046
246.2558110449172
269.4701329373129
245.31752645718734
224.99439062604506
270.3318945658393
273.95492399363866
238.97356787258468
232.36428413605609
245.30014054386265
231.6722622267407
243.52127959322388
208.77056068508682
209.81822783219104
217.05523000912945
213.2586296425725
264.01760187872424
240.71207081405737
225.94418963861244
226.27182102317602
216.37768090592726
236.5595192757537
225.23499363202427
308.6518843684098
248.38014288369595
289.3557090034956
247.79858913867065
267.0681051609645
225.68166160083638
238.40484488633228
283.02504804071214
251.89281879054033
221.26268746097776
221.5266548601794
233.52911551410216
241.13198455930979
246.17558109096717
199.54904533403896
236.80492371705623
203.8262011441111
219.50593714538263
298.456949188032
221.3549639323537
261.64398935018835
234.46059812225576
281.3871659515644
224.74391747255868
285.9925682023604
280.0992939072821
228.75825797326252
261.36790372259566
286.2700303558595
266.645515871307
177.5938629204902
235.5254258924324
242.23446323115058
216.76647600904107
251.14650412615447
221.9230689207543
260.137746240689
273.9825657509573
266.7253833884606
207.27814290310198
303.72059825836914
208.09952405672811
294.59256838451256
241.5851433544667
241.9121894502532
235.6923261349002
237.8798578306596
215.11972960655112
301.12543466970965
264.59910080060945
246.4967752044031
215.7566780482739
236.8297546916874
238.55633711953124
270.6535616004985
258.03291962001094
288.9995020335773
191.9342940811839
250.88552042930678
230.67446887946426
237.17174978335242
252.6269885281581
232.13517058566504
191.70777364679816
243.53038293361897
259.9266242669255
253.17023397226876
304.1593467491839
316.94582351912686
227.97040066790214
254.08843001055357
223.726169355381
240.99770950708626
245.94637684243935
234.5669476616822
225.20444376685919
234.24849078029365
234.81643829652603
249.76160660651658
217.53415691613918
209.84943898899655
220.9845318216685
234.15168759740482
211.40751278817334
260.5497756082259
229.3914679983718
236.28091054624383
227.35447715686314
275.55431765806134
227.7682592829151
188.07665841241396
233.0810640267664
241.8409184422344
214.8714663222854
246.56484868209373
235.0992016771197
225.58277417331556
253.08955453398812
207.33871218552667
211.5774864411942
216.06924668063584
280.6837879044324
261.2375403643382
273.60812034575065
269.807448616506
256.4669012775994
223.78907390940003
234.46742745850497
248.84087390733475
234.56106247623393
230.12224007274926
247.41750363083702
251.33666561203427
219.03604600328254
240.56007074983063
269.161813911036
218.53699063972454
249.74881385579647
263.95799837335653
220.85536624945235
285.93187367699284
219.4716969460569
240.91427575475245
255.40959557745373
215.99356975358387
264.02241562568815
291.9608299508254
222.70712176575034
249.85119643057988
254.69784991633787
202.19880080514122
273.29904845646524
227.07295643803081
202.66672475436644
246.0238425496791
237.03187048579275
241.23466853311402
232.46592958168185
230.3124520751444
221.73900632289588
249.3999785973283
232.63176637105062
225.22388849925483
303.77082273752603
281.638840651809
234.795219244872
247.52097469536238
227.7819103605143
231.74902586640383
241.76022145211755
239.39595914758684
242.49887523638608
242.85353948596457
280.896240054426
271.0848152660328
265.16871814207116
215.40020897732757
301.83586113616184
248.32522072778374
250.16512205703475
240.14470382123545
242.2181478713901
317.6497329912381
218.95746571442578
262.1728721882537
254.6427181084291
235.70002694777213
238.41106184746604
184.91707030148245
236.90115905439598
232.9326562009519
270.3056992119382
190.06206916632073
278.1482602163742
261.73278337820375
250.4270764910325
307.4734060388291
227.64656545191247
273.9984860770055
264.66064234191435
209.79971225906047
256.5278257323953
254.1395985634299
250.67948856971634
241.9899193974561
244.05014949000906
245.99515098435222
284.5402075995371
271.687795832564
258.38048577384325
243.87601119533065
264.890925700136
211.32466196366295
205.83672788938566
281.2001441593311
246.02824969915673
250.90615767301642
268.7508202122117
258.87069890266866
256.2886313284689
236.04975608247332
205.67971944858436
205.80745535048482
213.6254731611989
241.21768423868343
232.01408588128106
295.55970121243445
269.9875048062095
329.28231608976785
248.95840884526842
260.6994607610686
234.96376409985533
275.0052077750588
245.5419411208859
331.6572461027681
249.33275603941001
231.64940478840435
233.17513322632294
252.03515046501707
272.61867466433614
244.5958800586668
204.35698010482884
219.7462896129291
234.1702114109503
234.1962228556804
209.39654379621788
223.92068607261172
283.8294233231136
217.34151043683232
273.4365084738529
246.13882854573603
267.70899316064606
190.72120692145836
254.05174135883863
294.51846112705243
269.22275933985657
286.1240768463467
220.8654336236068
253.42980302200885
228.65196240894147
216.14670338763972
261.7871819449647
230.40607384897885
240.77143682716996
247.8818845986243
209.61734815755335
290.1245726567722
342.5168942381715
277.80711404002795
268.20367970001826
246.6424620084581
242.96187591283524
250.44884978119808
220.36236567492597
241.4643999812106
300.95931308307627
222.5715511529852
231.44375606728136
257.26131893774436
285.18047457557986
233.76803107398155
238.44703518487222
262.6734423404414
226.4635991663672
273.67716370298876
195.8842206729605
259.78693728307553
239.4719124680123
178.52431927382713
251.6898845675314
246.37157523776114
211.2856769839127
216.69897845231753
260.13911919438397
219.44129001823603
207.42236853826034
277.04361372752464
238.37902845045028
263.27277352868987
252.79518671735423
241.54089048824972
239.92595847291523
283.28561567291035
246.72899487998802
261.0890101540572
260.6304094196239
255.48809982927924
218.573739475818
254.1935365801328
282.71578343890724
228.5482500436192
224.1808256754448
237.82264532728004
250.91332539830182
273.99420066855964
287.1734032178065
256.10444092527905
293.207828762781
231.34462808433454
240.2452228829643
255.923583909811
253.85693562746746
211.1810304758692
220.900753340582
299.6067747828347
257.0368127653637
186.39257215171529
214.81989756188705
271.2688415615121
222.75470691324153
249.86669725242245
244.8754188324383
195.15677334387146
253.0055784554279
246.13291871266847
225.33959649656026
210.26679251925088
227.1196100885427
262.60827504083863
257.7055931703071
246.259858127014
254.77029707936163
317.9026269561
227.2377675937605
276.38456446335476
292.7113625332131
262.2054630434286
247.9486654302309
252.77610592685232
274.4586468222551
236.76151762616064
213.71881880609726
235.4666310075845
270.6168484267546
250.81748547576717
212.09069366152107
229.2699326977454
283.1880276367301
238.66412830501213
256.65529822092503
244.93701588471595
233.91906387278868
199.65940325944393
215.6194140387961
256.7048605324817
235.01788657784346
208.9942323962896
187.3408881140931
288.67550438705075
244.88204654617584
275.4834258970368
294.26665586179297
210.28640068753157
214.01889011572348
270.9947005754657
289.561512436936
241.74641466485627
229.59692447271664
216.00706117674417
213.91282932255126
227.39841688319575
295.5026877219934
212.04436163588252
275.3673695905163
245.1721360789379
240.45941690714972
242.88272292660258
198.20208889445348
209.88798499385302
213.7262220550183
225.37039589724736
235.2583247107541
263.506390783994
220.00188714434626
293.751250932939
211.34485838041292
307.5588715582562
216.02740569475282
211.02492364347563
242.04653475576197
283.2070616684068
228.03374387690565
177.1324995647592
209.5442041142378
224.85343549124082
218.80919076138525
275.02565637847874
281.5555650055758
246.33057919552084
223.17532009957358
262.1332283866941
235.63671774065006
246.56627035018755
240.08965226227883
259.80118204731843
262.83044250155217
207.60755249668728
273.06835317934747
225.87176840173197
234.02547637713724
275.296200059267
257.9847171678266
209.9138329666166
330.1273855273903
240.65245582451462
254.27394437193288
229.62899706678581
341.31447496282635
259.17781238470343
219.6206000049715
210.57992524380097
233.1839779613656
246.17203511251137
207.7776421381277
241.68189101171447
260.4934238654678
259.2255622007651
275.9462246540934
197.34690459101694
230.71942408310133
254.40687041619094
274.69493094595964
211.07177624184988
243.60997641726863
248.31019660586026
258.8151486396673
222.94324189814506
275.48258261656156
252.67997165952693
306.71480591603904
238.11139826008002
261.72501881519565
246.8123531616584
271.1336203805404
241.35252944738022
239.16717012488516
209.89392477512592
316.6089606746973
269.1361256095988
267.3349763715232
226.49215852667112
243.43424843781395
209.2165553723462
266.4649532592448
259.3099090019532
209.30324825365096
251.10558447655058
239.8473517417151
261.54107763484353
314.7135953611869
244.80196645550313
195.021125502215
232.39458935786388
218.9156742649211
239.63425259434734
216.50276375326212
252.6886253982084
264.86358479512273
261.21757959134993
248.4027048452117
224.94379929595743
211.81487278389977
238.53180509718368
234.6685462364985
227.70126060361508
209.793078352639
225.36445790081052
251.0467850251007
219.14694665372372
276.4299193616898
263.82707783274236
233.45932616468053
199.08409569447394
224.87892074661795
241.37988336809212
235.0516653522791
224.5138874143595
234.40836572105763
304.8535534442053
252.33286705429782
209.79771635495126
257.2609753452416
220.8396816221648
257.97879656075384
247.40437405111152
264.99520780405146
221.29634550143965
270.9011447824596
255.55773426088854
265.07720028134645
239.0535133210651
264.28984750123345
209.2203818652779
236.03110713878414
256.50917067026603
243.683189070347
240.79332930239616
238.18478671612684
247.71517682273407
214.20005909376778
273.14049789929413
231.98478843987687
239.53811239436618
242.83992182990187
201.89272596457158
220.77978079154855
206.81168361657183
211.08449135679984
299.7694096415362
264.18715185529436
328.8191111695778
232.65299743573996
247.00097801486845
196.01853048830526
219.52654786384664
210.54593937224126
272.2616594468418
232.14201180127566
250.33972235859255
225.01912297826493
216.45253091157065
240.8239855930151
225.48859444682603
219.06379288464086
222.57979373820126
232.40808973365347
230.86851923458744
239.96870729100192
271.39030809287215
201.80961919226684
206.63106578835868
209.03835309678107
219.08208145046956
231.01844523253385
186.32197625673143
214.6915993251605
237.9539761513588
197.15853490380687
232.4333685368183
240.37491115980083
199.1812122600095
232.95315075831604
260.6330655181373
248.95716736320173
229.5486926267331
257.6965750620293
240.66725964652142
245.89622567765764
274.9354988138948
215.41051676645293
222.07029748271452
214.84821126426687
220.87453371932497
234.4556909543462
232.38928035850404
256.6809486921411
233.802428934403
244.3231800509384
248.31874097074615
247.16963807083084
219.52133532220614
218.55821430982905
201.67874943368952
215.6636146370147
243.49842759186868
226.86681233736454
249.62235586027964
258.9399802017142
296.8779629532073
264.06377069681184
242.74395173895755
219.10094185144408
215.10369614764932
266.40184124335065
244.25980024723685
277.4013062118611
295.0270175014157
218.96056559158023
236.8972772177658
242.92158028503763
212.82906844254467
262.2810604047845
254.9998669155466
224.56723251295625
240.45973088959
233.5412584671576
241.82284484873526
203.89551717214636
181.58858232441708
258.2097518654482
287.3074415042647
247.384806487069
223.1520175097976
219.13581532475655
215.37387236280483
247.66946091342834
277.07927891169675
247.91543074787478
247.62982200316037
251.66535770354676
220.60858587620896
304.4288252519036
232.81488309209817
261.7173920426867
243.4817409265379
245.9313638509775
201.4253388143843
238.73660217164434
243.35653878585435
232.21708697121358
265.5495063991402
222.80667297705077
215.22956984321354
249.5210819885251
233.33398767435574
297.0435267252615
235.9872388256481
218.2513322692248
300.06268914736575
243.37494495438295
215.23407936951844
184.1318947695545
201.42515868876944
251.44780025692307
245.47823095266358
236.8435748537886
223.22649553464726
252.47605413370184
226.9049427312857
277.53015879922896
242.24331234258716
256.49295983469347
233.79927862025215
256.6594120969821
203.26158751465846
252.83764131204225
220.97794997110032
257.87954694076325
301.5714294521604
253.1432710874942
200.39710057488992
253.26176056044642
268.0606916369288
232.84703752075438
261.1417449340224
210.68077379046008
215.64597716132994
248.89500110890367
215.78613286887412
280.4866507239349
223.50197275655228
262.78735041365144
208.5272412399936
264.06752106151544
268.28088965581264
211.7407833984471
187.92746254705708
249.9897718312859
253.88204137832508
227.82632979471236
269.67919275414897
238.9732835466275
245.88458852641634
241.34913649357622
268.0689949042571
262.3883817717433
259.00047292833915
240.30178572726436
211.32873988486244
292.7831229211879
233.9017561992514
232.72592712848564
219.21599827258615
265.68191113483044
245.1341943689331
298.4736060691939
280.0265024496766
194.96659721061587
268.7219131644233
222.18741704054992
250.54423439543461
220.37814745830838
232.90467566318694
221.36342586996034
237.64854934735922
232.55666505382396
196.65988688034122
228.6805330090283
246.28492430193
221.08719913786626
216.8979173481057
230.12379040784435
255.51343669957714
239.48708637862
250.7967661746079
246.74884440173628
251.18239694077056
241.75034840998705
238.5631433679955
288.5378088915604
229.57486584610888
245.92831202203524
239.4123582286993
260.522602315963
245.3390015332552
219.428694801667
215.13156879597227
250.21053340210347
257.64088742493186
262.29060446703807
256.3873159122013
262.274495474383
206.22336719065788
249.4477817248844
235.79220580073888
239.81757708766963
235.93690201101708
244.80177074979292
212.95259430489386
200.96747814750415
200.8842158204934
210.54725159378722
263.00158986164024
229.55772542528575
244.62039800273487
221.36172142706346
266.7357691246725
213.03866376748192
263.62142729599145
211.05363946198486
241.71204468476935
218.23150428323424
245.95114165981067
221.53987323021283
220.5528890088026
280.63249863736564
211.3917236594425
253.48861142096575
244.36343958196812
269.5199852998485
221.67547981630196
247.9509576242417
221.97121768340003
206.677892802516
255.94573412352474
230.35502861102577
247.52442366915056
230.37195139043615
219.69564054376679
301.40878714743303
289.93476316475426
268.1792396483652
271.23137348741875
236.79318901881925
268.49516038940055
253.07139988563722
245.0028008078807
257.8641895893961
250.92674013157375
224.89057713979855
271.6434688164445
275.4855132935045
248.23197820439236
228.5367401156982
231.35264135646867
230.7194449530798
262.562397064321
260.19513580642524
274.00284995284164
227.48600593491574
258.0145228950132
237.4138275324658
234.23618192665162
226.54380282058264
243.3199336201651
271.16256653363234
251.87759865322732
288.70475827579503
219.07325416590902
245.60912425714196
242.16957246820675
192.14315838864422
288.70054986997275
218.62953426258173
260.45657678542193
287.3410503900377
308.86012643470895
223.78184284517192
248.6574649947579
227.9426993080706
221.36357551065157
225.58767058429657
269.8993329802179
247.14799761137692
247.17643370802398
244.92785411552177
209.46757699761656
347.4870765085507
228.13518388394732
214.36501370798214
208.1018545847037
255.4150633541576
292.8481799263973
231.51378215212026
242.61844075468252
243.62134405286633
243.82537810038775
213.53817301872186
329.430359536811
273.0068675149232
236.2352274839941
263.0404619705514
241.77231221200782
272.2956619798497
230.60870314014028
221.68106714909663
258.5744477973785
204.03136946086306
224.70930605271133
237.10347224748693
243.12966489829705
240.72299484806717
223.32102814214886
255.50278296801844
224.80242197943153
261.09283889239305
238.91378530030488
259.96155048478977
260.00249240981066
252.09125750279054
201.50012647273252
285.7108429312939
215.165279802226
216.97826271416852
213.77398321719375
243.6014692269091
286.0042556860426
209.94126964049065
205.60321576197748
250.3469982353854
227.3783160187304
282.83387963243877
244.93152699209168
224.15150986195658
295.55630833562464
215.1480922611663
246.17329900959157
269.99386523492285
235.73987673246302
253.59633139605285
219.7463523268816
260.8724406181136
204.53892655091477
244.8541417121305
211.3498758735077
260.45640770869795
240.70817746093962
292.9662517514953
241.87765910165035
257.29274659071234
231.85954325980856
246.67267589384574
260.7157621041406
254.7941779247194
232.99207801063312
250.83031245326856
267.5247464583372
280.37777854214073
242.6013916095253
240.15095283085248
230.9089152185188
217.66722008306533
222.4679141167435
279.9540688234847
217.74408429762116
216.70697110364563
197.01798802736448
270.51903831382515
247.0456199241744
291.27108636693447
249.01038974235416
269.0843217630754
262.1563428447407
252.31187814078294
248.31439172980026
225.14072896138532
283.42083182474016
250.3883426177199
286.3820323011023
291.4326504676428
244.34682699484983
225.8378380514041
260.0287817019271
312.5830266098783
277.24477288036724
265.8457026814867
260.2453797365597
240.52486265316838
291.5508752783935
226.9590744942834
268.98728063720046
230.47416888232692
272.8646677931247
294.6612273197097
196.14827547949972
188.25661238178145
194.0552235179639
253.9085922583472
198.59145452818484
310.00110164054786
234.5201996380929
236.9327182281122
195.75423196403426
222.57291447548778
225.5634501662571
239.83657872350886
266.0285970130353
261.5749423769885
250.89638666057726
234.66478260423173
253.93932621044223
227.23894681656384
239.53621101600584
212.83391761686653
236.0904525766964
224.7749261810677
299.9101514571812
276.2721111245337
212.3265670927358
249.97921238880372
271.7381605556584
211.18627482897136
209.54130071325926
235.57446291082306
233.14304943801835
218.9863724138122
222.46207425167086
309.9625516938395
252.86430794600165
209.20080192998284
253.5886594292242
227.69005077850306
199.61551829375094
212.62667780841002
194.22382652555825
255.69887452968396
235.01985969382804
265.02780467510456
210.0135412607924
269.73634024360217
266.8365700392169
232.31908968958305
195.01599679503124
235.11392919480568
208.7781915558735
254.76707824598998
203.0970753460424
271.9946278522839
227.24365246860543
261.4439421968418
258.39284581062384
223.52070526883472
214.3900257074274
223.19439975795103
253.0436999220983
211.94385200511897
286.3447218578658
225.839098455559
260.50038727762876
226.41561749734683
197.58022002090001
226.72761213080958
194.68367534992285
192.860909090552
289.39382095547626
234.61535301455297
233.9927648275043
231.96279762568884
261.82345234334935
250.056842576887
251.33321159356274
197.22768109990284
249.95124029403087
239.13403566472698
217.21585011668503
290.514348930039
253.49374173139222
232.9320486993529
219.7513378249132
245.64521572215017
245.86132823530352
224.58260364289163
271.79352993366774
183.33130352536682
232.7886012821109
235.94847409881186
240.9911380414851
254.44293313194066
288.1558433547034
326.33534752426203
195.86705977952806
207.12880070472602
218.49859459599247
189.3245174647891
264.7391602616408
281.8995247607236
220.55160287639592
234.38082018471323
212.29261172178667
263.7701719762408
245.83080011827406
233.65658852743218
295.1943067164975
291.1897336122929
235.43737277091714
191.04972259775968
223.71112934674602
237.14441094151698
271.14516331942286
177.0559327066294
270.17032973928144
220.1241166095715
306.832286537101
254.18575106398202
238.21995647903532
262.3079602587968
256.39195882884087
205.61114768107655
251.03728151932592
237.5927443469991
256.67733469209634
213.20453518652357
207.76094942516647
269.8086079384666
289.1391842686571
239.76157859631348
254.81880754919257
243.70269661286147
233.42344244237756
251.08145801821956
231.35293278557947
194.10632233700017
244.7465387424454
191.0631234823377
218.12255946121877
241.73883595998632
216.4532428694074
223.16143312805798
230.3717936113826
221.94936397409765
289.16297267581103
225.12861156498548
203.81330216309289
231.16871727153193
297.0288948622765
228.55014161375584
201.30795993097126
241.04076185869053
236.57383995957207
202.71603922406211
226.6572768089245
273.8101624069386
268.5901433774852
239.50432419066783
278.317071728874
260.5764592111809
206.70335462648654
252.92763519618893
204.66864768101368
251.22786063334206
236.66109945916105
219.93793263024418
253.1927222541417
239.0767164248391
234.42132305371342
283.92291026888415
247.7665872098878
237.61183982895454
231.70723283756524
264.1550052757957
248.57862208911683
222.95720452611567
232.35122809419408
227.69708178529982
222.09546652645804
222.16396733233705
248.56578770733904
240.95874209480826
263.755231539777
254.1502673064242
253.49147389747668
222.89016925770557
234.4862073319382
215.0950167857227
268.4150819145725
283.84198899863986
213.33164430322358
234.82205663778586
267.5861156535102
238.63614324497757
256.01512235973496
222.49859898001887
239.47673932957696
254.58141973614693
241.87959281535586
204.33576436538715
273.2832261368749
243.0426010908559
244.42138732154854
212.76389061211376
250.12908410158707
273.7959580445313
250.20909506449243
273.8265683710342
252.7159487582394
237.73426553583704
203.4600056448835
245.95278374053305
226.20244010013994
225.2649418624933
230.2143182910513
285.50260881654685
234.92766777635552
225.06795686850091
200.45164648100035
252.42633410327835
285.2042577981483
216.95377511630068
227.12558547611116
283.24088059412315
270.8254618943902
214.43881780310767
240.19768995116465
226.50219732586993
257.3807467674487
244.76840672903927
219.28945473453496
264.7183648128412
251.55285014479887
202.46035025425954
248.39124582440127
270.1878437792184
224.80130626721075
203.81213343853597
200.61600089393323
263.53042541403556
266.8226447420893
206.48847739695339
247.09068314894103
311.6318259665277
249.61463289830135
248.66138547612354
210.62960595579352
204.02458975522313
215.14527061930858
234.94863970484585
313.48886048112763
209.11326391407056
182.60837830539094
255.2795168639277
209.88506542268442
271.66181112319464
310.36628389026737
240.75688791752327
209.27799090370536
233.7000648160465
260.19876643898897
260.49498244858114
271.2209281636751
294.59327109891456
243.46489730966277
226.45887495245552
264.9560091448948
233.83924475638196
228.08310648065526
186.15238543541636
229.42992049240274
205.21722781070275
214.2412932496518
215.44334753771545
248.62063585279975
259.10146142955637
262.9778987452155
256.82568331295624
285.128547211003
190.73487381095765
231.91315602010582
227.46931302180747
203.64741924154805
253.84050190693233
193.89079697884154
281.10506791912485
232.2460644643288
254.45829349866835
250.9062437636312
277.63084273564164
238.51190538780065
211.35272960056318
249.79808772343677
248.4829052046989
252.81382624153048
262.7559050738928
198.9203713661409
251.86663183796918
255.30356546293478
225.01709702145308
272.6524222290609
218.8912982851034
253.99766418273794
241.53294486249797
218.00319920520997
303.3923763593775
280.4687911341898
271.8913381434395
245.50828394311247
268.2521628047689
226.6669321290101
218.58178477577167
221.26483925356297
252.95571838668548
228.47012140223524
285.2302318404545
232.4183282778249
264.5697985092411
236.46663399768295
235.50800005998462
275.70198577537667
228.21066677750787
252.76051125850063
255.46525819349336
218.56629884644644
253.19913698924938
217.10938175593037
243.06240953918314
245.82286917301826
220.39842988329474
263.0877423870843
241.74662852764595
216.87267052492825
236.3158051642822
257.1196127163712
260.7978270997992
289.4968258373556
247.26998056675075
230.48071947460994
262.54494878830155
213.4996665356448
217.77394397911849
274.60379572899546
232.71212188660866
220.5783615350374
227.28162397397682
218.37045859755017
220.96801653457806
196.09112450917019
272.7405986195081
240.93490931921406
308.9862145302468
207.4833177117398
287.0361665515229
260.7490450576879
249.05285023560282
234.20443111669738
325.16344992193626
258.16599121899344
219.64318396663293
204.62631268217228
261.8968759419513
221.5563702537329
249.72381063969806
260.4174164204742
233.66121223761002
234.27323869033717
223.2874380404246
266.7396823183517
260.51298609894
246.05923447175883
238.32512020895956
279.3170292007853
234.69159531540936
263.4273869805038
230.12957724090666
245.6682650987059
255.117731123697
348.4142999043688
250.82294915773673
228.41414152935613
211.33205494028516
214.73713093763217
197.65063318709144
242.79285286739469
233.38703143701423
255.38104625040432
237.28426761570154
243.28767622099258
270.5210811489378
211.07395716564497
275.3286087932065
293.05226045654854
250.48774422856513
244.84265083324863
300.2463507914799
235.47640260582557
280.64829635678325
263.2530734919128
204.842288835207
251.1126937517547
250.29260958568193
256.88957730232505
217.27640901238192
224.3963417421328
218.6134102686774
255.6142415063805
214.8138363167527
242.89283761265688
269.6818646103493
222.70673729066039
213.70084393996513
250.45871683437144
193.22560885245912
273.1782335009775
204.03500173334032
224.46945641137427
249.5182448120322
252.030177192064
282.8245298679103
267.2938960160245
232.9510763444705
217.06778430234408
232.75836725055706
276.37895258364733
245.1423602355644
221.0625947493245
242.8846838963218
280.1000912858872
244.34402519336436
251.23071206046734
245.9331708427053
287.53908356209286
278.47704479435924
238.48396818584297
328.70434874814237
232.2124047271791
255.81662325421348
214.95023315161234
239.86035213177092
220.54004534427077
221.9697037486476
238.08625475759618
196.00577498978237
238.63748022617074
206.26962420262862
254.75112341128988
208.53160438255873
261.65000606380636
223.96120737108868
275.2698162367451
243.16044029931072
259.1728591755964
233.46933946711943
276.33213110553334
251.5137062020367
267.098485221446
250.6365364228841
255.95504189276835
272.3754290327779
247.5230334950611
268.26403870561626
233.49274939100724
197.2085401355289
273.84822622925276
227.82500752969645
297.584023193398
236.97898213623557
213.88931928836973
212.33182192547247
260.2369385532802
284.892880413041
271.9904883095878
216.9999277573661
247.80374109267723
254.2866394360317
213.02519215084612
199.09716257912805
245.80995358643122
253.30263445852324
286.5199646052788
229.61915986193344
225.3495635332656
208.53749640309252
232.58623058284866
221.51504690223373
219.40664151136298
227.34934671758674
230.383867627359
219.64157239859924
245.30443170754006
276.5523275526357
243.73217410157667
217.05330157937715
233.6741735569667
305.0113381430856
208.9816711586318
246.88849561283132
243.256803510827
262.18943073845
327.89220899523934
270.6821453673765
246.5618028138415
227.38649797067046
228.01963143085595
243.45219135377556
234.0111662025447
242.0753387779696
270.83513010892784
228.9573207409121
232.82783328962978
242.4026310009649
275.8948425248964
221.9374969714554
189.60060075309593
250.24186619906686
285.34784094488714
279.8388583791675
299.8873813673272
211.02781640191097
304.5965935715358
245.82818347460125
253.2476375962142
241.72645500552608
250.84859935753047
218.8303716601804
236.65831386623904
226.99170191033045
247.27261836163234
223.78280199272558
202.50809896033024
230.28024006768828
229.6618475932628
207.95153662061784
268.2113752204459
213.34234029980144
204.75373459374532
214.07706358586438
214.26165244798176
228.9785638320027
229.72043874231167
262.429290470609
289.02245014172513
262.1904436836485
223.47177212848328
259.20911037072074
231.8787997047184
199.46775907074334
238.52235795895103
264.1565268848208
282.15843833686085
278.19043105468154
265.48872724035755
257.332111573196
265.1781043349183
262.0870350844343
237.7926790533238
213.6237599812448
206.91788854415063
219.74695697898278
230.94099901168374
248.4632825028384
268.9192798661534
259.0463102623471
242.0140962905134
285.02418348076753
232.2282438869588
207.7475074242102
234.42744610947557
220.2444714641897
208.07196665700758
225.4568501021713
270.75995977030834
305.5968725529383
228.1385467868531
205.0284745596
223.94650288665434
265.43825675244443
246.63928975741146
244.7514838380157
222.14141895534704
214.47154349280754
295.7000807406148
183.37387118657352
258.57359685742995
265.88663274777355
225.36935242102481
235.52018486551242
222.91577590705128
233.49587132636225
245.42651114991168
284.55402142193634
238.40755939809605
215.44062838924583
262.1859740113141
217.24208679742878
252.13151097676018
236.37173806742067
280.5994618126424
301.6876638747053
296.7293311136891
269.2648353849072
243.23325060942443
247.20517626212677
249.0741499925498
234.14184322953224
280.93139865004923
248.98282533546444
198.32305127981817
309.93288413772825
243.95170441747177
225.02072531206068
269.54181491042254
247.121354136616
234.0475836720434
194.31425222026883
208.3910750937648
248.17459218163276
261.3761678021401
232.17846069281222
242.07041619712254
244.28299162810436
219.92544359323801
249.79494906554464
248.8030648388667
232.5642238763976
231.18844527582405
304.29498890257673
257.3317594440887
249.1394012256642
262.6861213816446
228.29173040064052
218.1671089741285
221.24666746880393
270.0417672358453
235.7161905693356
265.72067696769955
274.60599642572924
242.39602309500333
241.33688798983349
217.21321210631868
227.2467508019763
228.75473221816355
271.38466661411803
222.36501006653998
246.10458887030836
244.1700022277073
259.09320006193593
247.80249375704443
302.23283750744304
211.16837540309643
216.02269562723814
219.84098803478992
277.145849757886
243.93186803982826
282.15832679206505
235.50457165075932
287.9997052230756
227.347864050942
199.8993941450608
212.51977979956428
245.19491888274206
219.7725161401322
218.99490052770125
221.3014172842959
266.8547417667578
244.66431745211594
241.47805614274694
208.57661843905225
191.43946506507928
207.98004346562084
275.85182706301566
251.63937660102965
320.59986501635285
209.56573736318387
230.06799597805366
194.31140689912718
265.61742122506257
242.9105664570816
246.81635733885923
239.82569958281238
230.45396777498536
304.7737415605807
263.33615104825003
191.84449567482807
242.68881711940048
263.817403705616
236.5734414292965
265.3704109012615
233.60764569463208
233.82236003677826
262.9722584983101
255.2602915733587
226.17324224306503
218.8255283838953
250.79836894437904
244.92272193462122
229.47907977335854
206.46958891721442
288.3962718224502
313.994906347245
246.85918514290825
288.99465947353747
264.70762879098766
270.05226895050146
225.20327281818027
249.2717155701248
280.9198618240771
221.25289058143971
221.6503237328143
211.28503398696193
254.24214830994606
265.94616359617794
249.75781186512904
237.49207061337074
243.4766814666218
250.95303629979026
236.91803132323548
207.83857367688324
226.56666806852445
241.44519282877445
232.9305021299515
235.75666191108758
228.84463717398467
252.28156392875826
225.97392466769088
243.37760396127123
201.62342535768403
259.5746059535304
204.93482366774697
273.665199199575
203.76358979562065
225.51633465039777
232.15460756176617
230.24866236618254
254.39519076852594
190.49506080837455
209.29640368901892
247.7097698659054
225.36399285291554
240.11707636743085
217.6277134498232
206.04540159151657
205.34473529504612
232.69144213193795
197.24379159748787
271.25892398209544
220.63567478070036
186.80138431541855
233.77893012505956
255.56402140361024
237.77829487947747
221.5239817997208
216.78069547034102
215.06953416235046
241.67828590224963
193.42975789750926
250.77223715628497
215.4430380043923
226.57694084284594
263.07669307885226
302.8323050835752
325.82912702695467
213.80109283921774
269.16651300899684
246.93386057426687
258.38369320955826
245.71038606233196
233.95658373704646
319.2282082809834
246.22158360481262
266.18628599960357
234.84902464976767
257.8422772750491
232.8170827261638
202.02885423926637
223.01854702841956
268.0312683477532
264.1787620346877
233.8213798466022
215.75460043048952
271.41944564000005
234.12075287179323
261.6229980197968
248.15496758098016
220.48963287717197
223.98890612385003
199.26800593663938
235.67144650244154
246.79365435399814
238.9295729737496
247.19686502957484
223.4086441520485
217.30571638344554
224.3721010472509
250.82997172418982
272.68448716250714
258.6311871827929
256.123809204204
198.67199885606533
222.1061809117091
209.78199157380732
247.37032473261934
238.0264926327509
271.5907376729883
242.48854017083067
215.18816744536161
225.76553727325518
236.38413059775485
246.40956965571968
252.84842768590897
319.16175004252
250.52145024540368
257.12026232806966
210.31653353269212
238.77852907887427
254.11509922536789
256.35765293374425
236.93614300218178
257.77885120362043
231.7708224336384
251.21418179641478
223.8365000524791
244.41028023307445
265.2760407172027
258.8787062521442
226.67290388478432
267.70617851568386
251.68148797831964
203.01282936509233
221.3845876834821
215.95664609863888
295.6677846899838
270.95760727260495
237.71653571160277
198.08187473454745
236.6478579073446
238.14339265832677
241.44827552320203
257.5433718553977
212.90388371254085
252.86492995440494
197.14721552323317
253.53048937558196
214.03738433023682
229.5891027590842
273.77812474797247
195.25885869696504
259.2249112974969
244.74916390283033
209.5042112839874
237.59973066614475
252.83627039124258
302.10891012015054
224.98533460288309
234.26628280914156
221.146797475114
239.34673486405518
257.00424671772635
223.57756568148034
212.38503213401418
215.25446805806132
238.46504370420007
265.1187132120249
264.04348518158076
225.71511173748877
218.6517989046988
253.24871526833158
205.31296993396245
235.72087391308742
241.72166197869228
337.9383817391936
268.7139810374938
220.74808137083892
226.21663487091428
189.88048890943173
229.04319513589144
239.5993419828592
217.3320169580984
193.39308298646938
215.8577849995345
248.43397120555164
270.75174835976213
272.1975231622928
217.5340945677599
251.14369212737074
239.3694252820569
205.00749579205876
198.75093275902327
203.83585455769207
284.772947799589
231.7407020010869
233.05227519129403
257.90624583530007
291.40412931283936
282.33096505125286
266.8818602275569
230.25922364537837
198.4126178685692
271.8601331025711
238.2497009615181
222.59819371660706
212.11612540163333
234.7457938689622
269.4577393583022
202.78175375406863
216.11325358820613
269.0875045071007
245.66682109772228
217.1757509316085
172.62388323730556
224.7019185363315
244.20697885513073
276.5542595167062
259.2597150395741
236.42969595850445
241.0988972336636
300.38715163973393
297.17222457914613
260.4646390034468
281.0401819788385
286.3318041722523
267.60228797921445
242.651119621587
277.1127743496909
216.72036816796754
267.4923814426875
200.44545708649093
269.9242032468901
223.48322507739067
226.63657343148952
212.53617987490725
254.9029796765535
244.04062895214884
256.07179057440953
306.5714880244923
257.4508625821909
286.5001638039248
233.5711763933068
300.65142461750656
249.26084997219732
261.8032631286769
257.7211985650356
237.3055984766106
255.12826405727537
255.98535011336207
255.51378416467924
208.98348288732814
223.3908163952292
268.9024424221134
292.5930156860268
307.2227656537434
235.57705445424654
238.8471155189909
270.15836980374297
262.1369573503616
210.7951050417032
209.0571416746243
215.75333023018902
232.1792799975956
242.54993949690834
206.387029584439
228.83992687839782
232.07526192389196
238.2433513670112
238.23987959115766
263.88719487324124
239.08033634669846
218.77497326943558
220.34431678627152
256.83358899049927
257.3786887287861
249.72428680420853
197.00754644186236
242.9324836623855
238.10735856421525
252.69424964656355
268.7933693777886
230.87921551661566
221.61224304285133
269.62580631446326
228.88584187231027
200.04602617409546
233.54517327540088
272.23892435856396
222.75878399051726
231.32476262626005
230.84448932815576
232.2812518796418
254.28886281960877
237.58460583456326
225.9406553778681
268.11590157303726
214.11267553892685
216.408358013432
249.5510144183645
224.59456627856707
273.1283797825454
217.14890731178457
294.5193633864983
226.38770933967317
234.8784434638801
265.15513735142304
252.1129685982596
251.1576904579997
218.2996558396262
277.1340943177347
243.0772773353383
270.43633669550763
229.973228847899
241.63998037751298
273.01342338172253
223.52242311561713
255.56873462407384
301.96710563084343
280.5642657581484
239.92378203111002
210.2921948362491
227.32531862915494
212.2020092914463
254.62847026833333
194.14671552396612
255.04999764991226
216.40428022714332
239.56499147595605
210.8781355842948
240.6104162231204
234.70834302448202
196.8295004821266
208.41821630648337
195.5969364969642
276.032637359458
231.74416718172142
260.03910450811964
208.9785522131133
243.258933128207
293.48883230570937
281.4129254852887
247.23358216526685
264.88426893757423
276.8430943969288
243.7351183257997
218.3959623487899
283.7891037578811
226.5519234399544
215.59864470746834
283.46909154445166
212.1068155656685
248.39585873944452
267.4560037511983
220.62844108225545
220.29901670961408
209.07575719925808
311.4552828097367
233.44427275744965
273.5784269821597
198.58677903347416
297.26752826408483
212.46816243801732
234.28422155528096
297.17720555787673
243.27440518757794
272.9015161349671
199.24391578900395
285.0700363360229
276.9636162786628
265.87290252855746
256.85750349168666
269.9661976384232
249.44877550407546
212.83744456234854
212.78826296201441
239.5859672917868
219.46986531378934
288.85297595593147
236.8394602307817
237.75833199627232
230.47167937166523
217.2100730605307
237.6168030606932
257.29894161986886
248.8354194079293
253.36791033821646
240.10250804002862
216.12621650117217
193.75787856261013
291.49658058799105
218.6365769606782
248.84766623342875
260.90729906072374
241.2623720455449
214.1021633571945
253.18668694474036
225.7504980431986
251.77307642728556
235.94011274393415
300.11686309520155
287.1474810685613
250.79919417528436
289.48352597339544
247.29513228090946
304.06590020586737
219.59098602412269
267.52650282753166
294.7857017436763
296.874228001805
294.72397543443367
239.78727665916085
240.71933132736012
232.9998427090468
229.35352011059877
211.22587896871846
262.10283794638235
234.96123871288728
186.82940523920115
276.50433097593486
229.69588323344942
216.67583930527326
235.34923902805895
226.47372273902874
235.64131101826206
242.39822935743723
244.226015247521
253.92549019306898
279.2113284234656
223.27043737482745
239.09239617269486
291.6983328732895
255.67639725585468
219.54901534272358
240.10125226143282
294.3884117519483
236.88819907745346
251.7114679660881
235.6794560594717
231.76920154329855
246.21413185668644
277.37624381738715
260.8731582877226
244.41467387066223
234.61192915111315
283.86770036653616
226.33370460465085
221.9956795158796
214.11306749971118
209.1638101512799
198.2123730829917
241.8548140738858
291.71807489241473
271.30425452429336
241.5535427473951
250.72293545445427
227.9288047349546
318.6162434736034
285.1117055834038
202.37152047734708
237.40817296912428
218.07757067517377
225.41589164093602
241.69384957745206
204.2386856309604
215.32282112597022
238.8080300919246
229.66341353568714
179.2154129218543
247.07749603805132
199.57281591836363
255.661357193836
211.2804406246869
205.43837592052296
200.52494740881957
234.86273320042528
209.2557106227614
177.0291215699399
280.65055974863935
225.65473038086202
252.67649815429468
271.6588902071817
278.1354013973614
299.00596064014826
243.5365542541258
248.89983282936737
251.6036259176908
276.72989715693984
213.05913303093985
238.23858978925273
224.55562486953568
250.46208509104326
218.96777254226618
229.84971988073085
187.26807214331347
208.6665697140852
286.07171266223304
231.10705679829698
266.64181777636986
219.71508075424936
308.0037384015741
247.4231250869343
213.01253260078374
230.06667979503982
221.44995907018892
226.80440573522355
232.26505030528642
215.2627439867938
242.3333657673793
268.87551667599473
293.97909536841325
255.36645209544804
240.76246611960232
280.7059909927193
207.31394380575512
234.87929029518273
241.69063265016302
267.00261515332386
243.81863242422696
264.3173915371299
252.88929032278247
251.98803682101425
299.8498112971429
226.37734275357798
223.9106556812767
214.94631939241663
210.46572879177984
232.90677851287182
217.29306754854042
231.36125585448463
299.448046523612
263.56928994704504
263.7036669449881
253.25565964262933
207.1962266023038
299.2299791040132
229.56225437636022
243.05735590914264
195.18557463842444
258.2240410067607
272.2788751971675
246.01795088662766
262.12378626991995
222.8456901893951
265.7577515959274
246.66174316825345
247.67138630209956
275.8729041960323
211.07294766046107
223.36118129943497
238.49651423667092
236.83171645237599
240.17106984299608
227.53665149968583
178.8636967962375
234.34876661992166
218.8297738621477
273.0069008585997
296.30397334182635
230.1651087651262
225.38948869286105
219.0495972542558
251.70045070769265
299.66592119797133
218.00693799788132
250.97864022292197
246.10087570524774
215.42552408424672
242.54550318222027
266.4981787059223
247.99965427746065
246.97978533385321
261.48945745045785
289.87167705851607
230.43743427132722
209.97638519026805
228.00497321772855
210.91876787447836
240.8611156103434
213.84365133056417
208.97851820162032
222.53276770119555
258.3345481407596
222.03994731383864
275.802181756706
257.5368542255601
258.9350783340633
226.80364131263923
254.20806170930155
263.19064651895314
281.99496767879464
244.9820049291011
264.1568879040424
264.0379555224208
220.687600839301
211.7917202139506
241.6928532924503
194.53392750420608
273.18301502021495
284.0864304531133
350.66517279297113
205.57759688177612
253.4137053162558
235.77023765689228
276.6604705619393
216.50411394494586
244.36432113090996
281.19926208420657
224.96546181722078
237.0104848445626
250.3191902784165
242.56706019374542
257.96878987632226
285.3781745596789
254.55001275020186
249.49764023988973
244.49307266774122
237.8776382287033
210.26123221579473
253.05281407863367
208.60152971593197
251.8424934282666
218.99179728329182
240.98862116527744
231.221725111478
270.3625623793341
225.51983736723196
228.8995366207091
231.93662917870097
212.43873326678295
273.0793606421212
223.21452340774704
263.33028395462316
224.4906004894292
194.27684509847313
265.00587953149807
230.8262508685002
262.7011439416092
263.215623258031
222.9478377510095
229.12387327325996
215.27793509070762
236.68970499164425
241.0890254608821
279.13595340948086
210.61944262392353
255.31601299985778
337.9417219875613
240.24720713042188
255.78122668119613
249.46158923150506
191.994624014711
226.96590483968612
283.55767764523625
253.9062450771453
263.682124418905
252.14822893356904
225.79757401591633
232.49408668035176
252.8801798535278
252.53977847390343
206.5467806898523
239.40035350737162
241.22691172163468
205.79766165476758
226.27306636492722
242.75691255985294
262.1082656319486
241.6913972441107
239.94590543862432
226.05888317211065
214.7698111704085
222.5972293036757
238.3622205092106
277.83739011664875
260.5684644852299
248.71965423435904
289.69671941909473
269.4897505262634
296.523836902692
300.69985176215414
205.977267603972
232.89217151969206
252.26576840947382
221.91446771170013
234.89809044939466
210.04929181642365
238.4263751298422
209.45375257742126
244.92511192790698
218.65271869685967
228.52143359277397
212.03617576567922
212.06495754455682
229.43559077533428
272.4254312569974
250.6451280954061
246.2396261281101
262.5430514488835
252.05610523349606
258.4931742832996
242.33616567833815
250.54449409036897
238.69839534244966
279.30274126364384
239.22898950404488
263.18514919944573
247.07325057697017
217.39835983037483
242.55379829136655
247.55842091713566
186.43542582611553
247.45200423209462
272.37214616895653
225.48682703368831
231.45333305979148
258.47430364903994
222.56301877181977
210.3943122891942
263.0516535000643
233.17862424184568
191.58510425954591
223.59097372787073
231.46615133818705
230.44710005039815
193.18600741692353
212.98384417116176
264.305135230883
226.5845881093992
252.31990153400693
228.24947559647262
211.19149661902338
260.0292050874559
273.21201117814053
215.27814403758384
257.1783976907609
299.50782738265116
218.0468060747953
219.79203068267088
256.7888483478455
289.73554947203957
269.48953460133635
234.2700563382823
267.66073569946457
260.95129941927735
261.1638796989573
223.1168739803834
204.48823931382503
259.0901666721329
270.75848122360185
206.47697664413135
204.67487486905884
225.88618481415324
255.33920365874656
236.02209439699072
241.69429001316894
247.83636128890794
231.76667426840868
268.6303115017945
224.55584910872858
228.78876047430094
274.4225715715438
220.07042831229046
242.66789594758302
217.85904758027755
228.7202799707884
227.62392934854142
225.01475110161118
190.64423953392543
233.7186173342634
197.8560623510275
255.20517301897053
238.58723598264623
213.78557492152322
232.94501485466026
228.2443181509152
236.09413530293386
239.01629978022538
241.86746896849945
326.30286267236806
252.02546698984224
182.46692448318936
185.91311741410755
231.29295135999564
250.64341190410778
249.9296469067922
229.8396508921869
238.36589591635857
255.2045459781075
203.69808431935962
258.9609050125582
226.68322986213025
211.28371773601975
249.12138129863888
235.1158208817942
230.15722854423802
268.53308083640877
240.9913521623239
292.77828537405003
256.3102574397344
224.79882689216174
229.3222622834146
234.4475185504416
241.21218131657224
222.69975853781216
313.9977532736957
214.22182122431695
245.77490068110637
248.49760852765758
235.2044104709057
284.4099197660107
217.79100909666158
229.07040654704906
227.2247863896191
274.91249620262533
257.4743081746856
205.11457102571148
251.8076307955198
326.6100093846908
250.42081788205542
219.50798200198915
267.6067205367144
247.23162556253374
211.08484493521973
213.33517488103826
229.3701551471604
276.20676599931903
211.86646207119338
249.67327702173498
328.55529285850935
221.35544481000397
191.14689795451704
253.96500584471505
240.59247199515812
264.0848616154399
266.4859792198986
256.7510176411597
246.00105786777567
232.94942937698215
245.1756957123289
276.7575817271136
260.9132362038363
234.32094121084083
242.00854635657743
231.77380963775795
222.4987206950318
265.0004623797722
237.35856749501545
209.43699685065076
245.65355249249842
236.58208583446685
195.65700221911538
257.2369516849285
190.55640830809716
221.59304462966975
248.31903068802785
254.74518513481598
260.58543886907864
232.16633811907377
219.31452790321782
233.69195911136921
253.41032534244005
239.89414011396002
302.5060512876371
217.09901534963865
246.88767932378687
264.82481416896917
248.08777569956146
260.593641485204
300.848923425423
262.0312717114575
244.72189406619873
311.85452020086814
272.0417949183611
220.07584704924375
283.6039751569042
215.73987994389609
227.6048507784726
283.6987662508618
284.45056193950586
282.28478209034074
265.3641739896266
283.9443576334743
255.57697014510632
221.5466231451137
247.15449568931945
219.8733097036602
242.67081711965147
231.75862779817544
237.60991173004732
242.53178964648396
268.0152237780858
253.26154073758516
187.072343165637
232.53337656054646
232.43547187710647
243.50261666311417
228.13424913655035
194.62390832335223
252.524938268587
259.70146537490655
239.9829331949586
220.28020494955126
219.31812678580172
219.77596055832691
235.9414512446383
270.6598272501724
226.61382199509535
237.92278174182866
262.638341914746
275.27175349532627
197.96503671596292
223.48217124503572
226.26100910035893
200.57642961316742
240.8697373084724
282.97078283305746
218.43408198840916
228.3773350357078
197.5965379581321
233.66792866715696
241.09916014992632
219.5857314199675
182.67218166729435
374.73141176474746
207.76285664644092
227.56009701418225
250.02659046370536
247.78115525841713
235.20711252605543
269.4032197067281
259.64594831422437
270.97446019854397
319.28541308431886
223.61911518441048
222.6338647484081
234.524446012103
214.107350467355
335.3843515604967
231.61957618989982
197.71540446858853
270.9914487522328
268.6078624157235
213.99415529542603
227.84456033667084
235.78159484360367
234.9420114988461
277.6839449771214
218.53780375025235
235.90364043228328
235.6409771319013
201.8259362030076
273.41666894056834
250.7063135295175
184.78724734287243
225.73797577281948
279.72844195051584
234.03824765456375
248.5848823620472
224.09194885217585
229.14629055082332
191.1494847566355
313.77170327934437
250.95732250448782
248.84343527629972
228.68488705297932
262.54450635425746
242.32240846008062
235.8712100208504
214.20350605691783
270.64213226840366
259.9427473031683
187.0904008259531
251.05204505647998
203.7026254911907
198.00692503724713
227.7340842980193
206.50437008601148
260.1950105605647
229.1663313220488
232.66879764338955
228.7100878416095
237.42742556729354
263.84168010787107
229.38445302133914
265.95970665023196
178.41014542477205
223.4433877869742
279.26266096672043
232.4987359190127
252.20442952075973
260.68589748849627
245.69147991144564
270.70438499434385
213.72142735228408
258.8299833179917
287.71645807963796
231.91204233502503
217.4177969932789
242.70118267124053
270.7046116414713
240.3199709339533
300.2949302298948
266.00718166318256
267.20945992390625
212.80410361441318
228.70297689863946
244.83594858599827
212.34308651043102
210.29766490438487
230.45698899356648
264.5737160986755
198.3953125049593
235.16901358426549
193.1006461016368
266.84830347972456
232.7518668884877
218.125664404477
201.72902650444303
212.85354442102835
238.75819458882324
193.83050153404474
257.8065078398213
261.82996811775956
222.56812625506427
251.94672202761285
270.15580034523737
333.961098781554
259.20910421886947
290.7987961207982
290.3910378473811
231.20927180105355
238.74689189484343
275.6472496498609
306.9854888365371
222.06215032434557
256.648900800501
313.23505417909473
234.55418292130344
239.35902192513458
217.3875165245263
195.8078728027176
234.98050159274135
221.32896881666966
233.34327153721824
246.75153385172598
269.4318099083612
222.41168433590792
212.67001836153213
302.9009080179967
232.37360972794704
249.7204754591221
202.23483075667173
243.31228894088417
238.05813714768738
225.27962798974477
288.4188261294039
259.87816832913086
226.34427748050075
241.43774197041057
227.53940359444823
256.38451856572647
242.39648035366554
242.05046096153092
272.7483137022937
233.61124424787704
241.83282184728887
259.11639705940615
226.5469996688189
261.027732964023
279.07504419854376
224.9809959618142
206.3536699282704
230.13797413941938
231.65939006663393
242.95861951890402
231.7354849796975
223.5630874511553
199.82665493397508
223.6809093633201
244.09498870035168
245.70761398482136
224.81683433963917
277.39438893820625
321.96753760264255
265.7404628666118
258.0578213445842
263.1754136485979
230.00574363698252
262.5035506245913
218.14772322203498
271.3000738332048
261.96495267399587
220.4042910138378
255.67962179798633
259.9523827993544
263.67981031164527
282.86404876061715
257.43034630059265
245.41220539994538
247.69617202598602
206.49680741736665
250.2163008005591
241.96221294230781
222.20682873926125
236.08476639119908
242.09330814203713
243.82452517875936
273.1777652144665
285.1672281612409
240.0850555980578
285.31968384154607
224.14309454592876
248.0719151692465
236.10876996198203
236.26840303803328
281.864487258601
257.4051704927115
205.0568699821597
188.96860278432723
316.7638241861714
248.2188632284524
210.49173391598742
224.79712344286963
213.64129120355938
201.77380087494384
226.6042135762982
211.46364606078714
251.9938543307362
224.47346890321933
284.2827634026762
276.94941713055596
292.1126688827062
221.91368899890222
243.85206155001651
218.1441714670509
218.79057759582065
225.62441842711996
244.21533095324412
214.22416250419337
260.2677698159823
198.54268432233948
223.94063486612868
215.07767312740907
237.50259658624418
207.96113015443552
240.0338470650604
231.19195277499966
234.62091585015878
204.15347821183968
275.9035609073471
229.60785122669768
235.10866282484494
221.4709371185163
225.24701529706363
224.2044986973051
243.50468738970812
202.17460264323745
237.7607606552774
234.45092717302032
262.45533177861944
218.93719838780817
253.79509755398612
268.72287226177286
239.0173379619373
224.6987135335803
232.47816488449462
235.65235425217543
215.1175057812361
220.1321725373855
207.8088759528473
198.66761955921538
242.25478895031847
244.96884551958647
270.4059485112084
219.09321156924125
210.98169167898595
270.5088443174027
256.6460513219936
270.6567995871883
201.55987426196225
258.9512703717919
202.45447970670648
236.86979635444004
236.2444657420274
233.52794073033147
306.2615574825322
260.79994788824115
268.53221939946525
259.93170709745027
228.06895479082596
219.8642453091452
243.85931346437428
246.84463775495533
251.8735082744388
261.99661493091844
259.51000160945114
222.29224590712693
256.9874454783276
236.16410971758887
262.5579713098705
261.3773474971531
216.56026180833578
245.73366725537926
256.25534084555693
199.91605826630257
277.06638699618634
219.2497417946579
238.33409675664734
221.03787980228662
252.25440344552044
282.82349992659874
268.6138232112862
245.9412269796012
240.3237912405748
203.79169388662558
256.4424356094096
239.9205451871967
281.4076528524747
257.7145959803602
202.60572735685855
209.89060773060191
229.8952806738671
227.62607785873115
205.4026069183601
239.85398923640605
250.1418831028277
232.48596985591576
232.71309764136095
209.39040578214917
263.32368829718325
220.05719940387644
252.66989551961888
225.67746258398984
247.01098444813397
239.80036401364487
263.8042641330976
269.0849380438449
234.00963072280865
195.92446128907613
269.32359025033657
207.5733885829104
262.064793872647
269.8036394674564
227.37066750077065
229.32241023285314
223.40449710481334
230.9103939869674
251.634444326628
248.3542625195114
222.14300670777448
215.03877717012074
213.85673958039843
225.68549606751185
193.37464981188532
229.66026156477164
256.91185774770565
240.01881948893424
259.1012509817956
308.0309896628605
238.53104633407202
231.15354891389143
283.36303281458095
253.59192884422373
243.35443057643715
227.5016391170211
276.99080125428736
215.13643820851576
215.5894651969429
245.53411546722054
297.0168524845503
229.2668348082807
229.88416044414043
245.51105295668822
262.89901823957916
212.1284500703914
219.86400839174166
293.9556986459065
238.9174558641389
244.30048038624227
238.03138467797544
199.59621868119575
216.354275176418
282.87215063290205
221.86905661562923
278.4090264494298
223.04851558746304
256.4265899757156
261.02707172825467
248.60850029368885
248.34415876562707
257.4534173848806
222.06233050569426
210.44417614524718
245.64558957028203
306.5416831902694
251.1393158242572
280.5754678554367
250.18586569768377
246.65521230432205
266.72009881283157
274.1212960120756
193.93488363921642
195.77796071209013
213.8497854276793
251.05259696696885
233.8391419481486
236.15375686634798
222.39304672949947
241.30289726727642
257.6803577711107
230.99891203001607
237.47947748319712
242.57135182700586
202.6704296860844
245.55504353623837
214.07153372187167
222.0763423666358
258.5395234541502
256.2480698256986
253.21745768364053
259.01666767755523
247.46696523041464
225.79889443679713
212.56124939839356
263.4153614070965
232.18645014427602
261.8322625174187
290.08360040350817
231.62632690230384
281.2482691189507
265.14732973463833
212.68624838034157
248.99643751897383
264.2829102432588
245.40718150360044
206.60262836550828
194.1962039474165
223.17908258584794
243.11790799093433
198.57072542852256
229.31641475250944
253.84102936915588
246.56508366251364
213.46148368366994
248.94767982093617
240.1768062277697
253.48111861536745
199.28006232809275
216.47484009084292
223.18150395306293
319.6606578831561
267.06196908222046
259.56368069991004
241.845225122408
289.6401261590654
243.09980909596197
267.20398908352945
189.70657393499278
232.05697772663552
221.83827659545932
298.9146580224624
208.4138046501903
287.5323748460505
225.85851964738686
308.8611250423128
224.17265797534492
260.41402320005
245.30854995606933
254.23935743479524
229.9044193222653
241.6789127162192
233.78099967353046
236.94987691903953
273.7986344253877
219.8558953710599
242.12033870164305
263.5095206735423
225.791102225543
229.90562231827062
291.3253491735086
218.63903632049914
258.3205172214657
232.13364183332305
238.46096847543959
230.14011399215087
265.05797587137204
219.31396364339162
218.2679560786346
245.55201729293913
256.8917930945754
275.3692476799479
247.6282953969203
262.32351702428423
221.7895949271042
194.42147027747706
217.28664513409603
201.57915738516022
244.10870565415826
221.04650033521466
217.85528246255126
283.88773526553996
247.12565213511698
224.5027884551091
222.80436138098594
252.8671155597549
221.47929970326368
256.98773244570475
273.1522480464773
230.71032807591837
238.9981327074347
241.01375512115192
243.0401105597848
238.91644711222034
274.40455587313045
225.50009377778042
214.08113304758444
247.10752914345358
240.95091791113373
220.76141564454883
208.52999461337458
265.6395286640618
273.2972776682582
249.83852146647405
227.41303928941488
230.74621797038708
229.01163045386784
206.64141654479317
211.4076953928452
193.8751046472462
271.8632422281662
236.83379818010144
277.1041225938825
241.31099807459395
258.5191089111613
236.92178145656362
211.70535963994917
232.01506476150826
234.11092055402696
250.49911103770137
268.98535375494976
211.0181611472508
284.7920079737669
299.95310474955477
261.47514812101144
305.12682020128705
241.5042337474879
251.26488662301563
237.59645456715953
205.40579832100775
206.57806811318733
390.582516645547
252.2089099175064
218.3147681246046
197.30605024506804
230.53329809836578
317.17369990737643
294.52751260844525
197.09046361362562
197.095881044399
247.89135685306974
226.40927765180822
239.0225778883323
305.0877717694966
213.59521313279402
238.7946846911218
189.10785696166568
268.0011075056391
204.4165034762118
219.81318786682095
234.92102453799453
302.682023977628
232.57373371708672
210.22340994514525
237.83618296834175
224.78660269419197
185.42333783232607
207.60301075840835
265.6910820044577
225.29157186381053
266.3226576183224
285.0152364191599
241.90153112297412
245.31851739028934
224.58392598247156
242.7337527424097
250.90208360669203
246.66516758839134
245.55112092976924
248.74743056832813
255.3641217543045
247.55015399272088
257.83766545390245
230.23191938071977
227.78160852647852
245.6570714667905
220.66950578731485
227.72314329829533
219.3926194375381
198.63565913960338
212.8924659062177
272.0903422681149
268.56262473005336
220.87170455255546
198.02062539802864
219.0442283519078
218.76225254358724
257.635185887455
256.02124488563277
274.93765722902026
243.91804124286864
313.45580687979236
249.76423234282993
238.08398520073388
264.51341339515056
228.1898076524958
246.94090554630384
254.16930480720475
283.0430418935139
276.4562470118981
239.4967408295488
215.68128751125187
230.0151233971119
215.45716624159832
264.4986573481001
256.7493805519771
219.11393989739008
221.57030173472594
214.20232501265127
220.42513361398596
228.2114216957707
208.7800816661911
265.7908489210531
267.2229656234849
212.8400965918554
200.46255002566613
229.93777735938784
274.469408493489
229.72927727596834
247.96880794607569
253.84064652130473
227.04893733549397
255.18245098297484
234.46280470350757
227.96483161044307
231.36448183120228
245.67208533373196
203.53017177956644
225.51548707159236
241.569091803045
296.2040154611459
229.61455299472436
261.98537946341094
211.4877612021519
200.44502307509538
252.34098893485498
217.28562632680405
280.4379756570561
263.14783281309064
272.4252931684023
242.808858160628
279.8426681009587
204.47069842764176
214.68321418913547
232.3644375030417
271.056591009954
240.30085481679998
244.47326129651628
235.30430236074608
263.8442733573029
257.92771567893215
268.7239914718084
268.2022876973497
246.96486826229375
202.68842132994905
221.33561906567775
194.95559867902193
232.47898083855398
237.73655177396722
250.55959983542562
245.97398626082577
221.56353041063994
246.4558437144151
207.46823710820172
214.76321415486746
250.03502959106117
226.0265229495708
251.2059993466828
216.30839242401998
205.08656918711495
239.11183750454802
192.6075087276986
216.40143008250743
267.9600067578722
207.59815587010235
255.20087164326105
279.9659352705348
206.08583678817376
235.0921851398889
205.4188091198448
207.92878988804296
286.19576158665586
242.0462349592708
221.72480771981645
246.28640896850266
254.42654032516293
232.99917096283752
223.23411823483184
192.29224476253148
199.41548112244345
245.14037062670104
205.90229415532667
227.84010364639107
289.43130629113875
234.38231502915733
193.77514832932502
247.23465651774313
234.47041239438113
244.75495095935185
274.6956255494151
226.39884997170884
239.1582821754273
214.04185153602157
253.78372845530976
227.49277057638392
246.73928277543746
279.91201004141476
213.75086127384566
210.41200262028724
208.53798473463394
252.96603332017548
232.38761212525424
205.496786223026
238.71246816182975
246.7664632955566
204.66561899741646
212.0885364994174
255.40041711600497
197.02890399366152
311.33518670208286
256.64137797942385
175.47556649905164
235.48564057343174
222.9345547488192
229.0439753427636
251.6309061734937
242.9260629224591
329.0107168231625
250.42859160364605
264.61496180994436
229.63404330529738
243.1615017617587
243.43025873566512
204.58996982080862
265.33602355699986
303.5495425121626
219.53400336334016
246.1445613715332
276.6439531354699
214.21040129091125
219.2771245748736
176.65211557294242
213.3912092683604
232.48598792240955
267.54333083261736
291.40782981854863
263.8150699114194
196.10592903324869
222.34231542656198
251.98764596122783
222.90958469209727
275.189069065731
203.7351852443535
219.00638867076486
246.10751765361056
204.31658070336562
242.2968040073756
261.33605951664504
248.797347843647
301.55762661690824
299.78162299108226
280.00016393256374
242.15809768938925
201.04904838523362
273.759902779595
263.59851126838475
244.47591517784167
230.96736138523556
213.9187576987315
227.54902160190977
180.18662754574325
201.6780095382128
241.87683282839134
212.5148440070916
221.83758319041226
213.8766430595424
203.9752201171359
229.2881132728653
242.70118882285897
273.93046388356015
261.29189678281546
253.31363493739627
203.90319559827913
288.47690842917655
272.09781417192426
267.71813772490714
223.8394128573127
212.36976009630598
213.6355375017738
216.43305550026707
262.41915996093303
240.9677210507216
231.7139482058119
283.0233441469027
244.47843461250886
238.26585803960916
209.74648407765198
244.96725349791814
238.84315094642807
284.7311614950886
252.26859743590467
279.1043989654863
285.9345502099022
311.288347656955
231.0439978047507
275.8319573844783
210.93324462149758
271.9447195966495
237.4359042540891
248.7582357848296
233.57285384065472
212.96858548815362
256.093595754588
220.23426220193505
220.83483500382863
210.21561184653547
212.6205303313909
251.9090934311971
242.23262094100937
241.93370104103815
241.77791724994313
214.8851047635544
222.71374463988468
255.34936152002774
238.7309152369853
284.78181433095597
239.96133724378888
208.97560637653805
243.72290006140247
265.92329536227044
283.9480926722754
263.45481873163953
205.10754406207707
259.45488073828164
253.16773379826918
269.47545155417174
255.48917397856712
288.03724405076355
230.93696726707276
214.77006806712598
235.0310917798197
302.8867332448717
260.71522751636803
233.99386796809267
223.39587894803844
227.54204365587793
239.29231723875273
267.75701838568784
245.45746355992742
230.43243788194377
214.42611414846033
284.1940506385872
259.0880519557977
214.61672385944985
249.62054378830362
238.31714853958692
216.67824616201688
247.47629936935846
251.65959001902957
233.88001585681923
235.55920533824246
308.11407271481585
212.53374716895632
306.3435621946119
226.13386721455026
288.4781821129145
229.50122945581097
257.5738601827761
309.11516921641305
228.43589187168982
289.78341941768304
257.28789978148416
278.8900004167808
229.22065517154988
237.4537890808424
231.4110885754926
250.00900482432917
233.76483116531745
258.448437641724
238.52198228565976
220.1846378055634
243.38450895191636
240.93749862152617
285.8941086286213
285.8072152273962
248.40579933824483
291.7346838321537
239.76563336723484
245.15946641052142
265.8717898140894
294.21707931905985
250.0985156815732
213.80807499273214
230.04413395258598
244.9527170715155
259.8613619811367
227.67878741584718
191.85835443693213
282.9987730217399
205.45011776930187
223.03857580630574
252.80080902006011
222.05250088055618
279.8200122087728
245.28641667426564
218.71800774056464
281.3390389039414
280.82411187747493
198.48333109193482
200.28673475328833
262.2794929033844
235.320665754145
276.0362333924277
243.31927681784146
211.08208223572
236.86370107939
282.3241569979582
289.26878858194686
227.39410629612394
235.08496927947272
236.88972679991275
254.01813154341653
273.7942273460794
206.781083204085
196.38502550963312
233.48132269934285
248.22567684936803
312.8665492805885
250.25412316306029
275.5846430552192
226.06171062542126
218.4149213064229
321.7621210530633
243.54918438696768
249.73800804116763
219.03109496016987
265.22108721453696
245.1002690551104
233.46174055081792
217.58222570712678
221.79957588901743
220.4001744533889
272.32826777966693
229.20410334982444
199.83440842921846
253.30470904603135
221.00040418701246
200.36226190661546
236.90933808439877
233.38285925309174
257.7133659499232
217.44770068349317
216.35429446748458
219.27848795929458
358.2672229484888
221.49816692294553
261.17752970557194
262.3639637961751
242.0801513073966
205.59560419956688
220.92034887475893
236.6685639328789
256.43123561609536
230.8657816206105
297.5803142625373
245.9244664919097
294.05545098672155
260.2274954824243
251.73142927105073
211.8473207759671
258.86666663445067
258.85659218230285
236.47077993501443
232.70051334274467
284.72195712686516
229.38204198074527
293.6944138240069
248.31775120459497
276.02889762236737
219.59659407520667
220.19947008776944
256.4477242171997
225.539067303529
210.49905781482812
288.28851850365754
224.7097710276721
252.67936867568642
272.7414099252783
228.73664205276873
201.6654602503404
252.63678792060819
243.23589814966545
221.4167095454177
254.64972048799973
223.1924196984619
232.0998099646531
263.54079589934554
236.18315855739638
259.1231225148076
225.2953759173397
207.02466368686873
282.62011321249884
274.7699172371067
222.54800788708963
229.15518907702062
236.10561961657368
221.1900601623347
274.47298256948125
262.11076005909126
238.28792569309007
234.05213431816082
275.7274458523607
216.31177164416295
273.0449779286282
294.8686933555873
233.11026888526976
207.1894363851752
223.85137757344637
281.94755817519035
232.74918625468854
250.66315406176727
259.2922881215345
243.82685033930466
309.4205780584598
237.640098933829
237.32920312823262
243.326701981714
224.12218279705849
221.29996540921275
221.28719962283503
277.21468261338305
218.97906605305616
220.8727415733738
282.3604806563817
233.11743375228252
237.0644135660259
249.45776366256177
258.3426783735631
222.67434263392352
210.14570077240933
229.88606829673517
243.20987585000694
227.3982760811923
288.98701244127005
213.78925055102445
244.70144977292512
215.4344779100502
239.81484347279184
224.0428296723403
216.21914457564708
232.86036545352545
244.70320967794396
204.1309648270253
274.86072783137206
252.08645678916946
233.39198956429027
194.3595487214625
275.17637189803645
192.60001818218734
244.12702651007567
217.82286265224684
248.44344356667716
330.631037660758
258.74535706290044
259.2243809932843
241.04617648164276
253.61530604725704
184.96158691763412
241.93924180127215
281.5871655350784
259.4709397328552
287.5083404178731
233.96254010580014
278.6392251390498
225.13249869842548
275.8269392900402
250.90980421262793
277.6290384483291
280.1520655605709
266.16385851509403
196.46720011264551
220.67607157712337
279.36949204083066
266.9443920480553
217.22540841100272
193.70540633401833
226.86118278978392
233.69250430411194
223.789720511646
263.4940724952612
247.08034867385868
271.45137138152495
278.0434339263011
237.84393093478866
255.1169140629936
257.4576398177305
238.31717952806503
241.70126474357676
221.60332951752935
280.28439147234894
192.60959910217207
218.28703465906437
257.7150014360668
212.2403316537384
266.1124906447949
206.15038329560775
264.2624142108252
274.2968935332028
226.32725017156918
218.36308395152446
317.69080213364214
290.92158918851055
196.68363419151865
233.46040833403822
325.87165000801906
271.30845125427004
194.80404803110287
252.5221092866268
240.79527322237846
241.11038369382732
230.388656985946
204.32344985113014
248.47819275397342
238.9730670651188
269.100490658544
249.09632863628212
218.94876140996348
256.7158533491893
238.412176614278
194.22804968617857
245.49436303635594
224.19601196737494
242.33930752577726
178.58088520891033
302.991605755873
252.71482562448364
275.5507015680196
311.18267703137826
326.7971192674013
264.9101920578396
270.2778873228235
239.21867431036662
217.62010552512947
230.13253711757716
296.1693447458092
231.14913846482523
233.36898326454684
240.93779994384386
243.29859242751263
237.0930444021942
268.10743003326934
266.7829121281393
252.30956785578746
236.42154649889562
215.5873845750466
219.7619435931556
230.4956554537639
287.212606670917
236.14920153457206
211.14201191603206
222.91983087349217
207.27406460943166
223.0413940048311
217.04439369193278
224.95417217444628
265.0528991539031
242.93469930882566
219.41756297531538
246.97827704879455
208.58435987995472
246.56161729211453
255.8067823399324
270.1704764144961
198.33234977012035
261.06421707069967
225.70388838055078
268.4068952347152
227.76488393661566
299.68955555954017
306.87133804766927
258.30544893525075
280.18230417137966
282.41334434540477
270.1735739459982
253.60310796578415
267.54293636174407
259.71593459299766
219.10482524288818
245.55754826799966
231.46235536120366
200.83370649593417
224.80693729477935
231.81171042646747
221.2991199932294
216.6593784589786
205.83996861439664
241.17223259923048
210.00118217931595
262.9195773411775
236.6750633576885
204.17929042561445
257.28059987700544
257.610379545833
242.54235920263454
224.3486732543679
248.65540266828611
231.05463708180469
219.64431559038348
219.76398292556405
272.9086309216218
261.61497536837123
256.3741323155118
262.93431896332186
221.7561039121356
268.06144701642916
201.9290664709406
214.51703470980283
240.61299708881415
228.45939015294425
249.6262361202389
241.39532385987695
223.01875079632737
225.7483776329318
270.4153971003834
307.2467464286601
291.9515927567845
193.4027026266558
237.30192729679402
280.55092685204
218.28912609862164
211.06373126094695
241.0001695799874
241.52176049351692
236.32073603954632
238.81605618004687
282.27855470217764
290.17848491086625
240.30910575948656
209.4849958155537
256.48750574537553
248.57671736879274
270.98992171208374
265.5786711552646
233.92902840010356
216.6203090044437
305.0975744477473
272.08435194101185
225.25208870053757
265.1453942942899
242.7089769472368
273.0853504871484
273.90428932290524
239.20086141326465
249.2834724378772
238.90899547981098
211.7030173643725
300.528223302681
234.78218698117416
235.7987978567835
268.02327361830976
232.8010996641824
326.65940153610427
271.0643966133939
229.27149229880888
254.20099327724893
248.3926898323698
237.0134854777716
225.00415978510864
217.86740515741985
200.70318459218834
237.14227562141605
258.7387839520816
208.93169289373327
233.02102390909567
214.1171919759363
225.81933356809895
237.11365182034206
273.8284397481475
262.69807731418405
238.94145796936937
267.45326615753584
255.97317333787214
213.02289834641851
226.51040174230002
235.8606212893501
248.9933628537692
196.34260401770007
258.94014199322555
218.93119767541066
268.29774895776063
232.5522428129334
256.42968118796125
209.02490896591917
224.06651584501378
222.9003936664667
237.50365397811402
256.2544234523084
292.9581801544409
241.7172386754537
214.92695739399642
262.0938309462508
253.0351327843964
214.2950409259647
210.1021398899611
246.84652843640652
222.96574919566046
264.16566779918503
215.98593973740935
253.4092704448849
219.4937448471319
240.0076847365126
248.29348118207417
242.93496278638486
232.38757319527213
256.1651898951968
250.73530245316215
257.06124505063053
206.83481698355172
202.33111630089115
212.70539192855358
245.90652043605223
248.06844555353746
194.6670376979746
228.13426644005813
238.71645258401986
218.04879030224402
242.82560998026747
232.34579303406645
299.61908198008314
259.0225130915642
253.33582442603074
272.1696932169143
218.457413757802
239.94751576473936
244.0045235818252
249.09279735328164
272.6145018276293
203.4311763101723
246.47642386739608
194.3201186262304
227.54523018817417
255.33873960911296
217.89094185165595
219.80745981342625
213.4719575054478
297.80205191881396
279.58134049840737
290.7016915209824
217.09491537965368
282.3849677905673
216.80071742727887
197.84620560565963
222.0469772949582
225.05736283538863
243.16722015338019
245.7780675807735
225.33563886920456
239.79746685747523
296.1130560778547
268.3430672659306
242.11544068180956
230.10017625696491
288.7092209022958
270.32655305752996
246.64000601810403
242.72894029936288
229.57741356582846
222.74121469887905
250.47402520524338
246.3947768835351
260.4682617515791
277.3489309763536
246.03435790957883
231.788792787469
228.5132533274591
263.5814717184985
271.61812873894814
249.72607897117268
260.9806739296764
237.49657166935503
197.41356654139236
306.8897388839396
240.28802965313662
220.45111423067283
245.81448472873308
252.3657630905509
283.3480188908288
252.9189396450529
240.6243685715599
226.13079782179557
219.0922243077075
233.08856818638742
215.99484029901214
239.99162497150246
251.4925965339644
207.44167746102903
271.12512422248255
256.39592612709384
221.77541629876941
224.98102277202997
242.01569712942
206.26440011628438
219.94275503000244
306.5702558287885
287.0797827519709
225.6958872602554
205.11281495832372
275.10833705647383
201.45746200007852
230.4739464953309
220.40676482510753
216.6380880335346
219.01624586898834
266.90582873113453
213.38435589207802
192.26947291835677
236.7162614497356
270.8335555079393
250.7319382512942
255.87934114353266
265.338652442093
228.1701083544176
292.1851157719502
252.63249021128286
266.46485912706703
245.14792522310745
247.24951623228844
252.89939391170628
262.4411111728987
284.0355144171044
231.5099346745992
324.6008080494357
245.2302125862334
236.83673258777708
207.4324706053594
226.93848804419395
270.13973580952734
262.3066876978846
229.57011510478333
230.29017175838817
246.79493333597202
229.51180213317275
271.1529980688356
