250.56551360115463
250.56550423246972
250.56549710690797
250.56549199531855
250.56548804150498
250.56548498012125
250.56548263659897
250.56548081543497
250.56547924303868
250.56547814452642
250.56547714947828
250.56547645843239
250.56547578004756
250.56547541996042
250.56547495363702
250.56547465891708
250.56547437070913
250.5654742092902
250.56547407026483
250.5654739839756
250.56547383259567
250.56547372790192
250.5654736959059
250.56547365531878
250.565473606257
250.56547357359523
250.56547351501104
250.5654734995369
250.5654734628024
250.5654735048629
250.565473493858
250.56547350158507
250.56547342989143
250.56547342070553
250.56547345278523
250.56547343680177
250.56547340436737
250.56547349289576
250.56547345577565
250.56547342462363
250.56547342063823
250.56547340168618
250.5654734506079
250.56547333824892
250.5654734541913
250.56547346154548
250.56547336627045
250.56547342695922
250.56547340599354
250.56547342245176
250.56547336772564
250.5654734579366
250.5654735022581
250.56547333375784
250.56547339332246
250.56547349038738
250.56547340599718
250.56547341094847
250.56547344706996
