279.7218219792212
279.72176564848724
279.72172178769324
279.7216873908483
279.72166039359763
279.7216394149582
279.72162278734504
279.7216094120986
279.7215993071495
279.72159108307096
279.72158472131287
279.72157959902506
279.72157545860864
279.72157224858347
279.7215697712272
279.7215678123612
279.7215661683749
279.72156508338594
279.72156431309486
279.7215632849475
279.72156268490653
279.72156228899075
279.7215618609989
279.7215616227495
279.7215613305307
279.72156127577364
279.72156110052674
279.7215609031973
279.7215608299648
279.72156076780993
279.72156077510226
279.72156065134004
279.7215605915171
279.7215605382753
279.72156059154077
279.72156061817805
279.7215604596422
279.72156059486224
279.721560468759
279.72156050753256
279.7215606761147
279.7215603936056
279.72156068420736
279.7215605829333
279.72156058456676
279.72156047775934
279.7215603806726
279.7215604720659
279.72156053025174
279.72156056821404
279.72156041494236
279.721560546579
279.72156052347054
