331.9335792404936
331.9353129858828
331.93602164732874
331.93678803001967
331.93665704017985
331.9373133865083
331.93746159770944
331.9374757651667
331.93752953359126
331.93743815027847
331.937905993982
331.9371311529467
331.937366881024
331.9370399204563
331.93741700378996
331.93754850801633
331.93750283322515
331.9376013358087
331.9373746657875
331.93745231446155
331.93743165669
331.9373888038808
331.936909478065
331.9375712682122
331.93755006797437
331.93757480979184
331.93746138893766
331.9379519211943
331.9371208477951
331.9373744607201
331.9369132135598
331.9375265162198
331.93753843434206
331.93755313441943
331.93747667884963
331.93772004661514
331.93726332171354
331.9372171421019
331.93738315586234
331.9369309356807
331.9375446496779
331.9375479381888
331.93756172847134
331.93747624281605
