509.6853578198052
510.4560348494806
509.96788809404006
510.30532150187173
510.2120385334192
509.914212892495
510.78554788262954
510.9610368312806
509.6650747057811
510.5299366274721
510.6171141567738
510.61181821651735
510.7605697546369
510.86044311485966
510.5908877185375
510.0815686173646
510.4019965671214
510.41965923950374
510.64019990249653
510.5117742976199
511.0272378445625
510.61374514891213
511.062016332824
511.4851344944873
510.9602730437073
510.94301359422025
511.70999488669986
510.81752868154945
510.01209215915515
