232.52367104828681
232.52365979350816
232.52365009545156
232.52364190264598
232.52363483079807
232.52362920590167
232.52362435506438
232.52362059802635
232.52361742424182
232.52361473142446
232.5236126828304
232.5236112481207
232.52360969979236
232.52360860892713
232.52360780741947
232.5236071001873
232.52360655099073
232.5236060213847
232.5236057469465
232.52360535167645
232.52360526264056
232.5236049352534
232.52360489992134
232.5236046852533
232.52360463341938
232.52360456405404
232.5236046102582
232.5236044383655
232.52360454852897
232.52360443187536
232.5236043453242
232.52360456889073
232.5236043724799
232.5236042245724
232.52360435364244
232.52360433074864
232.52360428554675
232.52360443586804
232.52360426415362
232.52360425384722
232.5236043530058
232.52360432973364
232.52360432362366
232.5236042111901
232.52360434968614
232.5236042607994
232.5236043279474
232.52360437762582
232.52360420030345
232.52360429248802
232.5236043653822
232.52360427549138
232.52360426718224
232.52360425523875
232.5236042806937
232.5236043444711
232.52360423002392
232.5236042469587
232.52360428917746
232.52360437578682
232.52360423558275
232.5236042764809
232.5236042943543
