297.94992898517376
297.9481580407901
297.9686231015421
297.9435266185128
297.94633181844165
297.9493834586565
297.9500180747318
297.95057048242415
297.94856418003474
297.9464940971002
297.95210495977335
297.9295235038735
297.9638544172267
297.9545234906036
297.95420228682997
297.9473950009906
297.9518427094408
297.9518310730764
297.94925054808846
297.9480377273503
297.9480378897788
297.95127042590684
297.9465951268903
297.94940266928825
297.94811681352803
297.94949873096266
297.9521330740645
297.9494035933931
297.9486146524887
297.95210150820276
297.95228665110335
297.94971374917804
297.94462111426765
297.95081348483836
297.9594804919452
297.94936031337056
297.9482635644017
297.92815981044623
297.9626538631055
297.95125132869
297.9493325543299
297.9505949673039
297.9521654785822
297.95056272887086
297.94702384084303
297.9499507039218
297.9494766504431
297.9476788494212
297.9516376424108
