141.5906451324463
141.59077020288532
141.59088472566964
141.59099036371845
141.5910864298603
141.59117662455083
141.59125826781838
141.59133377848502
141.59140331610433
141.59146880384924
141.5915279576011
141.59158505655887
141.59163489780258
141.59168203212448
141.5917275994052
141.59176634388587
141.5918042727708
141.59183969128117
141.59187203548572
141.5919021569989
141.5919303607243
141.5919558758069
141.59198029554864
141.59200292481
141.592023871528
141.5920436224569
141.5920611041456
141.5920784852333
141.59209372210535
141.59210852110846
141.59212223600662
141.59213371391525
141.59214661900114
141.59215733418023
141.5921668430692
141.59217800892657
141.59218518962734
141.59219412596394
141.5922008073794
141.59220783457567
141.59221488686126
141.5922214662587
141.59222708771995
141.59223258363818
141.59223720050977
141.59224172176982
141.5922471155718
141.5922491055171
141.59225330709705
141.592257342425
141.59226103563378
141.59226393378776
141.5922662710327
141.59226932818456
141.5922715143206
141.59227317714613
141.59227605152228
141.59227699830262
141.59228047095894
141.59228264635203
141.59228315374094
141.59228450126648
141.5922856907291
141.59228676653402
141.59228763155988
141.5922902305956
141.59229035225508
141.592292209265
141.59229266306465
141.59229287783455
141.59229334916745
141.59229482279807
141.59229592633346
141.59229625851003
141.59229789860547
141.59229748579128
141.59229830558434
141.5922989874125
141.59229817122286
141.59230003872108
141.59230024435237
141.5923005219047
141.59230061135895
141.59230168426802
141.59230171823947
141.59230234032293
141.5923020754053
141.59230231985202
141.5923018932699
141.59230213386036
141.59230220516838
141.5923024248259
141.59230280535849
141.59230330779974
141.59230330889477
141.59230287784885
141.59230350144207
141.5923035976848
141.59230394615952
141.59230391196252
141.59230462545747
141.5923037055545
141.59230438588565
141.59230473406205
141.59230459334503
