186.5110709715118
186.51098370935415
186.51090756845952
186.51084176262793
186.51078468729975
186.51363822491112
186.51229038744805
186.51368590509082
186.51222139360198
186.51367180360103
186.51216875427508
186.51366113786116
186.51212790845966
186.51365295389132
186.5120964531461
186.51364660341733
186.51207231371882
186.51364171703426
186.51205372022196
186.5136380830627
186.5120396946386
186.51363518700782
186.51202857509816
186.51363300275807
186.51202036534596
186.51363137265434
186.51201383959778
186.5136300505601
186.51200892656198
186.51362909073214
186.5120053885057
186.51362839173817
186.51200216944744
186.51362778712064
186.5119999604958
186.51362737362433
186.51199842902497
186.51362709125533
186.51199707857813
186.51362680120474
186.51199597058803
186.51362660729137
186.51199530820122
186.51362643460016
186.5119944568669
186.5136263675613
186.51199446962892
186.51362625249203
186.5119938898497
186.51362627144226
186.5119937092386
186.51362619564316
186.5119935486946
186.51362611219702
186.5119930399087
186.51362607677038
186.5119929418761
186.5136260146719
186.5119928931108
186.5136261050011
186.51199292460478
186.5136259727733
186.51199317540886
186.51362606865587
186.51199283925234
186.51362599988715
186.51199280277433
186.51362595040337
186.51199315974372
186.51362601014262
186.51199249866113
186.51362599757704
186.51199266028198
186.5136260190593
186.5119930510591
186.51362594312013
186.51199295870902
186.5136260266445
186.51199263766102
186.5136259904175
