414.8179310262967
414.8321128230991
414.83555895985864
414.835725928443
414.8416663336184
414.8378080173079
414.843724481716
414.84556388863257
414.84300731837357
414.8465091682392
414.84248603180095
414.8437668704355
414.8415016677209
414.8449361351013
414.842130669158
414.8455295899894
414.84173749650836
414.8314846705489
414.8224814464502
414.8346053865407
414.8172138919854
414.7832769485849
414.8140009915023
414.82967655221546
414.8347021712307
414.8373446784026
414.8381999595749
414.8416392106592
414.83992074523485
414.84207171858725
414.8403072054607
414.8391919814312
414.84205956272854
414.8420081542208
414.84378879946235
