332.90237918563344
72.48982887269631
76.99906972398458
81.86190738746063
90.19875916056844
106.70319964591818
1172.0620279299328
332.9191373791082
72.49839347918896
77.00737235400447
81.86574173977897
90.22453228777886
106.7789472917575
1172.14538841198
332.9205058716252
72.49871266726223
77.00759327639571
81.86583053429058
90.22510435641743
106.78147507699396
1172.1476477486285
332.92038220840914
72.49866987700443
77.00755539032252
81.86581379350537
90.22501208519134
106.78116457259239
1172.1470587876447
332.92038478844916
72.49866846663826
77.00755354949615
81.86581301605656
90.22499473924654
106.78109325098922
1172.1469168102758
332.92038613596196
72.49866847937119
77.00755340030628
81.86581288122761
90.22500564610345
106.78115810195959
1172.1470327310344
332.920383356668
72.49866809597006
77.00755328990272
81.86581280915925
90.22499423958288
106.78107610020743
1172.1468899025786
332.9203860167836
