142.80750538767188
142.8065441875533
142.80750470944986
142.80654568753653
142.80750421342327
142.80654676196173
142.80750387083208
142.8065475154417
142.80750361826904
142.8065480393616
142.8075034514659
142.80654842145032
142.80750333024025
142.80654869425507
142.8075032332854
142.8065488628563
142.80750316895046
142.80654899723504
142.80750311896736
142.8065491045627
142.80750309925224
142.80654918166329
142.80750307297694
142.80654922983558
142.80750305535184
142.80654925070485
142.80750304920548
142.8065493029353
142.8075030419859
142.80654930369747
142.80750302047818
142.80654931976642
142.8075030202508
142.8065493178001
142.80750302545493
142.80654932052857
142.80750301890112
142.80654934109043
142.80750303108107
142.8065493299182
142.8075030224536
142.8065493264421
142.8075030303171
142.80654934085396
142.80750301495755
142.80654934356062
142.80750302863453
142.8065493328395
142.80750302543493
142.80654934784434
142.8075030135551
142.8065493404174
142.80750300975706
142.80654932714242
142.8075030209602
142.80654935793063
142.80750302506567
142.80654931925346
142.8075030298587
142.80654932801554
142.8075030193213
142.8065493470458
142.80750302368142
142.80654933103688
142.80750301620537
142.8065493464601
142.80750300898944
142.80654934787708
142.8075030212931
142.8065493705235
142.80750302003798
142.80654933496407
142.8075030224827
142.80654935130042
142.80750301555963
142.80654933895858
142.8075030130658
142.80654935670646
142.8075030214277
142.80654937515283
142.80750301754597
142.80654933747428
142.8075030225882
142.8065493474278
142.80750301614535
142.80654933162077
142.80750301819717
142.80654934495033
142.80750302629167
142.8065493454087
142.80750301705848
142.80654931424215
142.80750301577064
142.80654933015103
142.80750301154694
142.8065493404174
142.80750302081287
142.8065493270842
142.80750302429442
142.80654933789265
142.8075030222426
142.80654933908227
142.80750301121952
142.80654933968617
142.80750301335502
