156.48091721373385
156.4806417536829
156.4810014966688
156.48056166289825
156.4806448000927
156.48098172387108
156.4806269749397
156.480940761302
156.48063799193278
156.48102352634123
156.48060593579976
156.48044860250502
156.4805533986846
156.48117334748167
156.48030733732594
156.48055049654704
156.4811996538965
156.48065656015842
156.4802944438452
156.4806586666682
156.48115122683612
156.4795898320226
156.48020233947136
156.48064777518448
156.48106264550552
156.48135982440726
156.4804438258907
156.48056396896573
156.48111335048452
156.4808555657146
156.48065184559528
156.48117059760807
156.48028266472102
156.4805620527659
156.4811270282953
156.48081713658394
156.4806466799164
156.48110899968742
156.48087190613842
156.48064897889162
156.48114047490344
156.480788339446
156.48063664284928
156.48100317870558
156.4805517888908
156.48065587016936
156.48111895870534
156.4808371906529
156.4806549242021
156.48120551308966
156.48065447212684
156.48029454008247
156.48065855762798
156.48115456639607
156.4796307363158
156.48065795994262
156.48107546267238
156.48111013025664
156.48081922837991
156.4806462821707
156.4811057839088
156.48088525662752
156.48064649757907
156.48111773245546
156.48084104036752
156.48065429174494
156.4811979905753
156.48065721017156
156.4802945125175
156.4806585981205
156.48115491113458
156.48051975844646
156.48046437671474
156.48064238205552
156.48108187417165
156.48103933630773
156.48162291401604
156.48063627790907
156.48029471446353
156.48065839890114
156.48115196903018
156.47953583041453
156.48043096066613
156.4805489236569
156.48122157522448
156.4806473909739
156.4802947680655
156.4806583655518
156.48115201717883
156.4795302826169
156.48043933971348
156.48054900745046
156.4812211720673
156.48064758895634
156.48029475551448
