84.32666247451925
84.32660158628914
84.32654253355668
84.32648377290843
84.32642942278562
84.32637610063375
84.32632511405154
84.32627503089134
84.32622758533944
84.32618226083014
84.32613844614207
84.32609644545846
84.32605694224367
84.32601755837368
84.3259798217814
84.3259443701927
84.32591074630818
84.3258780314809
84.32584712834068
84.32581691415089
84.32578827234647
84.32576115478787
84.32573532982587
84.32570963800754
84.32568661167352
84.32566371054418
84.3256430318761
84.32562048629097
84.3256019837454
84.32558271085509
84.32556360074614
84.32554755180354
84.32553105886382
84.3255151987496
84.3254996908463
84.3254870052233
84.32547322738901
84.32546049686152
84.32544726182641
84.32543669223378
84.32542585037845
84.32541553834017
84.3254058133698
84.32539405063471
84.32538549064702
84.32537612251872
84.325369453838
84.3253624028057
84.32535523894512
84.32534807407683
84.3253410056368
84.32533434510515
84.32532810423982
84.32532283666296
84.32531664848284
84.32531148808448
84.3253078815942
84.3253025626509
84.32529694593904
84.32529342897215
84.32528844143235
84.32528617655225
84.32528283234205
84.32527915492392
84.3252762434513
84.32527242465585
84.3252709026383
84.32526707608667
84.32526329142274
84.32526096643232
84.32525995223659
84.32525680291292
84.32525525190249
84.32525228212762
84.32525144503961
84.3252493944492
84.32524754929
84.32524646928505
84.32524448583717
84.32524243804801
84.32524136357824
84.32524020066194
84.32523864584255
84.32523650664007
84.3252367349287
84.3252351832798
84.32523412675255
84.32523416929507
84.32523234381551
84.32523114975993
84.3252320150932
84.32522964272357
84.32522968109333
84.325227914067
84.32522752754994
84.32522756413346
84.32522756832259
84.32522645721474
84.3252258770226
84.325225211629
84.32522528272057
84.32522480969601
84.32522366950616
84.32522410855381
84.32522348119528
84.32522248564601
84.3252213687847
84.32522123712442
84.3252215099219
84.32522187185896
84.32522250009424
84.3252193146127
84.32522006108047
84.3252199999024
84.32522103248084
84.3252200078532
84.32521899110543
84.32521945230292
84.32521923438799
84.32521899005224
84.32521903560155
84.32521965855267
84.32521797989648
84.32521969519075
84.3252173487308
84.32521723395985
84.3252172272496
84.32521795643515
84.32521715373878
84.32521811091829
84.32521828973404
84.32521722782803
84.32521689335772
84.32521731757879
84.32521589371208
84.32521717683994
84.3252170416381
84.32521717852433
84.32521761602766
84.32521703661041
84.32521586359144
84.3252155959126
84.32521721309604
84.32521568102311
84.32521737690695
84.32521564831404
84.32521712239395
84.32521678048579
84.32521727171115
84.32521533990075
84.32521451273715
84.32521528262805
84.32521485291363
84.32521499742143
84.32521654546872
84.32521587645533
84.32521604813519
84.32521628516406
84.32521513709798
84.32521603368878
84.32521599260144
84.32521451867433
84.32521576404542
84.32521697350603
84.32521558019289
84.32521443089354
84.32521389181784
84.32521590324177
84.325215179324
84.32521552373146
84.32521631391137
84.32521624872243
84.32521594651189
84.32521698389246
84.32521490231011
84.32521528060897
84.32521421831916
