347.13198086202823
316.6416998891445
320.77893475680355
292.28509381316917
247.06317851519975
307.6354805554529
236.53023395046375
289.598328739869
319.5236461753216
301.74518909748167
279.39141499556536
272.96513048664974
293.59809289048144
327.6407721229107
304.46790907832747
276.51561870111436
262.1845253145839
305.769272509453
316.1240833957272
290.90981295430083
274.7167801288624
331.82235574946753
355.41343397683613
316.8001805816648
305.3918344771437
316.4685565704267
291.07835571602754
316.96507683216987
262.44894395910705
324.86344714181905
267.829878673605
316.48852576355057
332.59651601541736
307.83191155196437
313.49994429392063
344.52318359293713
350.9374721175609
312.9010487942214
251.08509105049052
277.48110677253317
273.2635116131605
261.35076934844074
233.86132044477745
267.05845998995574
265.9201005931809
352.08298577337155
344.56193648299995
375.86692522843805
328.7242613473991
278.76436277392713
357.28153376896626
308.69971643984536
274.06038245387754
271.78908449684786
239.64210767742043
255.759760880861
354.71072750295934
301.3149453179685
325.08516806710395
264.53130499773397
261.49530667687213
313.4636234779973
366.48030781152556
389.5743920499881
289.19293487705363
302.27967679627545
305.6120235831622
343.5367936913535
257.8258041302106
286.1321599535004
270.0856213084735
305.7153421511757
279.4243710408118
274.9501423838301
268.30357629627906
312.3179347117657
275.45612232283383
300.1556924319448
279.3299812175719
239.64971910720487
276.075830494563
282.75530544291905
328.6274765695089
304.29249571066975
266.5449785777455
388.03178218273024
313.7411089702473
244.86384591302703
300.8195075656222
291.7990693670654
343.4191126117221
287.1997468466652
330.5678356845601
325.45187143255316
294.3965598840041
310.0447000989443
275.585945842864
248.6263466188757
317.20017713517154
329.4067508940243
279.6428608376591
469.8060259918784
281.21939295298944
273.48396328868694
311.03950020651246
347.70148706389955
396.4642305537127
333.3410197449193
284.0131559685651
324.1124390346813
296.9836218193959
344.9480523045859
273.3176601729938
242.27335848133953
269.72625427249295
305.4055278234591
323.4713957642816
389.84044560237817
318.31165774417605
260.56683235217497
333.0750843016649
306.4721109439852
306.37261223518726
236.2512014505919
264.64048913211445
241.50627889748284
283.8659069934147
244.5769404190578
288.08346606044506
334.16560562953237
278.3112353649194
297.1069952941325
345.1839184594137
283.0348502269044
286.39567941326095
249.1562297525452
300.52747521272977
297.46846156769607
299.68039927323116
342.7628318538482
247.7182768132261
240.1995610229278
238.4865594535877
276.54152413193515
275.25857694708975
348.5945234404717
281.68131404728047
283.75743312774284
330.24561082926084
282.30437361529766
351.7326727379768
332.1340359294554
219.43629558071552
282.222753160946
357.6182720802972
366.6167620032138
333.65071971518046
272.9153525203292
307.72856826268253
315.70006828760233
312.4404363762951
309.0888645405139
306.28321881662123
247.43170162263414
275.38625241497357
337.7064657729352
292.0173325327778
232.29612776865542
262.6054245631458
217.27059348041075
308.3314556847472
238.77333318984165
276.55814970010397
312.36670914559363
252.64104474568012
273.24550771986833
255.4100128078062
295.9915377669313
247.08865030289599
291.5834610885868
286.5665075176803
291.54834044675954
307.87570295023033
318.176580424275
301.11052094458864
298.3835715301029
262.65298487601103
348.31666335093905
325.42997884100623
280.18779163790896
234.9856871215743
331.93276834742574
350.45668807769835
286.7348851262868
307.48217706375726
227.29471367212682
316.8063375006095
286.77653789238684
330.54980534464266
262.2061264987642
253.8442243256577
292.7112729679575
303.7897642056341
270.54765589501767
307.5465191307885
283.79773910286895
193.70419865116855
291.11712521903974
302.9894646886896
293.06096633101697
280.2623285235677
344.31950866025
269.9156272420878
255.97810480923363
259.0949727088373
271.1417934201818
334.6865304381572
471.4653273614167
325.79331541069405
308.66094400281145
261.0704014310759
259.1883885534917
283.7334263064404
326.43305573859834
279.5392156823509
322.132554473239
348.26991854872904
313.96721715720196
312.63582163499086
301.6311525787605
242.02574517237372
341.7237802818563
407.35864575802407
256.1264150785428
386.88495850062463
243.47968186892103
343.12195715270354
267.71386383294885
334.70504639956926
330.522892350622
286.86056106264004
290.5666548541194
300.04736892947403
272.8104577310005
267.123367371576
272.6042999731726
269.1120127660397
285.1854922473285
240.528454901214
305.0535391263984
282.3611347596161
259.42646818977664
337.04308198370563
273.3816815779428
257.0771266960801
278.2653898890276
274.7548579921713
332.3580837683112
239.29999298656185
314.69467728018935
348.07591840988607
306.6806277761498
328.7036431271699
253.81269522741786
299.91698135212937
257.0419290042628
292.67359697179927
310.26626177324215
408.0644938834448
289.1301120244607
256.3969004586397
306.5527986873931
331.8763316969562
309.7748595351877
250.93205127425608
346.5921592210216
342.6114383847307
274.37298104231013
305.8376846808387
264.4471330841625
265.6240772180463
313.96504903833556
296.339111942405
328.8117735749547
270.3195979568118
297.08581537871214
306.02099905240175
338.7725722317555
318.18736832460854
275.65137110001524
295.907627735869
350.9311298659886
344.54802333067346
403.942899118294
251.12571883639612
377.78450753622747
239.79671374612371
328.72029751038644
258.8273895944003
255.47782268634182
335.1718501020805
332.47236055490794
277.4414186139038
322.79931022007077
270.5601776826661
301.30750351413735
298.708673873276
292.61264592345105
271.4860163419653
343.15173747739755
368.4245426436828
289.39026981192
285.7179345845361
325.7883349051699
277.90908952924656
424.605412237579
292.7992254224955
366.46320581735927
285.0081303321349
322.2731351114635
362.5253942817508
252.0574032796867
286.6224459574878
304.09195519374043
270.08392380304576
322.0098742293776
313.26455678207276
312.5787429972406
329.64756049409334
253.5924817360501
280.4549365809071
294.02808970007754
258.1700518444122
285.07184458733536
355.7917256875662
252.15189986566838
361.2808143155562
321.12745285822893
316.78617347632826
293.2068527704687
299.01691198308254
257.4449956897297
241.57369269955961
279.9990543218737
322.4491089073563
335.5552909086691
360.26947402537917
366.3040169502201
246.67290717452124
315.0543548250862
318.5138212973834
315.64369914948475
380.2465558228723
307.7446293209214
344.7711185251392
286.3849888019031
327.51717215155077
304.8267750160594
275.48777356080245
244.24141101475107
304.5247951899364
277.5556232192903
266.4337311311683
356.6765437437134
343.10046715119097
265.44044683672837
326.4801901363826
348.56429558103264
298.3883848464757
325.6312060522323
257.5055131816189
326.5295975069457
230.87707306163793
277.42026074018213
334.5333596011478
286.1657362117403
278.7662848426844
249.88939374031906
262.65956769803597
341.14577277124044
251.3968140671932
316.3167628825613
288.25583694528905
290.00306360895047
485.87671514925023
341.40407253468584
368.250903290289
278.00915497257665
293.12048800515186
239.2559334148973
284.80734446219867
302.0544866065902
263.68983362861036
302.58877367286186
238.28379226851393
303.2103163078864
317.2725726586941
270.29303790055565
246.91312826755166
269.76306332937384
328.8571103269205
244.01091734970396
332.64594183272857
264.87578892135934
290.4599857548601
305.0837093013106
305.2122829669097
303.68557057088765
272.20773849776015
293.22439604352985
315.67065199163335
390.02346718918125
276.66425002127653
290.9283206779801
291.67499485866574
286.58322493027663
305.7285008512408
239.69437835791905
306.0486004551203
224.606332246869
312.51395563011465
287.77698495885124
273.2823384584335
355.8269169536361
331.08208586109686
322.0301288936462
271.6511983020464
296.97970915585756
263.48283407134295
318.11655591045565
333.0157303723536
320.37631137833523
270.9099077834835
262.9801514826104
340.1964654463227
303.4358624831948
228.32970914978068
255.79628878479707
332.5862085307308
312.35945848940173
336.8623731658445
318.45662191853626
317.81405422175885
259.511405659694
369.9107803859515
312.2112694904208
309.9881071820273
295.91668384027435
372.5916237356141
269.7644415034156
357.4804954752326
217.00938566218247
331.69105194398435
360.4564023701532
326.599385842419
233.53469183764537
380.7151790696662
290.0282464630436
304.2113136681437
337.16242701828014
403.98568063933635
272.44460600585444
307.78897299143136
307.54752837948035
285.5411341243598
320.80214036788675
309.50603679934284
349.92279311004677
307.7270412828366
314.73947637723177
327.806994120765
195.36272703911527
358.72758617190993
369.3991481232515
330.6148522265139
284.71111256387667
288.95731369240093
245.3579545606044
312.9043413879117
345.0045990240178
247.1242336409341
233.26063696009805
443.3615519074374
308.57766404468566
283.4297883162508
289.21814424035256
352.31909683326376
314.7464615010249
282.4352586058667
226.95623507679556
254.17317485032254
351.2312387309212
236.02608261522255
299.537141510169
260.96429142699344
296.4307408206223
282.6505013978458
338.63715710729593
264.0889112074801
350.7713524567662
259.7973828512186
329.05553427836276
255.63734666904202
253.68987110457965
309.7373031231982
228.92848257473088
327.1793643019628
340.2449301581946
301.28690143860877
265.8813523192075
311.2985150976165
283.9505491309101
263.44257447493146
239.26115964670316
254.52167418508907
436.8365627347375
313.4767348187743
239.35998266848037
339.05219316695
274.40380317356903
272.9815780436911
305.5940948543721
271.2448716892104
349.13487074602745
342.12665401387494
312.4447764393699
331.3534971160698
289.18937207898125
313.387988006114
267.214822398033
262.9708378329524
336.6158963141497
255.68265211759717
292.41114951478085
307.56199430912966
294.4095144869643
294.00988523461274
352.3643765869492
350.30132484281785
296.48997676881845
391.39182833002997
325.7273484770558
284.6503056024667
311.86291126944707
283.49382734738174
295.73214990709675
304.6795114623965
289.31501152180135
270.58527608576696
243.33822367154062
286.7959613795683
287.50347932899604
249.48876877722796
275.61402696359437
223.42240619345102
281.7601206934487
315.5159085741907
427.9185471498058
321.4268625386758
257.1384615255811
269.7853628684825
256.4228499781166
244.09995328827063
275.8754911412834
340.54319804738043
273.635060956527
296.3600877497229
245.0627859235101
275.90363718764274
250.4317628700228
294.95767290738877
283.58182141414727
274.67777926215786
289.758999762038
324.0493816866656
308.8743366833369
327.3161478077527
325.00718223449076
279.70339810915175
350.42195462074596
407.2510751335358
266.3966341292835
304.3566328039451
254.10754596686456
309.70405190924066
279.83400800198433
314.8864903775102
273.1246202887269
324.56742431173916
241.32582323387032
267.50138200834044
348.3513495128718
300.45696504527587
268.2307113108109
286.74414065893507
416.7018088796467
317.56491305390955
327.5155418457871
231.13907539195498
279.78084251639666
256.39181656757137
311.386069825734
294.5375570645847
304.92143776317243
252.36689470952842
293.0187805744936
264.5940299787617
377.19910209355294
307.62057429159177
317.507605302264
296.48855038173497
305.19689424461103
341.48008393574855
326.3032996286347
326.5132742882706
330.44081801016
318.509993360698
331.1740837926627
372.40707413028576
339.9078300371766
305.87478876984096
284.5934257872286
264.203551997809
256.6949327181501
260.7774916290946
263.3847740046622
297.11232727981405
348.0702864944178
342.1954446953023
300.95537672709906
228.01316128793405
270.4872503723018
261.22424890089314
194.75782999457442
372.633955033496
362.671929232456
321.9374228300294
339.2415648128663
355.8446467136091
306.32630551734474
303.52998685630155
312.6822935619566
324.890419732139
297.64300481393
276.3826530853112
312.09554285771446
385.2435640640615
219.75956228448194
285.7452408998797
307.49743809743086
295.70416958397254
359.4149865304935
272.3806308346684
288.8765080595331
366.5793213789875
240.59901376982452
242.63788225443568
306.5075063473487
249.7214730803389
245.58390432182932
293.53957218976575
267.5052365309384
265.3109242118662
356.3542061097105
289.3507454455539
347.9872648207529
316.65954668453196
242.03859902761178
264.38309482621844
281.005386366538
255.4479554418358
277.1031734790595
255.564792195888
274.27737312437966
265.9042591819889
296.0295902445214
311.6857462444459
259.69756261634757
260.6129377137695
271.3036555958097
460.18040618495434
302.3344419199275
248.37151666425052
323.3636596676952
297.4069428493094
249.49630404546042
347.5591412872891
260.0621199159068
290.6255655128625
344.7022348163882
276.8963674654078
354.97932049131487
259.70438341776025
308.6940061528876
311.0112546411401
330.1919121539104
274.407149623381
300.25686173615395
312.5116509284999
303.11731863752357
318.53347734719864
320.2525724405132
267.43456721046823
285.02850839239545
310.7500226512202
262.34426106727915
474.52599825456855
304.7438995495904
261.462310430099
218.73362069571158
320.25694164808374
302.21529962465866
286.6267846976116
273.00665425506304
275.51371649772045
330.83757196282386
365.7869176263921
287.48740325617837
314.32969173247693
318.48352013574913
359.19507072513807
289.34258900859277
327.76422660361277
258.43116356397513
341.6054047974758
444.98570521798683
359.17527108386275
309.08950372293475
284.927643859206
259.0908340686583
382.7628083432501
278.8008203752979
290.5719294041337
356.6264583952143
364.52796033074264
301.9987176572904
296.6643572948233
263.29934166331077
303.971959615621
305.84817629575264
313.2025329332391
300.3864897021849
263.4494864497683
282.38045747191063
299.04172404884594
295.2355565429607
330.1363818945247
303.50824679926154
299.40251016864204
273.74972588624223
317.8989159910707
254.60665107899695
291.20977626228705
277.5999014368281
310.26695361873135
226.71313141705468
311.07409065502
284.73993528538267
342.54768190861796
318.13410353378276
328.80215853304253
303.54309014155297
309.8363019193639
230.11705224314937
265.447770067025
334.66846003881074
334.86054309026804
300.4029529521649
277.1568644763611
327.09249961416936
275.3391073634557
295.6323079605063
243.76876246722532
251.53033284583944
289.4002538988425
282.859446348506
336.14829292567447
297.65325194512843
321.32631371659227
249.24876590340864
265.54982169362484
260.34691893550917
271.941529940872
251.97830998292193
264.9541595025803
254.0853524126287
315.01993040335947
322.60786234078114
243.09288584350725
287.805489830178
322.0826932423224
299.27193300554063
317.1072004660091
322.0721087239799
271.97498392360285
277.67599591912585
284.6176873964723
266.2812212098506
351.1434098155296
292.9073331687832
322.34148582740454
322.3291899538308
282.86484681637376
326.5832325342926
228.04076908883872
299.5631854508247
339.0300065673073
264.8530923863582
273.38543175850646
270.07398166132043
226.8017265908129
210.65923226464656
314.63653707911726
257.19789158256026
262.71967019178555
349.1829584125953
349.74150420722435
274.79812372586457
312.09406435705023
292.31187633797526
307.96233302311157
252.16370416700374
281.4288409156434
245.60642792729777
354.98037582210964
293.7759842776577
355.27981418388663
263.4584055862797
278.57302285090555
291.9409287793387
356.29233826955897
219.84612531520543
250.05188228131738
345.75407974413247
260.5798919458757
241.69469154553371
279.0621129357896
307.36887951998506
315.50416877443786
280.2735865616123
258.40407674992457
324.02404463579296
308.85478059222805
305.1763461046503
281.3659703200101
244.80954516754718
419.39117841029656
297.30215435504215
259.58217369407066
305.4823511647701
331.14714180861483
268.54269126360305
251.59103740926366
262.4953520357958
307.133278990892
306.3417295010586
325.07897417235654
271.7585947794141
295.09625727598905
316.1108584886824
319.17992941109696
311.08206453575986
320.58079473185353
256.78576861676993
301.68315713846823
312.81708497044747
339.0954191577039
242.4079103693657
316.5466068984242
288.99569293731474
330.15572336741025
377.7737854124862
320.59151847471367
274.63726836879505
261.71759411442326
294.98718184189056
325.63303976826137
243.83252008236013
286.49855146755
299.1506773972069
250.20714499021415
315.4737097119796
279.6538831857615
324.50636799639324
334.9478604848846
309.7195269163931
264.88374743255554
299.3769250350306
281.3522776583559
344.1156891057617
293.64140511874575
300.44101016566856
302.1330876593711
235.64899861387676
245.5622281585238
314.25036039343104
307.85310282191494
337.88321912981337
312.19336207263405
306.18927514139796
374.9035052425461
291.7082730170223
309.36803098517703
365.99431396316504
248.71582324546762
376.61067190696485
254.74147832929157
343.39759648463223
360.4275017028558
306.2235745800426
284.1523190899752
324.6685165326344
298.75065519084455
308.39656843279954
266.8100054037059
252.93649201549124
400.51991782180266
265.94187192391837
284.2710764359799
434.42397998378146
283.0409212243394
338.3967980699963
309.0192584528704
333.4046557099209
315.8442488156725
310.90309735108167
343.4363726354786
382.98017637833254
285.54236869106535
331.43046871118713
332.2329826077912
311.5355898148846
328.9838198578218
290.8835433454951
366.97350446286146
352.8548564327648
301.4506989696529
297.5298722438747
373.8485535143409
273.8840785343782
422.2971949802013
294.8904123737011
343.9563321740716
312.71812161186244
270.17057388520334
222.27865353680681
358.77923478966113
279.1706605872605
295.38430499401875
320.5016701496206
323.48646740202093
245.16301672923146
298.28560427977936
348.43763775896514
286.4742781872046
280.5460847267532
312.72828770196065
257.02715537452605
253.9918300920399
329.6142407511361
326.15553504566196
280.02052372542676
334.73523967544315
276.10406584333396
339.71205549960723
333.08412193279946
235.33900018804707
314.2341475797002
255.37528014049167
318.68446911947103
363.91063361172564
307.9443341945298
300.85644559317734
325.7057397372555
248.54787923698314
255.03748653252842
299.7032105741673
333.188568923797
347.20062385394704
270.3071445170208
287.80815668968717
338.52271156868665
249.01019714499125
308.4213808721397
298.65252628194867
314.39496454800246
268.6598447475699
302.8884771098383
275.9286143393256
261.6894533279119
284.6215946567827
296.4060485790251
272.18448850966524
322.6372391584446
281.95181939261965
293.52240956173046
298.7757619198528
327.0874952042359
284.7849613169674
262.911724712234
308.10459030169295
450.7303899094695
343.99208043218823
293.70814155275
264.6752551237587
353.02120407047914
320.22774225490866
301.05194316530833
383.6425170424045
309.99363947083475
442.5674076657742
364.5038115318748
276.7363439433975
297.6469211666845
292.37642742553726
315.0316910010297
260.6489412658266
288.9462530516321
296.67148285527946
242.16832643811358
256.39259088085964
337.97628769569565
285.89869336562697
303.993628145603
276.4514280774747
297.1932128475164
284.22274237970123
348.54666390956845
312.93800070061116
262.36652144166874
339.87873260705965
293.95381119986996
289.5278210833785
362.8016012076405
267.1431585935643
294.67306047288
259.01520842593163
265.7909234618419
244.6348323110724
264.85698372137267
287.8891973560676
276.453430848429
288.9713042646181
221.9690729486174
304.9799601190025
283.8758234916022
308.49835695832735
445.3930485876044
430.61352494795574
276.5732517989818
350.9915766613558
299.5281641728943
274.0355866919854
246.9214381921338
292.58194777352037
259.32812708459096
317.93376729125157
266.71692894533044
277.2431105443975
249.72411310812458
322.3324152691057
288.70502347126603
300.5983916109544
229.85448424494825
288.33351208351087
273.42218368919566
321.7601612068829
315.8007686716155
272.8588120479253
333.0869054442155
275.9028867739253
340.399706730037
321.97188885853393
361.2571105583338
294.0205238562776
266.73681314167334
377.6040468921419
270.7791218741331
283.1613372200518
321.1187474349863
291.820611694071
304.09158928337274
240.59590706031304
275.962700914999
328.8573274347
402.2805150349159
265.1032079056604
256.11838427890325
315.16916618624236
325.4298275235342
281.8298680924345
245.42857119918335
250.0727554493351
250.06416767666815
282.1195614056778
271.93070710561005
285.5722312791622
368.75792500085663
364.0784828696633
375.57939413702115
285.2994496221072
245.81682830059435
282.62875206541503
303.52187539904844
268.39939119527116
257.27329975611065
358.53173592791427
270.38872178155
276.68357797537465
306.5879700431251
248.49843356653582
310.75323441613
307.2871740098926
286.5007644396974
377.32239245047094
272.1060553914285
347.0504523111158
291.2515395108494
305.9001857700059
243.9515034838114
335.72980627988
276.9624058317859
362.12037527089706
315.5868908482953
266.274371471256
265.4458601177903
364.8865817412152
321.7514806141844
305.05759492027573
327.0711675186176
354.2320754370303
320.9810775980586
259.00471305305837
277.62725330807734
318.0885864352458
393.04432093398646
270.6304962235736
317.4761184407398
304.09883591963444
263.4620926862699
298.1898066737922
357.2876809912268
306.39296745392494
388.80014561576536
334.4347789468593
315.09837327181594
301.5663727695355
251.1563817228889
371.0212741900468
315.6927694149199
320.91620550683
265.86298315622844
310.9182840057765
234.9435641656164
319.68710886029294
296.49791764916154
332.7242627151427
289.0151954131434
365.49467469676165
329.90191734029213
375.526801255648
425.81622485036496
308.7165973641095
315.3849157212535
256.8874748951057
345.5858385699685
334.57573221978964
350.931841935846
282.8420885356609
297.95110118272714
336.20699204300763
313.4412157337647
278.57050755625824
334.03005569655215
327.1607479429804
375.77726855361834
316.16890882718144
312.02401006850414
331.86525133182295
339.90708620188525
275.61106671154266
271.3747656958876
273.66634963662364
298.82629077869933
303.67182381253224
306.12802006775746
248.9846838802914
279.80980789649766
252.75113909650827
295.255564733583
271.9430508802179
257.1204879528377
240.2044650146854
330.376373736246
339.8477118353476
337.2645537162898
243.4592725535622
385.5471734565799
283.7022119181347
302.02900185028557
292.5267629744485
263.15757782867877
251.75983125774655
250.47766937757842
304.37299194192747
274.0384674028028
245.41705239698058
359.7502952645882
282.09946331876563
300.16532931127585
351.18523473729147
264.06679536332376
266.0041077673668
256.44336915994063
249.72909638326382
288.28261065733386
256.3102820296772
302.4574010944343
350.8115659238538
272.7128002519603
316.45905943831895
265.8488625836908
308.660548583779
269.1846252781688
223.9736834440264
307.1672138197464
295.4790368452668
396.66532222094247
305.5130302327452
265.52192161086714
266.64450048923027
330.6230287281214
256.56665785086807
302.67849059577566
363.3485951803159
292.52743221854325
373.4828162614722
274.33660586026963
351.0025130879367
256.49536703591
307.49398658412974
311.2059256574139
277.1216917876736
270.9133386440226
327.6066024170723
264.38803854532307
316.4198031440028
291.35427413665457
380.91076735110255
270.39615650312044
378.68363343010424
291.311320876237
292.95062188163865
281.2676413943991
287.7790022410336
350.7008704452892
329.5925707531278
380.39287686970783
254.0087287480128
312.2589708046871
395.56795126677025
301.76899672922445
296.28052408859367
227.41619030828588
413.36771590140415
279.5789964226424
283.26924137811875
237.2485058401944
278.5228071867605
274.98195857554674
291.9557245748583
347.0895241870894
354.6692922668881
381.9457398731611
352.6639908407233
292.0089470461826
223.14087228255812
315.41993345244555
321.09590057272
352.3194882554235
270.9182166070095
325.74336704198504
327.9122418455663
356.6357961973408
301.16246211813996
272.14484972157516
261.08473968913313
317.77226091263583
329.9058024586993
266.152341371926
257.05522773542907
314.5780307224486
279.8872196057928
363.58671869151294
301.31575518712634
210.35605410096468
250.30163454537978
299.40041573537746
291.31176922051236
337.09598103974713
308.49570377659984
349.90092680050293
303.42642877734033
289.56250659469515
300.34013700997457
326.82075741753215
353.2693308793241
292.60802747658454
348.0624915676308
341.512954846723
281.7189202188165
328.04764781170525
248.44728579121875
272.12492352351546
268.9044829317136
277.17634544172324
330.4379126743297
333.2586299130926
315.81854832032695
324.7611510808347
341.73222806229023
280.0820863255649
361.2984583612415
251.8352947589592
255.85255205858266
311.91662773676217
287.9823772801901
279.63774979149457
317.2109294835245
519.5206576482742
371.1585073132301
288.45735877769766
317.46421257645125
328.5639907887671
305.48035258607706
268.8021222775569
262.3033837376279
302.11394577118335
268.7139538753545
255.31433490745258
273.64804680499947
288.9171225678874
251.5097303488874
269.7681781660067
307.0489702959312
295.592483198212
267.7984210396535
344.97996149683604
237.3577100117691
313.6390825959388
307.458881382714
263.0495482647675
335.868188807508
270.36479483993025
268.4339201087132
292.8262755238102
247.4183041685028
318.77748685289407
293.780332986149
303.098255101766
315.89035003323806
297.9180436556926
293.78147389373044
360.61760013672756
262.4006113889627
293.3591536945314
255.77581431844737
346.25528187007876
304.23414146795403
323.5258249869221
269.1032748473808
258.4422488322016
299.9464938415331
265.55687600251986
279.0115836680052
266.69533155602403
244.1733809467405
283.9277329639299
265.59605335618835
294.8906845941674
303.00522611348424
300.06980890012346
281.88492690300336
307.87451718887314
239.44385773030808
319.6723947087885
372.04774207802257
293.68946058594156
293.8866254015011
287.1695986010018
304.51972873468185
300.0259923256235
282.3567677196115
380.88457013026346
338.7736980395857
289.5009503008332
316.1211136871134
306.53609131113626
298.76300374179846
246.68717452522833
328.72371123963967
241.5369781354675
294.13742051267764
314.318775804888
346.50087722286116
296.97024729754776
311.1050956067047
305.87101390358293
302.62770717177773
281.37882627913496
267.8337977276533
310.3677328483318
300.07244237716077
333.8694425429567
269.2608042679494
259.868400114181
222.77803009474883
330.63905545987654
303.8614887513104
297.68403394700726
303.63580087956507
267.89179511758266
273.9177828205866
209.50602449086728
326.53157686669147
274.65384384657955
265.7735889342148
246.48923568380997
259.59366239223164
257.6144389852998
271.9433536537108
242.44777224742575
298.9126697333413
260.0303475165274
371.61511075502494
233.77542072942015
310.02264896809356
281.2634497123072
269.15343178313924
260.79596570087597
306.3363854098716
330.5486806005938
335.9019574049162
240.16328763519414
297.6172773349681
354.1460457627545
344.17538231622893
324.88313761376776
300.91065132350195
288.16086180496495
310.50446451536845
263.2776948916144
296.7822346424218
256.77951335918624
278.61293691419996
296.9701510105515
258.76960676914314
292.1441224642331
421.1539938983042
261.80391487508314
279.62668735702755
263.1486714508501
266.80476114933845
294.07928546488984
247.9679453605204
306.13144748919876
282.9006445520208
282.5039570031222
352.5511086731567
342.95129576383624
335.24806744320085
249.42639508959837
303.3920608595945
242.86966041009873
313.4658492548042
303.228702025488
351.16650471207686
325.0640596401063
332.0202337266528
345.40999614674365
326.99684306117706
301.5054729198455
380.28294032014674
257.4570762834628
306.65986712044105
224.18218678917037
285.8137919732835
276.04223450191785
262.888747329067
289.3776780196931
342.5792091091862
312.9526661770651
237.90110478975112
293.66837632108945
292.2059328982141
268.2969766918686
321.08513506822055
279.2266902460251
321.5224563772208
286.32036042929394
318.2625236243475
267.75969823187916
273.2373177894042
266.26595492044
299.76366238610353
261.4765361507307
248.73398824199103
290.032104571932
283.8272922381875
264.497174269869
375.33001159573905
282.3281210362911
315.37502952781506
309.69076174439397
229.82857965893345
244.0004643543507
335.5799921436701
433.49487890611636
326.96381438104436
372.07272498321254
325.55715827457607
363.7485855103005
249.18993909918936
313.40468484314624
316.90342619852163
311.48068265325855
317.4904260149342
337.0675053887535
262.0043681820389
286.0568608275498
339.0734857931966
257.27430240495596
293.2326531170984
319.08562765060924
281.2944281803793
293.6290643122629
262.88048475107644
435.16886949684704
293.6458287773421
245.13659666787134
286.2500070881215
309.79957358556567
247.18099414062453
258.54140332870884
276.11746351706097
323.5713465603185
273.05082093854435
284.2233697636402
288.97968952188967
265.74688248801976
300.57469524326734
338.58449075190583
364.84517580189276
292.9952822115156
317.2031107885996
241.62564853444928
253.48943475674605
252.69868049072102
378.9385757658165
350.4684717085329
319.8039727094583
300.75910500844475
247.26404540764634
233.98194683378097
299.6308322008699
281.6411087617744
265.4474759780569
240.32805306924274
300.3392872546683
297.2614923182409
360.9407901969971
345.2471649211948
259.155883084517
358.4480071759317
223.80228549806634
284.7644213475287
263.4300210994552
399.3403474877123
348.29105180792976
314.0832000845694
299.49054352071835
383.6846684703487
403.8151607917971
311.51465926878154
290.97346095141256
269.7235402720398
315.68733091367176
306.90894466859754
253.41017954901326
241.3344161218265
346.66662373853615
262.40232240309706
291.4348459885223
318.7204734351253
315.57498021109495
334.8024089030223
390.2045554953511
350.7138925695326
345.81752728827996
318.393069082289
291.4631964384462
336.50177775818156
286.42073227476794
287.8572753540939
277.5842936874833
331.5712447229307
273.0188509815489
333.51768052659463
287.76161876443075
251.23573737603147
287.55804851057474
368.874701790337
389.8237324121292
274.4336575939087
309.223593147879
318.84574614459416
314.8719795916695
431.89349437807687
249.87417346192524
267.22798249020707
303.93630219990155
288.47537333419314
307.72666549216956
316.90530041849706
264.50253755407175
459.20062086725375
285.7657932517468
298.6403341401019
375.96127577871084
325.0874872102286
330.2037516734563
275.5096666182508
320.3146013247315
311.57087242545094
326.9415202663513
376.4280581336352
284.39565774734365
341.8653496777406
400.498710012238
269.9697519867332
302.3720231518382
287.9468270794605
319.9047666313709
299.15599588368786
272.9437870979891
242.85230604710523
347.8263063339982
273.1526091088308
357.0790691570146
363.5042423012783
301.22131751378765
297.8059046570561
325.45170597929973
331.7644972974085
338.09545661724405
258.92182458139723
278.1815733342082
280.34948414802784
288.68564552406315
322.41774264967535
487.24895474122604
271.49499946425203
349.6902393504861
311.9315588512691
350.6683052472072
290.1129706487409
321.501579721109
303.3706506744493
309.0610583091038
351.834724914399
314.65510087192524
351.34137787652435
341.7035541725927
251.32295926957158
310.947697757103
283.39349715667777
300.8721582230646
311.7631251834682
370.8486068737111
289.8859955170774
340.1278671641485
340.3450485623325
315.4870121718268
273.5909396214993
311.29015737207374
306.71444570372114
286.2975871490198
296.67561224353267
249.08247243909864
305.39610116911354
291.1757113697822
286.79963738506194
344.5407963281614
293.05802195123397
274.01350500562694
358.54051625874126
303.6216271347366
326.59847795031965
225.11739404452965
315.8692920647445
326.54098070733016
304.431444161688
295.0022534218151
254.38568920147372
324.3749060544651
295.6832202018122
320.1631581359543
314.47130319062853
286.3389931487036
323.5684367842623
272.6851922086207
274.8185629778891
328.0922964719357
369.53066211321857
223.0212688347092
315.1807477379916
300.376916780544
299.6918142194045
307.8525535010267
232.32415870734258
239.06126063189004
263.1818563998095
380.95768607518403
298.10431625298224
400.2070493643405
300.63001564115984
336.25710132409586
368.42960333055817
285.49887228326406
272.421962416498
298.2655837633647
275.2905004048953
309.94990180357127
339.57959127472714
265.67437465442345
278.5919297861401
382.5347568866564
308.8629840532667
324.22715027601225
285.3169171460904
306.132422043127
316.4729943606071
293.02678862796165
362.0949607262155
328.91808031941764
312.565208623535
269.0462850756012
332.2427883524215
330.05393454642035
291.40546399215236
354.667950660456
299.9040765322279
273.1000344444765
325.0190132113639
289.45518419798464
255.7852599322796
310.52232513332274
272.52232133515645
302.67572110996116
391.34902388683986
331.4289811933413
264.46194308949634
237.8491213551024
296.1072228674311
292.721540484461
315.1756470568944
297.4847183318343
311.89472641516477
329.7433323543519
308.15593908703886
283.1464339301456
284.48605002101976
316.93314660561737
326.48227406607475
287.3144676971715
298.44805740518495
279.2540241818642
272.47664861299563
300.8877528657904
265.9500717535848
309.55792239285074
254.45578556216788
308.3003449626267
333.55652725009713
204.59875948540866
274.4391456369776
265.97264091530815
264.66121792665217
271.6520464444766
256.5679579593707
313.7015873553464
310.88440038613044
300.85546330246143
251.77136865083594
309.98501269100234
212.13480521715246
272.22996822418645
282.3492700548377
249.8758752256399
270.159499890171
312.1597903929651
363.1849903112743
270.89680253656115
293.6249352688901
350.4506156317657
260.79581518587656
276.86689260439016
258.219786971109
261.1063786363229
296.6482687286334
258.177432170487
338.2153349479195
288.21496446884703
276.3414683145238
301.0842023912119
339.5204148152843
364.0004659789847
288.35207096510567
275.2481825436698
273.5565348463133
258.6273964936845
310.2699207296828
300.36405376996845
242.35713642288465
287.9066868798109
296.28448256046977
275.3400958739221
272.1405257929582
268.1245831254637
306.3898859649198
310.3048184681684
287.5132369865896
249.53230988362338
313.2673243822064
546.4823757414706
339.187779986416
271.5940988523653
280.6716836155392
248.2943837805651
252.77212918072473
309.1182854484068
317.33080311701633
307.9340877054492
294.52152327401564
293.1462717609247
334.23064045456704
247.15070168266539
261.58289475063793
273.43026954797097
231.89924586133566
290.0954970890889
304.38292132725473
288.0019165816484
269.5462754712207
324.7845481829718
302.7597721031634
329.0117134077009
310.85286522784736
296.8296477905242
333.36259950324893
342.4992250066716
390.3022090042941
383.752281147521
391.32613361952826
273.75019876938313
372.97814903897233
309.4133578197798
317.23591386154294
273.47955117735546
292.9483021686319
276.0530500151217
327.20848902105354
344.7843534416752
283.05512681638356
275.091557735228
295.2994980037911
262.0388980641728
295.3092259746045
307.2603187325876
369.9837870099582
339.59936936269514
279.42626791785005
296.28514529939275
285.76695960748475
327.99468338373117
296.7444465305889
314.90458698768634
291.09378535393625
318.6321434110869
334.85709060751833
343.99201634759083
345.05118740617763
263.1977391159162
256.3943939729361
300.45300336938817
265.0009044613689
381.38004575972445
351.60954634216614
320.8706228074152
279.6473503689049
257.7207308450015
379.47273140365724
305.5155143640004
248.1766052043531
308.43220795632806
363.50039925891906
357.07103235751856
233.66414253297262
275.79100154642947
279.4833338202443
249.21379273722414
255.9580566554796
276.66587043053005
269.0021874560043
321.2449448921252
280.17280656436924
286.4362305577379
277.28768697497435
364.7213570594322
280.17877784906887
246.9328696632292
310.7405924202176
286.7883947513765
344.9340818664059
294.36116839561146
215.76327489025425
322.07547939242795
524.5026272436371
338.70066212676466
323.69630326482
322.07265614089556
308.1199344720226
276.7546049209777
324.6942820973927
296.1442935032537
274.0716081006685
248.9602935279254
267.3604035428725
286.01845343527384
330.93077529000584
321.4235182865523
357.6483984462684
300.6498806732707
282.9366980943596
379.7743789119413
401.7944887606427
248.80934865307063
275.3330028328346
317.64774643431883
263.884889946552
264.65397272456903
242.30693158693612
316.5882748294389
277.2835259103449
272.07121572096366
291.6598607079359
294.67076070047915
291.86096946767066
291.43740339926444
327.50982545199804
303.87708361877594
283.6480788765475
329.63722326711286
322.35193007835187
301.87343757029157
268.02071547554806
303.2842618250288
279.9572945726104
311.5612671545241
257.792951169773
298.07639230042696
274.63278580398764
318.39047427196056
260.1247127954848
302.5065151377348
338.67224959423766
316.2269183343742
293.4549681810895
260.7433089208789
297.0779850115068
257.1457689580275
279.0482371749822
336.828538959031
294.4473251950694
247.11725373577792
261.9705437513767
329.8725748496363
360.8383983798558
305.6977999234805
294.3015941468766
384.8753270615125
388.8062754414277
368.4608997392934
264.60172978113405
330.11928602622356
293.52596813847777
305.51923900539987
352.4812022688566
376.5240570429014
314.5004107739078
238.8616445538355
270.6862515353132
256.45318565529305
259.7382642929442
346.8843394436408
308.6170955367852
268.0736146981362
295.77750991482753
258.62764870445244
330.7076137776021
302.64094865322113
364.0574212296633
301.5661717754556
305.8656574980123
291.7966965008527
271.2467859836761
279.0762306477409
317.09733233531006
258.56920062040444
264.5690798362484
285.8463474919554
353.64106187189464
303.7076091772178
298.7561855240492
303.6728565467056
405.5233982944628
268.93402811849955
259.31934259005357
394.8911196949193
289.88913390401285
295.38238265912514
297.7424455671571
331.38469709758647
309.2788181694923
330.1691216805484
301.80179170076735
263.7851145422319
261.87213875271846
416.74598231713753
279.8869587390218
269.1154619612498
366.94633214059286
256.95176979131065
271.42246511753183
322.5908918287605
309.01780531497207
297.9340938029345
328.37398786097765
346.6674836301245
292.30266416841187
377.7316183206858
309.6910858602496
305.90952214912977
267.2510876660235
336.54392288054805
226.80730534368195
288.9173304075375
344.6453057618346
260.2555256502237
482.33715855376795
375.3239978181664
402.7445336371893
337.93092223617714
304.46784029284026
269.54232632694766
326.72965968365315
276.7764193766052
314.01199460809585
272.301785802003
303.11052320862655
296.4502965803258
296.29310501087457
228.68505284318235
314.213528547436
412.1842152199242
267.8879078188911
239.90057974529918
217.6254035870079
273.84229757089633
273.0154205636354
297.45133192138746
305.8747043268522
228.33525183657184
297.159062018618
330.33390155725647
249.62863232195377
310.4957041947637
300.4756949071307
366.8095146828564
275.106097914977
439.0326814596774
290.40199212078005
292.3114538695663
451.42055614769924
301.3187889793189
295.6566252904013
301.7530135504203
249.0147280098172
292.69080908817705
256.5194797657896
347.3845619200729
304.0774962665746
351.0854134692345
306.9732406414114
342.52453643328045
258.1337706184713
467.84910756268073
315.3147922597127
241.63769424380735
402.2884922720259
289.68535463302396
266.2407941693673
326.8174838293344
314.76641416782513
324.54854409140535
285.183217296144
410.9586191547569
281.94062198500615
385.38229750364553
297.8459627084667
363.88483482121956
308.37637594970874
255.22436290420592
274.843493839493
321.583828481962
282.551155533758
312.97827421105467
326.25856075261254
229.44233657990117
303.80695409036707
301.2005955624627
266.02977640065365
296.1746490416117
378.4856708232546
328.79526080656797
358.825986887794
300.1672493518563
457.85165931866504
269.40066421497613
420.28563262708485
269.93531553656794
308.94232613558415
273.7539503145963
276.42028437473346
286.2792007270036
257.591170056141
243.01732641842682
268.56446086626966
310.09988555824384
280.1002748439787
356.84399660362396
298.34000836417545
279.26605816429947
277.12487387261353
274.3977709050523
306.64013884123415
259.0325976543827
314.7057715851115
232.74905799492262
278.08143767295405
395.840797598823
260.01330423296895
287.92614226671867
336.2114563920768
243.96406083065085
307.87383387365844
285.814586079563
272.42292777681723
313.53385331470054
333.2761666539591
306.68587224092335
346.55119023728184
324.4296858799644
274.32754351373296
356.829943447141
288.79850816668477
281.56663365254644
258.50737133959774
235.3247333545005
319.546969715273
302.05194352171384
311.3907339902362
305.8682468911866
277.2458829655079
299.8197642044397
291.91997757717036
372.5250503299758
248.30730910925195
275.8375531769125
300.57633469230495
265.46390747709665
251.50152721069753
298.1822335277684
305.8952597982716
297.0609492843505
326.57396568742115
312.08795560488943
241.78204580117017
382.83940191206057
320.4941453789361
274.0295248129405
227.1631722432794
340.35606649599504
275.0363787901588
316.4403419039445
322.940147968824
341.47469079168513
290.24866515910253
313.5794931856217
268.05075264768675
350.38592465838883
382.0417888389202
331.4029489904642
404.7513183578849
338.64684785564896
290.0528872398427
281.1600956793409
319.15456063847523
319.55692334880587
364.13751575222705
340.2742373252986
335.3457759444136
267.7755949528655
231.05662338004913
244.56425829138607
254.7963109338889
341.6686872210121
321.1387273146538
246.9812407247955
316.68651920359116
370.9354922659695
258.0400076507358
267.8198355650529
334.8668247630121
265.17994413909037
291.9707600628026
250.96148846508004
304.4157412669156
290.22601156309247
276.6231200307375
375.6395236259559
300.9693742119707
335.26248359307647
284.62379861052614
333.46490657597315
260.08621270151343
273.66945907927584
319.9826354251709
266.00759850256145
301.0080286611337
359.2304650285514
226.4274136800086
274.5760628810385
305.7535886403639
308.26130246941466
394.56450360431336
310.8391407086747
288.6876050491119
306.8799368641339
237.6540676620789
316.3896440899698
314.7924676546827
310.7218486049678
334.39436762582045
380.10402533761226
313.09042200259864
325.44914630707353
277.318330709124
235.3867342560552
277.78734644898213
281.3628779636929
286.9363942213822
324.0761635063682
231.79338912665844
311.2901691807201
315.10568018851336
271.2304659325164
280.3478068355471
349.3172429918777
273.65066076652147
359.28883842471987
254.81357191794086
248.5390710377833
254.17098755936604
404.1477719100658
264.9354160312796
308.901513522258
373.1165088044945
338.40089984296355
270.9815760748461
367.09019230795093
310.4550905665383
384.37787695787847
322.24628273036797
308.742417575093
276.5013717507245
320.47281440673396
290.8461070137564
323.9000539559638
283.65856025740504
311.44568651600275
270.61525179236196
307.9262255677022
293.52579615311697
299.1576910056174
310.9314549738774
301.4992694390239
301.33122110785916
307.73112886131275
288.8506819655886
315.71631258400157
319.8051968732616
278.18392077228054
295.7597100965213
256.0634306774009
291.5587837175699
305.6044290800346
328.826868537697
257.3509381732438
308.440592111554
286.0587790204445
300.1202954213368
304.51789561950136
320.71518401498906
295.1441012631403
277.36754887900315
297.26720880612265
293.65508393617347
268.00537956436165
256.39266582613345
257.4716724923346
357.14061658165883
245.90408043633215
288.61414847138803
336.7346743918024
281.347822109703
322.4394063237123
318.9777047911193
334.14220025832765
400.8392303144792
441.5442545672413
276.204038052354
326.76583161216695
361.31787951278966
309.8234379264759
298.3086401525652
312.6871180466842
303.1834802449448
278.6455497791758
352.77454036520794
273.3664265522966
322.2453455446521
353.84047645761166
276.6965227036271
320.4280406301841
271.8937510502292
287.66985188855324
284.9014612083556
295.073348799604
260.9493670822121
316.6561019560322
264.162965562311
266.85677230975125
400.54136238386855
331.56470389966853
267.1913647707552
254.7684870630037
341.95920653862413
415.660906393663
324.581958558294
264.94362214708235
292.2798352908576
264.8735976004973
301.3714706484461
307.8051471362123
280.2641920647584
363.19387697894126
278.1731033892138
381.6236429649871
313.0415837331675
271.6992969273124
280.93683814432006
284.0134751079604
315.73930055380333
311.19440354127437
409.42717338819057
350.3682358589722
367.859010475222
293.93008414283395
326.4001994627761
288.54920812812634
335.0325062511256
364.2246418236755
244.07126571214758
311.818367440952
342.10250111622736
279.2474819762865
318.4283901780145
256.12077786482405
318.9595057693077
298.9351871717954
369.53538534301333
226.7048268704675
315.6538180471398
302.01738646568265
380.27553093084134
299.8217574922601
285.2485925204819
308.1247206842527
364.9852908470202
300.54995767609216
276.6789963779738
369.08644899795763
302.48030507413205
315.7940719431499
288.6435391898267
356.5722873125924
281.12888135702815
308.8509907545522
290.27237468597014
319.4180433352012
375.4212693159934
303.2290034223115
334.5554275229806
323.98826193017885
271.443714896217
312.6962575824
376.8583032551687
274.47345144546125
290.52518778154626
264.0785169356968
223.91998474905267
375.2607410281198
289.9538214483764
285.06761348829605
308.7227423795266
459.44257081113756
302.23363443871494
299.0567969834665
290.53412070148624
274.39471962908283
302.1901227388298
284.4276057453826
316.9425885671517
319.15302254864946
380.44560948433354
292.7607378300745
326.7891040542163
299.1101724334294
269.22297464031726
284.2460791883059
291.14591404388193
292.46612566767726
254.21394124638755
302.0402183504775
250.6213648886187
287.5972342547029
262.69144985848106
251.63225635362323
274.68050655385014
247.84615011431742
373.4314059332246
365.37862697045784
345.6251926784171
337.62708978902083
357.2781759672798
314.98586545942817
389.6106104311766
297.9410114447819
306.25346868357155
346.470593298669
318.56878006318584
259.38435224059504
250.35137129575014
322.93683641648386
298.17435855127405
299.3992316685617
363.3703872304177
294.38085301662795
260.2462596531259
336.52545112231746
322.13537007023115
317.4478080808185
245.74468429922126
245.54185154032893
409.60544236644637
252.79742869606707
253.98903922189493
273.7575889546424
332.60839964379556
267.9992606858723
265.75704395142384
272.7657533107558
272.22620004066266
268.8415387973655
305.8095468886895
305.7200616983464
280.4249371039914
317.66371200606227
269.1933642743388
281.47583193238825
229.67527807387523
275.45005038706586
323.9585882886313
294.54396276536863
262.4356312031159
275.33359279320575
319.4041355890222
247.95325589657295
262.8311136543052
343.7743631012272
306.13827371643856
341.4055401344085
341.4796963207191
285.63835056102835
282.13876232958864
222.43388890312053
255.0446649537189
315.86209741060156
306.2910824045539
295.0096715489635
271.7604520561872
294.1705045516137
338.50774964632
269.2667617518455
293.84204164438415
282.5405663360143
259.08874151692726
286.28080834273715
281.65275275707245
333.2702260854421
397.9315107188886
330.941657558782
294.82043393002823
283.560122593306
352.1351117877057
250.7577212919714
254.736585732433
289.81990331120323
285.83491100079846
248.94333192775957
289.01129524922
286.3937556545716
247.3212321572937
393.25951656815596
331.9591912222095
279.59367344679777
340.9355898235226
273.7063849066617
339.63886955205817
393.2333184888121
325.94618705881294
272.38107999926433
339.50581024750136
311.4856569574913
264.6275781483855
399.7459685766371
305.5390136091737
333.54771426355
310.6048513985006
255.1728052094113
269.6915204990655
278.0983662835788
306.41371753276326
299.3158259197371
277.44836817192845
339.0171361028915
311.36920048331376
273.1228620909387
250.22863705584314
319.1817483047489
306.54997422150336
319.15611280547455
362.64149379276205
302.0970777388429
281.6705044459086
294.75534314045217
296.92783261905424
322.44160520099103
321.5239122575149
310.9750024017412
345.8764924783027
330.9998492472805
297.10438453464303
245.14793801761698
300.73090888315346
364.1697449502535
349.9395056357607
276.93815804237965
282.11476392042823
272.57324609090574
277.9116745184874
304.371362523525
343.10699244460557
460.42826647206675
264.1768142445944
229.1027237062808
330.5901687522419
339.9657551284181
276.39314508240204
263.61983110336587
260.55064690101426
252.67223852674942
338.33656838769093
326.94476891262457
351.3493143757805
347.6032345336862
307.1177702534478
383.29879240097944
287.9177074065665
303.35481389821507
293.8073644810356
255.42155044770334
288.1088395277038
260.86772941355594
266.6463115410879
278.5335281424923
311.8630641591735
351.0080468477681
314.62659944745246
266.7321970749181
268.72348075185437
320.0653615666088
253.3496083932696
232.78197501134127
269.9145875273971
354.62630246649496
332.62275572295766
297.3276718131965
282.73743479163386
357.1656352154678
340.67376724258065
287.1904249562649
368.08512482093647
351.1967435552506
322.6261839591898
259.2556493130978
263.91288739966694
284.34686389390845
339.2669129950227
351.77115564537235
321.3330958491424
285.058508781367
334.473909214139
338.84104337519966
296.08376253489405
284.02776558033656
335.5193475536071
265.09197220462374
367.1412981781177
246.7820051109884
300.5791563981911
266.4521854246268
301.13621280598454
270.8989791217027
247.94819806644227
328.4837178706657
287.6288715559058
343.02921535645146
444.2438299419591
274.73594379541464
371.4613388055004
274.29237114673015
297.47422496043146
298.06229343498126
275.06052544992417
313.60082750965375
276.92247081245296
295.5899188815383
314.06421134027187
289.0206817948492
331.1397404539166
259.0893315252615
253.5946459498955
268.4443370916415
275.64443994208705
299.7069217126118
292.83753308909945
311.1279641285073
308.5879280248191
272.0509795327671
324.2270598410396
270.594519181177
304.2075700041605
300.07849905174226
316.3540240651928
305.81923648901284
335.98473251995165
412.53509692370426
322.6894430302782
238.1197609716328
326.7154491536785
343.70328118954785
285.77664586284664
297.77577072684653
308.15040395292453
292.96239136962686
262.62865831085946
263.7986034489004
255.70105884887744
245.55590729939286
271.39391170686577
281.4004314749036
271.4924447714584
290.31785751495045
280.1996610426577
282.24665274098516
227.58564185071737
184.4939636605559
310.76226267416496
283.7396393226227
359.8723753361264
354.5911207186291
271.0514268124243
219.51356415636837
302.6905307958368
389.17675898829475
287.65519545273855
319.4621693274239
280.8597948086681
325.47839697124436
289.3100505671464
257.4063317688415
231.30677854188252
386.6371980413096
350.9498741485877
288.5724017083412
306.1038013101788
265.87193284207024
273.7269324436784
346.2301369792549
306.94879718031734
276.2518165061483
346.7017937414348
287.2560683339834
261.07291070802603
293.80356641020626
357.73054344940465
306.92866184865125
290.43918085470796
300.89509122399613
317.537984546856
294.8472605586285
317.1558489406016
276.36157177353743
311.36635522614233
293.3185561626451
261.6122178984806
291.8356274639955
290.5995718915947
413.50749604811426
276.02781019103713
301.7012005925644
334.7501009252155
309.1012296215631
270.6683157947846
311.3838051384082
306.1040469976142
280.803117082105
277.7212202647934
269.26805571920704
322.2338713357458
301.2940902854316
290.02336270106025
299.0899653205415
388.06177292810753
328.7314540053485
269.23157102707773
326.0492998789996
314.6410669537727
316.74318115692586
312.92245317657944
316.7487059782725
329.8879756012466
317.46676984941587
335.0612703929655
291.2664485729765
289.7928820706438
327.873791711987
329.6408067808952
298.60530469962396
339.1701999749057
283.77349779824726
301.7260075091617
295.2075180406682
229.77827149664517
299.2905420885654
314.13430551369675
262.1490717774723
315.74135678086895
293.79566099960357
228.9557929483708
306.9273108561756
282.2744050746551
236.17070179490838
344.62349033891223
268.3352695510257
314.77694807574153
303.48984599567484
296.5020196629921
281.6849905271083
310.72227470052894
251.46619311452378
264.26101168594323
254.6475071181776
321.27278407954145
306.3998299664818
314.1623968577478
245.01724517298862
313.92159469402395
310.87471875874326
357.9252683353843
371.9075649693841
278.9495889431564
345.9935808336595
306.0416125577176
308.5026192048099
416.51400072767865
282.82095681049395
322.0250527096214
302.57094118674286
241.83902768907137
293.3797028172994
272.434563127812
355.90105817862786
344.42085119651165
264.6467803742271
272.5414352613734
260.71383171272464
272.59874809661414
363.25161738402676
304.38043712778017
316.2331538720755
313.57083663053345
276.22108007827774
325.56221101479605
348.83419387228787
286.96898826921824
304.0115273135016
283.17468093219213
301.1377685586922
283.4776136908913
322.10743164049927
306.6212073896313
324.83199531864375
400.83590093348175
299.1227662769379
341.51964930433314
288.6492214926984
296.0547711440595
317.1275589255383
368.4015596930403
314.8455012438353
338.4274025228806
302.5938938593026
342.8440206167288
300.6098006151151
333.0579832252115
312.738692647079
281.65626303327736
299.3750125913648
337.41341954108793
214.04421986290254
305.7076518543763
359.64820754365064
261.8844560889993
