138.209463748065
138.20984693526134
138.20967149127046
138.2094704591682
138.2093908638326
138.2087934723122
138.2095478028241
138.20912508013225
138.2091471758322
138.20915850906295
138.20993662964247
138.2087876913747
138.20962251041055
138.20986581364923
138.2089527377011
138.2085792202879
138.20912265193965
138.20902294688403
138.2095572040289
138.2096067340135
138.20974914336603
138.20952378187485
138.20956079831376
138.2090333179458
138.2095471760258
138.20917391480725
138.20989589628516
138.20995950246834
138.20923068533193
138.2087824068094
138.20902856897192
138.20993362552144
138.20878064819044
138.2090337345926
138.20991504346784
138.2082064739625
138.20961118320338
138.20974614123224
138.2095300049441
138.20915966951725
138.208517078343
138.20954019783858
138.20938045684852
138.20924698806084
138.20996148577433
138.2097163213948
138.20953735316652
138.2091731922701
138.2097530513238
138.20952797288192
138.20919057719948
138.20878835445365
138.2091184973815
138.20996192739585
138.2097182242087
138.2095365751611
138.20916371027306
138.2097414768159
138.20953120230843
138.20912567370578
138.20897028468426
138.20903530439864
138.210005912435
138.2098031970745
138.20974488990214
138.2095300581277
138.20915816536763
138.20852197813838
138.20954036846888
138.20860565610565
138.20993648241893
138.2092003445414
138.20979682720827
138.20878543407525
138.20909000398206
138.20971972794723
138.2092295000457
138.2087844676862
138.209096391196
138.20973322363534
138.2096792969478
138.2098627870182
138.20952983546158
138.20952054075315
138.20952705662785
138.20993938504762
138.2099588024139
138.2097141605118
138.20953895383354
138.20926179322487
138.20879874052116
138.20925479326252
138.209178274672
138.20982601730066
138.2094967806879
138.2097944185516
138.2097911854471
138.20900807573707
138.20960414710135
138.2101287246369
138.20871725240795
138.2092049013445
138.2096482433044
138.2095397123776
138.2092222221072
138.20953753492358
138.2091670081354
