280.417694835608
280.41834217751875
280.4183241631499
280.418705574235
280.41891852607387
280.41864704524323
280.4189424903516
280.4188748675406
280.4188778234984
280.4189854629831
280.4189252172282
280.4186486557828
280.41875646539665
280.4187430196289
280.41886019991216
280.4188620348141
280.41877541150825
280.41879314065045
280.4188488857417
280.41899102945536
280.4190844570385
280.4187689709124
280.41870126143476
280.4188446842072
280.4188781926223
280.41885687976537
280.4188720751772
280.41897749068266
280.4189631845784
280.41864844767224
280.41885464603365
280.4189146233839
280.4189219241034
280.4189417476573
280.4187994379972
280.4187556449124
280.4189958247407
280.41886325952873
280.41927160299747
280.4187058827738
280.41884675695474
280.4188690751398
280.4190060809742
280.41881771323824
280.4190011566752
280.4188248230894
280.4188360060907
280.41885022319184
280.4189887669636
280.4189235516242
280.41883524041623
280.41888270878917
