277.46507307836146
277.46537382347833
277.4654901102076
277.4656103178786
277.4656465515054
277.4656933716042
277.4657024762864
277.4657208010676
277.46572197293335
277.4657293522969
277.4657287186892
277.46573182341126
277.4657310861712
277.4657324452419
277.46573192724645
277.46573256699594
277.46573225494103
277.4657325507087
277.4657323775373
277.46573253967836
277.4657324375821
277.4657325071694
277.46573246902153
277.4657324935506
277.46573246753906
277.4657325074568
277.4657324655036
277.46573249350695
277.4657324863492
277.46573249513676
277.4657324750715
277.4657324957734
277.4657324741893
277.46573250359506
277.4657324767686
277.4657324929576
277.4657324867385
277.4657324905111
277.46573247822744
277.4657325053922
277.46573247524066
277.4657324984437
277.4657324736545
277.46573249266294
277.4657324778309
277.4657324901382
277.46573247781635
277.46573248707864
277.4657324805048
277.4657324879154
277.4657324886066
277.4657324965956
277.4657324781838
