296.8333142244692
277.02926300808014
272.7182882304695
239.922394559547
246.10879487405782
207.46894435484137
237.40621242529937
239.10842160871152
237.05338757282357
240.2242568278616
255.3975542503149
271.26964468195865
264.16345235909694
256.2354588945818
237.65271499553228
223.80572393547027
252.03617557074267
259.0762800540706
218.98077530854607
251.13764082124453
236.26012083812748
275.10663242608643
280.5368083852127
240.38236062318902
266.4027049868955
278.92509581371723
241.09790327130668
283.2993717837644
239.83545794709244
205.4993250270536
282.809569154223
237.30164863147456
224.33401045001847
239.00500145316073
250.6599279146776
210.88196900838557
214.84543222805587
264.331018264671
295.12149409973426
215.13789278252443
212.24967855230716
229.53240580878082
255.1408136172886
269.2101263175264
262.176892638101
236.942386956649
185.84275280480324
262.3952150768746
233.7660309785424
221.2994969058327
245.64115004651467
234.98621285227455
227.87681529875044
229.60096862267528
241.63939296972785
217.00432843162162
225.27038266775708
249.34735507660662
249.27493419156417
270.9745761516551
248.66314393830908
264.436235472509
239.9320262119818
238.51441681715005
238.3587254611848
269.4216410112076
236.90323649628408
204.34207580139991
246.0672095409791
238.76965856821334
257.3632458392058
236.65645249588488
233.13857084747724
235.83623730118052
252.7139031265615
221.32587274211255
225.99947471227642
288.0605703482288
222.32845321233253
268.33306613537206
254.4388061154641
262.26096615272763
271.52591282951835
273.6110910217285
232.44883527091224
257.24024024975006
247.09078907073854
260.56512493106857
257.62280715266024
291.3749800065052
267.4567023914824
259.71256817292306
215.97422539506078
263.6046755062671
250.0527949563584
277.53950898362746
243.0943212171478
265.26518752863194
257.8024996166787
247.46581551600684
230.90755520950916
287.7686987320885
239.21856611047406
222.14603954644554
270.39797587031717
237.8634654269299
216.79070517295258
247.53891222034508
230.40795184579838
239.79685733812948
237.87402878581634
259.81352410793625
253.63703250754043
229.72594012393893
273.03783346931596
227.17151711302358
243.78373004400783
297.61485811770035
237.32948700287307
244.76975556274556
220.5092574172195
268.3140530035198
234.77039368008263
247.07763545349007
219.84899710401442
229.0567663839065
266.39114652376884
244.17028530292373
240.26116559762158
220.3013186261851
263.680270376979
228.31897564669634
227.81892791891732
255.8308533441741
271.83144712547073
248.08895743420726
207.08051629189868
247.92842012093024
260.2000842088819
197.4704083066972
244.15102095158363
208.5465807568471
228.7737759458687
236.1821761708925
209.93346466866205
249.12114688692964
241.57047605642583
242.31120873604232
249.45104206338874
266.3564278758058
263.98188891001337
251.95723098872259
265.5611420267087
224.4029942751513
225.65595724117884
252.55598489048134
272.77585340350925
261.7343733140151
240.72027531571803
251.8652855265318
241.2324279313616
226.9781767954264
241.1460072106638
229.6064604183557
252.2696124378126
241.5655372762776
227.46574058238912
257.6626569756554
230.75132717277302
259.22582009911275
204.0716729772612
291.9131126953944
242.56376516565797
215.2666539940401
228.0990464201459
255.65578590743826
246.30909852946934
247.38953565402335
267.21917950172065
235.0519546022624
258.4627336605772
250.4562074610658
209.1469731878169
285.71508877068845
234.1828463487691
305.98835368645086
238.63361340310075
255.5535042543488
255.36726768027438
258.903083177036
241.61232967831165
248.21767461006675
258.0897815020435
239.03859280462348
304.95429078667803
286.716855863393
229.65224755845702
188.79938435363147
232.83527685698937
225.20192922652495
214.32679435228783
232.23974612436723
253.9797811547105
231.24849456661468
248.8920541540865
232.0512600381553
223.58352471279068
294.83892864009977
313.54176543688664
277.19691084900114
227.49049898250087
216.89779524741607
225.65618054624065
308.13132204722933
272.27876963491144
275.43847003855626
288.25731400659424
335.8300606592238
276.03481191360333
247.85566773440223
265.5141121520428
284.48789763225795
215.38267099831137
271.6568516151383
274.7358865495189
252.2115723674724
274.8764417335624
284.09191818454565
254.4560189681506
263.50030499162676
260.93294097619946
284.40873713081965
271.6422771285652
254.08187873940187
284.35718340901076
238.24330023067887
213.72524854299263
249.91379635522026
250.5211835660739
268.9024153307255
231.70108998977958
255.11068032321054
259.1498337647208
271.6085945432642
259.4246581159168
244.59470121634513
281.6836968705247
230.76234027306054
215.6069973653357
252.40089252193866
252.15313395710837
248.10935725383024
253.14134273620584
239.78063413101336
254.46151765684772
271.1435282786697
261.97916388467274
242.99569651040656
253.56431925277866
208.0267460470568
240.69885476103082
234.81453974355827
251.63836508363602
208.69224656942242
238.14362473662186
246.70898420430603
200.2071230024303
231.99257117506932
271.4640626467299
300.8614676645957
270.6114364065579
244.64277205232065
271.1526416905981
284.1655894204596
278.2618208470667
273.24866102692613
258.5573819477868
260.07547210430494
230.8757036122115
234.71987867783173
230.1630814716773
275.0102740781731
268.11486580292694
258.81180349616625
217.40674510758254
254.65940873452928
242.84924671596673
310.7592676211643
242.87979258097766
322.08008613849233
206.2894355830358
276.37753328564577
296.1338068799232
254.74166253005387
248.91974409997056
261.07646035950165
256.6732515219046
225.02082903249539
234.9515672436828
260.158109889715
230.46547387263854
258.64714289108815
264.0502068116475
203.63747818223783
266.7544023224473
248.16356553586957
259.4713337541616
253.8151025858533
241.731665186162
295.3637469637615
267.20741007794277
260.6921787708561
269.74022707490076
231.9276661062613
289.93019190047926
236.57994571434392
209.05517342292296
246.4018350708502
250.63758258252346
228.90980859534466
277.6383979916427
265.72889938528533
228.29702830022143
236.77299204235896
234.42068395999377
241.74943411783897
214.70496097540308
247.50322063505882
272.3749470946641
285.6013078021206
260.6247569334955
222.82270918197173
254.39215869740292
249.9767234530009
289.2311943886889
231.49704373074928
218.0769130331464
284.62720371969044
262.2296777031006
243.6130698264169
279.31177714157093
275.31240128808713
269.5783180691651
210.63536632418982
276.38793702704425
220.33773295556603
266.56217257697426
211.19975293870084
214.62542788039718
265.39227515841776
241.02534130039567
272.49315885131364
234.89128689999052
222.83324132526468
237.36246504205337
244.00757205036643
217.53649921882607
300.3144464687357
246.75387665281596
219.07102699224197
221.65926668950124
225.2320702380821
220.36290230164013
291.7086055969994
252.03086298792914
245.05735672535957
228.67277249222388
194.7619131149986
264.13185892904585
251.71819586066704
246.4977216039115
218.90610748670588
249.75009501595923
244.0608135711518
281.1981464080163
221.14345779297582
236.0102066827676
251.59832093698788
268.6129682586761
230.61993696086574
262.97171685585636
234.50178344718006
254.980701058259
244.47424527163093
224.85352173772117
284.4537471652002
274.7435626196384
247.16459850499814
277.9224417777441
255.51202580687823
279.23021769171464
251.89038237305067
231.71946630848106
263.867229731899
228.45112642995082
272.24712331953924
239.64726550034538
255.3348692797008
240.69191974389832
230.78004499603412
229.70468375377823
247.48946301055548
213.89196493584313
245.12844542392122
246.64591609864146
249.6885759113502
262.4682141213707
244.5231067653076
246.98649436913547
263.6554644167918
222.3059616915416
258.7675924734067
279.8214594860474
262.64984843472484
292.4077051715576
226.67561855896201
269.4701161676494
273.7087834805716
229.3848276288336
254.72551148165076
235.65460517685278
230.09962062460545
231.85906276923197
260.24000626662746
217.65793151626713
232.62072258420812
268.18018227801076
245.42766334720363
265.93852562973916
247.73902491264744
230.0155122243159
211.0177493271476
207.7434004323295
226.5510990616458
211.39066188463767
240.03687888338754
229.31972445025167
252.72414284314436
239.43749867595034
279.209548869374
264.05680815501546
281.0125814637722
298.6186579034402
259.5357840052893
233.77438596246066
214.72435758444772
244.43411123051192
236.2659516713611
224.3040057381295
266.0134047236643
230.6536947502318
247.79856959346216
250.67279842848075
278.4734902084165
223.89144055938232
211.94019852700876
237.89853472722461
257.57697856951563
248.22733022493776
249.41603794728871
245.54906664587907
274.0426636125194
257.96538215730106
264.3448165543814
258.0507706311182
230.74785194823926
285.6367851150135
227.0616397685517
250.59208984319412
228.06709362006222
279.0337175388995
207.99067264002224
240.74791418906534
266.0421334114799
254.97641772178758
251.78175276546972
229.96332743648964
231.49494404328289
263.6581685686979
229.54377496248344
310.961648154931
243.37284827575786
234.26278793117672
271.26864662457956
238.3577146561438
241.02477009415452
264.00048795076145
231.5096120598464
286.5595326414186
242.61510922164598
252.77450254521682
223.8226103051129
211.83410786965396
231.54835015822027
257.45174018903344
227.3852432291751
262.8524059885676
248.26579729877994
255.42212658144126
241.80971609658445
262.57654371754325
271.1796135281911
232.2123723051045
228.88429699924018
280.8420926741528
231.8855053440202
277.7281880732626
256.8658488682995
259.50539181314525
217.38036051813106
205.69707487730193
249.03875312910532
238.16897429453093
206.45088343136013
216.00472109591647
226.361895084352
234.27621034072945
243.37997652427293
232.80513265586342
249.2848729052057
260.9098041669786
243.7663513545267
253.21814659883967
235.06834763890947
240.8106955334806
256.18601105223934
241.25949374728953
214.13124810147565
230.83317371661542
252.34578280575806
276.09307021071436
252.08425137703307
215.889006525249
267.82185393807595
222.09319061113638
221.46026577186421
234.35569417965598
268.5573498638696
215.27700657452806
269.3601805078215
226.77180475919158
267.6390637488803
246.02212615479948
231.7038088630361
234.12653925199993
226.58066133462125
213.0598114588356
225.44436862290604
287.5762807459105
244.4232424569782
235.85546482002246
291.6512850925792
295.4735010828008
215.86103914375417
257.7029559346847
202.08148928475566
305.1890763245465
280.39648710456095
275.98732649185695
262.3342953012034
234.00121194060193
248.0224767056061
241.83715803016094
269.01726236133254
278.9775692615949
231.11729227178148
218.36523257856607
228.6702591466019
292.9666567136301
237.49372707377188
238.70251783981803
255.70792366054957
302.092524314241
251.8882264609274
211.052549557382
261.054253780836
258.9768689873745
217.44371857785154
271.1318018161983
275.56039430442615
241.50481876646518
277.8241077628627
203.91569163906388
249.762874201464
263.85752988548484
249.58597953265416
225.70041699230205
229.082668944553
233.1528032842907
244.54871319487575
217.7141472880321
247.27935417936533
246.4118090137781
276.8348611865367
202.5909583841276
221.12197271341574
265.1023906133778
252.368146004359
231.27437586529413
213.42162564615137
232.80423960255575
227.0386394467787
248.36601930923644
232.47246702283155
250.61405088435276
208.18591179684154
224.75769230292644
265.4792042145273
225.57825412446982
216.20452085509896
265.3187083773082
265.5092772139469
218.13155165076023
221.17232002166566
225.4978290614672
270.3773783641518
266.1866667487484
325.313755348674
289.8858314805839
253.9934524661512
214.5587210492231
226.70262165437452
240.86311966815265
260.4599136392644
258.58759239976644
235.75917682124418
277.67889902574825
307.04814166459255
224.1933016338735
272.7999743317487
267.6193986432627
191.84903213838697
226.55784235830652
220.77378366145422
234.57845793079468
255.043098068767
301.5669421989296
213.6459850721876
252.20992801219109
248.11367389612133
257.7650578972243
254.71652885642834
267.60528603065177
286.70895721690613
258.0953312115744
222.4875803971663
228.6656256201677
262.07795126657584
257.4272511059535
256.4585290424002
251.568060977821
219.79197010895587
273.4901227846276
247.92270759417443
248.2440461331862
217.75535985449096
225.62566839667852
212.100056433992
270.3273479473428
254.9574258896173
247.105512875336
228.71731584396912
273.4492794966791
239.87069507304113
253.31791951629566
222.43047548824688
238.32055276274332
262.13299039931735
225.7761987373524
268.94412928578095
231.71418521515443
260.91925022844225
211.50213928433368
197.42556295907707
199.49332069474622
287.9005111786246
269.4437539043429
273.10954865443637
216.2856983676611
230.58627857785905
236.66875022806926
256.9612317319552
262.0666714575491
253.71662099775858
251.36497643211624
220.86578042642213
228.29499025261612
230.21427351247985
222.307910380885
220.99486106226686
239.07440350099932
239.37687870729133
228.30206868512323
283.8147600731172
220.6938750355912
261.82890238132677
290.20608374325093
223.7223329709377
275.4401569014881
293.9847407803463
247.77429996232968
249.45397343239165
239.10477323303348
256.1835077662545
213.67597727756947
213.06858458102215
242.41277197157615
220.57578398942132
249.66630863415776
226.2289540838101
238.71219731416204
242.46195964713115
283.42372259660624
213.93463179681567
227.63347086205613
216.8997703071218
206.48576381942257
237.6759657197108
251.68947720824508
222.7254192700202
284.9935163927148
276.41332860841067
232.19660471292445
232.99115548364352
261.2280271152558
242.62202745239483
230.52642378755263
275.5401693537133
277.6476843840792
243.3042500113661
240.39673721563304
224.00194327768986
229.86914290033747
244.03701924488996
262.07639217408723
224.7264096607105
202.53471699738293
231.05263039877173
208.15067642711801
288.9427082724578
219.03578175551957
257.24399504213943
242.52699065301567
261.1881718171935
256.8138323746389
261.51805637869984
258.2411166515085
276.701716193842
266.293098521448
213.83804444840644
339.2352747643308
256.75959104223875
287.3046863893396
248.67446709790966
253.04788899380947
230.31302387922187
218.38109945278848
225.43816927276202
238.4995848564722
244.1099539984716
252.23036418762058
235.15245391314966
292.58143073509564
230.8843765235215
239.47450729709817
246.56183435232379
235.18284191007842
237.06674815702718
275.5652369389718
224.8598502126988
224.47010934204445
228.496878711303
239.49076133352355
244.37647018861026
242.49450690308004
233.8328183091944
206.8474191026762
215.90912205722998
253.14786960321362
249.7631230725092
247.5653344488528
232.7845666614303
219.60762982279994
236.58435868195374
289.18091647097026
269.53178630952607
263.0980297526112
256.92544525206904
234.65127213430242
213.14280756667722
259.1944004618272
257.00338174490025
308.5213378480403
267.3006346425682
258.1329062101722
235.85349218652118
297.3703093458025
247.11826858730637
229.95872102779686
278.4753212062351
251.03076713663177
231.65430023460067
277.58790268175653
262.4707096085476
224.20456206423114
232.77485790284118
249.6706699677743
225.25114933567238
244.93547021911945
232.86721392610343
254.85322495017317
253.40528161535622
251.3677260884142
282.70665963189094
235.057655534707
218.1832421317813
265.0941138944763
261.5719515577948
290.69676316989353
281.3918071600492
305.8262514771486
241.2676976120856
274.69882629660424
233.77398425794672
243.998243844253
236.497798680939
244.93698639600188
271.2620382482128
254.20749175126548
279.43049207140575
247.97752304223832
265.7360751267988
214.83133178693242
262.8790399710124
270.10197031576536
238.57616348279407
257.626018178853
229.8449734801543
224.87304375958047
283.2511332188151
200.95437745944946
266.4258365300193
244.33926085583516
265.04799112011096
248.04727132528205
241.87925982984598
236.17093784033204
236.10651984240394
249.18891110576806
265.3067975989834
271.33540186830214
239.76302279380616
341.6387426677684
222.6054766618181
232.4512674040161
230.67465484383865
251.24280591259594
201.4652339608292
245.91615479404572
217.40731094570947
252.40919406540343
251.56429625494638
241.72176294354722
217.82368611494894
219.57462187221972
258.3616336932464
292.1685852353985
262.47104906573077
248.28021476700087
224.98110687889857
245.18421201661113
236.6967242269602
238.15274072028114
245.75185293564573
269.9426787731936
246.51639952146797
226.3912209715345
254.35196250272566
266.3374550626322
328.08170591987437
226.93818252161145
253.40917205359438
239.34318736358546
272.7209199720819
214.71442029552418
256.7580815650872
254.72133502806537
267.78517915145494
262.56083999047405
237.68184773687972
237.06969937085523
233.1079891990521
249.72668800258543
230.75215723665315
225.98340355666005
244.40115100875846
242.7543972223648
215.57913126284257
244.605755441793
246.64392809817218
270.05332512522
223.5482065770484
247.19029812622466
231.67652564437594
245.90567041604663
274.0215354280663
246.72449119601515
268.6264612094965
226.94221639735042
276.027266236546
270.6897630416497
253.85760702268453
254.6361195606878
234.86255795464967
264.4387556409929
279.7908542256919
223.04145137479645
217.6259377732058
261.07417281449307
241.7880135215819
218.00137008857564
211.1897224637214
227.77772054469096
266.877402155078
257.5044140612881
234.17654453060823
324.4061491806933
222.24403417343274
245.65937684767414
239.83946675708285
289.34076341293985
270.77596500882646
224.74812480289256
246.4958375286078
281.98063684490626
283.52029299834976
252.31068545993185
284.36879733996466
249.76416903923382
234.4905657506606
242.8468997218879
222.44652413745644
255.2066642731079
231.6838405019662
227.37460473924875
270.09647101923474
210.96489171139547
209.9120513460948
257.5361845420266
266.3410473022086
248.57965308969142
245.7231899939652
269.6614753662725
224.54240137749002
249.26644753600704
233.33865396410692
246.91321349909413
237.3500634015072
239.43528833476012
245.9699805440032
234.232574866066
248.66705563737196
293.5464717715513
232.36930040939478
245.22686549200444
221.47393632511375
203.82469254324678
267.4992874606978
218.60752603193396
293.41308504741755
275.9457934559323
268.20737488617306
224.93046304705786
256.2196502091829
243.68873360654106
243.16786424675956
258.0371819169668
236.27771281800233
275.4460648242966
269.6236460566579
212.45347619210952
226.37630107131554
231.9971792983124
242.94374861716642
226.39455210909364
299.063920619461
248.3495320714137
243.3086753806856
225.34356601480977
252.09985220539966
259.7241614237719
233.78375373390736
266.2290725998755
268.5803882069886
270.6601706900692
228.42730591568397
209.8363484184665
231.04282555240206
238.6177744891902
225.42654420764302
209.76803731467226
276.0767589675961
223.62286424965714
207.70443288658862
245.7653653646994
234.99817428091774
208.67591458166135
245.84815935246297
226.42547029236448
248.65451617445797
274.53437054445385
236.8690102478722
236.45496626920067
238.9743505709048
248.43664964378695
225.54032929989626
218.97600020017126
224.77462506273878
240.35513774651918
225.86406949616503
237.3741445724736
278.1723229457275
285.3830146093678
231.2298597023473
217.30207957778475
272.02548292733263
210.03326290976838
231.2932694152114
293.3664106254291
252.0866074929072
230.58793368993793
247.2222896272433
253.36212424226687
243.83289777638856
268.62368493009126
252.02961620377027
218.01631457338226
240.29188551544212
323.98866060812725
227.9099421799765
250.99403588220594
282.5813134321943
257.42755953627056
225.52649573836243
266.0366868180863
217.61304113810183
292.2966794928361
259.13587612478295
321.426761712617
298.39058819567435
272.4836153208744
268.9780974172754
253.71287417892017
226.49951127936947
275.5961166069319
258.47618360517663
271.6849689572409
264.5257270024449
278.3016892170417
237.0862717340351
283.4572057648911
276.650930151809
275.874165097659
210.16287517058663
242.35913109005196
225.83461799204815
248.19650208979147
233.93770612758817
219.576781894546
269.19859487802023
242.95372442505322
240.13623426447157
234.47180753166322
257.3956263876753
258.28510006604483
243.02141178265447
229.40963592665503
293.40605863841483
282.60092847328633
244.7620013654814
238.07557443430414
234.6370540476055
244.34023930178955
226.67586765118176
213.78721183311427
270.21372897719266
248.2592372049112
291.2734186682501
210.60763286123984
283.0479642904247
208.70743588346522
259.6191231519333
276.55184587667463
224.73252297047293
235.90451590594603
258.74613135610707
284.37062177434564
226.12312711495906
267.4149786357302
274.55945904989494
272.88950221874984
283.42992625170154
280.77915003319504
240.55796437431127
251.27827994636027
224.6981215350097
262.91736500133993
252.08221262623556
229.1688570418628
218.65673245408107
249.75441118999152
276.19742201367626
274.7135761141544
222.71011594455922
258.0501757282764
248.49732436868362
316.076963880565
257.88209447677946
240.1835836606333
240.59116141864797
253.42336318595335
235.7442545746453
231.24169100099243
266.8613512204611
266.2883176455507
250.32198933698237
216.18411893537268
269.67442373163067
245.58075853687478
224.62592009146465
228.2043053706293
274.74514876795
217.35439456137829
238.04451972077368
234.02327368751867
254.65790842095157
237.21920180838788
255.81918564630905
241.1062247697846
252.08983170974534
248.04302616673522
212.54655366501538
253.4394347599009
247.92872460297076
226.15838153846562
297.784692425339
300.8410257132491
248.4457170490059
246.17241485154955
238.42371999262832
237.19926312298048
260.9674366231193
284.063850451319
263.49046590778744
253.95851272239815
185.29073426598916
293.9054526568507
252.87185866601067
234.07957824255573
293.84658097528154
278.796404504159
247.12369887990644
232.17905059404438
243.07458313077223
219.68451715621632
227.81150264339522
318.33635040704394
249.15755214251112
283.6657749664155
237.63081986352336
223.33729437552392
239.94267080945428
247.1191097527044
198.64982066856464
264.40082304837415
251.00003195920726
258.0068222891423
266.12427770649083
229.1827284070896
219.26267094677314
244.83366926095914
217.5595973462914
287.0914671579376
239.76962550688768
232.5035084762494
255.82796534145018
250.6220146623673
250.02735670935363
240.7487776997732
245.16584620130016
227.60956896201242
244.01932015200146
246.31584092689445
246.70616554800654
229.6652741265134
208.90132779954
275.57486276637064
243.69187389023136
245.36453574436018
237.23572110343957
259.83970925369067
280.2359110687976
259.5319119908381
274.10143728071125
285.4080031096819
244.70464016275946
206.90439414954744
219.08979407855077
266.0991694946424
245.90686112368712
212.05627522908617
237.18709861760726
246.93383329320932
271.3222974156379
278.78166376950685
221.22761553991586
269.2520479914383
244.2842003921396
250.37757235061144
211.89220705779735
263.23305199254537
254.56521783123026
289.3374598103692
235.02125878760125
252.36954247381072
275.5556785163935
217.92383025883464
293.8733597944374
227.6650804017554
262.8222772977897
260.1629147977219
272.81799802929163
255.34623029228533
217.90721659146948
264.1007734047598
218.00482846202794
247.4861080534174
247.12666668422753
261.82358116231626
237.89305403636536
266.6873318486032
244.15213755576406
266.4460934465169
243.720089885348
269.396633125667
265.93128287332365
244.1699860021472
244.39900455082534
238.4842983741546
247.86557673022617
283.61113454407314
234.62735498743132
243.78203897638014
222.43569020810537
217.07965563441394
235.87460037198616
233.06208366336068
219.8251799714635
270.3859208514914
266.65525021159556
227.30329854186857
263.02162036689697
239.51714198681293
242.19709082850022
249.18957412143936
246.86752882850124
245.37259248906048
263.37520350445993
277.3987503614044
241.01032021752326
216.1253550737747
249.59813452878734
220.4514293114189
216.6870293324464
245.90030531323282
247.84691219229717
238.13734116300475
211.24996169790393
224.89027633995283
228.58341066574212
261.27191049500834
234.4241158181685
282.5475654473994
244.13538722181693
228.8502868041396
223.68317924806615
255.67166417650878
282.34538774739485
237.39682699594414
226.97239331918536
248.1115348522435
234.9464216917404
258.52969625021797
250.66645658627385
277.58845466922503
268.23918504669564
257.33449290756835
237.71997818548698
261.55630797718186
239.33762497379212
261.71467746578855
243.8641972800251
247.76256709644804
243.6367301136488
296.94040036475053
233.8055045446381
264.1612297883257
251.82518067379715
242.05407249578275
253.3440037727123
218.15985899913358
236.5729385552113
247.1884509633528
264.90640444884775
253.83956929435953
250.68516472936608
235.34818344697123
272.29433738667285
280.1626735122409
252.80348445248092
255.4538901228807
229.87088402628433
248.74801469792146
251.46760528790765
226.70625219971407
286.8564964502002
241.01277856976958
271.41343285533367
222.0365859544836
231.73045871633803
249.32989535632078
256.6463425157126
243.04719568730798
259.02179191837786
237.9544186598505
256.1979515972198
303.904165102751
233.0476568377344
252.40165011252975
249.80363798863254
252.03423804522026
225.55164765845984
229.5849168509012
234.62182803155156
319.06193147652084
249.7149256914272
265.25876387243625
231.91247196035692
248.54615455429303
234.99215749185532
248.76197278907057
237.128660064016
255.49656433355995
220.0787138537853
212.17733709991444
252.47440305823693
224.21801664319355
222.39749009802472
265.7348832782591
250.05568344373023
276.9124965281808
243.52276151813567
239.5265615794924
233.2230704181129
250.21648650767747
288.09048922144575
243.7941259086365
198.24707347917138
249.66287299088435
216.54591471265303
259.8433891120367
247.22846506681526
262.29952259303536
249.13191158499103
289.9303581150016
258.1642034810502
243.27487330621807
253.83910217805533
252.43645041127456
260.1213885806501
279.3034034923767
249.74856758344686
242.71562668523984
247.29208457679488
275.15717765380396
247.77443963097176
285.1903998689959
240.63407404389
217.72667394182645
273.1581030075904
262.24058201216394
242.36643019976327
217.66331823630026
274.1649558186764
240.50954306300264
237.0627226845827
212.82482674141647
268.254703914572
246.37975793890655
223.19486880477052
229.5683875672985
251.61605519952718
211.33555454807356
232.7708985505742
318.63950645626755
209.67361578252167
235.4082950601005
238.86729645781452
232.4191814426449
234.66065567563055
246.95020532654598
285.71040409919806
239.8897348694154
214.86097259877715
232.20254207000835
267.75290570931975
220.53332438820507
282.93926686246414
233.9709182427614
269.70309119310696
241.5704681953066
217.8324560171459
221.30268191557843
220.75836404698202
293.91301680955803
215.65619981609052
252.51842981466325
251.86837411869783
217.51274390280014
222.1998895893339
242.47978387703188
284.46867252816446
253.3054786886787
285.72772918548435
259.95207604335155
250.680296530365
223.1844112930121
220.29594850941794
268.0448246789165
245.11206404847326
218.40862261794973
224.25056110776495
252.79410372383427
232.53663619380677
256.30362350842915
241.24239023862174
251.98060437379172
294.65360821509967
267.38793464866467
271.52598693134496
297.65388961485587
247.62191559624625
281.35377407923806
223.70635562815005
253.44575013883878
249.42294852860505
239.47170361853205
242.79346643865574
290.53611597430427
203.93237888556905
246.84407604666194
247.9071263121441
226.83184648648603
278.2733546095551
218.81424392928602
230.05595311219804
270.10549222957343
254.80290663358755
204.68635994021315
255.9726720530889
217.9899016210693
193.03306259802775
256.5870982115739
268.74074949207716
196.80474327405682
240.36622797255404
262.9136644953396
232.93155146192294
252.46929697872838
244.17418940691277
292.5398840002599
285.53122195834294
239.80288142408244
225.16180990100838
240.02744878770318
219.461942697817
217.06605905096512
217.56561830587452
290.54622679401655
273.58791195077356
264.96166543243453
228.20310010790126
279.84850359591655
283.6122252528439
228.90176898177015
227.8092814880074
263.88973978481954
215.95873361174017
278.7645436213934
255.68238121108152
265.0683406738681
265.5349144571228
231.9342406556243
190.0853667962947
212.65800284425495
241.64551382913487
238.20950548618566
242.08647071244195
228.80757712142076
233.32000437373063
252.0201372631709
245.7582828734303
265.54922786261886
238.7578822322539
230.23261912493035
255.5298496823525
259.99326940858737
262.83745797822485
243.34139730664901
259.1615376638947
293.8930166037171
288.78569042572053
250.51299096213188
219.16897172341123
236.00176328298403
230.15411409706576
225.06068672705442
256.8436481844401
287.50752313039266
284.3480368263554
233.49608449585503
210.22464388987282
253.07726671063574
234.8897347706952
258.37048727297224
228.9683897269424
241.19247164408443
266.8922785251634
245.66101817798335
246.5220855558291
245.37951502838405
278.7720608707168
245.13503363920609
242.27007533196593
233.29963788518216
250.13536458194721
225.97009016521042
258.00111218512757
241.09878806996858
311.36013098829426
270.3157834735466
253.3571886283462
248.29107560240664
252.98808951640967
258.5851118530845
245.54579637188
205.35857844323618
236.3533640622045
247.11246698960895
242.56650879542576
292.2471578895347
216.03962993324967
266.5876482586027
277.1005303603015
220.73126360756578
257.01354915555567
287.2927593741915
246.0332887233817
228.98177501338068
265.3912626092206
265.03032175975386
276.9135291419225
263.1437918768497
229.7562622691621
249.0718050925061
253.30610821698792
258.08318590937415
236.26064519758802
251.58907443942735
288.54868362046545
240.9449636528152
291.9356274771271
263.6332473893999
255.06218684377382
250.68584669567645
239.88304307876388
249.18304231675575
230.24761965696234
228.26429298520088
275.62137051066384
272.7361521734274
273.1253450632212
269.7900657688151
278.7805748808896
209.79002607770963
256.69036601134576
232.18574798782356
240.13269538327586
260.17380702192895
254.4224134736578
264.914660105831
249.37187823839486
234.32594099536072
284.0754707235028
207.02790600759909
252.03505142882932
269.7813493538997
254.4050827990868
232.6387862546253
276.26644400926307
276.13307162054116
229.81380057008937
219.18745171569753
239.31864133040654
220.8897157498286
210.83048212860012
233.1187984237331
235.75578346470138
273.65539106877986
228.155252149445
286.24099200527417
259.4428127849242
254.81161004881142
277.1783525554929
250.82497704180423
268.00039812154137
251.7938246249687
260.4142667733249
255.1840270597604
234.41370186046697
220.91112800728297
229.96455748315202
227.2376929478487
262.2571911736741
271.0747952123056
236.5676668631495
279.62035759934224
243.2796489862376
266.27689855877543
276.814722328214
254.49789964593947
306.8006537037436
246.16223833762342
252.13534174655797
234.86441021948121
224.52621647313936
275.92123555694707
244.01772648928454
272.7309357887134
266.479492053797
227.95725517935352
226.32767091708956
279.3147549019195
240.78587665827945
262.24706547689857
249.32944472128293
235.80844592006179
248.5726405530586
279.9118889787933
231.25208617316093
272.6571491113282
244.64692890649894
240.46913780155592
239.579607104999
242.05072612670483
290.77859520341735
211.08572043519234
233.5415074416087
234.45665691950126
241.59324155346258
264.13197227485944
267.57885856874054
284.77294239297044
278.44199392426526
218.6326713025337
275.74641041160794
297.1030158571666
251.19767187192338
234.99577444192255
256.3016167858732
251.2723570013186
241.9160197065794
262.2926890081144
264.43185689667007
250.69439502473688
233.93460870702984
274.65340209845454
257.769382920058
244.7369950878201
254.71604499412933
279.0439308983623
258.5089397499105
236.76566338608973
276.73461165162735
217.32643991382793
238.9755039337906
278.76113817148143
249.58507422782714
220.6000319905579
242.29974083800334
233.74369115423178
258.39126063813455
236.6755315422779
216.30307292594807
230.69729658059077
240.9389608267811
224.92479190177983
232.39341768901795
263.12345357681625
271.52845938451355
269.85070059541613
253.63929904915858
208.26814271468902
271.2513613514602
254.56587546301307
273.3947607547743
248.17047150537837
269.13012018229347
258.1100732634659
263.84575432294514
238.91373920661863
285.22732655814616
227.96228185348446
265.5577532813768
273.4752279561362
262.8319987152354
230.2469785049907
222.3720590840676
232.30012709012954
238.80431024031714
251.38185127166798
216.75558241119143
201.25675200659316
233.7011456717155
260.65293984871823
280.71071649406804
227.05493308143923
270.5420218310319
222.24874412518693
295.6217012965353
267.24650980939623
271.82873537542764
252.48619872552808
239.23804033128545
265.8074763874174
223.97551852313336
226.32330410560826
235.87135002721334
304.63993300910806
240.4941610415117
246.22721958742477
270.7061079260893
223.66667388391215
284.2505728020915
304.87364977400284
277.07673071336467
273.6840993760852
240.7708193473518
255.92342161451234
256.97154992446303
215.38291915418813
229.93122861912707
228.64685560809448
193.59279636322754
237.59621775936102
264.9701536411885
239.66276743035996
259.68631684966385
252.71680788922822
214.7410111085046
242.58735532226274
243.04542711848626
255.44824373128358
261.08480486809276
246.02498016512254
251.98809802805772
263.45003314089263
234.3866700011422
248.34935162519105
218.24192637339002
271.0352415465168
262.05000931653194
240.90890790772391
305.97425793419825
248.91058992122998
307.90904189966386
232.2851020079106
262.1042805163306
277.6270632602973
247.88413444603793
215.39741407800466
220.24767560593318
262.7538491318701
247.92922901472775
254.0459240472992
218.2186453846516
267.7025699134683
270.7366052081925
238.0625196796027
240.69954607094405
237.6308862118167
204.06198928458616
259.31804321770323
260.99127597542247
246.14776510739466
239.28132473817095
227.5660874497844
200.97748220717767
233.00136943452526
250.80479773296975
258.96364998893114
244.89694241149118
225.81816964235622
234.52688821218908
223.0901000064914
237.47042612190126
220.24086602323223
255.76055604295107
230.21009144955315
236.66170905076433
222.42392239772016
227.5962499913294
242.13063467253232
239.56158141320338
224.98492111545056
256.6321587578859
272.9430771403713
236.97783870669082
236.7962135519483
252.55190686392598
285.169647975883
265.28309940668987
246.57637867541052
204.65345581120346
270.06901125219883
236.8215983156697
211.76104734494584
236.25829507689923
244.4156834788737
248.90502099413425
258.31435305275954
280.7862113857991
260.0553742169868
268.5153030787478
218.03614491503686
241.16373996529728
278.9932227713871
223.5131157223368
266.78535031405045
243.63664347032318
253.7559844359639
255.72392023983411
256.5307372902753
243.56610177329276
269.17670826549875
282.06120385520626
213.46532546624076
244.43323023151606
226.31203440506943
227.37035227101296
224.28126733546378
283.5640143947676
281.8705854220316
225.3569322906551
237.1396539383568
238.98627753509209
300.8370406870963
216.6248297301354
224.19118196354248
224.7266772974981
256.44961415824946
210.9177397104795
205.78670584928477
255.09023917996092
256.2163937361329
200.50310564087704
249.41079984226963
238.37785269360757
227.50280358898453
205.91118950449163
253.41297404951183
223.33499882207252
242.97537265898427
228.2330767310341
238.54429493058706
308.6969764417154
304.79867023503175
207.28978794679279
274.30654613574734
218.2458371851244
228.4834056867985
219.86617898434633
222.58153232972836
227.8311753316084
263.7590771614923
275.90249116753694
233.31625056592748
271.9162703693728
225.3464533900842
254.48541612224653
231.4827309345128
256.8538411281188
266.63508549466496
265.5440032481565
233.41271521069575
219.48549092013855
318.76236688828794
282.42241106083384
243.14925786003005
217.12456286663655
229.88910308928462
232.88170394592453
240.13095660647377
236.70938887394732
259.99212048610207
295.2176225365256
244.82628740591463
241.06497959169792
221.2148416728014
248.83916070393752
243.3680858205189
238.75898025208153
270.9898418917437
307.4714414571645
248.2964584887377
272.603103898
236.8802353545907
267.08926388440887
291.4100823054905
253.75939810380805
212.2991368768271
242.37952663906617
219.25481314194622
251.2068052344257
236.6558001670055
202.75537821644684
235.79987247934332
248.73843576107174
220.30224650306627
246.38387941900874
217.89155250723707
202.7037945013144
259.84091080515645
279.19186019711196
215.9648815743858
267.23805280559463
251.31661826872732
222.34992453822633
272.36194940906717
215.78416805929737
283.97280998446513
220.67310589557746
257.60993896826403
249.54552699654596
198.0813692926895
235.31687034253264
256.85643774212804
250.87496918503894
264.4786233693012
265.44894449278945
237.08290246053366
300.22899043996586
263.6025385198882
255.36611336277565
205.66302258172072
297.2528462453047
263.5973168213968
251.15118982247077
287.3766719929408
300.116257356829
273.3751298721181
247.62170990556479
231.21447512536542
228.27621850848664
219.72028059861623
234.45643287460553
261.95368021767354
215.11814544472145
214.50561115139863
212.58932356687728
225.69843928772025
235.4295822326676
255.06234210397815
194.84110211365623
236.36064572428586
276.33840916713234
271.16373481601477
249.65878047671868
239.50001723470632
267.2204657078837
255.06086877122289
233.23510885966243
224.3415337698534
212.62650654587196
269.8546696717385
227.88897623645607
236.59222347120522
224.98071046872064
241.8867456211592
241.7048204340972
229.9858008318115
248.47148887004005
215.5547531550983
232.9695608401671
259.3970826398581
248.43503143027192
217.35592034767615
232.08882418629946
259.81628146086587
254.6181594155496
207.861726015748
250.4119122447446
225.4496970907785
252.3541202470078
238.51959186507156
249.84471647208557
248.8269683836843
237.57416492357152
214.62274203478592
250.39944454398938
244.6549921897822
235.24840056709945
257.2295988916303
282.2274943384691
298.8334636291256
261.64369211159647
233.1683251776849
258.94792278052773
230.91305977338925
249.97320829250384
250.84612005820964
259.91541921783937
233.74144084379077
231.0217700547655
286.09925503487466
272.4364578536479
228.12601198017364
306.20070547336945
251.559537183668
245.5418646170874
285.7569754188298
248.9227823825786
233.5795719199814
268.14613950432977
270.0605290021631
256.82103367656237
218.9927632260369
267.87553513696184
266.40102556324564
240.00641487928806
266.46889246982755
275.42420394701185
236.76058143831324
268.97602646256564
263.1871805349365
237.9336648985045
256.14427410817007
266.78355576691683
228.69359814556083
242.33848785836017
258.99456481228117
236.08894020237494
281.87271714617964
244.93641553621273
255.6332263914519
299.6612416196149
257.76667020178866
233.08155533886747
232.6439784853137
266.5529690490803
274.1987393910531
215.56684064579895
216.65329162351554
214.690816637245
225.06479680771008
246.1403782464913
228.53307648125337
261.9505835030577
290.55083529511467
277.96422085084487
269.9808476869366
277.97244849737035
246.00381613627542
246.84327465487877
242.20412879274227
228.00489737652242
211.42820535443025
240.50754582241643
241.6429494896438
282.15630749746924
253.57140038959915
235.8374481725623
248.93608544539893
263.9116569691105
250.24291515466757
248.46945459325798
268.7495000446215
224.34792370797368
203.0913965977379
248.14775208214996
233.2293208335177
267.8101502045174
236.4719733945094
271.1993171777576
272.21948452753713
232.77392243855866
229.69449603866087
275.1576065950794
252.6817599349888
244.94055944908177
278.7477549574105
266.83620726456866
217.15727670752676
280.7876009142492
235.83581899642013
222.78109699988272
255.52384109189734
251.05375104467385
244.20179498835932
247.27417057263665
232.9716715902323
247.03230169788003
255.98110778955743
245.61910963850096
234.29119774722494
261.4864297618624
279.1879484826932
242.41740013705567
229.51079131523147
287.06297778128646
212.2337476426037
228.5143766195979
214.79310746409465
220.9324229818303
246.5182749790838
270.55659513245337
243.2157886737259
228.32677785120904
298.49102005537134
217.44501311832573
240.71479991381057
257.54070603568107
242.22835724288598
233.41234960779548
194.26002133637667
232.59237955894787
216.04056437779218
213.58025877003092
224.15052238793578
242.793832036783
235.1555658269208
236.97698146116454
232.8661341908155
256.0357108976459
260.1249441301916
262.78360332152806
221.49543727049604
246.99779568391386
242.03310723649338
253.79015461355448
232.44622144894674
223.70170603785664
229.43361312604975
359.1730439332314
227.01786381041165
230.57508036040235
287.61769400851335
248.2245410317555
279.006913636229
249.2695868780138
221.46828910091426
273.9963850615313
242.14189558837097
227.84060978260823
263.0786625354085
191.56353455700446
257.80170783249196
230.9594028327847
254.10799039679114
248.5963145471178
258.0363829759881
272.1766850587446
255.92949952033814
243.85520104004536
247.6262659849599
242.20062833384145
253.70933240966406
242.25088720745407
231.3284927085042
226.71601801365614
233.59884449641686
242.49735774623696
222.35363629600033
230.61708097660448
279.473553720396
277.56717879814096
252.99681278178468
292.60409934807103
299.86024877463933
233.51218892505858
230.4225140978815
231.29857302329037
263.66681316809263
234.3741708722664
263.4241482223151
228.64390631369315
235.6047591289971
249.97336275014095
239.57601016084664
223.876877170871
281.06665571650956
215.95874251483474
263.8473473422928
252.52654867141973
227.14311940711923
298.98558314482216
282.58124908525497
288.36218699160963
230.910265580751
221.0919078408042
254.4363503861241
238.8289268660592
241.66468703059945
231.69632738945074
246.14684575563297
245.96822448587045
215.98146204289515
224.58943371346686
211.82175284728874
231.99716879671905
238.32581392070279
233.0795318748569
283.5644039992476
243.95351499679964
217.88600787182804
212.95381870656274
218.25689279660583
226.35772130568512
235.3934897998115
286.56969013623893
223.06083795707673
257.51221433258615
209.15305454458576
255.74098259059247
306.5475788952317
210.53826364479028
264.61547813622747
247.27816610690206
262.586338883033
228.4904572116211
248.56585152144544
256.6059621499153
285.53232127428055
254.80623317381833
251.80317759444006
230.9620064754272
230.89477396954317
246.12099178007338
253.86341213958804
237.95923594385386
266.3614830261795
298.62045292381663
203.3022043175297
267.4017316023819
247.17500746320002
238.373535300605
236.40928959287703
216.60724144079722
249.0517959855497
271.9815932395868
255.77683810214512
265.6709957116982
242.66038955014665
245.46170503727626
228.96139335085172
266.1392126220744
234.3151634595124
232.35450557956938
263.73356592759956
249.24740029044915
227.067030746839
262.11348954448476
273.2962069615023
242.5052652747836
266.71274937083945
220.43736855697352
202.9349845323013
249.51980616059154
227.72158350714017
236.86250878160354
241.7082153535448
222.98055024317
263.9214601420099
254.35720698046498
248.82040244119707
251.60518877743743
251.16356203216128
300.5673957770923
257.5646427477477
248.33851160446648
240.59896228380967
251.77776783844456
213.76962157618254
239.44548071245663
229.19147544982843
249.1576031689765
241.6878381103743
275.53629395656753
249.4820526955882
222.8029958930565
234.50135941815097
268.6469971416518
267.84166789310984
256.69024446129333
228.3569535301067
229.53931363020092
249.09369366208557
210.68275887193158
295.2818940214347
296.45619324292056
260.11299672175664
342.3200304902857
279.68816331459675
249.6023424253799
228.38727570476476
251.5980075445259
257.544625350507
258.2528180665104
241.74602898652665
246.24979349027853
254.7787379270885
263.02196989941876
252.00124512705952
227.58220070472453
247.7827661066549
241.9460289112758
241.45288795954548
270.5787582214689
224.78023622836918
237.82976007252
239.70477165502962
251.65808301675133
252.96002557617612
219.88372898066882
238.17572207411285
232.59741900663357
255.79835796332918
250.89822719374206
245.96661475207657
245.36608862422872
234.9075771253556
262.22441125905607
312.0873846389586
232.53107583278324
251.19272897508927
264.82804279460106
252.95764245046303
243.74422567745205
251.83848109433893
252.79046395304613
233.7231146916747
231.6350086593302
211.6407590204617
253.9582120879786
242.91082495020237
283.624477453297
248.24491858610418
238.23859891109169
268.7349320908543
242.56295037455857
220.45373030763585
264.68530348467175
222.56718808657024
262.1172671664972
241.08025809703395
269.0213485613931
217.4144829994766
241.10327947430778
260.4051943530794
240.56036119372584
253.67835487995762
316.0784174563596
215.6164159803884
249.35437118634582
241.6792910468066
208.06460285861976
238.9450422943337
288.8584025016753
244.13433718367014
240.81526782456785
218.18908317037858
252.2461876842426
231.33434120123275
250.54839677806012
208.8396211253712
243.81133504316676
246.1152048112126
265.827566675609
234.61525359761436
258.1255707256496
333.97117005696055
239.01035140093882
244.0181862700265
242.25091029587202
245.24308362661395
224.74391263443977
238.30308430443984
271.0066613466479
267.2322020980064
231.50192174955737
248.4912472894648
256.0610311856726
264.273074143799
239.7385488875443
266.6962899119826
228.52786953316536
242.83476061595138
256.41828387451824
265.69299309316557
267.79570885235444
252.2661166295875
250.38737335731275
289.0498758147005
231.96485465869773
224.7954591048183
237.8610788732767
241.97565906657837
256.527055121609
259.0898821960436
264.06431242928375
258.61218213581014
199.23880663956515
240.76489708165172
231.27058175648563
236.23702970263548
239.662160968408
210.98119186470285
253.21310594899114
288.2094655724941
259.0434118679259
231.3271538547706
240.05536361702252
224.37440662074368
266.3208940895274
240.21145093697123
228.47668830573093
223.2901789918542
238.5754799382994
262.0320307138609
255.93513730843551
255.55701004201546
230.6870545813581
245.43056059489027
225.36273516109213
269.7817360847257
244.79262604145333
309.33892834198195
272.64961326040793
236.21988656546455
278.69031062501017
263.4401982962154
289.75781578489114
216.5849302521674
259.97877479100134
243.3248217231594
263.7846392217325
259.4532424143981
258.86192439566366
239.9646666920744
288.573694294435
235.12343898008112
267.2460741258692
266.2282099662116
298.08006903750356
242.22892147453967
226.869643845479
243.29202592000365
283.04294713563286
208.03339250944555
240.39722476701718
238.13159073737916
231.35105049831327
242.96105507423636
243.08805829647463
242.66885931510478
212.78036612283904
244.01672689209227
251.8962699517142
258.50632748461794
217.9736770624295
207.89834570942912
264.22046549466904
279.55820885882713
244.6138323501218
277.00655858498067
292.2557350852294
292.35875645745546
230.87025006569456
236.3882317743264
288.0772106939694
262.3144427363295
261.76874700479675
261.2733186176047
219.57512073835824
249.68521500460338
219.62192057166249
247.14101639692672
296.2471815139288
247.41776502074208
242.8759695404442
258.41545653529465
232.37227434595115
184.94885893038008
201.94002454122528
251.08245391841047
251.1060657115886
234.88701404456515
265.83594605361577
242.4229171545012
243.8498568071518
271.0992964602774
239.67472009151243
218.2528877336299
222.34632292063907
255.3758429659065
269.1686882757349
232.08437413303182
233.9391230356414
235.81626446626615
286.17751694493927
211.31931400415488
260.42907277832273
250.5953081480693
226.6277449906338
205.24423132964876
251.45570913597476
232.20382113568485
248.5730910366401
263.1532271185424
255.94578286318574
267.4516901500756
235.7348216950195
243.34440659999382
203.07105918612797
223.30130392080173
243.34776197723113
290.1026198887266
256.7160044736229
331.06619481323287
227.3958075440023
213.04201003245544
232.45793411962222
280.6075274096802
248.85883458785247
225.78424152138177
271.2343764094403
250.84236587025225
212.01502786867786
225.83447760134004
254.5643851782661
232.00969293399248
270.7908957049949
255.87304962531198
259.84651731257327
238.24113704368938
255.55042192235123
236.03179944027215
239.36225201480556
243.6822167126229
254.9845048824791
286.37346956599504
231.1887734127231
261.1094240929233
256.3269458876457
233.57237049681135
235.07575572980568
291.2057978915982
213.16752451879438
206.25572809833102
228.82605522614904
238.4041090902174
282.73991098988336
233.4720283623319
234.04348491015844
242.32923269749153
236.94128035905305
242.4238306361949
237.15852508181706
261.7261029793881
215.47587531956378
304.5675149472663
223.18543731595855
250.97985360817984
281.545217017876
242.98422930203378
224.43913229194004
253.79871034889948
220.1826310127508
267.0912201903993
270.67509354033973
237.37524283013772
212.62936166848522
281.3527822807664
222.22636315226555
226.77884905785322
272.3213216679869
221.36488123657182
243.6519247831311
237.64246029488277
258.05899416294415
216.13831612770446
281.5871205389267
243.02752484043594
238.20647267368622
238.99165252991952
231.0616239568917
268.37180982891005
235.0766698125517
246.49605586216785
286.6219688914716
248.18941719736904
233.49635018850677
280.32062571984716
209.18710802483838
250.03661168611143
238.36878721334506
226.7647029979853
194.77746506186668
217.64514283346944
216.50633203110192
212.52556998399086
272.24065682152286
236.39891049917787
238.90694043796975
224.70848955959082
250.33923002087977
254.1219826277811
234.4669172988506
228.7471243662294
251.39720313833095
255.9641700530192
240.2292831755476
228.9145688418066
196.41675419150852
217.5127912502503
207.8078097156249
206.49935523222666
248.02320722327568
213.8766071666032
229.1478153046919
255.66705331252888
250.31744347466156
276.82973739271984
233.27261151734274
219.93656495504547
219.34093692200258
189.26014982815832
248.47168935998343
247.03434128442314
259.36334868264385
234.46752410382032
241.85945921065286
245.66765045770444
246.22211487113964
225.4508235764224
273.8409856383223
260.15106531162746
240.0195145664038
264.79662115790416
224.83442308777012
259.9910481768893
257.0827438372653
221.01277337933425
217.90156063297763
231.34853278077208
226.87505976099055
232.81987988227047
246.01384982978925
234.01873342564795
247.9769058037782
240.30364328599535
223.6619568017777
214.02788138168398
275.42740295652766
243.87732810189482
268.8056828370318
246.13089878682513
295.23878541449085
258.95971352187917
272.38426045991946
259.3713816674426
247.62037468957715
246.3514024654869
237.75098349887412
225.02840282896068
266.0195408271393
234.38300127827097
239.1276401099749
269.67608724336606
251.29057052568533
283.19907562993467
330.12550022127107
222.75927694002166
241.52521779644303
265.1995400460437
249.6331622134894
233.1867915908806
267.473945964477
217.428668181994
232.43725436076056
266.3791974209016
218.95653915544972
237.82088002795354
294.66660254774615
243.80490688199643
209.4683113375213
218.97048095881473
228.60767520125955
253.96927625744138
246.19614502589684
227.79928511881735
220.95709465129767
262.72197078936733
272.9381066459464
229.32560080755502
222.16265320812818
241.34058499219827
260.5093821892515
242.04721072420944
296.97287477145437
262.80919795052614
265.1989827733487
230.66858275455888
243.58650721376762
235.89052256499417
258.5718263494782
288.06693159765564
241.56616347073577
232.94586753519252
218.74742001108825
218.40571300848387
246.67448738531675
214.90033137309365
263.4455811479129
248.4415830130456
227.49415275931824
243.34950751741417
220.93510625173803
265.8381126046879
211.07466774212662
216.98803371191025
223.6376034519635
257.492649030406
242.06371198839042
240.0880792629905
266.86848300753627
312.4653271524003
285.71910491294693
250.51963922870345
229.77000040677376
262.6186053007841
237.19039376464207
261.74551071657334
236.1470786058344
242.7617308543995
239.1991282145027
222.6958351804642
230.94571720715612
258.38417924183886
213.4545645317994
251.5628190417774
191.08824144443497
215.42980534979142
224.8638649856439
212.4430409988854
232.15172295854427
233.14469120127615
264.2821023617871
237.0125749327708
248.80745322455186
235.7917983890511
262.84447550436016
265.68579785025213
221.32321131043136
285.9813208449632
234.8977968051331
234.73251883639023
214.2117375592934
218.50594037317205
260.54647388868034
234.51918396248948
267.7014034681488
257.56882087432314
241.0690861978801
212.58180204883683
224.24004276108462
247.29332538391463
239.19678987644147
216.8570293430239
264.24262801208533
260.38510028575547
234.6221976694651
239.8888925923966
254.16457247012295
261.2789477017941
267.49978341232054
277.45791329059284
246.38177410094067
246.0936338271713
235.04364172718488
250.49716421822086
190.5916795444209
260.4871954364935
276.4796015160391
250.8821027156664
262.4484533111099
264.63102709513623
286.17907432536595
294.7758603563998
281.53649532876443
256.39562857546844
256.87810469942633
245.59123423078563
259.0551088305656
256.18243994459044
256.70866507152095
249.8038536583772
256.047657129704
264.1916764016496
251.58327595877927
225.72175748820882
231.41876140842214
287.99294556106906
264.199392446666
290.08405976276845
210.01799169997685
223.5625104767969
224.34726087597664
266.03839553147554
217.51674913486931
283.45571476011537
237.86969496135134
257.9273292005528
279.82053227815777
287.0693308096379
251.36272018111777
218.64317027444486
279.9562261692481
244.93644896068145
242.1089307437651
200.15593591332436
247.84142270730808
259.0899312085239
247.19151421659626
208.90894665312953
239.14505230169743
240.7080189876724
219.11842428415548
280.99004232196603
245.80347479472402
218.35602930060122
254.99213444814086
227.1573529157322
195.08775049587712
215.10587841563392
239.9023801247822
244.97210206871387
244.10465423681308
249.12451781588607
221.33760543889366
263.2815222995123
230.0608917310601
233.94276645837817
233.4781976423692
312.5701564345509
204.88044355541933
258.2292316403473
237.06781145662535
274.8298064933624
275.3357846244471
262.5600320554804
226.4749787481269
236.41268305538688
212.60684746073093
223.33827699138783
271.4019873860525
267.0131435317453
252.62757150514517
224.84249587357044
210.51149136922322
233.62891445925925
244.52279190870468
220.69127479114104
271.56303427461535
312.75548373546917
254.65970419568475
234.24924189341255
204.37314370449167
262.89213889313396
206.81763253500685
272.51137310196646
269.5566710192943
226.32728590769693
244.91705294162966
232.8006152753951
237.99130534764845
288.0436460861238
229.60220962879248
239.78955719864462
241.9809502379503
249.13943261967506
286.37294295302127
249.48092866665684
242.8370216449257
241.36716427188367
291.0237518257927
242.35073461488355
255.81196543492842
219.5659424714977
216.42344218189828
228.20015074778348
229.7222001987975
228.00646695517935
217.62592861894518
215.74665191653185
274.27482025907375
266.56909847655334
250.93701952067204
220.94182372512296
231.205603469396
225.0131020033732
242.90672551549505
266.04291722748894
225.19294362491928
259.860244188807
253.32065960182808
225.21698161319364
230.05619706900325
225.96037699456792
344.71902129705995
247.9316788970027
275.55150740931276
251.53534461045638
229.68418765452225
270.57521370623726
201.81503690965474
247.44714485364966
277.975408979808
248.571538181277
245.62291983503383
235.3715549436165
221.9829712281935
230.0614512892207
236.50351953622885
262.92501699598506
271.00541672774125
289.6903364339378
253.2710421552183
245.2795086586848
250.84405628114473
228.41465660138056
296.253394800704
237.83566153398715
252.67151659308
277.0769772535423
260.05567970499396
246.34451919607818
239.95125973131508
243.44043290428817
232.33644547360018
237.53520364116412
277.49673937947955
293.832279063412
269.59380394918844
220.0395420511486
231.35192776925396
256.385092527722
225.67033362714574
240.0570029260125
282.0989797723014
232.6065290987026
251.8317164478358
232.33089916571043
238.7162090576021
258.2792544197291
226.0892068912508
261.23126306559425
202.0991018563509
253.01036289229523
236.15887193579692
259.53755911428016
234.22889277990907
210.78340096178
239.8905377512565
217.78537233069073
235.91024463344365
227.29007551074028
251.8661659687059
242.65971206722315
294.404606090975
247.8497387028765
253.04752366279718
265.8300285140285
221.56916754413396
241.14051228552125
271.09180599602405
287.7230373440543
238.703791553271
261.0237523372052
237.89569297397975
291.8340329544153
267.91232135682367
237.28092274046503
231.9739634867292
241.68639456946403
227.20889808342326
227.52144113031682
260.7618055368075
256.3495014656801
220.04363503796048
260.9870890046004
210.51818900729995
252.35510246548802
271.343125936226
230.7593137489166
271.0225464242976
259.9860463407822
238.7878115104977
275.79368678375613
236.02645362564363
238.19317612680607
254.59057591448072
243.385568424128
221.77172302594408
273.4611288701417
213.75643828860484
307.02006207813974
235.00704252894502
213.2632776077371
231.43513618048746
228.9470067069633
268.8894154378213
239.052702504443
238.53991984541062
259.3933193142293
281.1204128388781
236.18488443805836
273.14240171178244
247.93074249185156
213.54412536264863
264.37445798981935
232.351199751487
230.22357718180865
258.2029586855788
225.78228621010203
226.24698320159223
223.89833570097107
258.46584265702404
252.35517175798304
235.74326131213456
284.67621788510587
237.81156203045975
264.7403793677222
240.8281690380536
216.53952753322665
244.4772234663833
239.18305765022524
225.27675663749687
257.4522762314882
245.79796032770537
243.90156420413405
248.17404197109863
239.29247968806885
247.94946644769516
248.256640720414
270.5227401290322
245.6099915850209
261.0351559962146
217.17884673189837
253.88534906157292
216.91107168444432
268.26800702000037
255.58984492707532
259.3280749754049
266.5088135191472
280.44866724463645
231.39195498928893
265.08934376051184
246.47859329916537
202.48539556574542
266.1943304204615
256.6668835564051
231.58485384390224
244.93562213575933
243.49927698005922
247.37599010393023
279.18471164931543
218.72169329947792
207.99807022314053
244.8937342975987
242.68178716755938
251.65758132271003
232.61456802044995
240.61346673802473
270.9915986044798
259.4973956471076
253.43348137894645
215.92059682146646
261.3803001540946
212.69138534902595
274.2472505894257
256.809260405018
224.868503460777
225.88598819158506
283.67263267806266
289.6697100739693
209.45083890110254
234.25931897573173
291.7659200519556
267.1859108633362
235.22027820255607
237.72990933444817
221.50619787548203
210.2702260541264
259.7929933218984
243.27786293660756
249.6753316639224
254.68504467559978
260.01048352068756
229.91218926862348
221.12965972779784
259.3850265224464
220.45831755723339
234.92457610345446
185.40897752041928
235.95743579452392
214.8901286671171
284.81880372867454
245.26657173619606
282.58441289304756
209.89662212249823
290.3066260385094
242.01327136380132
269.70430434448645
252.98634221462999
223.56670853728428
211.18556580739096
237.6734194731107
250.19377067417372
246.0539826247841
228.6811904554488
247.81882474431768
237.82250170770567
287.03054136491846
301.2040044039022
287.23893424496055
264.5706091672182
243.194650499383
234.87049547291826
245.45686269714497
243.17042066110298
218.180335903191
240.8407843641471
259.64000717771705
265.57307935657445
220.8688741751248
216.89361001132056
279.3874377042521
254.97353163955268
207.5423768472392
241.1882738446584
263.5896660225699
240.93831368361134
253.89169546635821
273.448493579519
222.10975287528709
239.0307708978653
220.42522661294788
279.52372211543843
211.70116423175205
263.41834442305844
239.10807673737872
229.33494220429566
224.30156619404443
274.17246056941804
276.8405948219588
240.86061490036082
260.3696965241106
238.7186679537408
224.07056406524498
247.7400138877565
282.6251442350913
239.52911643253174
241.12484434281942
255.87733860197477
241.71521942666732
271.0409297356382
260.267051640898
260.2298628408462
222.66318176162895
248.80028817011043
236.76093320571817
289.81083686009515
274.0520929232007
251.1344021728728
248.68634388688952
245.1363199079642
258.0547600709833
258.1814583600499
248.74455103452783
297.1961657719221
260.8081868845038
260.73166383767966
234.7545084191952
222.42738935886882
253.34947257302701
288.6063370431075
285.46738022146747
216.9040367520647
249.78123747301288
244.97894356457982
251.44834195601288
234.80146227008663
258.85945413750596
237.3143660062924
233.92943957669195
231.71054396196268
231.7160675242776
224.82700641953852
274.5874483321095
231.21564963588025
229.32676174724475
239.93083140742965
222.98903143708594
275.25283662078436
250.59236246778164
277.6304258701857
265.34364824241493
225.67587668821216
233.2317644848954
258.46636872179806
260.27268078154884
230.9349364368245
269.00050504517276
291.12274138396606
283.2676513856277
243.64221578487195
286.0922688684659
249.38098065566737
286.2569126598537
251.15700415766332
251.63427228003275
223.3445987041341
263.3041762749199
213.44055333174765
277.27282359288074
280.28959448682144
240.48524269869085
207.76638138247654
270.66080506448634
248.75783216697164
260.02593273308594
237.05081729684025
305.1966679887846
289.0071951911086
250.55497286026366
226.7710149748018
244.01803410518914
222.58553816890344
288.1993939195527
234.9169628227828
257.59339730930515
243.30798188457265
267.97840484336484
246.30924962519202
303.26933494210243
290.48450283694547
239.76300691335928
258.19679845741484
261.3686258349335
238.5881517531816
275.048033227562
263.02540398866404
209.87080920359585
274.85635567014106
268.3022916399641
245.9738496040227
247.02357685856987
218.64557403535582
234.0624523870647
247.91440007241908
213.6008625564864
210.37298409815412
219.17852499778382
233.42851450142916
216.87313839129638
276.5641292692162
270.4116903619142
250.87053246435244
245.49405756313354
240.68988900259137
226.87626038619783
221.06360576697625
242.57463901175652
272.96720666240435
282.55113624280784
303.70149902277626
258.8174331819173
311.2804086722899
233.57369479723275
255.31722595146857
267.21296603314113
266.01512608281337
263.1938355709426
242.892177843838
258.21712472476065
231.55425344302785
234.13619959540665
232.64891164167784
298.0022297221003
260.3321043511387
240.4923955737613
222.8641062346287
245.85273970663548
274.28533327626064
263.16155311698094
218.93210516578984
275.2047658895608
217.42752430110704
266.973994498956
234.0075464140391
301.5939363979269
281.83333213150036
217.26508284546435
226.06752486049663
215.58041440695524
265.14390448783524
271.30502196610905
283.63303434848785
293.47992434201296
226.64292434998788
248.01667496864684
260.0656640379457
225.68940881709568
226.9070212020306
236.5203101367224
295.0797364296159
273.03782680176664
271.8918248700211
231.11924715177156
276.3420369165251
259.35253164346796
246.66611777455546
228.93671456212178
232.4914912355598
237.63948757282924
261.26826600683853
232.96232833107933
248.2687047299696
235.1579122892581
317.49352669122163
271.5237106146524
224.16633036825806
240.80122963152826
255.768964303541
223.2283651927719
241.10215436143335
270.7813428528607
224.76585525483824
266.1064640295226
306.6001490469789
241.9942530801054
276.4894345040666
229.12599996780045
252.4221494976664
211.9636939758202
252.04199754295405
242.15734333521686
250.7914156008046
228.16747590503655
251.58238459273707
216.28476882970426
253.4844643868273
234.60377078689635
235.07890081917867
249.30645382939838
264.13777488528285
287.3650293024257
219.12225708470214
267.0299900856335
226.87576663249638
243.89735120290425
319.3197573450161
273.23222509841435
200.136683916091
241.07892839272972
218.14848629408516
244.46657313220203
266.5436416300945
258.69837569782976
241.70855064538773
226.40402943163645
235.40306998207234
263.75571703270543
266.3705975525081
283.5535180437146
231.18368783872575
295.97484357620124
238.75550541479606
203.71987478341907
259.1818621408893
239.15954254334792
259.63892434188165
232.10270512360148
223.90801715187263
217.4818373894086
237.05667754786555
234.34711753763258
218.84567509032786
242.86319590650965
263.570847980096
271.4236343973316
244.941415533307
257.72796961211134
262.4715778356185
259.25192893110216
251.9578125065891
253.97973088431172
252.4367074755719
262.22125514014624
241.51167319645174
240.99402068031486
205.82784654956777
255.3667924797628
285.87997534219176
249.01762034010608
263.4024408503901
273.99840282835066
231.20901128125843
277.5866472297348
217.32702477672137
271.7204183144495
256.19858904811554
251.42927393724676
261.3137314381311
248.38605842692778
229.81842152110767
208.97714908455964
267.4356023580767
263.06967253191397
215.19334517035168
321.67948676017113
264.1476273968583
241.63042845122982
237.74391731794458
294.2760076253908
246.21569668094162
227.77649087226018
232.78121103451122
280.7978694054764
239.2689893512288
244.75570624379907
210.3671843794873
197.15338224219158
264.93544561148155
264.8055432047695
288.0588100475725
256.79165483650286
252.94819512066897
205.66757721675094
251.22066074679606
261.43249956390355
281.8646921750624
249.38836710504256
218.0395418627886
213.32695641124155
241.42165378527716
219.28458451316692
275.5614071539603
292.53302089567296
220.64270325517282
225.06754675798584
248.47146295255516
248.60081033722963
243.7200494868448
236.37484501849394
304.52572032040916
257.01473283115774
239.06591136055067
226.04890765622258
210.05424857116304
267.31305218767375
221.81869156530593
234.32550424803048
248.46254676836543
274.2175299496157
227.58873638906516
246.2183913179906
252.72920142044313
262.2114251004532
225.45423336478416
214.44759206299204
249.7111023881007
245.84488342306577
240.46687262132764
232.16845714719966
250.0754707190208
231.13165912323166
231.50345611735247
256.8718794208253
257.12499727797695
236.33352592017036
242.94024353369605
219.50684602349065
225.03952372749336
241.6941901377868
264.87009022023994
244.54969848238397
238.82571226987056
260.1622364387149
274.7018782851519
230.13494919089135
263.65279928885866
225.85342255490832
263.56683303799946
276.71801057935227
293.6240986137418
234.45814059406985
238.0668524070643
264.5775169770932
259.3712605657056
220.89469836791977
278.70791617105715
288.4970466088271
307.9682354775723
243.82027575059328
224.84815116366372
239.17085917235818
270.4073830663692
218.3547858406091
231.37972649466246
239.67045531328768
305.5572498397669
290.97426485538017
303.56588111037854
228.64143633609638
243.12375663593411
249.9675912761595
254.34417188819498
251.5794065396767
246.62240689841565
229.33250130247325
230.76733206002973
227.32578200718854
228.71374784759246
230.93832719698548
265.3576784601901
251.2062561865896
253.67535294254776
275.6746613167925
325.3341023209505
216.4057413272094
262.25047939491924
235.68403867201414
260.36197222117335
248.55141995614395
281.1380365305813
233.80999978457112
251.19085030211136
250.64010881830472
242.7817437419435
252.24289798748214
231.37903799349442
237.86798213375732
256.1896728951251
251.3433184886817
249.81795663991943
227.59543540608138
229.903660654556
242.9970188017469
213.82734322699253
220.25614779547323
270.25255677103996
228.1276305791689
230.2913881536806
225.0564692101907
234.17225163942203
219.13291810709052
246.5790315788472
256.6837966698222
271.27822731260676
252.61834281042684
223.6811873492552
237.12666787730996
256.43950350233354
191.6808408254292
242.75090477289632
274.26767105900217
237.89703735674266
272.7219884506194
314.09225744358264
261.62131110474
198.42197622871026
283.6864310844103
249.98639021860436
240.77308778837323
250.49279988266062
249.1995841115713
226.3867135239998
216.089672633796
224.27492533496115
226.06412090803497
226.8648335224716
244.89334172930103
279.879573818529
245.91062691633124
271.72829380328767
271.46270692849066
255.16137400071602
249.35296610719524
236.34211897675414
254.80684197170194
276.1098525528796
235.27503603999503
246.33783313666936
265.45629079279024
228.63392756995745
268.21548949566204
257.2630582622951
251.8206944951089
239.47999595606234
283.2418756725965
275.89751689962577
225.02694342005998
265.0337408971973
275.77209014981054
280.38474035577383
263.74139088462107
247.31232666608412
265.98419161734637
254.43109516310506
251.42488931841217
247.732135237311
259.07660454895813
267.6523290076293
267.0940558947623
225.64560519950464
239.91634920425713
255.79124694282655
254.06097105366644
229.00072763068601
218.43661559629254
241.34476175066084
268.4108027492184
271.0710038880352
254.6524535389617
255.772558886325
235.3580315496074
216.08185861387756
238.9857812866103
235.35482039500494
245.8126542090904
265.52610564406496
277.9536445910344
232.6072472871747
291.90376729669515
293.98032417718787
254.05263253196608
257.4662548494525
236.85249765357003
257.3004805049859
256.46618775301613
232.69308362493757
277.15281708119437
240.80812984739896
242.5968617660692
241.56516341178212
233.56519559968729
223.68150555959437
227.6603242312558
232.08515263197478
240.18026272649877
266.9877351572504
225.30782899900805
297.3374832259724
209.77434676256962
280.01279447355773
249.86431562819052
248.9712769538164
255.8738894641865
300.995813354617
289.4037187391659
292.4860879078042
238.00537490122952
241.656587284524
234.50473413593136
256.8788320880849
246.74270303512458
254.65261808095966
253.07118145970162
276.1327315818053
230.99241092638113
245.93022666405886
242.45803389512002
218.91610131110065
226.2091119743418
247.53833393240348
250.70211623818614
248.4160865303129
266.0431734478334
267.1184839135967
228.4270489780465
234.45369447336998
210.15062081208453
241.28882948565297
241.79992439982016
258.6177619707305
234.83020358567592
223.87926294177305
237.58824151544832
246.20461446559057
251.05684658652171
252.64482977346051
245.6561450243462
228.4474638242973
255.15733378275763
299.6975200881716
288.6252061915584
243.7766038235277
236.53929748304654
241.8338161749998
228.584355577128
221.88244076503906
259.8183265096741
245.508668738883
257.67665034439415
244.50922941800673
230.50983868178446
205.89908329036552
240.66624685830902
188.17397820716724
260.0071437351871
226.71669170376845
181.08332267438527
278.70100399502553
265.52252047287766
203.1439038743265
261.55741784139536
274.50874986872077
253.71374848438427
242.9670753070386
242.45308036112692
267.6467544785701
267.0184725600993
232.0548215714516
258.6258418340003
241.65039529080968
282.82830629800446
248.7909428580897
235.24511158966925
236.74819163966458
219.89118702581618
235.11628360231407
302.59624511527363
284.21946707798634
247.13653356547002
242.08112616208382
290.97098146611825
303.2008250565268
274.5144539314788
237.6510149332462
281.45157861325424
325.5702323958976
251.56356817518827
257.9553891774267
209.18828909436706
238.42353776621167
231.95702680177055
208.2495133614866
235.5262939882232
240.29157171258703
247.61878907226492
249.08890149660874
243.69662768172566
277.2081689973129
263.475546420319
283.1033532631118
278.38367138046306
308.00673008011654
247.53183027589694
243.3400457544485
265.76495155890007
242.6305335740326
215.99147784803063
275.6495552989654
237.351295658038
226.7369511089055
258.9180395323783
211.01743800961412
191.33430230244994
254.96616535517387
269.329248936614
276.5115975033259
226.47858877724502
238.82926969707478
276.73999892536085
309.1144171138294
243.11468943557702
250.62599261873402
189.27796667080838
231.7358169782674
248.47154705424327
232.27600546751637
263.0607032820117
233.6165241325507
284.8906089401571
371.5585210042773
237.4789360521827
238.9393347671721
282.58532254444435
231.62004072929267
293.05177828029264
248.45552255772054
305.5235849954188
253.93866459676065
228.45149511552881
218.6557431705296
244.0917780197924
246.40439739101566
308.7971706815297
223.6803598139668
255.82423626619857
244.87362008611672
253.39256707089953
215.43860516953282
226.5337380412966
264.53281510050874
266.63439621042926
203.58836217049975
233.88246868981514
248.16896888357587
236.54668357328046
245.45046617439948
272.9071702939691
238.39967064885423
252.17585182725452
278.6544888181379
299.15395453060046
247.25886459031608
244.1946333242813
233.40922735317145
240.26031783118378
245.6011007311754
225.81000738136936
259.3053136661183
225.27925725339446
201.75535699538887
262.3940263510449
250.59109596163034
247.75940226297826
249.44908144138753
181.87320721847937
236.8950036886381
264.72598440095317
235.72710693418048
213.15861575701274
268.2152459473582
231.27962002623826
272.2501986407442
226.84237755439244
273.18950723519083
256.78597583493683
211.9833270269446
254.13969826535322
223.39491190260742
221.62099270685576
218.19028299150523
259.90500914352015
257.76587882451713
245.17705045407638
259.4577849328052
260.3494918422075
261.1334248667117
263.0810480483342
262.4178197751753
234.96079930558335
258.4605142469518
239.16007822181564
253.79760447959416
210.78719084430486
256.2631921910215
241.49653443926945
259.3080013692379
264.6407513169106
256.2418753769016
239.503094030777
280.0758154906798
253.000739643001
249.36019245663192
212.14776632888243
262.48640828975476
248.52807895455044
249.2360225400189
257.99088144651614
253.5129734654911
234.3547492271755
259.32514481642283
260.2823423569789
289.9237586535746
227.7562068911502
215.6593042036984
215.4662722334033
234.94164199766237
247.76454855455086
266.21062522323336
224.84982142655645
236.87700629315805
236.5082270411076
331.86512470431626
258.5880376811838
276.19296754268
268.21059069316834
259.8657456394285
262.58588309248444
264.31473365728743
237.89097895740997
220.879470830434
241.9267469723709
220.18248980515637
240.01971330610104
240.4316265520174
242.56291150732432
266.5902553325286
265.67360340140294
255.95975837949663
235.83708161965478
249.82726242695935
226.27941919653676
262.10279307328165
238.29597836604808
266.59528858668637
285.29610280448105
241.7462492826162
211.54327129002195
252.79912293120287
220.80581680708565
240.42631386674475
214.91353333974257
245.70365855807904
253.81187528569717
235.3487319262931
245.14920606685337
249.2090654906351
232.38744136842433
230.84291760448832
237.3086882875068
262.98135560541414
258.60532168787904
255.61796571547166
231.83013847772963
233.14587157196365
260.2755622881232
212.07743741211016
230.6348674944602
239.63315475801937
281.181467180606
265.8178988477448
244.1198692204198
231.14927888743114
224.2719343721401
247.2644011315424
226.57251314551104
249.84494699887
265.96165829885285
254.0902675226098
245.90102741564624
302.67636612977367
245.18707675358746
235.85821836977266
232.59306101640686
262.7900258045411
247.59348127106205
291.08469484979287
258.80920519528445
264.0970858192304
323.00945587595925
221.47963066154625
285.9158523543738
264.3185417645145
219.07331732253078
256.2622462415602
224.42296494997572
234.8730874581961
310.48072926758323
241.81620755116455
244.55801261146553
248.09899205819238
229.6795420756098
288.9251129140612
289.7218212172156
245.66119986516424
266.91502460616175
247.89278179209214
264.12073105794843
267.72114892315585
279.8574044397101
251.10959954268765
232.32985587290023
271.5196171004791
245.25142360676546
286.42949548678007
234.7128785738023
215.45972731418442
199.2377085176995
252.26681041065603
228.88221548171714
234.52894226426724
233.46917730104178
219.13500302261673
220.53390803514048
262.20668508310337
230.8374596531503
290.479658298078
267.46251453785226
249.9774438216118
263.4890283034183
310.0431259602774
204.40700912754983
257.49367908749264
289.2093372398522
203.96819629496895
218.01566025207285
