80.23477917576747
80.23477119662766
80.23476385613321
80.23475677266106
80.23474989860279
80.23474367260587
80.23473747199114
80.23473155678221
80.23472591559948
80.23472056736136
80.23471565721957
80.23471054987021
80.23470638021445
80.2347018131668
80.23469773699071
80.23469372111231
80.23468994011546
80.23468639350449
80.23468282104841
80.23467969565536
80.23467643518143
80.23467366958721
80.23467069603339
80.23466806827582
80.2346653197219
80.23466299576103
80.23466078830643
80.23465836630658
80.23465630425198
80.23465415848386
80.2346522835469
80.23465044966542
80.23464849998163
80.23464704498565
80.23464533404876
80.23464385482566
80.23464224717736
80.23464095245072
80.23463952938255
80.23463847172025
80.23463726885711
80.23463587870356
80.2346347726234
80.23463368309785
80.23463286654442
80.23463179573992
80.23463077573615
80.23462993924295
80.23462910111084
80.23462820321402
80.23462753877902
80.23462673533322
80.23462597098296
80.23462533073689
80.23462468328944
80.23462406826911
80.23462341709637
80.23462279040723
80.23462247915631
80.23462202514202
80.23462127949279
80.23462098872915
80.23462057224788
80.23462008897877
80.23461981136279
80.23461925847732
80.23461886728182
80.2346185263068
80.23461824686092
80.23461788619898
80.2346176544579
80.23461729592782
80.23461706202761
80.23461675846556
80.2346163901675
80.23461628133009
80.23461597935602
80.23461582831987
80.23461560809665
80.23461532193869
80.2346151413658
80.23461485451298
80.234614647532
80.23461460894214
80.23461453003438
80.23461413685072
80.23461398813743
80.23461408940238
80.23461374741055
80.23461371871599
80.2346136854485
80.23461354975188
80.23461331957697
80.23461324191157
80.23461309354025
80.23461306920763
80.23461293387845
80.23461287552345
80.23461264191792
80.23461264291109
80.23461263446552
80.2346125115946
80.23461246519037
80.23461243176644
80.23461227978078
80.23461236555158
80.23461222372316
80.23461208276785
80.23461210920505
80.2346120852726
80.23461192078685
80.23461203181432
80.23461188143119
80.23461175377088
80.23461183568361
80.2346117143079
80.23461177002355
80.23461165921435
80.23461160692932
80.23461150828552
80.23461147933449
80.23461155914993
80.23461153036078
80.23461139702886
80.23461146405134
80.23461135501384
80.23461128443887
80.23461146010777
80.23461141898224
80.23461141637563
80.2346113813528
80.23461125234098
80.23461125782887
80.234611428461
80.23461124994355
80.23461135327125
80.23461129236057
80.23461116274848
80.23461122718982
80.23461119884269
80.23461112903351
80.23461115707323
80.23461117249462
80.23461129946372
80.23461118691557
80.23461105955357
80.23461096831306
80.23461113364101
80.23461126264374
80.2346110432918
80.23461115415921
80.23461096239407
80.23461100310669
80.2346110494982
80.23461132867669
80.23461125022004
80.23461108875199
80.23461113708981
80.23461111522192
80.23461113997837
80.23461095445236
80.23461108440824
80.23461092508296
80.23461098249027
80.23461104286616
80.2346109348764
80.23461090991987
80.23461107808907
80.23461101028079
80.23461095677703
80.23461082605718
80.23461080606648
80.23461105570095
80.23461078064793
80.2346108820966
80.23461081396817
80.23461106094692
80.23461087127362
80.23461103310183
80.2346108413658
80.23461092092839
80.23461099999622
80.23461097605468
80.23461099775886
80.2346109222417
80.23461091737045
