303.31679704313046
303.31758629851447
303.3180676204993
303.3183557669763
303.3185256527304
303.31862463331527
303.31868171710994
303.31871436136316
303.3187329111306
303.3187433851499
303.31874927170793
303.318752553545
303.3187544009961
303.3187554060878
303.3187559589751
303.31875626455803
303.31875643020066
303.3187565231219
303.3187565897497
303.31875663649225
303.3187566357119
303.31875664307154
303.318756650091
303.3187566486831
303.3187566647921
303.31875665230655
303.3187566455417
303.318756649207
303.3187566644192
303.31875664699146
303.31875664352265
303.3187566622546
303.3187566661618
303.31875665730513
303.3187566471497
303.3187566458564
303.3187566642973
303.3187566491615
303.3187566436209
303.3187566465094
303.3187566595079
303.3187566490742
303.31875663826213
303.3187566323213
303.3187566481065
303.31875664335166
303.3187566647284
303.31875665013285
303.3187566577071
