389.0775978282254
389.0776047669615
389.0776093979812
389.07761264429246
389.0776149860012
389.07761657474384
389.07761778182885
389.07761860679693
389.0776192403755
389.0776196788538
389.0776200130822
389.0776202561374
389.07762041670685
389.07762054447085
389.0776206399696
389.07762072875084
389.07762075375285
389.0776207632407
389.0776208310381
389.07762086162256
389.07762082352565
389.0776208650477
389.07762087514675
389.07762091209224
389.0776208554089
389.07762090051074
389.0776208838506
389.0776208840416
389.0776209109499
389.07762087757146
389.0776209132564
389.0776209058895
389.07762089059906
389.07762090827237
389.0776208721327
389.0776208962925
389.07762089143216
