283.7895591710003
283.7898605088121
283.79004482361324
283.7901556785073
283.79022146358784
283.7902600754096
283.79028253065553
283.79029548705967
283.79030291102754
283.79030714039436
283.79030953579877
283.7903108868886
283.7903116446578
283.7903120683295
283.79031230427427
283.7903124357017
283.79031250836124
283.79031254918846
283.79031256966664
283.7903125814355
283.7903125898865
283.7903125922985
283.790312593992
283.7903125954472
283.79031259607655
283.79031259698786
283.79031259674775
283.7903125963767
283.7903125974499
283.79031259635667
283.7903125968769
283.79031259676776
283.7903125958528
283.7903125966732
283.7903125974208
283.7903125969715
283.7903125965513
283.79031259682597
283.7903125961566
283.7903125965622
283.7903125967532
283.7903125964185
283.7903125959783
283.79031259708427
283.790312597288
283.7903125973244
283.7903125962439
283.79031259664043
283.79031259697877
283.7903125972407
283.7903125972334
