172.26184968043071
172.26185540796268
172.26185476328465
172.2618549597828
172.26185500415886
172.26185506651382
172.26185511913536
172.2618551481046
172.26185517715112
172.2618552052927
172.26185522065316
172.26185524271477
172.26185525327674
172.2618552639342
172.2618552755739
172.2618552855065
172.26185529542454
172.26185530647763
172.26185529582108
172.2618553052289
172.26185531058218
172.26185531607553
172.2618553173961
172.26185531539704
172.26185531543706
172.261855322462
172.26185531656301
172.26185532871204
172.26185532666932
172.26185532762793
172.26185531856936
172.26185532913223
172.26185531563533
172.26185533583703
172.26185532800082
172.26185531916963
172.26185532474483
172.26185532115232
172.26185532130148
172.26185532071577
172.26185531659394
172.26185532464115
172.26185532982345
172.26185532117415
172.26185532332602
172.26185532583804
172.26185531856208
172.26185532634554
172.2618553301254
172.26185532335876
172.2618553250977
172.2618553246284
172.26185532342606
172.2618553327029
172.2618553331904
172.26185531936426
172.26185533626085
172.26185532141608
172.26185532305135
172.261855325547
172.2618553153061
172.26185532710042
172.26185532566888
172.26185532492673
172.2618553225184
172.2618553258726
172.26185532260206
172.26185532231466
172.2618553187749
172.26185532415548
172.26185532199815
172.26185532293675
172.26185532256204
172.26185532149975
172.26185531894953
172.26185531905503
172.26185532437012
172.26185532976524
172.26185532236195
172.2618553266475
172.2618553287648
172.26185532392265
172.2618553198481
172.26185532177624
172.26185531764713
172.2618553185348
