351.60755349379514
325.43429283241795
296.54402927265846
286.8980561817316
275.7320947489943
291.11754720003523
281.3398904063538
279.8232738592051
270.59232300281474
296.35028306886716
309.72728614216976
277.34218378258765
295.0841377310362
264.7542723246297
299.3333880762966
300.43918975170254
275.1692015782537
287.87525689514223
323.65174870571536
254.31547683340068
289.5495753764826
292.0119651436289
282.7366072124987
280.14225641648864
303.78358061658037
290.76916392148814
302.8826718426253
317.0075088547628
260.5187163731716
302.5014403299174
289.75625502771254
308.45734816588265
295.48504733836853
304.0590737993971
303.64957946979484
284.3525142653125
273.9340280888755
340.16796388699913
287.82009235332225
270.7312992901461
314.1795709948783
271.49393008258994
254.2761786421397
289.2270144263093
307.59393532888316
286.64965517708333
282.52622074654937
273.36908176435645
257.57518530409106
268.4053465316938
282.2743487524258
304.9331152403338
330.33752289325093
299.91072480393814
313.9853203337825
270.76615308100554
283.6578013140861
310.85251938318834
292.0155240990498
278.3588808648201
302.62337905051754
292.27162765083267
266.9451163852682
306.86451862983813
314.33132436895903
285.4347834566579
287.34598254812954
331.7240662948243
289.91220235045694
281.02171987140537
279.90435784667716
287.67827960011346
297.88893141807785
267.72342095246495
268.7841653209616
296.044387806709
296.99996385356644
296.1118279269249
283.81228294669927
281.37551849061856
262.4035745875444
313.90809746045124
291.8455252133026
281.389759208545
287.39271384316453
280.0258524265737
276.7624708742078
300.8871915641539
325.5506801573356
298.7873178759255
275.88803303657187
285.0505769872216
335.645273920185
307.6432555025458
274.7591071605784
271.08505829621936
301.8701588384574
279.7252703121885
278.32385888788485
264.7838823058919
272.6815728566871
326.84378926048885
290.54746288568276
288.9899501834989
301.16140076823285
276.02348591059126
284.3262597825087
292.3742580852777
282.37117648309504
267.70078585487863
276.6153947733619
282.09015527003794
302.6002489114362
291.14933389017824
282.01086700443557
276.2152890463258
264.1458641236386
288.56375595217105
325.5502205853263
267.8813131459756
295.411776971574
279.9040610411248
305.3923541182594
287.3608152640518
267.41464413554786
312.3011246899405
296.83442502295657
292.0242845599205
319.81239397556055
296.1128588789579
270.41610378352925
298.99300011341256
288.81324393964314
296.9134048744236
282.9253305956663
291.222217930037
266.32264664723334
273.69836030613806
266.7760381169501
263.98520164759975
263.0954658493865
284.5024996741413
292.36832045629126
282.2862447055595
304.70615053492656
299.9697861474924
292.06963847633597
282.17777533410117
317.81517264366266
295.3473231058597
296.4861898834715
327.1133136987846
275.53196231531183
301.50805641579063
300.52425392435543
308.39844562228245
334.1250368703477
295.04276793239114
284.0343911094824
285.1902186114821
275.84150269081874
280.230426763017
287.465110541023
303.4040568525379
304.99385841321055
309.54785574458947
283.3931928218226
297.79859129436954
294.32668518571154
294.0708459900634
292.4663483766708
285.11188215571747
279.56234272343863
296.08092915144516
277.9914499120132
316.94751268814434
261.5069564253936
292.289365788296
282.5628600981727
275.1874178218859
294.9562840695726
280.94388798016007
276.3809577600041
291.2441449395774
255.22802609507198
291.47893758193095
281.90308964986616
245.65715693304082
297.16348278821533
273.1795190834673
281.6574820161186
283.76029422062857
275.5652989001246
311.69723861818056
281.39004267478595
270.91936630948476
298.7099256164729
291.87977944331215
334.06223782425513
289.1900687406378
296.40811196280265
266.5449635492914
279.8544945797694
265.5115768921387
279.3848193742524
275.2049219574619
277.3304711543242
259.47000322074746
273.1497629570731
277.9479665274848
281.7932988561006
280.28170675819274
287.3033849267158
298.58182295657025
272.5826988243134
277.1900475221628
271.11872211627633
259.2225502177753
283.202209846444
304.6635274080836
299.55894527711644
295.0552602493335
286.4093871060177
319.8236510670904
322.1964096773081
322.60706733889674
303.1308843789957
281.1517440257594
273.2297504407179
307.10758490738226
304.6439165487973
261.844742234156
293.261325549116
292.4744840117928
276.90827635733876
317.31887978837767
296.60884065814025
261.91458665828395
324.618830976382
276.9116320641333
309.6949089899281
294.0905727727659
293.59335269307485
279.0017023416003
300.7051981475379
280.03715938342793
298.75222849214333
280.1101948131836
309.11967103523784
287.72415276452375
296.841840640991
289.6380004029488
329.1648683391977
290.61087195496657
305.43579882211634
287.47821088436467
281.6537907543243
294.4582651955134
271.00138614696334
285.10178373508097
279.906494756593
272.5688245349738
278.95709983415145
255.3135213452042
280.49433708787546
292.75359520694474
286.1834795086179
314.65923042529903
281.8218165058497
305.4670768431388
297.193817954947
317.1910817708849
287.30524690213497
275.8322377825971
305.3600828747876
265.4764967103838
281.7662512700481
312.86079335576505
288.0048424216511
279.14566475132597
296.75853050859587
292.2029418799939
295.7597648099618
282.2606849070871
305.26002601496293
293.1230647027551
313.8449100262078
319.93812187973526
286.66543637251016
276.4574649829883
277.4911960625177
274.7978146917303
247.1112643762026
279.15918955810776
273.96646850834077
302.8611601178127
280.94466709916014
291.91273257744615
332.90251476726553
290.38248140423093
289.82803447855986
279.78391135776474
309.38525083973946
305.12805329253024
294.04420468595345
280.1599684117682
293.94352467911085
288.9462973514019
275.0996909724345
264.68435344639875
278.31418077134003
310.6991735930642
292.7422324365616
328.462167331425
301.55251052700623
275.1163076540688
294.30929918884067
299.98355105429073
296.52797790690965
282.2306334952009
282.25448465152294
270.1592289999826
311.3839542892383
305.4621057586919
280.7655695859721
270.03156355359533
284.94384046622145
311.1636187658878
311.2773376799596
276.25764843546494
285.0564864566695
276.1413259080873
301.1683057608607
271.2271790016821
265.4011566141853
279.4920293170435
258.16455598901666
313.40862498106435
303.6080883662944
304.1921154273732
316.2835914316238
277.0261313860101
294.368879896414
299.8138059817866
304.2742266846617
296.1562164967763
297.14144577627303
271.37983561052533
302.7620423565677
282.10361738098436
305.42669622559333
285.62260738904297
316.16017321369145
287.9938292462466
271.75992289729766
289.4565987870301
286.85938153283496
280.19519694331393
312.8673600582406
293.6211757349374
262.4819066072523
258.27245307520207
261.6071744455985
271.1834853368782
268.77301006231573
278.6203113120864
269.96491760155186
324.03310904635873
304.10721257263504
291.01066247078415
314.1110591680481
286.4016303821845
298.9661839820619
298.01018249722256
273.99568861033185
319.71375531602826
329.7421863733325
310.78949665917025
262.85338798805606
265.7955479711818
268.1292795856716
278.80534049574635
267.28923403823865
309.20673319284106
262.9970220528339
280.0872223871411
265.8732501593913
279.8979086702748
286.186718984085
282.8581523179164
289.01633560027403
243.35079499655694
265.4831924775208
289.6367379571893
259.3379044905596
293.09782994339184
295.64185081746837
276.5362323037116
263.90506564186944
292.4125393897266
288.5146358796919
273.83406182150065
282.1113393288251
267.4937961020769
298.734157103434
257.74835307076864
266.39192729615024
312.21482421482506
281.3992752248305
291.8743911747006
327.75201816712797
275.92176180872775
302.5102751097438
294.67225400469033
290.75863964385644
315.01708130244515
302.8956260920095
277.80994063970866
299.58154962566914
280.67379808574333
271.58683504637156
284.8272602063662
275.823080014452
299.43326078030805
287.70192128091
270.83898708621564
286.0137092095247
312.4588900681265
269.79016890528146
314.3594458711741
284.8016037652269
254.4601202251215
304.2706012663839
268.7397269940557
283.1808617245406
268.35551886864414
274.71041526526096
267.5614802296186
295.8983386227337
291.6061701515573
284.81212997215334
300.0032860218489
277.67313367925817
293.1319772903371
287.0353075955645
299.64896578050684
307.38432573307364
255.11085570266005
314.87140674039256
301.1001496754907
247.3727629362984
285.80124000999785
290.60949217839516
267.0606209789694
262.15869937854586
293.47816153257736
277.6855271568347
284.28836874157423
300.59523495216854
264.79653401783435
284.2439390310901
292.953990225069
289.75770893885056
288.13814759539673
303.35587462448166
315.14292032580124
284.19442471969523
299.25595203062403
277.5537956597691
282.59250549506396
294.47033630189253
282.05681447457755
293.6417635209509
290.414264143561
280.127330549818
283.42897607563646
287.65256430819863
298.0911381917249
290.1538226073317
288.72930668719346
270.82443099233205
279.1907932361646
274.21621568713454
283.9913666007633
278.4204484518268
277.9470530388935
296.06057237583445
308.6934520852228
287.7441298844642
278.32849566612276
281.8681133414211
309.16531665460207
280.9798487032531
277.9670932244044
308.3001200685103
263.5431897119852
292.69866570085287
298.284146985854
293.46139946579933
294.53916536751785
280.8511777325766
297.6069424553134
322.0985288617376
303.22597081403364
287.6665965146385
281.0468214790744
303.038091973227
273.19498795841355
297.97710608065245
324.68533788601053
304.6539040400239
271.8225640313176
320.01677270277287
274.9958604971471
270.58800779969897
304.2001048885286
300.1648940043815
308.55958728911355
298.8112756027258
279.48200209010975
271.9608463020995
300.46218752936693
320.2813028652163
286.920211691584
273.1937847418594
283.8771282194939
301.679778153426
296.0706238511775
295.7165640620806
286.67645102451206
297.3665842245391
310.5774171943485
303.13337616130593
279.7668455937819
305.97982942976523
273.0695436599199
322.34257651880034
280.7145807896741
278.55483479236136
290.9044476085983
286.5539120393514
293.2985316438717
286.2646338502818
288.8315876177803
317.32277109421557
297.74796902836533
281.19306873634923
264.9423192323302
323.26987576668034
282.1895848645072
282.89486095891334
277.4374969807395
275.4239720321784
281.2421579299553
290.34066167322453
282.1366668548144
270.99763222882757
279.01314859249396
314.579376400623
265.9956852836185
290.73310507979477
280.7490400362294
294.19866089642164
298.0057152117661
306.7660167613067
282.31522704139934
286.9990231457923
282.68971217705985
259.3960693606641
283.5951346079237
273.5597581402981
297.29938064614544
306.2469953992986
268.4297035106574
252.75505623349454
273.7324506637233
296.87276064866455
282.7633923847752
291.29972981629544
285.7313645980903
284.29768794975826
287.21228612033883
290.2694608515012
293.77746861818014
297.77591939701233
328.755830480397
279.4949982657563
278.15347726273467
307.9991246999416
281.11187769059325
270.1684050952317
280.4250796714914
318.66149445361225
293.9676434981229
295.4276280977356
291.81605307836435
288.88268251359113
291.71139885432785
273.719633395609
275.6038206501398
288.32351194677176
305.9741786668601
288.9264646068041
268.4552398660744
303.66579236337566
284.9817521314835
276.3179345805547
261.14289214642486
280.53003861935576
282.54955290205544
292.86118342372356
288.3151410385908
267.2841044185334
303.4813492068788
251.27044643793488
308.00363571662456
278.2704103333235
312.0067566692305
277.11307533300715
278.24241690625786
300.12694011375424
286.90429972478887
301.41379837255226
277.0495232450776
333.8464058768295
295.03465626985417
291.84129919167026
277.7399298485543
285.3138247587776
262.9378861602454
269.80336833628826
290.40872722663335
294.764117972285
300.4004223997181
310.0147348375758
321.3259329198627
317.12460224947426
307.4578493591398
290.81389822321944
291.1828919512627
273.4684159081662
270.2728838377807
287.6811823323078
279.99783366554766
281.07594808892463
321.0091839947272
281.9519126203668
281.99467690332676
303.27702000248246
283.76074112276547
288.6730352497252
288.408613465057
282.94942120547057
289.59324459635536
304.80582387861796
295.3970289764111
270.5663703524915
277.2491585605312
274.6173850108462
294.94360118280747
269.073711478879
269.4048757945129
298.80037705699215
290.6819589010556
278.7094237418496
311.5786691236717
308.9162856337789
268.08009938540636
260.9586524934275
290.85473560198443
279.65884296948207
306.9270165396738
300.0222100779647
287.56469377706526
291.1516669191187
304.91583140174043
273.9307627964008
287.17591676142183
284.06404647650197
269.90759269773844
261.29803515720414
285.76667680829996
285.24739291213336
267.2479356012773
278.9132082670403
280.2910453193472
301.5493103238696
270.40442108921707
281.4892376670032
274.06818844689406
287.9826223916025
259.81165793485707
276.2952821988147
289.5223628372478
261.45051627917564
301.0169533404114
261.5225964934798
275.97459085227456
266.932183352852
272.27288429182954
272.0925003202283
271.3315878912981
282.6494991083164
280.6216036210535
285.42752965397085
326.1884005649481
308.3151663771714
289.00056772725657
309.72644784042495
285.95196758332895
280.0276343114383
289.94087154447334
262.1238922140037
270.4266858717601
273.55304568464635
279.0821726610302
294.9826854385901
288.50325262820115
279.94418139129994
279.5876508197689
293.56802838490694
302.0947741854179
262.8040194757341
306.431211760937
328.8587860936532
274.41965520530357
297.6056598040741
294.7388404614758
298.93525767873507
283.00168262951775
295.5021423185535
272.8931576090981
258.5930547800381
261.80109622949385
275.1903705984587
274.5198520364647
279.6990341517667
291.6703199095791
284.64120876349625
307.9512419088569
268.6044967683556
273.0099675441452
273.12786341359606
258.24481180819566
268.39435344407684
270.17918510956224
274.0177390649915
256.7843448158237
271.93650864844676
270.53431216054014
278.7713893680484
291.5447339138773
286.1648699947109
286.8638135615911
255.64367665804457
311.03624148954987
298.2556232702045
292.251066795463
309.6827251712966
283.43039806655725
285.619130533305
288.54129769897554
272.80243749640067
282.200988123368
270.73399373624125
289.01154550290084
276.6178600260173
294.8992782869609
312.78157000022475
274.39991563165677
310.2229485900316
277.5989466555184
273.2190330771555
294.6938616708794
270.94245360436616
274.50176985069993
265.8465692496975
297.39899844728643
267.9627238957328
300.9202178726846
291.03292798870825
289.8048181841732
313.26934871822596
299.84433923789766
299.9828289647121
304.88317722809734
270.7395417644002
276.6062618116557
275.438795793656
276.8139404702524
287.08525978733087
295.61582548890146
282.5330553315289
297.06697205180535
291.68727559471154
296.51692979145446
270.89818817950436
298.76802185730776
325.4685681616538
290.43464432517067
287.7458817619772
299.77384382270975
297.39624376862776
287.94902886642376
274.2015529992641
262.723546859459
289.1180379083089
262.48035444165
273.3020955444372
276.4471862007631
289.9665305232629
279.0088820804667
265.565854936518
237.39303392908187
258.628454085323
307.39932909276104
308.74132195400307
319.09698677790584
286.7908551583241
269.5769412005902
267.6601008627913
298.18314412402106
294.6083663341997
272.7029848790553
280.35425027791644
277.6630808082409
317.4428104405233
306.3156698993989
268.0012868648919
325.91047345727566
315.78545419103466
266.57548345517716
279.428988167987
262.9434450705885
274.6080928457086
276.69941071717767
289.068951754336
314.5008307402604
328.597934426798
335.0230724628782
294.9483118200733
287.63127311415155
264.91955932683777
271.757187502546
257.2250148774183
285.5592591697059
288.9956920418772
303.15050172872725
274.2090604479308
288.8619988820865
295.2751150271506
290.25243408762617
287.62253765246714
305.62665501245647
269.01328992910567
282.2176846913644
286.9478027524019
290.5315522697638
286.28702325595077
249.23074529046426
317.4227985004254
303.983092592709
291.33337315294193
254.42584102472756
292.1265591758129
301.94072105325176
281.2143114799983
304.73694306085235
293.50524719196255
298.4388582240499
283.9077166245843
290.9254635157704
278.89738741872134
294.831905712781
294.76099060618435
290.75135662656976
288.24450499456725
281.81941602073493
270.256625538721
278.31523184356047
257.3679940676666
285.2733063386404
264.8702310117951
286.7734437888139
277.1240029357723
283.1742555589299
297.1196654200612
306.4435514968354
318.5044436000462
265.60579649201827
344.13897569620167
286.33787244273117
298.63388589557144
314.34099555853754
259.7034046962799
277.9017138162453
271.643106989417
275.28194567744504
293.0033038932597
293.85183521412546
295.7592099621543
265.01011695704074
280.08308024762664
284.81930290235323
295.6361888918909
289.8229064551706
281.4463594199915
364.57533332682215
269.46285353583517
277.9233414720802
282.2166767096496
281.6912794880918
312.736580185825
286.9095884622657
300.42797792947385
314.7355303171207
297.8715303533827
275.74450306233484
308.58214132051216
279.6048950146069
272.10905422788346
294.2670288619702
295.53564515552716
314.189942568948
307.7832898172783
273.9517331093666
278.87737508455757
262.3034190486069
277.0264246184961
306.19445454416564
278.75979123672005
288.355406806455
267.79724480432924
289.875815111096
251.55842333624605
294.20130388688995
297.7791794722434
279.4868091958924
313.02920377778355
297.52262082410743
290.1669537285343
262.61576341977343
293.2419584239251
274.70898943557404
322.8439560132101
281.94322650518734
285.4577709787409
325.5105063308147
287.706623787235
294.87990519060986
285.1807635255391
284.6472827575635
276.56690930441255
263.1307635672274
270.5637857778347
291.77163587202085
289.45072418364
281.9431138506043
288.4710866261157
276.43630714231404
271.32161743560573
302.6288832856226
267.22667920729145
288.10938870202517
265.77457334962673
290.7851991263451
281.7736419256544
274.9361143911956
272.80836019525304
314.80309554951964
315.47018323262455
290.94831532245735
296.3390149656916
264.99177269643405
310.27169006940676
293.7368855556706
287.1640209425241
290.2311279118876
247.84546497103292
321.4929333559703
306.09143290657084
306.5805679112091
324.20763691555476
281.9595725577092
295.7431359853945
283.5811125211185
296.27869408676634
299.30254374764627
282.47501956729684
282.69598352053436
310.1112390094786
295.6572099705809
296.0284318193444
271.4811426596134
317.0792176006944
292.1846074596979
250.05872108298354
267.91585064370884
299.6224480216042
259.416848085355
306.5731647138018
300.63488906266866
304.0500820658053
275.6229695614893
277.45018262939993
276.154265944846
302.70330146927154
277.62371138844173
283.0797635646886
263.50091607670765
296.1676004457404
260.17137665854534
274.88304508518195
286.19029743917054
280.1721592451213
281.35737599560525
295.3419307275908
267.5424231949146
291.4007521690801
292.2053409402142
283.39871548017254
287.50845726556145
288.7648107751738
288.70371347892797
313.7926775573869
300.98454308579676
273.17780024081003
279.4717124662129
308.2049259960186
293.75137942138826
286.94569331244566
286.63279671478085
303.198252870352
286.862617214676
256.3924821516848
309.51251981424866
298.85429514484713
269.5067967796931
248.87679938029032
261.67815226031234
294.1532580271596
296.2296355142025
325.0620243505691
311.98125154699665
290.54593553830637
301.3185442047543
308.89643673121464
267.1796877273591
269.9567501777783
274.49187188775977
270.34202211146476
266.0469387660851
270.84351926576346
272.3677689061733
275.7009207284427
275.1934858111199
282.5131606530631
299.2498840788612
305.3059804395889
272.56025023618713
267.6840078293462
298.73522094404325
277.096181883011
274.41394624568056
267.2049638045719
296.3923158122925
285.454657421913
311.67970051435987
304.29366165434476
297.7569685917697
276.7893285630853
287.53900588932447
308.7266023961711
275.6136842467822
276.84699810267193
301.2215273202164
288.4384884107276
295.4018780947663
262.66813199489843
277.16521813650616
275.24346296081785
284.086695209553
289.07553189306054
333.35892816941487
288.5058281739475
296.5080669891904
283.7894174102694
290.7116683619097
274.6138347257511
264.9535941790091
280.51200288312975
289.85945153498324
276.07459137495607
274.0867520184838
282.22800694184843
276.0903841483523
290.88557906541973
288.53288459422765
312.3168718746747
274.3215408489923
295.85675540275406
277.17839861183893
304.4257770102122
285.9847747904132
264.4532709092018
291.9431450655684
281.3740516913822
291.4687216588645
311.8788118446828
295.1068328979891
294.6244381982833
282.64733805163996
287.48284980334574
284.5347975170589
308.457657512452
289.1018247982138
285.76420697412686
301.9733343361295
282.8780043571023
295.40211983956397
319.7105518814642
299.1787126628333
296.244335058087
259.93469396652654
265.7424073891016
288.1511814871337
276.49101853655884
285.2340851855697
345.3816738764872
298.29758170596324
279.81530364596983
313.5063140451675
304.36447714059614
296.891948517994
292.71456044598017
298.5695273808087
295.8184307095362
288.81547488016076
274.15728825703263
291.4602886295179
275.7557851690799
299.20639898319496
303.12923635944026
283.375814220577
271.64758409612114
269.43349844170734
288.19706445821794
266.9321296890266
272.7705252956948
284.99772709066747
270.90580359328305
265.03625592496246
266.53050689934753
276.21608422725694
303.2524718490313
266.4303173418157
274.3987136486685
279.9489425725187
288.86507605033694
338.9187072282657
292.14916495839134
298.6004406674765
289.97043511481024
285.7964050419396
288.7948453245335
288.82042755396105
278.65497197775403
261.32821416296065
285.64233405981213
262.0486229980015
243.66815260483418
283.4693072899245
290.90116903203307
307.97094345727237
272.4453541406547
287.1342841993901
276.28495869098697
244.35505106806522
279.11065247515216
303.5876918275608
266.8755118663539
262.66207988746464
318.2402157645556
278.98496372817317
285.903124047094
292.15900900104316
278.78664498229045
294.2179572249879
266.0067241450306
281.7090383624891
275.808322984376
290.6899192632409
288.88633617170854
322.8802041549352
326.6730027848971
265.06595896632643
305.53597022779286
268.4336721021682
293.3887432375923
302.32972203037934
331.55860626499634
290.0795316004078
273.5689591988339
318.21789031632943
277.5396034026635
272.1413561218651
299.4776317906799
305.1238306806772
285.9928056043573
269.89743052300764
289.7535244789324
283.33236706705065
285.65548453776864
320.89702293247683
307.39087510481477
300.32697142864345
296.2904757701908
315.47416213614633
311.25726744759595
304.9441893316689
280.4645927423844
282.44865948543884
289.6443331831251
282.64477916707983
295.0939540466643
291.90442292083753
294.00812142458744
284.1117136955145
304.4868066085037
298.36862769315485
278.75122793612536
255.20195699651958
276.6727546271868
289.3173110510106
278.49287904729135
269.3707090082462
308.0843336972757
307.1599760995596
265.3466268510674
265.77045819041086
295.6226836028509
307.8609872672241
288.2522509274422
281.1187961126561
317.51116158114746
274.8706517908722
269.4904226574581
311.91402049944736
286.89974578126566
288.2466678812634
295.3491316084401
294.71173521637684
278.1190971247852
283.58599327882985
276.76285681000445
278.9832135469187
290.6217031807173
289.18902495561633
294.8978132768534
316.49266253900714
281.2391919438378
312.21495320263784
255.01524180331035
286.06672252708813
271.6702036962961
276.99257917969953
303.54926811141195
265.4924864456407
280.31410536530893
267.84794858680107
273.3723263676511
279.60485564597184
280.63357166422065
268.5934554259875
284.10473225358874
310.70366265485063
283.94022502709413
284.7869244692847
304.2527615830768
297.7076136759133
284.26910765789216
303.544472737005
288.237820791197
300.6011086842045
288.76296272844775
286.5798771237605
282.0829740659683
283.1813038493856
289.3355231335154
274.68501055741217
293.5749377285829
290.10449893580517
288.6639785155421
269.1002291472396
275.38947787345387
297.2738539123675
281.6465264337021
323.2498233942897
278.8483733976027
295.0099828039529
286.1060134858126
273.9700897525181
282.44589461310534
282.598261932726
296.4656582241296
282.157868539216
270.4125141655095
298.5962359124096
302.0073290684959
275.20078650157666
312.7641209792928
280.52937598054996
294.1750955830212
300.64173342625145
288.31628944614204
274.28048781625694
281.64447276160354
336.23052715940867
265.86051949713146
281.5617513664765
274.9692241215962
290.2876794397016
274.4952865996165
284.33636730443686
309.7111722085392
271.8830286322045
301.8307169233449
294.1187391874846
284.1737203922821
265.82627132569905
288.89038806728786
298.53358868154464
294.29162456135964
296.8523092388059
314.15517186088255
295.22537735814694
285.6163413534523
266.8700453393976
291.2024742269423
278.31179524248
281.9843852413469
262.8561668424518
310.7510019883048
285.38052793074166
302.642529380566
297.19453904771945
281.06552142079454
289.94063628918957
271.0129374486278
303.37877977784956
293.02427174855256
285.61136803857516
306.3284872381482
278.39435226802016
274.05825977108907
263.12291518383427
280.3528197259875
276.8387460522936
255.425721462816
277.7187146212673
274.33697025378933
263.7154240642558
310.5418618587428
292.6221875922638
299.29762242228026
274.2174490397447
267.282291795942
283.5489106831956
274.76616684143664
304.7055644886568
292.27762916043866
294.6463021634845
309.1669732396258
291.4083587995847
270.4626139952452
309.368414851313
300.1461242446094
302.725466726115
293.14829096215544
299.64090326830046
276.6040445280378
298.18654357932974
274.1109583899379
314.6081552240066
282.140104843711
280.0769823061419
298.0323489594157
288.1162401798065
269.8659241045825
300.94651573477313
291.13926696113776
286.7569528671447
307.25155650870875
274.3947669385234
272.2890578969382
287.88976665207883
299.17597466456937
264.1883197238785
287.7333403483499
300.6941472477629
308.66462117637275
265.51149685279233
286.987484123616
341.1282572024502
317.86911991791567
295.94448461802676
285.1908540740842
287.0571803027415
279.1049528364092
291.5710419783136
288.1970963678905
299.29878345440375
282.2281546278973
310.4536838614731
286.83959147764836
273.90870721184183
279.448365492688
282.3386706864112
306.8245744764572
298.3718526987359
300.5731631734525
292.9257528735907
281.8519788606209
271.5007507649716
275.5010376582504
305.97556230728514
285.3034498199122
314.0438984140055
300.2184004638111
271.7163792193169
276.0284832813777
279.2648519605864
277.5004193453351
268.0844501302927
306.92323640035465
254.2389451888739
280.14082544337725
283.2666216114303
290.01343245717
324.0626124299015
292.13154697214486
305.9961936644977
282.4510992350988
322.25736086902907
300.53725897159893
320.73202304169536
314.67742837645346
280.3531736736768
284.1204251287854
310.9173030059901
297.47556355647976
285.9975939677097
302.6646589374868
288.1893267551786
272.4370650163037
264.99004599661566
291.62069666123716
280.2622091016383
291.88862175372196
268.97748844273156
278.8891322563868
263.36125404544873
266.5887958353269
269.4505013077287
277.57149211800424
285.42232755111763
286.23709247342777
297.24482090154197
260.28674806200434
294.2505499480176
293.68480310885934
307.77192856534384
267.10655568592483
279.13312368054176
310.23972053907346
294.11852226784686
292.41065737366443
282.76478851912543
274.9529070124263
311.07908629928716
267.94100909738336
270.2367418251815
274.5257095291163
303.2777351374971
294.24369410506915
283.3459024382173
315.6110521093942
280.2276127023506
312.21034118381795
302.117884398147
316.56802821252495
278.4371019220562
293.366689051094
268.0456011617789
286.8751736979466
298.15334122866625
292.39063526969403
281.92990211583674
289.60141867713537
260.7103367263335
284.2393627165584
322.1826156558236
281.97310616262257
282.3658880338189
304.4644453476649
278.3787392398226
263.7837726229918
272.11765699723037
269.99652274273103
293.7392949197674
264.13895985501586
290.4661980434903
271.6198008437059
278.84922125015873
280.77967203385197
278.7920255715144
314.30373027862515
265.72701119229896
303.4553280684049
279.69721154891886
284.9107613186352
286.0178625591798
298.0412343678763
280.5595296639949
295.12279583030613
288.09407422319055
275.9310163627961
277.1003756735008
262.54138201795286
305.8998264375841
282.4298160211765
264.2532047573477
309.015973751666
284.95331664884
277.72159689536784
291.44685235235374
290.3605696820305
284.5265886835987
288.56710872711847
290.82607492012903
282.2568562743836
303.9549282612279
311.0339488761965
267.3688287665718
282.92581458133645
279.6661758781411
287.8395622995449
264.8475469723344
268.6276784206857
268.88702829222893
278.8711261546123
311.748378555174
316.7455638438114
287.01699597219704
295.54852871078765
282.4167399490252
283.76683024165686
303.7999999131425
272.6124343069969
278.5524004359031
311.40952077897964
292.9645669392776
285.2103826602688
284.000704178703
274.6528745748801
287.52650950168027
320.86169643834
292.37957128946437
269.5788742614677
286.35952030378394
292.22152916534105
304.20041333674453
276.15968239243375
295.06045108119724
307.94194842805155
265.3712104089209
314.14669381274143
273.8570534592145
288.2483756399015
257.9345812810352
281.44645585137187
265.4686473994516
296.5690112374723
290.59758755523944
250.53491351334378
279.58638489898294
293.39488783676643
280.36426513438346
261.3291594996117
280.79084863408934
295.6422841932508
282.2543533942662
253.13232742081163
310.0705119855702
290.11691502685426
264.27923421072774
258.96497681725305
316.4841302598943
280.78527672647033
307.5151116257766
289.17483182507567
286.2703179406235
273.034619324957
268.4932768334984
289.4325920177507
278.8267331577954
302.98705754900584
276.1302326207515
297.53835498465924
294.7838480693754
277.0825206065201
297.8023790565785
272.7180767841637
306.0617840302875
267.8722208897234
287.2301317433594
307.2795714674867
290.909501830698
286.14937522489345
322.44838940392947
272.7429717616178
297.9924592221505
306.5440995717072
294.00269973865943
311.15695474436507
294.1579095600755
303.8428477665293
280.9404624616727
264.48308990272926
269.9927929555997
279.8974374962854
287.94005978747737
290.03789439529646
287.2804865472717
286.57502646307694
288.3278648266569
258.0356661907281
270.87146371335257
263.46173422888387
304.4068667923566
294.4673282649601
276.1633395725512
269.2259804593632
262.96612811647356
298.4755122429342
274.24979405733757
311.78793651633896
308.2153238565079
279.89778008131543
296.90851290361024
318.52111478167353
300.0388032767805
332.38190399942687
315.2614667630405
278.2109781814506
309.1710561357904
281.6329839384998
273.4418876459822
286.5978570730658
296.2983324986417
305.9329557449091
302.0331336003728
296.3115387239959
287.31465518206824
287.37405704089906
287.1370190468733
264.271600986016
279.0872297536698
291.9763269884279
333.10236867592903
310.28493307949975
293.5962275733473
288.9013265436515
294.9293903365033
296.2071640411741
267.8929447733681
288.0230362836737
294.35851784434635
296.6245725248591
282.35241673956625
272.6206595232361
277.9836407684488
281.08386503031943
281.2455617894884
283.9770878748386
284.84452252229676
295.53400638652965
277.67819571198197
300.5046446251217
291.702614729933
295.1853481149301
277.9473908349173
299.0726293567568
272.76079093577573
268.50060570106143
287.8172524017282
278.3075896780356
288.35462893510703
266.60710148356156
277.4896272816695
266.35191907634726
279.8652908340446
311.2642213833751
254.19582911377074
265.18948446022114
294.2595484201447
268.8051089455839
284.28280436369823
288.8109108786448
264.0585116643342
313.02744869847083
277.21030982094817
301.51115943159675
301.55716180911986
286.0317861648509
279.2404021733091
276.0358919656719
297.62439474236453
287.36880991770886
262.7356932502007
272.1272225614521
273.9500790190068
305.32043565099593
279.24533425841946
280.56447952153394
274.09940216480754
264.8958967234357
283.3001887340797
307.58544320164947
272.1758828785969
292.6156431052368
287.80584383092355
308.85265145095764
297.5367702959338
287.9073620758136
276.35917922551744
284.8700057028909
280.334562909964
277.04611881938763
284.0243189132889
282.67033160536084
298.2197816137341
303.0592313608504
281.2886237986968
283.0404417469981
334.06317834806396
272.80172758037224
297.3550950490753
272.30698311235756
276.3295159396366
284.15591747284634
276.6447913746233
273.1154651873512
290.4251602583681
296.0791424056515
290.45839250524295
286.41268620290793
279.96236760681495
268.6962419222691
299.96559322986286
294.05292452016147
259.6625709310174
301.03249029797735
279.8486889373744
308.5419993631658
291.27005294017727
267.4623013098608
307.1178572176723
262.95016971067525
291.7331689342973
281.11425496829906
310.14277259627124
295.82944043102907
266.78485828108387
284.40349923976464
302.8000114306924
282.9162464956171
296.9376815840951
287.30726459925063
285.4835216635256
291.7616965465131
311.24966670706635
312.9053361674305
289.83334799669683
320.80171268543927
265.1504649799899
318.71811577957124
314.17149028438143
276.8140412031207
280.30003005219623
279.0453278425266
271.81251388869714
315.63399181788554
317.2801810334786
302.4580385190784
273.29118203528924
290.9335235609906
310.9349442271632
281.1611637181486
289.36132506502327
272.011397339229
335.9431892938446
285.3962083196384
279.4236727011157
309.1265180140035
301.7322939974838
296.95240330602974
308.80041729897493
322.0121923304978
284.51986391475657
299.8980207364657
288.47034520457964
275.6446362005081
278.9153682803153
272.6324995174655
279.2071319509996
284.5334913316183
278.2934631120879
294.6404967979179
274.6682624167297
275.0054904135177
271.87174542457797
272.41975851194
322.634903240134
274.62832983140834
290.0911484849639
295.6899670722196
306.12716615304817
292.8663579201093
267.74795933358837
278.449453145382
273.0713761358056
266.04136512742843
270.64047469804063
285.9856703466503
283.3128784977598
290.25643717776984
276.93249098735396
282.52538543078117
304.1702629484935
289.43593569728546
286.7585184011841
282.42898182815406
300.19250394648407
294.7984266941203
285.13978167739697
289.7964508261066
265.40023047768045
299.70032447890844
294.1435182237765
286.54408966598567
262.9237854052335
296.81633933389094
285.3248391842935
297.70083632378373
303.32676005829126
252.6084755565971
276.95963702572044
280.2794039937435
296.1946525191888
305.1567586127203
307.1434554179432
314.4763674068963
280.6845195086207
283.18707297032233
296.0219938859809
310.06596489285585
288.03314267168753
310.6882447093958
257.3042413989315
308.7643686188385
275.8532014875673
279.3290959135629
282.80185980303213
309.1702698074514
291.7492387201637
278.3758850087179
299.0593684979249
322.53821205708664
262.013254496851
294.6180455836002
294.06307881430257
317.457356351777
271.154185532243
275.84140708402265
279.7130561826052
293.36410653358325
320.6349030121928
274.30636527517345
293.2243903615745
292.2366153290495
304.8217209678842
318.357442296925
283.3372572880471
288.5716929771006
299.53256938408595
279.1697383412393
267.04444966709707
281.13997593394015
286.9627674604999
307.7724796348484
285.6710898061283
263.77917678747326
269.7513990656007
279.4022185705835
280.239963775035
306.66468819917645
309.9165765414946
303.6014171052957
307.8070047108922
310.7991965122055
286.7241808786057
294.0201451800531
292.371546595823
288.05987522541545
320.9859855850227
299.976176439086
276.3824857105501
316.9194770185277
270.4540126771899
279.7601496428251
301.23119867942296
301.88613454974256
279.3008813445922
294.5413378725061
291.464301632368
336.4012929373421
285.1655572107993
270.6676599046914
294.4571340191178
326.128716996056
273.7242981933523
308.2626418800792
302.0099860331975
306.1544009690406
270.4848087768769
288.3816259360174
283.96615859738085
269.1784534577746
263.7842954120133
266.48660677706357
318.8917504439596
278.0475349314511
327.20906665257644
303.8648984595202
273.3540368822869
281.3380481339991
299.8989676787751
295.45089332200587
274.9728135477053
264.3208752712235
297.0190787819447
287.597568459576
269.61374042206444
292.5788261924172
263.0157629617024
259.4696002425626
299.4377153913956
286.2971677214373
293.9109051747946
289.36522557085846
305.1481339226011
280.78662024100777
291.35775067389477
311.5744568211958
290.945650217589
288.3318513147533
283.480793389841
298.8321991839912
281.4626737915678
290.5510748857632
300.96076348342467
287.68955467490014
317.7976031501312
288.51001045119483
309.2393896729918
286.77072895120364
308.94270414917264
320.74077629845124
300.21347069437616
295.0779013762949
304.7825753878569
267.479611387942
276.9228510495741
281.14328642131295
282.64926212863065
285.99713118956424
296.9037568141939
306.9356889441842
316.92302626674064
312.5280642772559
287.3577904886333
271.75661135138944
287.34243567846715
279.6052409540862
281.38105966930743
297.79500388738234
286.7590516572818
299.58050181309227
342.2561415540986
293.14183369197417
272.63325200031977
308.959458414698
313.4732789772097
325.7184012266807
272.4705834785709
270.50487984193023
295.85243862099014
278.48247576644644
279.6478119237581
301.65671524207573
282.09852115937974
280.90323315095156
287.27949222468305
257.0794586765114
276.91794946067967
282.14545790478587
288.10999559925403
281.4831912824884
267.0873725726269
307.1351661112858
315.3918442479335
295.5893863051897
276.27534856344573
275.76368343411013
243.48384615767282
305.1454078796087
306.85787948349025
262.36175541603006
304.00771536130924
272.81315409683157
294.43925755657256
294.8532324427506
297.56273286184296
254.40894467721228
276.3239953230368
298.7254390370799
277.0840577033814
266.2235927253496
261.12073432374746
292.62140366551466
270.00890093750786
314.2202524965396
274.6310528711183
313.3613942504162
268.87607090116944
262.4425716138212
270.47515029413626
291.0547396406764
285.02204457798507
286.5715932775056
295.133662434062
270.6096463035792
314.4236744028749
291.10250258166343
302.98624322901014
284.69266848871484
277.7683821654646
272.4044985602377
278.97828861128073
286.36145134305116
275.2730900363531
266.62693742546253
276.7605124358088
298.11201907962095
297.4600667654304
296.0146833338076
295.50471299444325
306.9797395976493
283.16889228625223
280.1983219063841
295.3305915845558
266.32688761339523
292.6525753206806
279.6775288154604
287.7727431342937
282.1313682628097
307.2294478559634
289.69083748257253
266.083089834312
273.02850514044985
307.1045650918968
295.02920672891196
271.5333857132355
274.3929160486441
292.7746382036712
290.4800072981743
291.01744194712956
248.0674327777233
280.9389240805758
272.766486186767
301.76887346524745
292.2747418383369
280.9725312674418
292.5474289582344
291.8440792793408
329.6010220547905
312.84854163543787
298.92132402863353
281.4507704573916
278.96446213521995
297.81393865600694
285.8932001874782
288.3540115656797
286.7135831628693
328.7922253680881
269.8714459426701
301.6946172475582
286.91263848531526
284.4118507724488
280.6151655813446
259.4690201098565
269.2277034892468
292.0249720363645
293.6935480124084
284.77681110287085
258.90525100845844
295.04266848647967
298.0487796555972
312.6231644328218
282.6621089747641
304.61095613404177
284.48416716372594
295.54508431837894
291.3762198467739
298.65788711223286
298.3586822007783
263.75075565685984
283.67007201339584
290.6402045027353
318.6346528730355
328.11646755679976
286.8616952834418
297.72683486144524
290.30301639751997
279.11830786510836
277.58199700550176
282.62360227585305
327.3466178815579
274.4988782374421
284.67133812443353
274.81724950880744
291.4563172587659
288.0136686830083
295.03507292538416
268.1176198258763
282.51411417894997
286.2221634297166
267.38621531811077
300.7350879496662
332.4474099064246
298.4277331897756
263.9830023726681
254.53639659949113
298.42308396985754
314.3577591733774
322.51953103393316
308.95773219829425
297.4237677938072
285.73898268619087
317.5324203730561
290.4885360755725
309.94095260009635
284.64846377098
271.5485948577989
271.3456972921267
285.60378130548634
270.8694917905377
283.0351680996828
291.6844087251229
279.34404614241794
295.32178651343565
274.98092459968757
286.2550856524613
275.7971973384265
278.494900291902
267.6092005611863
260.6018153646728
275.7158080950612
310.57937873131596
269.52214252902195
290.7086013724329
290.4290291428333
274.61122780502774
266.12928697944153
274.1278500892222
282.20386498607695
280.84462928399444
312.1093383941334
275.0009882353479
271.348865896347
286.26028821244836
315.6803105842555
308.12877130671404
296.4594768693205
278.0147006132174
296.1294229521882
280.01280515117105
280.60282317898236
276.0837289332412
311.4901431450853
283.4078575137537
282.11584772344213
299.5269876914099
292.10919669340365
318.73513092449866
271.9737509561237
310.4952647872269
303.6065019577509
276.4637848677812
328.50649774691556
302.33327362895943
323.3264861139469
289.5957781507168
277.68417906353716
278.91843040066306
301.98212078621145
265.46552879549563
319.7558647268452
296.734333621338
302.6565272741718
285.4185700035887
278.0312082503224
272.0480231693946
302.91601573466323
300.27522963588126
298.5161656172713
296.9731495938031
277.52864342881367
309.7790864397539
295.56220770883374
292.4662235274445
310.1568242306821
292.35456509061623
286.54487480968237
272.38833854557015
285.3842402008595
285.0627411103342
268.6442950734636
297.6676030373201
256.74507220555097
301.4651646229904
314.77398361614905
271.3627525549382
277.60392893489916
303.87833686580416
279.27037857461255
270.0835470467573
289.34339199669193
288.460092603229
299.69929794827476
270.0923772265669
279.06008278776426
320.25104789983016
306.30203813756816
297.2677151300013
308.62270408228505
308.26361179351807
292.95582193962764
296.65946344740223
287.4079118956579
260.58851413731463
268.2902929461561
296.2208396110218
278.96071801229846
277.33540133934
291.7906592725776
290.1600654270733
301.03489206836093
270.7054486251436
306.85885778593365
264.1186213948531
290.8540683207102
275.83139757614117
267.5844099371461
272.1419401305029
284.2335042383056
295.34147786465473
285.80810575874057
277.4382088802522
315.0575695899315
262.5005722383503
297.58219133107923
289.4659243177157
309.4289215535391
271.80637175764423
275.9751928182086
296.15616421215236
299.8305948190391
296.0786536738742
268.9447580012493
300.61432523990516
320.65571795450523
268.820245268289
294.3209555406356
304.5776162034599
278.60152448364533
285.9193775621243
279.58639236865565
301.8066167308716
304.13794508599676
317.6401304898318
308.03806353360415
309.4561665840447
283.78413410368375
291.94785630737897
281.3970871361671
269.93590094475076
260.3721497951774
281.02046362892725
275.3764774618903
285.9384631427238
315.77024457161315
289.5553717651637
285.9055968449684
280.98479951766785
278.00215724576265
308.12624722428154
288.5898080780171
293.7290434407769
300.60241810197476
270.6280872655334
262.56984014902264
299.8327800966799
299.0534961245721
295.7141508787172
275.5457751015201
283.20539371226914
280.1006354216952
269.3534854380414
288.53149230673444
284.67150033602957
281.61137254163623
280.1307008713484
303.9869055656018
291.0040481642354
295.29397795780096
296.9190011242172
265.71577007637825
297.88005984551273
278.52968603395857
271.5608959341189
281.14128552086186
292.96247465896886
272.4661016948521
299.896497148904
287.0588602499338
288.7447091547074
295.0612934178207
267.5058925979538
283.57003184815403
277.31944451550953
298.0810925856931
303.70587565668393
265.0447700765217
270.89671048894525
271.8356140468968
309.7907049598871
281.2978020538576
288.8073203160893
280.3758619943401
287.7337965151528
288.5600143125048
308.02378391916864
267.12052567501087
272.63231896143407
283.83303459745366
314.46290719672106
266.5648803008953
302.3703086361056
285.23460560350213
270.35758105595596
275.68598303571343
271.8591386611806
289.7659796689404
281.54961021023337
284.3998570976546
292.0318122607423
261.1871434255736
302.60118621680886
280.1656303376658
262.1271069276845
280.7270407669712
284.35218339122366
261.26123531360645
297.02352467237506
295.72560305381194
273.9216532574501
285.09129317488987
297.0534050669521
292.2754977425793
272.72955424094107
296.4161426057108
281.875889512361
287.56529441906605
314.0493168424582
292.9601931356592
287.82927952730097
296.6472838342888
302.1251377281733
332.9746966640232
305.4267947092885
277.75293990876526
296.98358838737477
297.84613289299887
289.23476281401236
291.7044858164154
283.24831145082135
288.38782242056914
250.50691472669132
296.30835670256056
289.91737729974557
302.17612811678555
289.2585228609387
269.93575136421714
268.8115594476694
292.3278488056967
275.6013491585618
280.5118528060848
275.5548464375315
260.4924053333234
266.3191007938003
279.68718252750114
296.2668461855501
290.86772416566964
332.48729776917025
294.0910255202325
271.17261778831016
285.9454340003431
286.80023697426077
302.85472496424336
317.66495272517204
297.91440056846477
277.1578842714662
300.43181197775993
275.35719682031777
283.47987483243924
279.70352150744293
264.12989294168074
291.1060550214024
306.7310792384669
274.6509266127832
291.8614173188107
308.1540353836026
302.8562654190464
281.21070647623856
274.7811012660386
288.47528513125144
300.62863238272257
293.2110969350906
298.51175740908366
319.36492215981707
272.3528617118718
275.2844608867308
278.61275617487263
296.3168814853998
289.89497791742906
272.48000336799305
269.5059476502938
280.0837299339473
313.5460488090757
283.4929617276648
292.4467493809061
292.9862709870795
283.1006407311652
289.8490279378602
268.94090435281396
285.94922217191197
321.443657999509
331.4595866751624
281.89473857870325
292.46588448272087
291.0105208543828
254.0424869711278
264.42155837558676
291.3130433978513
274.4832912364509
266.72200464701746
274.8150209672749
273.4198176257778
278.04947831190657
261.9634109971812
284.5688470477471
291.0250420261873
277.565086093382
305.19284849683754
305.87574182928074
299.0813916780753
316.432352475822
272.17390241182875
302.1941681802273
310.8315730810864
310.5719864423154
308.21490071259905
276.38515567569993
280.34408877859823
270.86690608470235
254.89416608109605
248.8441555337049
291.38235724391416
271.0827546977671
258.51861185149755
263.803297909908
304.8151750152465
289.54863716836553
315.9965790080605
332.8425149668474
261.7401257304009
277.2859693444334
270.9588940924732
291.7361632755492
297.66628439642955
280.87378076813184
273.6753495360026
275.33461937040556
279.2108491517138
280.02024129906204
300.0359294859227
310.088254599832
285.36603235430084
278.99212662363425
276.2678131801076
263.45013585768174
305.3082497102441
266.1803316610167
298.8139667735668
295.6019227617653
285.3955447576009
283.29951320413966
276.5907791793579
294.0204741496127
308.81414402252994
284.4940564216813
280.32787084695883
289.9391844981583
287.6775836100569
311.79924621782266
268.9529713046504
272.5675044938689
292.71981474373024
278.1219858317636
263.91164015233517
284.03444636054337
280.24235489498824
287.3572710924782
280.47615647350904
269.9274691514438
262.540707580396
303.1494551333599
289.6235099239275
313.09797096729744
269.3498995976988
313.8906065681949
298.6000235591782
283.4211625059834
303.8944565531565
309.4107818516204
273.219468429219
282.78731899068225
302.72204576281365
297.55492779565975
281.425316025503
278.4104109844193
289.4898563803872
264.12332993233576
271.6192689172458
285.2936124978587
303.79330223065335
293.22599903831724
288.1288503772812
278.7224175473675
282.62857441056985
282.0848159304587
291.5081319984747
266.52502160251606
291.8659613743657
287.3911238582805
306.29692934651393
304.4254494034685
277.80981275299564
275.95308716373984
299.93263342708815
303.1130645731464
270.832333223545
290.63390084553976
281.6404560407391
288.6618941257475
320.675514198374
277.7504064494278
291.0265922350809
290.05245430453215
312.44533978390973
313.00999674980994
277.9951105028158
255.5287520198617
331.80965378752444
288.05834265449084
293.0108104897663
277.2484614275163
301.4337650574744
321.4660504917847
293.0267204911215
297.95104261580855
273.0350126569392
287.82362920814194
267.83994350465946
289.4140813203994
278.69023109809496
297.3008961378364
300.2791014853865
292.0795372815337
308.94163343065884
290.18081521289423
297.59530431835447
278.3866988028167
271.9448532408569
296.77855124650523
282.3293023308506
314.8429915101733
277.7947359853424
290.77608120662626
287.6097353216028
300.7113954455126
289.17475548014045
310.9073393421713
272.02367511810735
306.777571784216
288.42713233747054
268.61033025744837
273.87566951836925
266.0356028160313
274.33899575297255
269.56007670308463
277.1069173011929
273.18346440559253
304.0165223235963
280.0543930475833
266.514454323682
273.7240831439849
294.12123561510816
263.83782910194714
265.41441682283767
284.61584449582733
263.4562452395912
276.3958604959771
266.72418160620145
274.397320205695
276.07243159483187
262.58482814824674
281.2976815094007
265.40073426184244
277.2721620389493
282.543120837654
282.844049548381
262.7896762343589
301.8495721266372
257.47856088902336
287.0044917942723
276.1092129262397
279.45840293262154
273.2331457337132
299.84151982236654
274.892121203593
273.71332378906664
281.50719520042185
259.8842550611589
306.47492975043133
297.8149071128573
298.7329542671796
289.26362969807815
316.0983233702136
277.1867413170403
271.45571544754785
286.1982272694586
265.4614541097544
295.50523759867065
278.2959534622496
269.60907624976244
270.4935636424925
300.6225697817281
283.09910651890095
283.7700443000067
292.7878690739162
299.978137083468
288.92695557081606
294.1227728141239
264.053065881948
285.0877171456814
313.3832347652642
282.3674694629153
283.4846777084749
294.58908559486736
272.60458188096527
273.32884387427475
280.6475975498324
277.54837920481805
286.3726028725505
264.6269176945789
273.63549000781495
295.8286678137956
293.2870579533046
293.1370211120229
295.00474211992696
306.0638875202276
301.00475057051517
293.2245064857416
292.4730530217057
293.17987081292085
310.88681571907364
289.5311537771486
347.17493673134595
306.498162742937
261.63014932360966
278.91713464586064
293.4077489392366
249.1408867139835
275.80692150373943
283.70883051108103
271.93083328707144
287.43962043651845
296.8964539183071
269.2383590826066
265.8348910752684
282.8085017828271
289.6354771194747
268.8481894113356
326.13994351553265
321.74341369292233
303.2547906553373
296.38709180639125
272.1020533168921
288.0358229719568
273.0983139621094
275.5324344879482
295.43019572494086
317.3237990362104
295.9622861504322
282.72294619795866
304.6837269801181
292.73552127357107
271.3110944419168
276.02149246796034
269.4189383602934
304.1085885785287
287.4392987912288
297.99161286023445
274.2781438283855
249.25861577899195
265.8818104650127
296.7168580874568
264.9358046820853
297.05990212247707
266.9762266163016
280.12055622634944
295.77246308571193
279.6137717060046
296.70528766838834
302.77885166334454
289.1817858982831
311.3071139618987
281.35538985417224
324.142173465807
305.54765044059604
279.2013302440755
283.3505724739516
257.8900714101037
301.680390391266
298.21307652257383
300.0801929286681
298.00578784244135
264.72277910017874
296.881828851765
294.9992192770587
314.14762504654936
313.7873159018345
281.8758245657664
306.50746055995114
297.1547493782127
265.80486996052787
277.333018793026
283.87443975987844
313.4053943210747
285.73276923573576
312.41184692573734
274.72562266525347
282.7561743230326
276.3291607028805
284.5948206864996
294.2206159097841
273.4565973045537
290.53968070063274
269.5952841078397
267.5382315402385
299.3878661012277
292.72063503053505
271.81600799725857
268.9011651308974
280.45340592204593
294.7451732463669
278.4605684692506
303.5448419639142
296.4605960298795
293.134971115971
313.61817244964186
289.8948567507323
327.5292256710818
271.9684228550177
290.79608801566064
293.3758829170838
276.4283386009047
292.52851906756405
299.2437102107797
279.55891438387334
284.9068877007812
266.9061822552467
264.3209071152378
288.5758600983536
291.2873446829617
313.47162271407433
313.16195054061245
261.0463677603984
305.8957644284237
278.10795976105146
308.22536029247567
299.98933933186345
307.6746209070552
303.12339558952954
284.7140632859664
310.50004232954234
291.0474868257297
263.5773504920071
267.2961321300827
306.6846388548147
273.6347674797289
266.04948528297246
260.521716106683
299.2756066810107
313.7979450180428
289.5594066182384
288.45746214478277
288.7846933128312
291.0705511950655
296.10779420589097
301.28752553777304
296.6392209568294
284.644013955025
303.4303495264612
272.12843396142125
277.3463864910882
306.3184051491553
295.72998325468507
276.46108419727534
278.61772096611094
302.8325254601659
287.0268124254653
299.2484732697485
308.5717006592313
247.42217472556513
278.56010193389375
296.1587789846817
322.4832267144229
294.14716691325884
280.72527448274195
293.1826161076315
290.7478652619757
258.56355972227175
291.9403929320397
298.650440682075
284.4163752547465
273.5078849863494
268.1901738860179
316.78629344387446
304.6306266920874
300.80150123871863
303.19454501918517
271.83595740096644
323.17394822172355
309.94864625833
275.306428923388
288.3010368705727
285.04300846124534
328.20106626476627
306.89186427590903
271.8434772363398
306.6847602936905
298.7906685016351
276.89916926738806
300.64422211120836
322.4718443300808
278.1542747229105
290.81952577328775
278.31225523515604
298.7398290822748
310.36483354039956
278.5486240563914
291.9569859824842
283.28771148854867
288.6749081851449
281.5082437664969
276.3173917873064
282.5254443497397
285.36389775027055
276.81928636075463
293.1587323738495
272.591348132235
285.9323872978566
279.048020233633
290.601515835966
284.52043351891916
268.6509050176246
295.87858247582335
260.750062505831
295.0356006809743
269.88455483317375
255.90169405238703
301.2044638977386
283.60919624881353
282.882266499917
276.6058980500093
331.1423896688502
323.3583642761223
253.41728064790368
278.7250860951608
275.7578196703689
278.4046078622341
300.64577637717593
301.4147936209338
286.7455702390289
277.07364399486687
272.5659108927939
296.53885141259525
299.90116709889844
299.3017678419128
270.62149786390364
299.2899925962556
284.1046928957803
274.86334039317444
273.75993640348315
257.2666658682283
264.50798341981135
275.4876168704359
261.71878467756324
292.1479121543234
302.18894231517334
311.8133294462459
268.9875657450175
276.38966817210894
300.19715014938265
324.68970834324136
282.493711945368
284.2897106691962
274.6242375606671
291.75239154999144
258.08973382250406
269.26585252489895
286.7481881232234
283.40743523463607
304.02110638993327
291.3554802148137
280.0386521522887
312.4586491213413
270.43912133958656
297.8985317753395
258.46396573411766
257.9607805608539
299.8689216824714
280.6331689278595
284.1808973744046
263.0996237223735
289.2800933691906
300.35717784881126
311.5310672883643
280.8677281951532
263.2443618653342
304.81883016147185
266.972372880904
281.4671205827035
287.64534561289474
272.0602164900629
278.47412200679537
277.6580487389583
271.99931391188875
298.8304492896423
268.1971824938664
286.1087175294524
280.7647556690499
257.0364956264384
300.07369053177536
307.41211317060515
308.75568291998934
302.93133532779757
322.383405937464
287.16767541586887
285.43121282639913
292.22869910870213
276.44093930965755
299.3559131199727
269.9070072636241
290.4164689773461
275.22049344482366
264.21558704972267
317.33011546568014
317.3112253090367
268.64415152405854
297.26540074369404
275.830840973882
284.24960691772867
278.01049088244326
284.1776318271877
280.47495429124683
294.7577397044515
286.91228706459515
307.0266842530109
287.95713621599134
277.5541956113884
280.7174501721747
274.9617406676989
277.6602918377612
312.0884595590178
303.4693625990767
289.27476418670267
308.8117507492425
319.1737834359519
289.92914777318947
281.37900537531823
276.1540232633706
294.14159824314993
290.1280697750626
308.09779395570513
293.1091284872964
307.3922920176992
281.8276009304682
298.5220977801364
287.03019888768904
299.2910565503407
268.3575848129112
265.53066415479407
286.51655926404055
272.24588417296764
304.9225198904751
293.47237621142995
278.5391758910846
288.6163282037014
280.15675324958283
283.7704286178341
271.0341861372581
278.83016921859235
288.6564485995332
291.29260396678
267.378469220479
276.5899550006725
290.6498537163716
292.1048785188468
297.2876143832691
304.36871913145296
294.1298774848692
295.8548502607737
310.25810924964026
290.29975438315887
288.97519472707063
296.89356665080413
307.06756171409506
304.9517604303546
315.3416812439682
294.63156713848
286.5292927508708
300.1749492530944
293.562732041697
288.6084439844126
281.86305761686526
281.4919037501095
279.6681385054253
282.99901648343075
296.361041631666
302.2782973481808
279.81254017399624
270.46907743415795
290.6695238465909
308.73441040772013
260.43612002104055
273.2107170878444
299.42676805483643
257.7180780614726
300.01607303484343
264.9062982534524
272.49582555750385
307.37403282534797
278.2964895523619
285.0472271546023
280.8775318284752
283.5946244534571
290.2211090757046
269.09474280511495
289.65755701239686
288.649242739426
290.6208806390641
280.91971521265805
319.5437069773907
287.79352662723977
273.33683327399194
288.3231708178064
259.1264450364979
290.7517584891757
265.7948675894877
277.70194695622195
311.2211716052843
297.6589449051535
270.6800222431775
319.5663712534588
301.8612364107976
275.7396155263996
282.5010066360701
264.1309235219378
316.1232988353586
307.79317824484315
280.4742488579359
288.5502094227122
310.25632475921884
275.42332587530836
308.5260966469068
286.11307382397354
321.4948604197707
282.35178975679446
264.8850211913232
275.5405585503904
298.257699786569
294.2119814438047
302.51311484957114
281.97889799287077
287.85353256505914
279.2289840579033
283.33620965480804
284.1927153811557
304.0797911268892
269.67346164921764
280.8625813628314
283.465498172096
288.08643123100046
290.2242228133837
280.49285323533695
290.3122411571676
293.5169336521067
280.0181267654989
303.0547394832829
316.17017245385796
295.4316535264952
298.16333566699177
266.15766771975905
271.1120064272545
278.83290753897745
285.7482448632363
276.818967145402
287.2216668446781
286.6739362295484
268.05652292841114
282.0434986904729
289.95543027319945
285.67099389329087
265.2103450408904
300.26120743667707
319.0315621611662
287.9789294251241
287.49624521797523
266.713152403594
287.06434742861893
254.92785934300628
277.78048248100094
267.5068893887801
323.55873540695757
283.89072503882926
310.8959410606185
283.65619922115
270.9460348683642
305.79712771461345
273.2176329875365
282.64538400259335
266.00867143424693
267.0321857793024
278.2122104301816
282.3823979330482
299.2816406879574
285.5211718806531
294.123011102085
280.0229469452752
303.51352672011126
313.2585261411732
286.32019350281917
310.1541647774866
298.6685516819125
271.5047510867007
283.34438567084726
309.54505853622686
313.1423004172975
300.53126667498145
284.27262054919265
303.1148998121498
324.6994507407071
301.5789843334351
284.56979771738406
287.7928101591533
277.2581557651283
283.7537167799892
300.45347301790025
252.85973524209112
274.1382557450561
263.85200612735935
313.84762822056655
274.1567036197521
288.3317811607849
265.32712210703176
280.07040205423255
278.15956647892017
268.00154771085363
266.4636824625777
290.2846584189683
262.76327364356257
279.36162576952484
265.41857073490974
290.656171189039
319.89495393948164
284.40682823886164
289.81640160712413
274.20529411535244
309.17339718563017
299.4254601710709
302.8444628135767
269.5093081984669
287.91495079384185
275.5195521356072
304.8423072436126
289.20311467535794
280.22826354485005
269.79496864345856
282.1935785586247
296.9897705401527
274.83007220039144
295.48460907221306
311.72822562244255
296.98764279065654
278.5660547015723
298.7981240104418
259.1282107618172
303.7230755839264
302.87666983134113
290.29999686335213
275.36773042182904
254.30156997172162
285.9627083223313
298.49766189872753
273.08642733527813
303.4402219435433
294.7073342263466
310.84326389734633
300.78732447873335
330.71395479596686
280.1991432461655
281.8896750663407
272.4720890717581
288.48596355563495
313.52753625949845
278.3088631496066
306.5850724229822
299.4648731778143
261.8451516208006
263.2070620848099
309.5829817757476
303.31982872483786
275.64049897692166
285.5406435620971
281.0473977610236
292.62098375859205
312.69169940357096
288.88114057376515
324.78525213175453
272.75409727403894
299.89916347467806
287.6344849852612
293.4580103036715
281.33192734990735
291.7422442844836
275.60628151346464
279.37271581811365
283.4921605832642
262.6768368652556
291.12613559153397
284.3942256345181
286.6210584853543
290.5269006113522
299.2313928354997
290.86663015023805
294.48376424843445
258.8821344965836
283.5159833767684
285.0137231614208
298.2798540586373
311.4636023475323
304.37192267458886
281.4637138736434
286.0376010175096
302.8144216797082
288.14171511598397
319.6941267667571
319.5654277566355
293.4458156838082
266.9622944048606
287.43342121632304
280.38494337082375
308.31689996796194
287.936080204905
287.9727120260941
271.92473433550913
308.7978671711171
281.926123234909
294.91021504835226
272.70009014266543
282.0273505084915
283.3304222874576
289.64281696476974
319.2400278042769
324.3760054860031
286.96378443052527
286.5640706308186
285.91980060143396
295.0261948549887
299.409135020338
293.62274450366385
290.7374381738482
299.9295786212897
293.0813527245773
309.72870146029163
269.74476483953185
311.6642653075978
274.52609250484966
305.93263819173444
298.0081312697148
289.6587398056872
311.2138753394829
283.28424637543503
305.88003503344953
291.0024719268549
294.9436898189597
295.94906453357544
308.4299493029248
281.6195994382724
282.6318008848466
283.5641350640217
272.51974838390015
310.39716520451475
276.67086477868725
315.1030186447315
281.0832502376288
270.8837886045221
288.97044574900065
293.30087734095287
269.30611284438055
290.4879394576419
282.2708075917326
302.3062439010246
315.296933158068
282.508421784034
286.27118751453236
283.44995455036405
290.62962534523103
281.4803941171849
271.36515501490794
287.5269552541431
259.99780188163277
313.7788635098841
297.13802877417766
284.5150056320708
286.74671918631066
263.2528313398361
308.8106770319864
267.19588552310597
281.32052212615963
320.0455146012828
279.65708709158935
287.1646196608199
288.5737043824047
262.4326343528228
252.51237199327443
299.42649956489913
284.82809747569263
301.7381759471027
308.71528225031216
284.27532880951185
278.73561994417105
266.4144365625689
277.98725199128967
298.5760873184772
290.5596258023288
287.1358031774871
297.59128831129055
315.291921687196
291.61907348269597
268.0162189271068
286.1699223413598
296.25812850974035
259.66736514749937
294.913378022844
278.6484860450728
307.53806823294144
253.07977834146004
291.1031080756802
275.9695834814338
269.5952009795001
291.2521006332245
324.7109978037188
266.9561154830735
280.0191949448781
279.7054088137811
321.28663105296437
286.03518988215365
313.6433918752009
282.40321877156384
300.56574156309944
293.1637797347503
277.3445213236846
275.22463761561085
280.0811736150645
290.7895230751019
288.13575180317275
266.54382599529345
275.5193879449507
277.03307824686635
305.9493548461469
273.73052773915697
281.32427770248614
273.9423666165676
298.71480053593405
289.4924768380588
279.75939863093663
285.8455344111426
280.1880391475279
283.3618460757425
294.18269320379477
277.6021967791021
307.7696974661667
286.06371901219245
293.4734407860087
296.97848740650807
320.1011985546211
299.00064781703986
264.5954824516084
268.5180347589776
274.52660530875437
265.7824263421353
290.36478505295236
299.13791649311315
258.6954949622741
319.5919046878116
289.40794203581754
285.44499880156945
283.6460008760914
281.0541834856849
297.2467137858039
290.80629813449923
282.856737829512
285.8530927373795
257.09131807019
301.15466391749214
286.54244010255206
293.95672255940735
288.46502837282605
294.06920610484667
298.0934874074301
307.2881126116263
289.8408269021893
280.7562729375204
295.9209514623508
291.2120060401503
