257.2285892692471
299.7499647648399
253.56032785962498
223.37948412686387
231.72412943084896
239.96227032088768
244.07240757225804
223.5791478451506
254.2089970504344
245.54645505816688
247.72390182093386
242.6399101581692
292.95879492098857
262.246202256576
233.11624712062212
237.27555654874595
281.35289765335074
292.0517127267276
259.2316764493744
240.66335149956285
254.19735047416998
263.41629002186073
318.92067164984564
240.81198007949934
234.78059086697067
245.28421880521728
242.57679328640188
258.53498520741505
250.52605954275077
268.41995116290127
234.88433821753551
254.0776306620337
282.4871243284342
228.41456774115795
244.347448128221
207.53543715373598
231.64406740464437
272.0960478078432
259.8671356965642
272.6763110864267
257.80644374863004
267.78788304774025
248.68463852936657
250.5325965251759
229.02712629201596
248.2452576496289
240.24244679300864
253.12789725390394
212.664882848665
248.90661292757977
249.02739584956726
244.05157328094174
241.86091804552962
239.69175509150045
273.60022126855256
233.17879565618023
239.69291793171215
283.9644195450328
279.42660000074466
265.15015594337274
220.3296318353514
234.79358629173475
251.27409613401505
290.58573987961245
244.30620282456948
249.86468367858834
257.7826117931254
276.61471235175486
293.17782247383
244.049048339828
266.9558992294078
260.9577210647294
224.33127014569254
249.57877647995338
222.5750345262968
245.0122620091097
234.221814902161
256.2736044139456
270.29424103043493
244.93495876706947
242.31914390516977
231.06477565591194
294.9959142164371
252.69733618250757
220.3664817376266
233.8884181289868
273.2099895989995
238.28577616354596
269.3478683629801
234.69299157156274
225.0776567505418
221.8679690631543
271.61082084987356
230.11683054151217
266.3209114922465
264.92459397645143
236.08745454771633
259.90269396384974
246.52682614147125
217.95456997018846
246.5502065284054
251.2996693566638
252.68640825511466
246.7885757975455
321.3044354332742
278.9467218289974
251.7879340471518
220.4634333811373
217.39601439195758
257.93939488602336
277.24226414648
255.0080120250168
250.76277509644206
253.85874655359294
250.06106616888792
229.15644532973238
232.43977040969185
221.6640199003923
297.8524493161676
245.78759026670014
250.28130800189683
219.52432496595065
269.644703924896
232.8543878134551
317.91622250832734
237.7114901295572
225.8367363761172
248.02644381611026
313.78016750411916
238.0897940943105
225.14829628369625
279.50166481568886
251.6248024047236
241.9317531722263
224.52871342270373
283.02593432891445
274.0063859119473
267.82459368581476
259.92774898828065
200.6517395761257
229.26699701848702
231.27568863338092
242.06840246574575
236.84470629630232
234.6591653325013
237.76558408900746
232.2338508810426
258.4135270959014
276.3065995789075
250.11814355773095
246.41042610481963
240.09190033761115
282.73995795933297
250.96821370043472
276.84487543081195
280.0834231844274
249.98120205978194
241.90832137673715
264.929714543352
235.2343104661486
257.7048635475003
251.62133052725403
249.7679303097757
271.1620201537153
243.2614631267279
238.98226254489418
240.38370658973145
226.02798433347925
234.34614188539854
270.33730417372135
244.74699123394385
270.0017517569722
274.0327102915762
261.45937862617575
234.5453243593438
271.6180643822372
282.99136006256595
228.60528343742044
230.35021559128654
245.46641781744984
272.67471290508547
239.26847665601235
272.63257640744996
261.1723179753244
236.5242492180114
263.3082418819904
206.85359507692192
305.5435911001259
220.17352750702412
283.3317947966789
270.7837075940115
208.10509834907862
280.31906295185763
242.20922758163942
284.9725609125453
229.16011185595562
278.9654881138558
255.17149823716318
229.2761371358065
253.22620116199687
264.05346620657656
257.248684865277
239.08797961429082
241.2216369875241
246.43908517404634
263.06575683212577
235.79037144768517
281.8180512722465
250.8200793163196
256.03992018626013
307.19105367497104
213.74843809269078
258.3890422114273
290.0449935822908
304.7197891100659
257.2782530914483
262.49157769679005
225.9860129353765
256.62340292988665
263.3776784063666
236.4749257126532
265.4891145945221
237.22681168622512
263.11796701532876
243.46854328072368
294.0210919912788
244.80344490878633
210.33415287249227
266.6116799281008
311.58706575074757
228.11897680089896
256.9489476928502
240.51442810839217
252.6717740307722
213.09209472484508
276.94930966225365
221.56104412399145
249.42594413633196
256.2228109391581
253.4710316715209
254.6219791524636
270.55723090432
298.6551735272151
242.0217942144809
291.38181210585026
280.25946848947206
266.09919219659787
217.82493351391895
300.8335597879559
256.6501989367389
231.72352493348444
235.44417446909938
266.9992859582562
251.6634196905943
259.04854129000887
253.93888073995186
239.11566443178162
268.16793913135916
253.88165787122853
255.66627690153837
286.03755727090174
310.2088534266368
285.5027974170953
263.678951412483
250.31646188278683
227.92257180267188
251.5484213380696
216.18560502455512
274.5958266828093
304.3969116344815
235.09928646916524
254.98863316657662
257.24732510736794
270.6651084359619
224.2883065973292
248.8694428330491
262.6360586101073
222.89078647155839
238.0250319809711
200.7512585952063
282.1693048573361
238.75809277428198
263.7638360500423
268.0455619722634
287.65068222995615
286.36811244132696
250.55909400734527
221.71713047784579
252.62347340601264
250.11589100917627
246.30245936989377
208.25988762937777
241.99750254995888
263.37099742217106
230.71566089348926
274.82490895321826
242.94430712796748
274.9488419106492
240.73831213783706
252.40244178415742
241.9581236133672
239.83080198756943
316.83487019027234
279.95689963555196
245.83789701406204
212.51428104794468
243.0337482301402
245.3864258792455
227.6171104194509
277.46182076918194
231.4356549535296
230.76561729643436
250.05721029048436
223.24352045098203
311.95915184894693
250.1643809767993
255.96890454129607
258.7894535004598
246.50403233172256
228.89992504128895
279.37782987095125
248.3483101980528
232.2991140941449
235.53885373052617
239.93903748044977
290.9101801711804
264.2811259308655
224.55595138856734
251.01506698782032
257.7477458080102
229.62282692175359
231.93335619952995
275.62480118579697
257.27862284032744
216.614763174759
273.6341357851634
239.98549318166624
258.6580213016714
243.797494552462
277.5749586604652
262.1027680990519
237.05324766624835
268.2345194154477
258.60344608625746
254.9644660378981
301.60645202867454
269.88739554064523
247.97644420806319
261.4056123500777
266.5126012748224
208.15512549507548
270.9604923808365
249.6064328354405
260.40192299187765
256.3891405847535
263.05601908895187
279.65485208903556
248.09572878193285
276.6890310250019
267.6185805487912
252.66136627964443
251.71454674525012
248.0026363331417
261.2598098629387
253.87153183903138
280.06669769722794
249.58894142121426
253.28012689502793
208.6803260487941
283.6588598533708
233.1571676220192
257.10394255971187
246.22146981624246
277.73238591659174
223.15585162120988
231.46826842018345
276.62430425474304
249.60344578055083
266.67900018725777
238.83973902452271
252.9595763472753
266.8859177091217
272.6357783127751
258.88516147107293
197.81350242960616
257.76181287056534
257.9774658430688
289.82238092237094
276.9105466773035
245.19573705660878
256.1641456048674
227.64148753066547
238.8685751779558
202.6786517122673
245.70363740350876
282.82441539960564
300.73331749616773
242.19401314856077
253.2726733500749
218.99260862523806
256.17851907850127
240.36933303260594
227.51841421288555
275.71107599492825
249.44147559429985
256.9501515032025
248.03381909751624
214.1214541060035
226.79138768010307
290.2082649544609
245.78871728164086
273.38192321058887
257.7560972317442
261.32194890337996
206.80475032623508
247.52756822275114
269.5146583549067
249.24844743305584
239.92722796955786
251.94609641106217
273.2807740006101
211.58806103772076
252.11064087759587
216.78820954468392
251.6667602469388
230.76515653294337
297.1613161936548
210.78373443910095
248.40658507136686
264.43044451638707
249.92944074203842
242.23252143779246
251.46258543345903
242.80359032739943
231.46761732110463
252.5894389215391
255.26718749236898
250.1647651546955
221.69342949571728
229.56279637641273
252.11637505610997
243.3056346988451
262.5408430932148
284.6239274445543
274.7275798663177
243.20333054862567
238.31905560864834
248.31868324967218
229.2483899514773
257.8495083422167
259.9926106708881
250.17810737452237
258.5173342226917
262.7316874221724
243.60018637607573
242.78166766588402
226.6724347848358
292.5081660621072
289.31527142587584
275.57068542335765
291.62381953907607
187.4964392703987
228.36078359093517
253.6228788013541
258.1092528958252
253.500720589509
250.81784411592525
273.1052102928661
265.12868366880866
290.0192027336743
220.32971940288553
259.1404943689122
263.83085147466045
267.58486984505726
239.95013233768987
251.12662019998243
250.91236820731137
227.6894095697644
264.2535734244011
261.15157288084447
229.77260847920843
252.80496208429395
250.66119936826
249.42397334854468
277.1581744108262
259.91075666589313
285.352304186541
286.2133781650191
252.55699502119387
256.4712514744606
258.27129999861063
228.46387322281953
232.89754001956317
233.5304716443352
268.0654922424437
253.31168291285576
258.0237203019642
255.64131178292155
218.58220020178123
265.6947200344148
249.6099780825898
242.95343654225871
236.74220450794382
279.6452486013877
234.12524371925974
248.49180035710742
250.19721879171266
249.15836407762254
247.25710188747325
291.00212796748383
277.00689926941413
289.41395761271997
254.65724515383772
223.29920879971178
254.9019238158362
274.34270271072455
243.33229608408874
260.84483801186434
270.60950555981253
286.9510508137173
226.83321412935038
228.3926714519912
264.9311632172903
278.83378781718784
284.47117506037466
262.61208429033286
221.26916447340045
246.31621697064838
213.61337767986697
240.69604993105168
244.85649973870022
238.8283400698565
258.9526397703157
225.6503423738759
244.35908416521852
265.17300324107055
284.60230552437133
252.32635827263584
227.90791771974182
255.23684665252222
224.79468991872272
230.27240484050708
317.07713866536506
247.94696342208772
259.2944040138973
208.95931247522822
279.20929389088997
248.66114498171373
250.9298519832373
225.71718533689273
269.091756699665
246.96062623054604
260.3394329714647
248.3870848249062
273.95439904293744
246.09728907825775
232.1897729751945
240.47680818397203
262.07671445413143
255.95561032072874
270.5412635325338
237.97834317880915
299.6945169324754
237.29113527652225
225.61721549206413
235.96579944138648
221.6543827088899
241.87815566378413
210.8648638240993
249.9169871734921
251.9765525094699
273.8312587070395
224.86094645631965
321.64493098435923
274.3104875177378
227.28883397503523
204.3603734402859
216.11845201984397
239.82610114201088
249.26649926014943
254.0897456202365
213.06708555063233
254.3260921149631
280.98781391369994
217.413995220355
284.66415182084893
218.72776030443492
294.10442836469156
213.2016753340431
241.98269997985335
224.06409936968703
219.5599047470896
227.4790754908172
213.22728747859946
251.75377662241226
258.43785354250576
251.8859213834803
240.2342326339858
284.2438640370674
230.88353590050247
240.54854153777706
265.80117094755406
238.65344575734343
271.6012517939962
253.2343475437956
239.0379538005509
336.8907930068963
238.30690661858534
294.9210682279372
230.82780000002822
225.80987565912073
248.78197264118353
265.0624672260019
250.55520316719776
280.3463652393839
263.0474166281638
267.8663399082725
246.27021798642818
259.98504624934867
231.0813372512057
276.7083357182273
250.88063724469976
243.3080122343672
242.71141631467617
230.99072001167224
296.84088883845834
258.2289342978329
201.89947900839616
256.86443911635433
255.7122496374941
248.96256834859378
274.171447945846
188.0071653065679
313.329902307858
254.46635107568
211.0313876607106
231.3816303476633
260.9652146512817
264.84689228219213
240.21092728542862
298.4678872858931
277.94297597924015
218.17351265624166
270.6147734159895
236.39645106205717
270.9339974860777
235.0408027645608
249.3653636762756
263.57417021979927
253.56219810282346
239.01583997515263
218.45938963085064
249.07255151082063
246.502727287967
226.19410110337776
224.2299058942881
300.0473818745231
268.1491620383458
296.6276238922728
269.0824163809011
215.34147506768932
247.4995135977224
236.38124450467876
234.33130535605596
259.87911155683105
228.2270432508667
256.9170582056977
238.55600927976775
241.78746131426306
216.90721304973704
289.4143943367235
255.9714350620925
235.13027328802855
275.3578118159785
298.30150362080894
250.08986726027797
270.5630588847853
238.34646537402296
249.96388726463192
206.75873772791238
257.46962866475224
248.9707318736764
231.41977800196037
310.1686772800749
251.83994872882613
226.03031284551253
264.60318047727924
216.15289499802748
247.57086114239064
239.03061731235357
213.43010338695603
253.3555124408158
241.61205865914235
237.93356256908737
260.21025304388604
236.8889372833073
269.59931941577815
250.93123697451665
257.41564403660595
230.36149468866643
252.79475995223038
253.91577289195266
270.8864149962901
239.46426570563926
236.26276964167482
251.92770708713215
236.6540933754295
214.93550055415835
238.90325958744506
289.59479631241993
251.70773906513932
217.46048392096418
257.75437144123134
259.9591549767647
227.80809746455634
263.0606016253296
253.48595401315833
245.3753117552842
272.85843737324467
258.08283596587717
239.94175116039696
268.47202046375605
254.80567426636117
232.11205506479018
214.2994531142176
220.24170876303106
273.9778308022069
271.94143795303535
244.59023810306098
230.52838123135734
251.73390152104548
282.4803853558551
262.0862686370383
226.40902460206416
255.5430706332263
273.4726747847744
268.4750137824158
225.45795861486113
243.20089779229602
284.93643147248076
255.32534755123197
250.97830275585875
248.85416553812684
275.3782093640766
234.3401313518698
251.36672949057538
253.4115652103501
264.7852864364686
255.4644582500623
232.89779235061724
230.19802275547408
277.3901546774432
230.2125287198869
231.66565808971063
225.19955393555574
234.43685718634515
235.63644182233838
238.1949109910056
266.52975406803307
237.09338142193155
259.7761842761829
234.78428382435231
225.19041001820005
245.07960345674655
262.1910559274547
236.12432790541789
236.99115334972157
278.7482675817155
273.3040732667141
250.9108540166344
272.82716992934
265.83810378290946
263.7196245320665
253.2698761507927
236.87703117457568
243.13065849331906
249.7692360971705
236.88378259941237
240.6715742231463
262.6899595251889
214.45882784263813
233.97746851918055
280.255436143867
256.73639040175476
247.62250320313615
248.58114483606187
260.5896637184778
266.4136166163662
257.73929408183903
262.9214880988875
265.12896465082304
266.0879246535478
286.58829946178594
273.81521355055156
240.3679681897629
259.06689299520804
259.25761504028924
230.11610026308335
294.31563734982046
246.0244638446602
254.2494476159336
246.53128654352622
241.57412654045038
234.227870816394
237.5172843359469
278.2787512083887
208.9225081979821
250.02382848056732
254.49785314293695
263.85166560777
242.32477053959155
276.2552429185307
279.7166720731766
218.69726351683494
270.967116490996
255.4004732137837
243.96708793781
286.9756817530724
262.59533972336794
237.98135390362586
230.71412862473517
238.46502785992925
257.4094242108986
273.29010681054206
255.21763751268736
228.91379452566616
233.65175773319788
247.09145178151084
233.7835150496685
258.24246671656147
263.07415554553154
251.82398882944835
263.58997568293125
254.00138791679638
245.6081036257092
297.1104907807603
269.65527394998935
301.2754281300877
251.98080194482463
268.39128656082903
253.29756922100205
265.0128423431306
295.9750314421253
255.65044624145958
257.43149263129453
241.86804601320182
280.6145850813191
246.62461031478597
260.43435352967936
232.87063326136558
306.92518146621296
247.31202285832842
257.9279070375487
277.9044894056278
224.7637801062083
280.1633356009843
230.430450702901
265.835583579028
223.41646091965958
243.88269468268845
224.07439648511354
256.2132778876403
255.69050444924505
201.53412836027564
242.15824269899167
307.23998579289764
277.80982714277343
232.22172201040667
261.9254380079219
245.82866573470528
257.03885026089847
256.2478937675769
241.42529000746435
217.28363601857563
226.24301121232565
260.728093017271
211.96630441458547
270.5904474690906
262.15583006636007
253.90369223878952
234.5470660138526
291.43728782678954
274.051929204521
248.40649506394402
274.54266851823195
235.82751995499711
268.526192380843
247.4187901626865
283.3732689836179
249.6347803864919
310.18477217885084
261.73024753454956
260.35615316283656
236.4240498286672
265.61935461562825
261.0778907483036
261.73654476419324
228.15419248622493
299.83041632323875
273.3019768075028
219.76448100307607
257.8560674256878
227.32423638823093
259.1278911374684
236.17737146557192
271.958848398237
262.8216938560072
227.78391145530622
254.1984443171823
264.7177585309546
247.7276535499259
295.2034096298448
252.21388738471433
238.7426226938842
254.93288438243326
234.40036607722868
278.9162688871729
255.56734568296815
237.76132292021066
219.86661393902614
246.80785849239328
259.07650993327843
235.01952729022014
279.9168856758333
259.5000175413734
266.51143938762834
267.49536545510637
252.74529339026776
298.15880437823944
259.3527337590349
235.58537778820028
222.39309546985896
265.12575093391933
296.50420225941343
231.35138385556638
244.70081929347361
243.85386991815176
242.06743920830195
282.63513905520085
270.58178140071686
267.9903123170079
247.7840640990762
209.2515019774146
250.75631310034078
281.59968797443435
253.54940255812835
220.08807098146644
271.59777609677985
188.6424734684697
235.37505444762064
240.43209313286934
275.49462481969385
227.13617920165416
302.6963991068478
246.45982323214412
240.66994651639834
250.4421312265622
266.3887210742687
255.29379877756583
256.1399508002505
290.1576384547225
229.87434440286597
262.42487673065625
226.8832123177126
261.0951369476097
271.1319377022446
294.9828583478811
218.96862122957828
244.21984542673454
253.89833173240186
305.10075486957794
264.3609677616623
214.87634440587135
238.89983417114126
269.94567973489757
234.2654730711074
229.9205995532393
260.1908001397969
278.05201619752916
214.21416995846084
240.17368131680996
251.90447661327198
224.0969812416879
253.04553988747648
246.54612412367715
244.28023951381329
261.5104160307965
237.25145681283902
290.24823810814996
233.4822859762353
252.35765789172729
220.54535401947214
194.93513602300663
268.1727859414532
216.18166388117243
220.6596634950547
235.7596531668678
266.56873411574634
219.1988069457002
266.8510154846299
228.86839972125017
242.8157375716255
243.37671881134156
228.41261699414463
250.59484674828127
246.19885764605715
260.8036932598043
243.59860575699713
288.7268323857279
244.95836646997486
260.50649253543816
223.99791835519136
264.46873419810436
291.13145966405864
249.39113901767996
236.6644200834271
259.8520024441241
250.9211739838065
262.37865208034054
250.7377590687247
251.04757506030728
253.16562228504336
240.71303871346754
213.5967538547411
280.337535216182
233.24064922396792
244.25654258794384
223.58439085941063
265.20029633145896
286.2890206075099
250.02315363945672
243.63203360079206
224.95107968628872
241.27696240102523
259.02807940435014
265.42581169854384
247.98661001518485
259.81584432913223
235.03964028676273
252.77755421190523
269.40845439129043
243.2063290787628
287.86360159586184
225.7694456881145
230.5964757828624
246.95651956187794
270.7760027445038
249.30686417291872
234.98461330711143
254.3685465719318
240.8932067124988
284.8953089886927
275.3417981963721
264.27426635846496
338.4642180163646
226.71180136344628
281.3548404351459
289.66142168454826
267.8802643059753
260.0880911084241
276.797001187806
231.96616865420947
251.46081298217177
227.99361284053884
252.35984777956037
221.72775282990187
317.37856012093835
266.4951404237654
235.6151124444441
266.7377069738577
269.2593415583251
224.45574992202455
285.15339163673343
242.3610088210553
259.6564269750961
245.6626652496634
274.81908596493304
227.82831458252622
283.5698488635826
269.1505725334864
274.87691006605746
232.74036137701478
242.55231018015184
300.8701492315158
213.9612124954001
219.90441876114346
251.5598416044959
241.76977131020976
227.4197605221998
254.78347532864427
266.5142071497976
253.6878501472529
223.9716799154412
288.0498451461317
238.66214522637893
259.63596388470614
272.054956179345
230.72923966450617
219.93078082147986
268.81033450592076
245.6985120975296
261.92872644303134
257.5782283261651
285.52528941089986
220.69724143773783
269.76273049472366
261.9667693290394
218.35828098509228
245.45736354985274
232.94002752564847
247.24389502691338
275.9370245420723
255.70319084718358
263.1254987277789
205.2151348554762
304.15161084593274
294.8781860419549
213.3941612932831
272.94400702998973
249.87527632218553
229.53682792320615
236.24020950007252
260.8770867896965
236.751290157903
230.31341971165966
220.5040399140562
267.36547862831503
230.7938980839681
241.2596112776082
252.15886889217654
233.71294541435782
277.60311632126104
259.37604068312794
268.9498352885712
238.54099741531536
244.8332192953676
215.50672519835643
251.01020543376217
265.23857461631997
209.71579797030427
244.39575330598745
248.965131164412
274.2153579076985
264.46732224547304
265.49489675922086
269.7388743899064
239.62375681148842
209.69057467096718
229.2046504947357
241.93117434327723
232.9546864272561
258.3155757820932
240.6373817009735
242.53117914812174
221.9307484200108
254.10854403715348
282.65685985184973
253.83545601088554
237.54099695791956
264.7753992669168
252.0036631100811
277.79361635207897
257.6011321983533
257.76588623051066
248.17610158229945
247.44509054586524
240.63053672132082
243.52729604643537
245.69996811368037
242.88592954177875
239.11568054469535
279.4298528347281
254.38792307465337
246.35492347361287
258.7049600487808
286.7494898260338
263.6440549388062
301.04698235791875
226.9807102488703
215.28944040666102
259.4404376553139
239.84426496981177
231.07482114969753
238.6140523251961
279.1430833284394
214.94237601110945
296.8561127220746
245.96271653543226
280.8118278536713
231.36008253245382
255.2374427159666
254.32423137070145
241.73801447247388
258.3335836704937
257.63511237478815
226.9201064950321
274.0577124506817
253.22403183445567
235.80037890077801
285.76345732208574
259.224845996534
308.6944328494719
237.40093492291635
246.28727428679122
263.58617521071574
255.68436708883382
257.2661509743775
250.70674934715498
240.26493458234472
254.2697806561482
248.1461955726263
252.5503580365912
235.43183679995127
231.9603071474703
260.73101960436907
229.7441005759756
259.70228015526664
247.9866976227495
227.15280489064753
268.25894095317926
278.87640377983917
228.60523448168533
228.99702517560218
265.23401530925184
280.81963171227835
246.79353065264877
260.8641330997343
236.16392310213996
261.7912689545774
259.08914273470873
250.07052787038265
193.8086535105831
244.50770394480787
244.24031074746745
247.57772914366797
237.8313722150633
264.95016693446087
278.090010691958
223.0485895384336
241.2274180506356
286.64552746957634
234.64642253366765
293.17240708414465
265.2499218645389
252.96217203256674
288.1874251184054
246.7788231795421
239.34465772268595
233.32054401666392
268.47645477898186
274.58183214854216
278.204240233521
255.97602937486954
261.2242052081856
203.184933869401
254.51888581254752
246.99635874509113
290.80024023889564
286.40937746706186
257.44238380360184
208.4332458328572
268.6989511944703
265.64710320776794
257.2811733681592
304.45764486992266
238.88995645433897
279.58110238268273
240.54748607450165
200.0438643291127
311.8276101036463
253.1156957266503
254.57908830826636
277.670147253084
268.54633712169016
250.4024898998323
295.5094660909381
262.3745835868758
241.54559559177142
272.5375228621997
214.6855265967897
251.8814278767677
254.30632222502027
228.48494457796915
258.0443776448956
221.502671463124
249.79326672817115
239.89705643599154
266.56329886463936
280.74538715346716
250.95859040744836
223.39476415002719
269.6969308840344
267.8194496065844
356.6672761066002
292.38483289122814
224.8670642916113
270.85968260408845
242.21509217633866
251.8267837476451
245.02244814980077
252.9111971828388
295.4316820645472
243.82407127611805
263.2172049905057
262.1526248132577
271.55707566294586
225.2772927362239
267.40732358716195
270.75286195386434
265.5817400770029
233.34736695454922
234.75066464039264
266.08497593796346
315.15848627552623
227.06083009409485
257.4085137534421
232.07245549256913
239.56102440494578
270.42286734696245
232.61188516300172
265.38709437358193
224.1178170015919
261.6891638972447
241.09511463250965
273.5143244356732
275.3342506433837
269.27258696913486
236.22485502710333
251.04836546094157
237.82109223253792
274.96462231932674
244.88858620461542
230.89186802494805
256.49076385924127
268.90119545103516
248.80299038934754
328.31355334527325
245.82796595979016
212.30691635387484
256.63523683993844
247.04034311126452
236.79846974514658
243.59088741475716
252.93508785188897
231.43957919284003
300.6817783907172
229.7611156833591
283.2011940581724
221.58765924797626
238.74159013811732
242.96970507042715
300.78167958313134
274.73265794297913
253.3572104863124
281.3433821972576
261.16515003720997
221.19391202827683
265.95654800574994
269.8343038595631
261.75508027302567
222.97195688309148
243.85574607166927
217.96527284930926
274.88656678120606
283.9402616985026
282.275689606613
234.53358728048624
255.6494002211839
246.63089935970493
261.5478072586702
263.16419060592307
266.6890358235105
257.96164081501774
255.6678850823664
242.35109477007063
247.0439708312624
269.7585573067772
270.4148775313515
250.6449822013965
245.9940366866649
304.9148923786124
263.7446917486377
242.8844412274193
221.23411541350652
247.77161520003574
209.34395539958496
268.85520445992006
283.120489039924
244.02117574214935
269.4817050457932
253.48788305954076
247.9433097105357
266.30462159059243
239.42069314210676
233.79453208419727
259.94128309201915
228.11515375663294
239.052525224688
229.62274127610726
301.1592985485913
292.2783295341651
245.71953316684812
251.57920409343205
214.76618548337137
234.6059557904955
316.337335924909
221.46095417113975
247.59283632977167
245.73127686459338
243.93366975616664
244.640522951202
325.36894850054523
290.239279328438
234.88868535560323
259.40599555382505
267.24317402776796
236.3481392163667
238.17866670084186
257.7773940206971
260.2481069409405
260.7921736301505
319.3432795982808
293.658320169081
261.72703061788343
244.52503201708896
239.92770510242553
259.94157321046805
250.42363575089257
205.90045893238857
256.4277075076825
257.05573228915455
252.2332061267225
258.4228813588852
270.02175663859816
242.7908363098977
190.1696838409407
259.2353642787202
281.45550770661794
236.55018392018974
277.9208955921931
240.58039853948867
265.3382576350705
281.5050437480095
264.8168673994951
250.69593081373023
251.32729924010346
255.64843268156983
229.64653591631213
290.3004058888182
300.0973470840836
257.2275983192958
267.86378396040527
277.7923752377392
261.703995849879
264.24827201804146
255.68544825766003
239.58958018542035
245.56062454532366
284.66203583724564
220.42492669133935
273.6254752702662
239.2798187258304
252.7387873082189
253.76056304445956
215.48243495204952
240.88361928716768
233.66617164458148
301.96353144804016
251.29693531326484
264.38870196731295
291.4417696383316
256.3822831286816
219.79970369226066
257.0964726048405
245.18623417319031
235.80133406666573
243.3746142227319
289.35851718857884
270.08836720813997
238.8873164842371
256.1157814092585
242.2106478677597
260.32788763201097
230.49282320798375
209.07379640522413
277.9135231715627
312.0829847701243
213.3415739205666
256.8923973074998
275.1411194013199
239.99448121059686
243.91528006386943
198.55068693810608
273.94268899585586
279.89682962658117
252.6839836750878
226.90014633908868
265.60680038359715
257.61566612595925
250.77517552330391
252.06504078558646
260.79884741432033
253.65667435526848
220.90751818823628
238.9043420412345
228.2693466191995
215.19121456117136
275.06801364250714
226.6061606190633
243.04782261006767
268.14161057339516
231.38396958709927
262.34745511005167
243.77289626258425
215.21662555716466
267.851892166771
259.1071932716295
217.10480196157005
243.4582060315297
256.355200137652
267.8485882105306
231.6908340897062
296.02962955541443
237.60162362555275
213.69488067098428
231.1728049404337
283.73440721823135
320.06070877821185
243.45258615724742
267.71136833447963
256.21240089356434
266.8639195165597
266.8573133040918
274.30970357742626
227.29831384011777
252.6965370514081
232.04401260818122
277.855887957965
221.452604687016
261.13397860951954
243.01049544959096
225.323188709619
277.2337520571891
252.71024079452036
280.52153239172185
259.2798394782585
261.67171796562616
225.5287759989733
225.74092102702707
267.1253159997286
279.61259679624345
254.31460120045813
287.6867181638372
229.4418156517786
272.9926581324544
266.7550149576273
233.17620544100646
225.0147591062705
257.6498312546173
218.5276173404418
230.1377776277368
246.27963479724713
274.9499102609698
259.31942195352167
233.50221623841207
243.32119552249787
239.2917679756647
231.33213635580614
271.93736234883545
284.14504814281827
229.98671593680046
230.28331713506486
290.6963265038794
275.5610970881535
241.8638006336405
223.60329910583096
262.15058135287836
231.17420148168458
267.1512506795698
243.8646501469193
255.66661636444042
235.13996931019938
242.49934060301166
230.0394129815395
229.7832160734688
236.87185960588977
252.23321738449158
249.29654125322122
252.46434486820363
272.7674751842278
238.8944879884366
245.50703104567947
281.6771725632134
297.9365758430213
258.16417294956045
302.0482901734649
246.83979420992546
252.2513930981513
235.84231409127824
242.24694549909327
230.6579658727278
225.57957997202175
255.57379985385342
223.26721555023687
254.57587793597486
244.4795173825114
244.75571150012547
229.1639438617858
280.682365058281
242.19563593738712
244.77485856908606
260.4157491197693
247.06684123183368
263.9564387507271
240.2128432923928
248.4871483114548
271.316417844384
277.1222027800395
230.50072721467586
248.13667221955257
213.1238831570372
243.71545030729612
281.665623057168
242.06602345511783
277.4848822184722
219.94110947020818
242.13181678531691
271.30816631403286
265.73727561632404
267.10716914746445
220.69501679233508
264.02673060417874
253.11080656317063
245.00550352747086
248.64632009598427
291.02704921283294
220.04137505422113
216.98896332504228
277.7436519721523
252.23407639795914
230.40852851653472
222.7847736501135
238.86157904256834
218.93373483984033
249.44015491759637
233.3424799250206
232.9921973218443
251.4093733112677
245.79115938348696
284.93153418559814
230.53035298758186
239.5448112306185
289.45182414818555
250.72071345796576
224.8968682741979
244.821993833757
243.91582318831934
282.21669384883717
225.64979887520894
245.78395810414804
222.8761214292026
304.60090858419426
276.4910353642772
271.55312446999596
242.45982951804763
265.3386113581364
256.73408808512613
246.4407573340577
237.38406105944887
236.7001948308316
208.18652973289136
218.730981299188
249.6254156404757
246.33506479032803
299.01590031036176
233.36128119193017
234.7630656515248
213.00441894121468
265.28234246507054
241.27115982421674
250.19760406110436
227.89498113834998
282.00860540400026
249.5895496494486
265.0947240786045
312.9000256769359
237.7942808055668
260.9501817767741
246.75316994416062
247.96211497404147
232.1373695092625
277.8857787682209
237.8673444566084
236.4670913257287
222.8955041183508
272.5416759029031
276.2001546045649
236.591744261852
258.1158831451903
261.8743482012651
225.13437397079542
231.6552440886735
242.6628618708928
265.33604491647566
256.3862766447128
250.82558527740184
293.22565106337424
266.18992691329913
260.6651149649406
231.9622809056891
262.54121359449346
276.9702517237165
229.25046242040116
260.88601108372677
274.4384313301416
240.96879212046042
225.2044741815189
308.743963094661
276.0121839758358
252.5574884811067
262.1825437816442
272.6315229194588
246.66798337723594
357.8246694437112
145.58100643765647
292.69510845001787
273.78638487285934
224.1563561654766
231.86449942487525
255.90586363396142
233.01897820609156
295.4845544079435
237.12578576337546
245.61149466747884
249.49986492667813
236.40513601066777
252.19752615637844
280.8758732879651
252.8923137538368
249.58562132326188
249.46319941605907
344.03422842518194
234.64964918181067
234.33911099121906
273.1947489645099
241.61852238880238
278.8739862976363
215.6729053343879
271.65027361310786
219.485401498212
244.7166522318148
234.57083883334417
251.881741337711
255.99058166029863
259.4574587594834
276.6287257852382
236.55312148842495
281.3689181279042
281.38397699891357
270.5176625509048
256.1036423827172
275.5076017441461
272.8556954974774
251.72510258166585
277.17981229245197
260.4402455201489
246.78001522179693
267.45394793874584
222.72832396667218
268.3945969286724
247.2745468862122
241.14002159319352
247.2957395306439
261.7504994060728
229.78205197904026
270.6962394496077
228.00390376598807
240.26642765162978
241.58059682435123
244.82167244353332
262.6095608473406
240.04054010182153
212.55052528134547
233.2139970435528
247.86329082085285
252.44742576568387
244.84452032402623
246.34712003305322
222.65748483419884
259.93908954784274
242.88685586530482
242.70172801194713
245.3000200112001
246.66248855373124
259.5243825982907
219.66659672465175
290.4250572367455
269.1579653110821
232.6964968435932
250.19454067299375
222.6187579659163
236.01252791367006
265.9697420447483
229.35371075256262
235.0550952561316
252.90541759406915
222.7143843897502
235.14383885503048
250.67579725413816
251.48931728233583
240.5156679075444
248.16444332053652
274.231217639579
236.36417538189562
268.42591174837435
278.878090333601
260.9543094414403
240.33983501850162
265.9316784798866
264.23208012455143
236.47410438372754
229.5390497596236
204.60593760648044
234.33737703505903
267.54048322862945
243.71801589248935
213.90745490347035
287.3262085064198
256.0928568482632
278.733951962844
281.885290627426
258.33406296011526
226.26507153676357
235.63144457066664
229.1312742558075
280.41917834215565
224.11690780182835
320.22067691374104
227.87064210203243
259.7921403129003
240.3487791456282
238.19881495047593
239.0829175929539
294.83137314597843
265.99946205626475
270.90560421242844
288.1741577576613
260.81037540576654
247.73661141091725
227.37130511715077
222.48513853846816
260.64671196904965
266.33924897096585
266.6672900932608
234.42856952926377
280.95165640022606
279.1489883339964
231.74042179615935
283.55035981425317
253.31951495655812
227.35451948293485
283.11579102865653
220.32784258917673
234.17827433813363
219.27227811038028
272.79736820957623
298.91751151083736
223.4058362894575
238.61969937651884
264.84936302970164
261.58142262278125
225.13034558919026
262.8722504902398
271.95581360772485
257.80110382451676
274.1503748698742
235.89979973912705
232.77884818648454
276.7375033349381
240.26978043292183
264.6901431409642
368.0741365980939
249.23301957990043
247.9430439233547
262.87991886405507
256.9531990797259
255.22344615141628
251.35694718768355
250.23279821354663
229.85097266663797
236.80872860102681
259.542047525174
250.22291483345907
230.1823236080818
231.66291459579952
256.8923644765164
275.66348138963804
268.9522031748784
294.6601428698632
243.32446222979343
224.58347075019265
247.12165809888393
256.6608104065526
289.0322023506742
278.9389916593791
250.76665357663296
272.16648222273216
260.48878990486264
265.6658086160314
270.0796360167442
261.2070751810097
287.72163553891005
254.59626956377178
259.14838631975
215.30657547380542
295.74641544243786
216.22450057801325
248.37101917614928
233.94115694914944
231.94781514327042
253.14544916455634
297.88230191817274
277.32361063500866
256.02758543367963
212.61325963854324
286.1547035233816
256.7850521612563
278.20890873332974
244.34871779283276
297.29872045037337
241.47507696168032
228.1763201963622
241.73461792012677
263.86938013031613
224.88073618133785
273.65716556983534
256.7602338224533
265.1362177809933
289.5549436081783
276.4861439172528
244.9879227328929
231.94026278244564
235.9751577641582
255.73466635751538
241.49712932668626
248.48404835991096
234.26250883733155
255.71315409103408
217.46364517242182
265.313605891366
256.8935886832187
246.7663283625734
260.9524394235341
263.9541928546969
257.0722828535363
244.57091472425964
251.87323021440534
233.51248187280726
249.5031862280448
241.89207132870797
209.31309479946503
264.9355902178213
234.56164405407617
245.50854428985622
208.81739624904003
235.95756364654517
221.60018995561404
232.59480424399953
245.59284637495875
324.2584708328359
267.95729824737646
261.19187587010674
263.54594993806677
240.56113700935384
255.83672955603106
210.46115215972532
250.34584399376763
265.6508039975888
278.9853178511257
288.5922188468394
236.5528495872859
268.38495707535185
255.3226340248366
225.9845848090481
237.06097634555772
233.39722942648223
273.1899155442952
260.0741199690965
249.39309878257336
237.72894646867644
244.03001456678612
267.8629173550289
234.72395184618654
219.4497275862377
236.50444176024757
261.7575421773945
248.150387111702
225.9170840588049
259.00498204969335
272.572241893562
236.39800479193218
228.35806759796105
246.3324651090079
227.5411842688918
256.5207186320331
287.36087470158236
232.95189766964177
266.19539081439143
239.35705046122894
303.54765713302186
274.5572648999514
266.4353914866224
258.17029381520115
257.8957174885436
247.62322708853753
268.9686913740006
236.36565850954503
268.7123050807277
255.28132697602268
247.898045885202
278.77917859662557
234.45310475933366
319.3499985426897
242.54904574993998
255.23964763310505
260.0441172551946
280.9518629363738
278.90744823624846
247.8227130183368
277.83441191050224
254.14211767865345
253.36140111036366
265.0180823613191
256.44067968288437
298.49090204766253
212.08062134578358
232.3938000460621
288.4104238374275
247.20738165971125
275.406937701453
245.389314219472
269.00395320286043
267.75567819329444
227.4961362608592
271.79947127529886
274.8807821655646
293.1439447104931
235.54556966217933
239.5979936531512
251.95351296127774
272.50588446407346
279.90242877282435
272.73167316650506
259.756699009391
222.13556398346554
212.54021443863166
244.40990937728202
232.5662545117084
236.99284728767816
240.0291679162765
247.18151677615242
265.03476551547647
258.64326207729755
275.92988857626915
251.75969330774387
276.4036218887777
236.1620955633116
230.58020166447386
265.4009257214493
258.1857980870409
254.69947040552506
278.32278314145515
253.57885388931027
319.2506684785476
311.3781234124908
223.05030234891456
251.5023551210761
269.70039098872803
277.1349854693981
230.703568079276
267.66712909028865
227.20950875629205
220.87374553608242
287.4425510483561
281.01588229625486
243.8801967902109
273.0368871889077
244.51406661886722
255.05906526115723
257.1860246032011
248.5285383866867
276.56837193400133
260.008715257165
221.3751865728991
280.24793246097397
234.18468436261173
239.6101967295399
252.08816945494618
242.48433414613828
235.32122314244043
256.6585680927383
262.8823910735082
222.84944032761268
253.3910541696241
243.61136536952108
252.11114709125832
224.41628849611152
244.9650515721878
264.8080511385342
266.7709016993176
258.65919787751045
242.34449152986053
268.75158683536574
274.5242503079353
268.59895069361664
310.3074501461815
309.39895559102297
289.0846957763424
218.90112366038375
197.05455351970159
240.39180699910503
246.13976816262584
251.60758824495133
228.82815735100303
267.0665055473801
224.871156119043
246.20878329430707
252.67261363274883
283.8553252305137
237.393418772961
274.19026607624255
262.0005898955278
285.7183099394897
242.21599723002873
271.5546957749175
192.09511280665174
262.99962437618524
266.83456601924263
237.64397895056754
251.11067923274823
267.2863689638907
229.44770394463558
261.195725599071
247.49617530638352
241.09123569296207
249.16087753220927
235.71721906715538
299.65273870842066
236.33635237673298
215.64506777795032
277.06429224368185
263.69195056462195
248.9101457752986
257.4077734895982
281.7526901179226
229.63924968102947
266.29950020008255
220.23452065093443
288.78301351645496
242.39438462653197
239.10381972591858
241.34088543709368
240.44046466681175
270.26643576461356
192.7844474890735
260.43247008905746
257.4346492314944
247.70019803580362
233.1274853993673
267.70213926944416
211.05987997876946
237.4968568152981
240.48955294920597
275.064247181057
263.3530315554235
222.9021926772548
251.83704465441406
264.92694508167915
255.40672998677474
232.32818759209476
244.49208462412935
270.0115344526712
274.1377605419839
278.5386560312472
235.19538687670138
266.3379611893324
246.13524497684557
254.13415571057703
259.82715546002146
258.982627436053
276.7379750581458
220.96782952162903
221.8548619118519
234.1205340498127
266.6248151065083
310.83963973773643
196.18634164729156
267.8720182456309
230.46210786874872
237.59790432662703
252.38658951129764
238.46767335920595
256.7315335733583
286.1043784242356
237.61743218556512
227.49718436296098
240.59234509523958
282.59300580248237
252.03011499962304
255.6809389985865
214.45742025482468
289.2821555547416
294.9502894496545
349.2175663417438
224.87478612572886
248.77861666830722
295.62679283937905
290.6335640125908
223.3048719256185
228.38094650255516
280.34324091114104
216.83719325542916
265.30474739079364
252.17593179026153
229.4872129240539
206.8166780663887
267.4530891739996
247.68381070613395
257.1882699946873
272.3808799154358
248.58512479963247
277.60125925799366
226.02207092416938
265.9293087506667
252.09808639937546
233.34923846332822
258.5777081162669
226.74978523375466
257.04161898081657
246.95001186535228
266.42659591988195
254.29030698665883
230.80599228758365
240.81200665747747
235.43047772953287
202.1482113811653
230.04771348659415
250.44568765128497
238.1354653389426
220.98618145030923
290.161327468697
237.94924592459574
225.92304759880062
217.92902556585614
281.5054307364626
248.28933313279413
207.16197005321737
262.58805638866033
270.0202353069326
278.50837965589017
265.095085615525
311.189418824506
245.40506841917522
241.37223934428766
253.77331696252804
279.927163181128
279.1129633365199
231.5765676603187
237.31440849031787
290.3947536040796
226.7437084442936
255.7067196011776
254.5037801094586
222.99450579565018
269.2348121331306
250.58407287485898
263.7360840400215
277.7823275885312
270.21987249259837
273.14423460001126
320.5879600705812
240.342136764084
259.35108652105555
223.50422148802318
229.6348223804962
287.31817962415516
257.7571721349377
203.86535762238782
255.6657943970058
274.861590464483
242.32253555383068
248.11532389116473
262.89724219753407
298.035118664382
249.2710668873042
245.77196642477065
259.47865980211645
227.51192468008958
289.78286735049915
223.15064857411198
270.1007922840072
221.57218559086323
268.7082046137657
225.40058554627467
256.34674468648154
247.44760650291573
225.5660946398275
275.66882508876733
247.86951300594956
231.65547951858025
286.4732874078909
239.38726531586144
253.3006325820461
237.4428618432721
263.61252892785706
226.4549834575737
269.8994142609881
291.496906987275
214.1715474706143
242.8906003886368
262.31015396036673
233.30747109663207
272.98578269965947
242.74076841585338
285.9229334528791
262.6925821561599
253.5148898595944
246.15024496568367
230.10726314003114
279.4937797039747
255.8070518039167
218.6767857031664
243.9404260471929
298.27911275601946
274.8401243950939
281.4058331969427
240.84807260765228
295.9556674255291
241.30046099284664
258.38670344580896
242.6820025097113
214.20940427004825
279.0357696141582
250.30672031920403
202.35375078080688
278.7269447579747
237.5636357816402
261.1673442296451
244.0079132412793
295.3084228322841
227.46317815163638
258.8921027103206
291.83296025393065
235.40693195094354
279.20984992734157
228.06474097655155
244.9556112214923
253.9582245957572
247.5734133090591
275.0777238976443
241.4691145021934
271.4052648129873
301.7861907473998
249.3312381679425
280.97375137824565
240.1746585315559
292.20220626471564
281.8664685107069
262.53392741677817
266.97173895314336
243.88094010867644
305.8333543027984
240.48319168877788
244.19984312076122
272.6328818365
262.46866981778294
251.90793994290289
266.46467932045925
257.9371011941694
273.4925208069617
220.20051048323512
260.5571955307387
236.30459613539279
257.9963805259904
265.12961677543353
241.07455061457586
247.91884264338296
265.8670625863597
224.65847436746117
283.2385298041627
226.33196725707967
261.40974353207275
219.7589219674701
246.37861260434147
271.59328895108774
272.83517396321986
226.22066434542648
237.95921374845784
280.34625474666245
275.23593144479673
231.58108706062194
258.5146177515853
226.62357510591391
245.09180592559278
233.8643787642941
239.77312489401083
227.92202863749117
249.9386644702172
231.945591374184
236.3502844586037
265.76172034128103
253.16059659444727
219.4334489615867
232.35196686186828
220.03483196662273
231.0580462142825
224.2791883823229
266.09508457034826
247.6804429795593
268.22221957403235
222.07153934962116
269.25255116599146
270.79089990782086
251.52605005539954
254.7616761138197
268.3938486180268
240.50810122396797
234.90333966806065
245.50133872078732
236.0872801945079
240.40531468461268
282.2624429599382
278.71922012837604
253.569355847314
226.47198756842408
215.36609287781175
240.04048059310298
282.185085603036
223.9181962290313
286.0041224913439
250.74460278870538
256.57991378498264
248.5378778995946
266.51478293468244
220.67808988247998
218.58991068287287
235.57211357192136
227.17058750253636
250.090366822551
235.6151866299333
255.39805794355925
275.3283473815536
245.7948045654921
244.01711365475785
251.2345871173311
303.3740610550158
188.40723261900712
287.95605197909754
243.14517266547773
231.10009123000782
280.7997114203172
285.88517528469674
239.18382510787342
238.13694871135522
259.5750802574912
252.63738168752752
274.09224568959326
219.91147434921004
249.80584171204828
262.1920050624758
266.06488170975354
245.78569797042292
247.70173849945422
249.53972853405867
255.7967594456859
240.46007083181757
293.76417631830554
262.0631619390333
237.61678531346843
246.0916395452805
260.75159002270084
235.83825623593293
245.57884850283153
261.2280165021075
246.78655345435254
212.41974629438482
284.89952520874795
234.7356944930507
243.65271199459676
257.95897318795323
237.29672091151588
264.5001280878205
285.58758992445655
252.32374012994114
247.67092436552048
227.95066176424734
277.80388748203404
227.43170868314337
225.07960577169433
261.18286192277446
260.5939407396363
239.06143566570245
230.1866797724506
216.02007786696777
252.02157256333157
256.2746439623879
228.6819281167118
286.5806956066517
260.8661641528597
258.68206309259403
224.39996574877296
272.4889425021829
231.08660772116855
259.5991431190632
340.52023264567833
283.34507448831573
307.3999446108937
256.2696486165514
243.74569637642708
237.47830982564483
242.7168953610817
227.61666128819343
268.9737039775355
225.48070789733902
269.20186459610704
218.34207879949827
229.95151865947992
285.87490521464497
241.66396329831332
243.26091062638443
235.86624841520097
231.98372323880903
255.93507909378968
237.16261147207115
249.35943291930016
270.9521954774391
288.2072187967133
270.04950029286556
254.80103359057102
208.98907598294318
241.5815379676642
249.8196398903383
248.52406945510302
310.5404809311731
264.7303533127997
240.60388332069851
248.65992812882178
275.91692736488767
260.2341624505352
224.39739553898107
235.99720478767995
281.924020593171
270.57408414094243
239.96708789723925
279.78076210746076
236.5625660220394
232.82235760753974
213.00079724704847
226.45473451446742
260.24659665464424
282.0462665866362
222.7353186205728
257.9445610867115
218.64561317919288
265.1783786151791
250.89026715280488
272.4852666403167
239.93062659993302
208.18499043525662
264.45081711828243
232.11494217871223
258.87248086335603
239.75780022179242
228.71155538561288
242.55302019021474
241.01145946746692
224.32262489339337
270.6392439674819
219.43644550582394
228.78301036905032
267.7314035802847
265.5949359687511
255.23586924618576
283.00810167973395
210.40618356491905
246.47472714167088
232.53447484748904
252.5308946868172
224.44730625499506
277.1196935358457
244.1089948664885
225.79514523595572
270.03241020732094
316.3130940683186
237.99942596955225
241.4043861158425
262.2187197548337
255.8488698018482
218.15830372890923
235.07402173080482
232.1186387683265
207.22150691901334
278.42888356850017
237.52770584553946
238.46442518383265
245.4397671855986
249.3151504584821
250.9212265543174
208.4816876029363
236.58675210759975
238.63120834715664
222.2665438200347
228.80838498391677
248.09690579818562
211.26352685515303
246.44487975770608
211.80631024297327
245.8892672705697
249.19297083793208
252.048196001444
216.48267081100494
269.9455887131626
281.4703677248908
260.87453007581644
249.3262627335498
278.45135004038457
230.21783036657143
269.4272125517018
221.6850827075541
238.86727040284313
243.24161263240967
238.36293687939178
230.15971074812114
236.29396352393087
284.108779976028
266.7294194479473
223.26662538084202
272.40518373972736
216.0170035691699
259.204410389415
256.197953177616
243.5299863043474
314.3026136654662
269.6855486962013
294.4013637144817
241.94821954367217
245.34038849768694
233.9823076457251
250.1706280572107
255.15382292529102
219.68457940523513
266.9871794350911
237.44311001873575
276.2491867484059
262.19822797062807
254.42708593746647
246.05836515233386
287.42794792179484
253.41522234515287
255.50374703190755
288.71826575661544
243.55198705079965
281.59781003778335
232.21903469855897
247.41514025465585
242.66062060929835
242.29946720961016
274.96357584989164
211.8558796835132
225.08876340754796
270.55190972669516
257.17660047335085
261.4872911343118
247.54030865384266
249.80898262537085
243.25916426442564
236.0541768190451
234.1261304706568
265.8904815086862
315.4975700242212
226.66881911153905
296.4545578369871
255.88955198274925
258.9644240447087
247.54473820189014
271.4279989080969
269.04500963236205
223.68554209102876
263.5990167410346
276.0925008491613
252.2420418600086
280.3371308313217
246.38295404613018
277.4804413416423
262.6947871983284
264.21854097850155
264.43609644426033
243.72294996702112
302.00584526744206
241.89821653370745
249.77124653442297
231.0017153514782
249.06498441228177
318.5124952365877
257.85231011360884
271.69190467940643
276.53692786523607
267.09686082904227
239.75951098813675
242.74741075909697
259.77930838195607
248.62214565789327
237.63007795077283
230.04307191539556
269.8788352010306
259.26807742740493
245.96775899769273
232.30163499049377
246.9888022952946
264.90620162303094
228.10613136109896
266.9240358195966
272.87133709329646
226.5835301905172
255.36710947647225
230.93097810447216
254.92554120789282
258.0354920763057
236.60843048500828
198.6931024090154
239.26756696321536
249.4619509455515
233.921883404837
260.3148125743028
248.90954950382002
268.318763199728
233.87789067265112
258.99732320557814
230.56228158518206
282.6299336318625
277.76047737151384
251.5508311954327
246.56293252517935
232.45534063177183
219.71448097075336
264.71802036231384
285.95771348453127
214.38535723555833
254.5910245415289
256.63187277142424
248.46169727761298
259.39830005995464
226.84510644618422
264.3736870804569
247.55097028566524
234.2840969354147
242.76663939259015
267.8270887864055
238.20237938815262
248.37556356179994
267.58971193421166
238.11546737735625
255.9923229564447
306.6100737961242
228.511538855033
219.07843344355933
286.451028584037
239.12167362484615
275.53841845551506
217.48190685687587
293.04011076362804
226.72175359877292
252.06551048869733
271.29635582026094
244.15330192330293
253.24416721460875
230.18333883653395
218.60264419403393
221.00853883312084
230.90322250057943
274.8758637200808
245.45101731899194
250.7791293124901
268.6032920437865
247.98904381215107
224.41963148338255
210.84834638691973
263.3936307897093
265.87219309818465
231.36759558774065
207.58974376053084
258.8220796645619
219.14763163623866
246.0869066742016
272.9725181312533
230.51513868081383
236.63092892372515
246.4554518123623
232.60274331248365
279.5506668747403
231.37706844857894
234.58295355120208
249.04328598605935
238.64976986101829
273.66552313102875
260.490204554284
237.80845200584736
293.7782259330852
285.31522103433963
247.77190683048684
260.3148934871424
299.7244836372556
262.4377279415494
284.39238640642725
242.559226139565
225.48854818404652
251.20156760094687
264.01963343459647
261.95030157722067
225.0145258451812
227.81595708278473
257.6281376507832
259.4831619657343
292.76817943004426
239.78395061206538
238.77463898260612
210.56462061253842
254.20691278961021
234.729769647005
211.7001238593366
226.53430470032617
282.6695558568463
220.84968114481308
272.8847029876197
214.90875457262155
260.6736639277078
243.1052738983417
268.053904200322
231.0532448387239
219.72839953715447
287.4231199005153
229.4976722780848
244.72424293553922
260.20772932760883
219.55738061387092
250.01809695968404
270.7248531059595
272.31175183679443
281.9174680983415
259.4228701060638
234.2407947408501
269.3414744117763
252.96625620301347
242.26058370876126
238.66906474111602
290.8016569109168
214.18481178756338
241.28128574590664
256.05919689359143
218.7314912591828
269.71902952203527
246.26311211218126
256.5801654102979
246.22863563790452
261.7893345116172
238.01181322021876
231.1107800245518
250.69549338682555
231.71643767377827
256.28312163916416
233.89647161681205
245.92241312831175
251.96356825565454
223.90096766210627
234.60754725302104
286.55756528803613
218.26000718469732
222.95672635710798
256.8113397927955
269.71207517036237
267.46919693390373
258.28829507587943
240.81721985607874
283.8681904562982
243.842276543146
249.55505703995004
291.19998558377847
235.1138530614553
255.0578109815251
217.96533221192658
247.1211636585649
213.91572548553813
270.11935643223114
226.74693562963512
259.51520676654764
264.64318577433005
240.66118607623503
243.72358687769156
238.38467708788812
242.85799024591688
260.0957315947162
266.21625643444713
264.66316619189456
290.9494272082811
260.15339815884363
226.8736442847876
226.1883545059245
274.0989989005029
264.48702064785175
254.96097569714766
274.1706978852162
225.98773970163893
244.02057500730734
280.19723578589037
252.1146317763487
251.34424190828577
224.33269682701211
244.1599503849866
230.26209897210356
245.94635141140316
253.80250436789356
248.09535502584185
262.6969371683663
244.9811992731411
249.419092955417
280.1739590286743
259.7475204905495
302.6606631715549
213.05403879622463
252.88271763036028
299.21568540355656
247.94165860314388
248.3052898576716
279.5763294972712
299.39978383504786
261.993812942761
273.2037803599378
240.76283206709195
285.2247793615097
271.11981940001715
259.91441132163163
246.6858716449933
268.51484057633206
273.3953388433438
255.89654663403053
234.3029870488681
234.6284933902789
209.58197292359546
272.5412775510922
261.69857663626317
282.63158375467174
222.987646235968
264.453184788581
243.6322730933316
261.16906591667794
271.8380327539053
270.55269055627286
249.23229343339335
223.97867013304494
252.05256349616684
258.12751890253276
261.09701815003064
248.4453787492821
232.1494536731625
215.24652115581557
237.77349379542284
228.99452171032317
241.51162314310204
232.419636528939
239.2967036027694
243.3597180339275
225.98743729130365
214.2474017596105
236.47275674412958
264.2320051325951
248.89967497694306
262.08549352455884
216.0375950995367
249.7934948541224
239.5922313351184
235.4954216767801
223.36179193202406
231.3868296078872
231.64114903530572
268.1090481533902
240.24964225431904
227.4040972130606
278.45425674994476
243.0442329721991
218.0093685341999
246.8677249981556
218.40136574034113
262.8557314029895
253.5984316248214
214.2137308983365
277.1790600446984
241.47979855781887
241.46556114661507
259.4877014582744
244.1513058806304
237.31392985780258
297.1847931762459
262.25259300810285
235.91859340143856
235.6003081894014
259.7085462831892
279.21814544394147
220.99857329635415
244.13693166174926
242.46417791675776
245.92533113760874
221.00833126634825
278.6681472106138
270.99978438369
231.7251250842819
273.8524264236912
217.1352612344781
260.89885907887947
284.42810239375103
205.3704318292439
273.36897827126086
234.76960619457532
276.01547711575404
244.37890160176903
248.25660266831983
271.901429629419
274.16132966207806
238.9110770918196
248.66276798851322
316.3231572966324
279.5246765172342
232.41365119465627
220.86039331532083
238.9554110856261
206.81091957481112
244.54574195609894
250.37731054401956
222.0677541642217
278.30930218298454
260.86306275066454
254.0418413176667
263.07235763489734
254.4301411487395
260.3959859183524
228.66904997918755
236.07644138974138
247.01625532424077
294.8197032143362
254.91415423166472
217.07988034037407
309.9426318408223
268.194527943735
214.98331986542325
287.79196836589836
227.5736479695188
270.6308590542758
242.60401689668652
283.5914225416491
235.98069165484048
247.27329409739468
228.51426875498146
262.9786540645873
237.9407151247142
253.08596348250285
274.65698309778236
266.69117105170153
259.09876120241825
226.46486828336492
246.6108791641891
225.12187386036385
245.77520459215157
271.81850817915983
284.78555746609345
231.32220733049326
249.2315789895365
262.19632905267645
298.9770989941899
317.59769105166197
248.8341539434623
268.2222385732457
264.3643838771386
268.2275094228098
243.27329294686206
252.72734551120084
265.0419149103109
203.18570372427348
252.67110206070356
269.1260608943412
243.3523746902356
273.4883145246422
280.88998455542605
236.21283857908566
240.6762025830103
239.15556116052903
259.49308285920415
254.47520671482198
252.05273112258874
262.8361232781317
237.3675269894302
325.2523784353398
282.6477973732399
254.15514291240834
249.45811673381831
230.07338542339858
250.61553107434884
277.5164866029518
223.2810833111871
251.64364512567408
260.87513586552814
240.02776904415805
309.93321922130417
226.05235038336832
271.705614548875
238.59919663402252
263.02953044103924
229.5316905642394
228.1947451980086
264.47108540905174
246.24063242261764
239.98516096617095
238.47508537617978
239.0027637560852
261.7016668195138
257.1081209719414
230.51516593864653
261.03353159944527
263.1450716275722
276.40358012379147
216.93800084106624
233.7798648722237
231.96070565620903
241.85390289360657
258.1477325009182
215.8196331023937
276.5742515302263
256.6622151124757
275.10822049039416
247.43805448920466
233.08641897689085
259.97286823391914
233.64391989842989
236.89009363239165
227.28901971550658
266.7519732346991
242.72100054682232
253.64931702252943
238.52462362893857
223.7348971547326
248.0624974038219
233.84078416018747
245.72290241764858
269.45040809339844
239.5868290248327
255.02617970050778
273.524966025725
235.6263041390339
241.86288625886664
254.36929024080746
273.004716595402
236.00807841401547
238.0677392994985
251.96764096606057
229.2221688827267
233.51341332425363
260.54119668190833
253.72953811858315
241.1741229252657
252.40229155682027
271.5110488856444
285.76582534844056
249.7680081204744
257.6086617677938
222.08520705951378
249.58992241346277
233.27771646436304
226.08661749958992
263.54954295710195
222.1646524865646
268.86573780339677
242.22179782751482
213.7491451133974
264.3550429744646
216.76310685952194
265.0682403888786
241.09758563130163
273.5895672731567
243.18339611997362
258.0479506092379
280.44948081451
250.9555252431892
246.96826216427144
264.28145661752205
264.34488821495324
261.9725966339465
230.6862490567146
238.57923697656952
264.6157302771462
258.27743252227083
230.69584938476328
257.0217130224919
252.39727293897886
238.25704394304194
235.71244294615462
310.8203157025855
271.3065520084929
250.79770837386604
256.8393474550685
212.91307883139234
240.58655926177744
217.10450080421288
222.67254905507434
230.93249907018617
256.07697088608984
285.7751620220952
210.9074998324504
252.55732705292758
217.5949162413599
273.6732250722125
277.2803637512261
235.8068126984872
231.11589580366854
262.4635797662195
278.04257259715814
251.22633282386232
267.49467986961827
259.5433663610602
263.9827256629942
251.32673876348417
248.71048558317125
208.26361456455197
254.55289585096762
281.1799185194541
237.12976049550343
267.2698327107355
263.05015463684686
242.15005183243193
244.33008252538275
263.1915410840884
273.56984754721634
261.1539597621886
268.5498236489948
237.66703408467583
270.33241458726116
275.6150042535737
255.83859266969375
230.05825657071546
264.5911287871422
272.4106156838825
284.19518367073033
221.6123282277258
232.73973153787665
233.99013801896945
272.5773470662534
224.3991579116555
211.77040463581216
254.5738625191152
236.93117639631964
241.27996185352094
289.9061159521807
287.1731983005302
253.47670324658975
291.98210882244166
242.4086109639611
268.83016488933936
245.71181378129404
244.5514130211668
234.30618124548346
256.0323083694093
236.27271073963493
233.00575335836038
239.791409197147
251.2082190576475
282.2236637842143
251.9740773012163
249.28931473870762
234.59704317571595
241.48509321094025
239.9153766318923
245.18491605645977
269.1200581762241
246.54024379025213
230.21295372885652
253.09366693207994
210.01765632885508
237.02142630901653
238.67212015355472
235.20965376251843
249.4662880867254
226.4770043687895
210.56619826878887
263.34557228244375
256.95322971243877
246.4386580628343
236.04684233188163
240.66156301135197
256.5191173692001
236.65657137078233
280.8223641420482
265.0220622182824
246.38990374386776
246.9606332569383
246.57406956655905
229.59364791435655
238.32214785169344
251.21443908161018
254.64579287404194
218.26837334653828
241.47139862529002
269.4072287851013
272.96971354761627
220.6522410926409
259.481934812502
246.1773485421436
265.16424747463316
249.3551417720737
256.4027160620317
238.2786176968366
242.41882649308536
244.96987738728058
244.5671991748968
238.07783382129855
224.19915670889895
249.66772497200873
240.48815652902704
253.45311909960583
258.1063422850566
217.66880088252947
269.67518830823246
249.62668732972816
263.97673330444377
228.43813915888313
236.12109681707807
253.29735083074775
212.26635562162846
275.0965374292573
218.17719821084756
234.5881780021591
257.88105402106885
248.3137674469035
242.11852312798146
222.8255762589397
273.50195066735614
265.55596832116134
219.3897436853731
302.80418545322027
253.88871737965383
283.9601564210607
261.6717007965781
227.12590390758123
225.7424460410839
262.43681765173096
259.79398350499105
234.57277869037353
265.79247739177663
268.4416810570983
250.99757866677828
205.7783621912822
248.8739633692894
249.77252066403162
271.29802139953244
209.5512982297223
250.60315445065498
245.99481416738126
238.1450562760001
241.94780841318425
256.7820758220041
213.87005524197593
227.25010861153714
313.81564831594005
255.25591066875495
295.9103642080445
225.2575465614209
239.66265917941928
270.23563315323554
261.56051433470566
269.3313783740159
227.59319266001694
285.93650924926624
265.70403758401517
250.0492233815603
243.09308978612535
295.5700448995922
236.74977067194413
264.1298000573879
227.9211861611111
257.86865538777784
222.42136944120284
267.1836910683196
300.8996619345853
271.6970870171208
305.7903710847022
245.78379023307934
285.2794028490316
283.90467601059936
249.91846225922927
251.56016755511519
267.4386010954622
224.81887098087464
259.3995203509694
272.7227913935203
276.3320336478064
240.40528241323773
287.0100858852966
315.64195499476045
251.3601750470698
230.56338499265257
310.56360323063564
234.55603140511084
298.992499834043
270.08104049623944
230.80602728761733
274.7051360976184
228.6129785721423
226.34068624174688
263.30827378015965
260.3370686789276
306.612296074396
282.6573209782364
246.13908642414026
230.74001887172926
235.06084747391287
230.41124642745126
226.89639228628948
261.4192532157758
278.6300108729629
272.9387100733584
233.01637905591633
286.49914339289535
232.478695837548
256.58640075684525
230.3467412738828
245.25327299523633
259.5054910541512
266.02312044240534
284.96842950663995
255.96747155941557
230.42626052664127
237.72896649758331
256.3372781345388
233.9121989380801
237.6800882437965
231.92087370611262
252.5399383486947
242.82754892401863
266.23494912765455
235.79228512127884
261.40313311631326
237.23350484552793
253.64543077873532
272.52549769415054
256.3873265137663
239.60003443958703
230.0891039482085
278.7570927280467
258.7069714848185
215.25201118609402
268.8009672045009
291.88897263922263
215.67386486555915
263.0807189383777
249.34230354928877
240.81646004354116
269.02124954597093
224.99831136036664
267.1058438671753
235.64971471496392
232.91473709617276
265.15930498205125
240.71831491682678
287.74483133188915
258.22289905673824
285.9812476541847
216.99022106768098
232.18089778185822
247.01863298704848
294.4521314960439
223.05545443855226
225.41838632512372
283.4310378093505
271.22352147707716
331.5317113074707
276.93581836880185
317.4477894178126
227.5480702125933
263.62498566298746
210.469980088179
232.3410212296294
221.22987653932068
272.4566853538854
219.51549368875567
240.7267077268334
212.8790609590942
244.7006422317354
240.99280407873448
248.3555195220979
254.21497177577112
266.76898104778957
200.57660747668706
248.12006820878014
256.40026066591963
234.27104445302393
262.59184344368987
244.7490487806499
229.7541922350647
246.5630140925059
268.42628389503807
288.6955522589851
225.48317155137192
235.9686800967902
258.66597951937
230.39149073709268
287.60143522301223
227.73809983721003
239.24801421142183
244.89385270979255
286.4982405505143
273.9033487861743
295.67701386567205
265.8162377875997
270.5625018856954
279.09463408449665
233.99696522322483
248.84673047903925
236.66211104486138
277.068828311516
207.66143173270393
296.87989327451214
255.75438404642045
239.08505674568005
225.47912924154662
265.62019128503744
227.24807859456632
232.5185997262597
259.558553567389
223.50357376539614
302.1292209024541
204.68152780015953
264.95370660256594
272.3069722391665
263.66107609914616
239.26769403391518
262.4580648202682
244.75002116779797
249.61950915143825
258.0232351279119
214.29605142003857
262.13523423380684
255.928645977634
241.20182383665815
247.15826869849116
224.18976503133308
246.30768163339235
239.02247809956316
263.1036563758971
236.8230224265717
230.5588611025596
260.0970528952312
222.268059207825
226.17943388805725
258.891182374442
262.83100266219117
240.28623894427437
236.34375223726965
278.502957566292
290.22875770239625
215.5133613672806
235.41723518143408
266.6399016918149
258.4599866132485
219.05627903784625
229.83565542614087
237.35012022324372
239.70113792654593
243.9265272822231
271.0919007699704
238.67556021094788
244.25811526365578
269.05855813168455
234.36276797309984
240.36984131333884
237.97166543046478
269.20395415870007
266.73533254896756
231.5867585641099
265.74785622616764
266.0706439644564
262.5400295301806
236.46745948807802
231.541263278923
234.30853063531686
267.5673117651604
274.1998613612959
261.9001683413517
221.09859076840803
249.46147052221932
241.38287462643348
233.3354306012625
247.74545849312562
270.897617526236
254.82311293343082
246.73955942003522
241.06476568209473
207.28616198466625
281.2295514391735
280.25607794115786
259.81527158629615
285.15454980300274
262.03761718946043
250.26601079199463
237.3808245365508
222.5573852454545
270.3816944009159
262.8750193709275
253.96569482551422
251.69900280353613
287.9287691900972
223.93151692976244
222.88916958018672
221.7389962467132
269.3841172044631
224.96305529074743
274.36207964096684
249.34640497656073
271.8270431017736
218.433249324793
248.73326022806577
234.99667251459323
252.7743984751869
257.1042965443339
226.34738436469343
236.26264722563792
258.54930911480915
251.31731517019216
246.6819715296151
266.31143662065733
249.31589966453612
254.09039255580865
217.7818972489331
256.2525764098391
246.31276795943268
269.49451827432495
249.66070581122767
238.33875218697358
263.7444539772114
269.96212078025565
218.9729159991257
255.18672444252297
275.20181032421533
235.08077873219736
238.41391291026957
248.6046267566271
247.9335059619043
229.84965018962976
212.6380266973283
237.7540921716718
217.0822570681339
243.98021512152627
231.96907417965122
223.37921600346453
225.89673142018728
316.72671682049986
228.3413710935274
279.27160381060094
244.71088471461553
269.83349002571777
253.95558146119583
253.4476419094717
236.98132998857182
255.322488729842
269.8031503355596
240.16893217293546
235.63472950772848
261.64983883604873
291.3754957728088
263.3631835487904
238.54781025496777
230.04771171708126
245.85778140823822
265.28769400937017
271.0372552636545
265.2104919158155
249.2299718753202
257.0719995464897
249.48881235695444
292.5563479195116
264.20546575810295
286.9811304397881
243.34163916797843
326.12028689472936
226.9824868805008
244.17825012258254
225.9338707861025
250.76586878858507
248.64965595910326
235.86088487040251
225.6471831179224
314.644530709018
259.6691300465027
224.49724249064457
231.56108819681685
273.59312166366726
222.4589391173795
203.04140963184182
237.61963692773134
217.50569496373646
271.369308119989
216.4219924013596
216.11575171130244
257.67591830703896
247.97895556828007
244.09518006897997
254.82600890670437
243.40534915903118
252.56944541237317
224.96304340148345
238.29194946191274
259.87051447166596
231.04512226663064
239.24001170531847
249.84331827261485
254.5507753737038
263.9390668901615
278.3072537359549
233.8833855270641
236.58665524818935
273.5583419739269
237.03020344022661
261.4306240011938
289.5392905214103
247.27617640933022
220.28761796990875
272.2949096582597
268.73690524476115
202.3187827167567
238.7483434465248
262.7555754124187
235.7414567390224
222.39827706303913
233.4428710838547
255.9783789216308
255.3973046434112
256.49782028247137
234.83588845771737
303.54734598158393
252.59236569039058
248.55887304933276
258.96437555586454
244.47809650946874
308.37253742921166
277.91319049848244
286.5899838662008
232.96114581788424
251.70762728818227
251.50674973614514
228.88505909242667
247.52287739689928
276.99195847753435
240.19429455755744
300.00259759579785
229.96526605903637
235.99370054039173
255.50083415175322
240.6990361083299
226.1239691566443
243.5055554881692
255.40759212360717
250.22058002999984
223.09132748737466
252.0128424320137
262.8579627521103
309.2038594739279
276.085639208206
229.23546465032268
267.42513897339813
242.9449136373587
273.12935569579713
263.33514432562515
267.9705413255142
274.6883808269631
278.8089435378788
227.22400114964694
273.7845364793902
212.88034891756251
246.785952721606
258.4184564270545
264.242432418745
260.2956377809169
244.15093760809395
297.9060878888704
237.7713781411294
259.4680524400901
224.69845336780418
233.65179156314116
273.06627092976123
260.73389300052077
261.0954168305034
275.2840425785398
255.051603483269
254.03761717665475
233.80017533153296
266.05363185261376
272.5182828356046
241.01098776853178
230.53059443330858
235.05331634997856
229.50349522801116
238.55688775063027
232.77099959750194
303.0941277175443
251.02689692901913
287.82627799909096
295.66001972416416
228.80592473421711
261.6026300927624
251.35265435162
233.58694273245055
270.32435467955656
285.97636775346473
222.8439877392957
295.13155447365716
269.630612031091
239.49838391656522
265.44199054746423
251.39609091216698
223.49092613731045
279.3606048161164
252.85812480852474
243.41410058632027
288.3856908644084
225.8348058804404
274.5988275631098
238.1891590731684
233.619065038627
224.39465820079204
291.77590049873106
248.6657068253262
242.93271555029787
281.519392145914
281.8984220724087
231.24980151560158
296.51728004484903
261.00004378904123
226.18634544988163
281.97176581237
202.5064454175299
267.0992204983486
238.23486545030028
244.2578642362496
253.98448850552086
220.99816301860847
288.8961540359305
239.7428573394427
245.0285868990468
245.72115345997736
255.85300562169868
202.8698995487066
260.3052568453131
201.35446260427125
227.94810180924833
257.08032628148794
228.7819082819624
238.93837341468316
265.7409976408817
213.3790308702737
277.34064553992357
231.3257119236514
236.34793783922214
269.8254578575725
288.7523613945814
242.1144477884518
274.90341381693725
209.39940489793662
227.70481083123013
249.58812470838893
262.5775738330558
236.5590221680468
307.07380395871587
293.77153859019745
230.73305048292968
242.8119633422466
255.70342521427665
244.6032249124255
244.77826332265977
247.18221363553312
254.1432337979786
238.11416467139497
282.74393232224975
250.5235009037424
233.6003728134092
245.39293302234728
299.2340323055396
222.67961220664438
277.7059066427173
266.5673818049254
223.73941622546408
255.19588052667677
253.97275136050303
290.80391649133526
328.5811616528081
274.18157891649753
242.33302214194555
211.8167959342245
232.12704469496384
213.22777669411153
254.54522900667507
251.7603753018193
222.1981937243836
249.1186442526523
249.34370113920886
265.9532590126619
220.11439304065425
226.71949469763786
292.5860426322324
264.7785823905142
241.5325353658991
220.47255801397841
306.30322760762647
246.14465892966837
249.68162400170695
285.8749037272064
238.98032185609918
234.36678614560515
235.7535670825746
255.24563307885546
253.0718238990521
238.95560493285302
247.94213925860822
239.4824982418213
219.55998378572986
227.5613470375538
257.257506124326
257.2027290262049
262.6777883913601
219.94953541702125
275.882415602915
242.92248170729727
293.38568609638605
245.61046166624874
291.986312263296
241.6592776516918
260.0307847696822
213.3054685689276
241.68646285810973
244.96823984500952
272.40217044681776
236.0654074063059
221.15118607936893
223.59148904879112
260.2110256551532
251.19062047835905
233.8506422971841
267.77474736305885
194.1605659542838
312.85938169050496
232.10788777610287
240.67241893382743
248.2472385361325
283.71049207716715
258.0175954696024
246.95188838383183
243.5621832436882
221.63493188249413
275.28398920048494
251.44136202521622
