212.98474282761708
212.98475868485366
212.9847717685925
212.98478274245736
212.98479167801088
212.98479939301615
212.9848055484872
212.98481089530105
212.98481518953304
212.98481873607307
212.98482150612654
212.98482416493243
212.98482638110636
212.9848279238604
212.98482948289802
212.98483045955436
212.98483143079284
212.98483223210133
212.9848330573859
212.98483337556536
212.9848339269647
212.9848342779551
212.98483469074563
212.98483479448987
212.98483501495502
212.98483523690993
212.98483546994794
212.98483540767484
212.98483562773254
212.98483576423496
212.9848358474119
212.9848358738509
212.98483580544416
212.98483595398284
212.98483599615975
212.9848359600128
212.9848359092266
212.98483601725638
212.98483588526688
212.9848361887507
212.98483603058776
212.9848360520864
212.98483626434427
212.98483605399088
212.98483610604126
212.98483611483607
212.98483616794329
212.9848360345677
212.9848361452132
212.98483619604121
212.98483609185678
212.98483605172078
212.984836028887
212.9848360984397
212.9848361983859
212.98483610924814
212.9848360579963
212.98483600585314
212.98483624828805
212.98483610525
212.98483611690972
212.98483611624033
212.98483599364044
212.98483610639232
212.984835964402
212.98483603218483
212.9848359122734
212.98483612880955
212.984835948635
