40.85182908853585
40.86996422859556
40.82466892035154
41.000435806937276
41.375526478390384
41.91702424509003
42.58670114958477
43.3389985187805
44.130278262338834
44.949346328572574
45.779564718502115
46.6259917395746
47.50433728711778
48.414853238138676
49.372636897136545
50.391285617250105
51.49144894803521
52.685607901077674
54.01822976872518
55.52695657508775
57.2874764254957
59.33766794492385
64.82874253041791
66.6198750176818
59.35934706360149
1493.1093543336701
40.852356127887106
40.86855331177503
40.823399989732934
41.000366920996385
41.374841261273104
41.916826709182715
42.58851482952559
43.33511879426078
44.13393012066081
44.94865220995962
45.77880356582318
46.625610613549725
47.50188372500634
48.41448691948426
49.373471884060564
50.39294908492957
51.48826592323894
52.6876108815577
54.01543042040612
55.526407164539705
57.28693532753641
59.337626656086286
62.977958332145136
69.27333409270796
82.82180749431245
1492.490655626798
40.85308365775927
40.86675777110577
40.82439584622625
40.99994855524528
41.37554004779122
41.915375116202995
42.58712773060142
43.33514541200566
44.133544140055164
44.94738740696266
45.77844914220441
46.62512651288853
47.502889659017455
48.41453012031343
49.37173163807893
50.3900632692239
51.490429960647816
52.684443901609484
54.016910228887355
55.52542475508926
57.28568248727788
59.335778006803594
56.79145900766525
65.32664115699481
76.83803260610148
1488.524016103538
40.85274194125668
40.86824747110404
40.82386597358891
41.00013124414727
41.37490905289633
41.91686612866397
42.58856562658184
43.33517935391137
44.133988868736196
44.94871360140678
45.77886555540863
46.62567494201721
47.50193305206449
48.41458976746799
49.37355992181074
50.39265099468139
51.48906193673247
52.68546988284288
54.018135911519494
55.52698300542397
57.28688516576403
59.33713328509111
62.82415340606349
66.65568736324349
77.54944523036647
1485.4686148709043
40.85236336854359
40.86826576333988
40.82377265521063
41.00003661331357
41.374812292659044
41.91675785032203
42.58844352369488
43.33505960121329
44.13386606442873
44.948574824797106
45.778738447930664
46.62554040647228
47.50184311728299
48.41434631397351
49.3733664616484
50.39323409531062
51.48769981836085
52.68781893063351
54.015244874131895
55.52628760530206
57.2867593245428
59.337458732126834
62.96731373525108
69.92015756813271
1498.0885568171543
40.85240758753207
40.86614297017513
40.82367706336299
40.999105455608515
41.37441875964214
41.91694162568092
42.58176245127834
43.334757007545704
44.13258797900198
44.94730441799766
45.77694250962668
46.6237375780147
47.499950662764604
48.412602717515256
49.37143987126183
50.389029684545676
51.4886933408452
52.68255273743125
54.01478904738178
