308.8556067899908
308.8566303735288
308.85699084684256
308.85786598960203
308.8574260218138
308.85790003425063
308.8578105815959
308.8579326828976
308.85805347159203
308.85806150900135
308.85792252209285
308.85789856236624
308.8580538103288
308.8579413966236
308.8579416975681
308.85825002060665
308.8580944560472
308.8578316698731
308.85797660364005
308.858103792305
308.8585589742106
308.8577036349998
308.85812284956046
308.8580549330036
308.8581129313461
308.85835839805986
308.85772688796715
308.8580250712803
308.8577898343028
308.8578844327585
308.85803830867917
308.857963530525
308.85812380416974
308.8581533970246
308.85781874454915
308.85799530452095
308.85791842138315
308.8581405303521
308.8578926849077
308.85816921373043
308.8576829989761
308.8583641819714
308.8577874905677
308.8584735292352
308.8579960700263
308.85817035049695
308.85804078745423
308.8578637073697
