294.23642355523316
294.2373376096193
294.23712141844226
294.2377598237381
294.2374203131276
294.23793726026634
294.2375118697828
294.23799004107605
294.2375400572073
294.23800598852995
294.237548519126
294.2380107328554
294.23755101700044
294.23801212094986
294.2375517430155
294.23801251730765
294.23755194916157
294.23801263040514
294.2375520054957
294.23801266170085
294.23755202162465
294.23801267249655
294.2375520274509
294.2380126625758
294.237552025641
294.238012666985
294.2375520299029
294.23801267770614
294.23755202888424
294.23801265884504
294.2375520283331
294.2380126759999
294.2375520297919
294.2380126707885
294.2375520278365
294.2380126708631
294.2375520265159
294.23801267051385
294.2375520326259
294.2380126900425
294.2375520286041
294.2380126696007
294.2375520302194
294.23801268973693
294.2375520278147
294.23801267749513
294.23755202698885
294.23801266900773
294.2375520280257
294.2380126787939
