307.79710488058487
271.2664968463535
267.5935392871123
243.5255077447316
220.5179889700712
235.98850392541317
279.2987284142705
218.41059779495617
245.051790234279
214.2118527949906
225.4177879773829
195.4276851017712
216.21466099529925
229.33899350570482
225.73031027761635
248.32372122896004
231.04373330653243
258.53483940129854
233.07931508551337
252.34023891637025
222.64796856439625
259.10096347078616
211.70640138722774
231.89833551284846
234.38614976310328
249.0577994610312
209.28876038222643
260.8429799880014
266.52378662484443
257.63906916973974
212.9433122012797
249.51148380992345
263.9937504255504
241.51501148018087
300.32527276484507
244.18278900644145
241.1625738036073
253.16295942244324
273.77409289528623
267.3073557096868
230.13407964860926
249.39410405674062
202.9136608355202
266.0424405582635
213.09331579042373
250.58472321577756
244.7564814636462
251.9740946058755
223.63079086785547
230.16336922106166
201.1687836934725
199.65220783109726
290.8190303461215
235.76246241729314
272.1439698836293
330.65891023146287
233.27004564925846
258.551360818823
278.6770277844971
272.20151885283303
243.11223048988722
214.8084436519548
242.1857913862459
214.28628153437967
209.10489750224951
229.71354039662947
220.81298144850552
238.90514994479963
209.15513533020203
218.41702232279567
213.9466473636203
189.24872474143558
226.35040550166013
219.22948090234786
267.4408330211627
255.64942009787046
231.33557517456575
239.47998412887318
280.23069133251556
206.06320845918526
239.4827631746266
209.2311458473523
247.86608531490492
250.5853311326573
315.71964196416957
225.3633079092142
197.89428772023894
228.60803484908683
240.53700312440196
195.23770514326316
201.81000670853246
228.52636630150664
199.4787770273324
313.08401751863494
238.4859015527909
235.47615293003764
216.94496764774158
248.2885539756644
280.26128742569927
234.89728664146605
239.0588784249594
227.6450361266834
248.5435182832225
245.93609143707363
241.7772084907483
248.4465669620331
241.558439889679
274.84897074099354
249.3958822394343
206.23623488930025
209.32523931097967
228.115514350593
239.66529645710398
251.8867368564279
265.09239783498924
222.6984234765623
204.0331559897204
217.83307075741322
225.97732158448707
206.4377978088778
219.25359325359386
256.678636738794
242.77403970457453
235.72108643714455
210.0314735843276
213.1715387802833
215.14745591615065
246.3197376253811
238.9120587534926
239.3734899332958
194.9787809706795
246.88038188446808
240.2828082888591
219.5651893510185
261.66263096835974
286.5728858104085
273.22531403654284
229.1911481076968
257.40239468855
240.90941157803172
223.49370854701556
220.84111164106434
226.3060925017635
239.09127728996827
264.22773854221305
200.2787869877211
222.5300152775235
239.6146166156832
215.47144746725826
271.03794493330497
221.69833641607693
224.13710833631194
227.9729968636675
252.725554339886
226.80928974984272
219.0893855002505
236.95526916567906
317.88640107712126
208.22761350790825
202.3247157270962
204.24422223313013
223.03547744192474
253.47307934180571
213.33295109741448
174.50934970469825
231.00930124597653
215.597080083091
246.15292237768153
258.61937177974323
207.04823307428887
229.64373697707197
252.05409663364117
233.80892102361395
244.82690082021873
242.53023838988156
210.1708687223654
261.339520578018
223.10743306396034
249.1829495526763
294.82542397667567
236.75868258060655
212.05492902416154
218.98915755499183
238.5014800180943
236.80598735416424
242.51782917945093
273.43734064482123
212.37436278646783
235.52519582044624
227.05778222037043
286.43657349954447
205.00013624795247
200.79387054374092
222.45095621252403
270.8626571921559
222.1517287443785
216.30394529915066
206.70791930100677
239.00133725591877
229.33066810664604
237.6724985132605
209.1555190785366
211.3578268165802
284.3812896474774
236.27026359138108
240.68373118663294
233.04924362213205
254.24935863919382
230.49187611602974
240.26415140168683
218.6759898845994
239.8695538863176
226.7515685804974
226.68223555259465
213.83980225037521
230.22355231004622
251.34515604881744
212.54424142297648
271.4023957037498
211.43703334943712
263.04687520910375
218.12187286329572
199.89914957938163
226.3625543480448
207.99441740067414
206.7059818634807
219.86913267630734
192.96577728954435
203.25432070137322
249.37351173448405
227.40787610375264
233.8151238743303
259.0455734580755
217.98042639010237
213.65471940702992
264.9460612977855
262.24953328402626
287.28467936098605
236.50896635120444
214.31158733866323
231.50026213550882
220.6559500776275
239.13614636680722
241.2020881591743
210.97598304678831
258.7168788962954
200.57155175042135
238.35397847868444
225.2306428448428
196.50950312228815
221.81890480469156
220.7410944448493
198.00489627303614
212.48831397530012
224.6924865776382
222.240529713039
234.0446967788448
234.75340328674065
235.2472205154845
232.37447582849563
245.854621034101
212.0407903113155
227.34082804886566
231.3578624332804
199.2667991733033
232.42636657560797
224.5373786553464
232.0118826563339
250.41061665648158
213.37229408269195
236.33364010405057
239.6336531228735
208.78142042397667
267.8007726178985
249.066381658733
245.67502208389487
204.77058690597914
243.07145239997772
239.18912690706202
260.5873869885545
236.03112020836852
228.9247574347537
258.1876325536141
203.17081825631612
270.0919954306737
229.48841948522022
231.6738550451555
240.45909436592774
264.76670349249616
264.8331457614695
239.0060288911045
216.13559280232585
244.12650120607577
230.42004000936868
238.45296565686294
238.51971008490364
251.9492485808878
225.2694205067528
269.0894420418772
219.0645436802297
241.99437054737064
216.49930385734478
242.56531481878483
224.16221593481896
211.42375934556185
241.41517651187314
248.3237449582375
215.6024560813239
196.93718787799298
194.57540418283315
223.1771780657
305.87600912987546
264.4357466206566
231.45777286667726
278.8036365091684
282.7443522209651
284.05503237411904
265.69731043552747
241.6495799352124
228.35477998226997
254.31531545554753
210.29185847577173
252.9156800150522
203.26506054330093
246.6110698840639
264.3993657159008
240.8226427260961
255.34963732518372
232.01638742331124
240.80093616210797
232.69588705369097
206.39733249117853
206.2869989808678
232.76918359393312
209.31816599800368
216.88169726979686
279.9508953860786
248.35873873202945
265.9863903230871
247.3510922905989
223.18277865050186
237.98848390841158
221.91251964731782
273.05269268652773
225.35584097198443
239.2627163350844
245.0393184839777
216.0949701032223
210.5418809951516
315.9140292248485
264.53392910385446
217.38895695495012
251.1357659915666
226.36273407802219
234.60481101056212
269.6668345364451
250.83376233240415
275.1043508105795
268.46555885676935
243.2022779325198
202.77635189561988
264.6227241601009
276.43100029249035
222.5869268874667
241.01728473778348
198.66336661633977
201.77380118302244
221.1865715910826
219.6858168871404
255.3331463682407
206.43017525920004
230.76708956074435
248.95863171087694
271.15823936194647
246.9793370834086
213.52274954826862
196.63878088608908
242.5938240527321
233.41245549391897
231.6067795639392
238.65905418308103
221.06176179305476
259.8063004990545
227.81284924208012
235.28858138935175
232.97599009124679
225.74328428403533
257.1158035788103
233.2548946859024
195.8499946456286
210.0418931580789
213.85319554632588
199.26241424465843
228.03784131462453
239.05545866896864
278.2927095827181
241.45224981901993
269.8339254673774
215.3493075111037
186.69777292353683
201.94821345111995
214.8554738177627
277.8646508597885
247.12961814258597
221.90446585715108
221.18057906736794
243.0789546375163
235.99001117117587
252.51530579605605
255.40679976269894
230.5207247062499
253.71673681256652
229.69028206275834
231.82081601802201
251.30693171572057
283.33957771254063
244.63498355131014
207.53443648917892
235.43063940985303
294.030824985879
231.91794652027602
230.22680621116888
234.16423665366892
261.8774427735334
207.27365474245744
250.23665649726172
236.8328449368273
231.4926206523669
229.8929031756852
225.71787183389824
255.4700140273635
230.90583132558095
232.49222474874114
226.49477493173617
263.81210432600346
244.08452010909969
221.9170673835324
204.04356368431763
241.171387512426
227.32298205353436
227.9736225008819
317.28295517497463
216.53726035276486
223.2282175393775
260.55344034136215
252.79172810085583
225.45699385550688
261.87715076399036
234.10298274447268
226.34525251308514
224.59611784486333
210.34623907056812
207.29243523693003
272.9890502564085
231.16295643194462
227.7640977652336
251.88513865224377
234.05697696823336
259.7776874955889
214.48823806580913
230.60662254181807
217.35216312923876
250.41020648829
201.72558229965216
272.998867340546
239.8817061240843
284.19921972218435
248.65010934368183
232.73827955077286
231.94686282290786
225.80471417552326
247.91796497134783
214.81347931388882
267.55887020185764
240.35573141441273
271.22653543337947
253.2605264844169
222.50844941569085
224.77592444527545
208.2351411649288
218.92804974122555
261.27018562298326
209.44015814529848
240.76252918082173
258.3988242236519
214.4913415418414
231.1293921470642
227.9038215110486
197.85516956083302
198.5695900432911
225.42073468970193
232.25544613518286
300.1284406086779
279.93581214913866
262.44173163571395
294.0282692096225
280.642352840121
213.67751226470864
243.62562824625638
214.61963801230013
229.44240513864497
199.09974727639928
206.14045021659695
197.4581346570485
204.11893461167347
253.23952731840836
241.1947892854514
270.496044279309
224.37080047531344
238.6925101095112
263.90728270442924
206.9735082782281
215.8659672785725
265.67138753674226
247.73519456513168
214.39423653626
230.17939755848784
249.06710557316546
225.66674048853747
243.29148760347744
232.1707896986918
202.30872495552467
272.22273203285295
238.37046309268044
208.1726177784294
231.90327947949118
215.46493281255243
214.68533489156107
245.20739625854185
252.1550934840634
220.80179823849176
255.05014409490104
202.25243029046396
214.5536985520157
237.1236083648546
195.49575643308344
221.88385102212487
241.5115333955182
207.45894615621364
271.86860520254413
228.77772307589476
253.26892069523456
220.3068715556874
236.0817307337129
257.5705271514744
258.0451350959629
251.42828375317913
260.120456137578
241.84245367838594
251.9248065144493
253.36658696824452
220.1816397356888
215.32803899628925
258.00025149159774
237.53265296002792
233.13852776610292
270.09981553367106
230.27230245724786
222.6268397262029
204.9838046238001
224.2210371750698
219.29126360174268
273.5260512298846
237.85298845882062
216.97958659604774
241.86892560697743
212.1892860205262
268.24946127357543
230.87662214209558
230.80598461444606
220.28103400373948
294.86752558042645
242.68544947644114
278.5383730706235
235.03148611131473
276.01984623857425
230.8355875154666
219.43991053916398
240.68795696884627
254.17031686444534
224.61404816363938
307.9359836622316
259.00938978255726
233.6758584852505
218.05226487622713
197.76481721937307
193.70568674002425
210.67664321919437
261.8803734387038
257.7269271159603
238.11802824950428
229.39582448863075
188.0328680932871
267.08857568344683
182.7846983796626
215.6009600343823
227.00385200956953
262.57091563908034
169.30942976506776
275.26189151368453
229.133883814211
223.1203741384088
209.32154678183724
247.75958400111995
221.94007923503523
255.00826056167716
258.3122028016078
196.36308803057182
237.54557573323837
226.19541438482702
257.3163657722762
203.05293294027797
227.84481376165058
234.7148369057395
248.02106289941003
231.2531331332575
220.51198544498766
226.03179872076726
212.98846815573052
265.1484593478672
230.1453768267238
254.83166267335764
233.65686070852098
205.88512217771495
215.0770796412835
230.73662469757255
243.99802527215797
239.3123111987661
221.11576606557355
242.16470066810143
208.89969488827046
244.83780255992315
233.20838445759728
249.2931446384464
231.43750032607932
228.0724993313779
231.0401942350727
260.30699883869966
233.79901713121217
226.71182202198543
207.1498890822404
239.78703881960246
216.44094072352163
231.1712093660317
193.83865636837436
246.1551602295367
256.8788944745611
227.37269263202325
198.85765299477498
207.34674820819055
222.8478620708629
239.29213589971187
206.86995313502848
224.30735731578898
222.1700624807272
194.55701261069044
254.06903703897842
222.40192189242225
262.8582133096352
220.71003447359544
262.4770623743825
220.72474579233676
232.26882013236172
238.20288399924175
204.34466123158927
240.19904145385954
226.14670332233072
234.59288907091832
210.14810758593376
271.7900923555426
217.8674389150401
247.822965432395
207.76105893295608
208.7992685806239
215.0827437963162
207.99056170176482
243.47255639152718
243.48254217780777
222.30427841140772
216.4420889795001
230.69282426903374
219.69793696075794
242.91850054709357
263.53292156831594
236.53699551496538
202.186658572522
237.60248883345048
276.15594424842857
256.57265791509417
235.0804318493756
269.9079240197607
212.27263050814508
234.77348389013787
215.5639628575591
280.8364881440648
243.70366598424152
247.5025965036184
236.83391542197205
248.79963207565015
201.28199779806891
212.87209105535294
238.03973477517138
242.68696784277563
281.70051046833396
200.94104474538472
246.60679946443997
232.42819765864988
270.7376411424775
238.18733423677622
228.4684802047268
204.7269785826793
238.00296016494394
221.24037835604395
217.98670667991973
241.57387046384974
231.82509075230337
239.1640301293519
271.987079782848
241.7457304908603
228.79503083939198
261.20404711100855
237.60064242460066
229.29313513403758
206.2986226674402
271.83113226800924
287.4655822766654
236.2264713839977
202.75277261529118
227.5534992410394
215.15682324511
243.93971952205175
233.46610863224487
233.34424914434203
242.65817878238158
222.45711616205517
222.3646311626071
233.3951544658339
232.94651471625548
215.07341263373382
229.61918686679564
253.2928823348484
257.37046923983144
218.47369595299824
243.68384999473346
240.9154703002423
216.38745904588723
234.06226699560648
225.439115003217
250.85045754842577
249.8573745402682
227.20736799313454
244.50151779336738
232.65502745611593
240.8204766852723
239.4863314802351
250.37966206140118
210.66652550490107
256.8769920259656
287.7110913920624
186.72322203865042
222.6576505639241
219.63097006262979
210.84938387814327
212.19693561235908
250.15880394002306
268.03672702927724
246.2578727096843
243.58615904537146
256.32112507362035
256.30461536557414
231.8243294977874
218.78540509330924
218.64532098616473
282.8254417554417
250.34898640934261
273.58714809591766
253.75458485406125
242.27961547483574
257.5133575099462
244.66738625749713
271.4976508397376
226.76659553893842
250.68321366302553
240.91654174163705
238.085233164893
236.67903296859004
252.42271622657427
188.06561686706846
247.10404854491935
266.1990226388443
255.4674279751489
226.22994987256243
243.8798665824579
210.76502662716666
243.0129441797908
231.55571609351318
232.98815155384364
193.39225609463756
205.09389206947526
192.1587564033689
253.67065824949532
194.21530561434338
207.41456541477237
232.96301392756868
236.38935916911578
245.70245693274774
226.81083845847752
256.61663766767015
233.33821332466323
203.54332503967453
248.96230803840444
198.3028829250543
209.34249884582823
221.36866183919483
207.04083597954013
226.64613062425633
228.35724690335337
238.4252171010594
268.9998452947766
219.10156111518154
215.71760502830148
226.24485992753762
276.8782910076261
217.64917500360752
255.768991251447
245.69035908501246
237.12255040291348
237.46862971081282
234.66653092298657
186.92374122911133
233.15302034944762
249.50811755863833
234.93879342783475
241.77387672686018
220.56482262231293
225.8633013261133
227.77376080519753
202.0072477023641
220.75280419475166
239.72325706630363
233.7630780240579
262.3448319246236
219.98609620865318
226.17390616424382
249.39962532473146
243.03284438868286
230.3012461088365
216.65973664599005
212.38553269495605
237.48646057522274
220.52015687603853
234.3874016570917
187.45798211637884
218.94503833985073
237.29275607669842
226.9207016954315
236.35651939953095
194.4091556047788
260.05019914044533
220.98640500896727
218.7524660595518
244.6750633090851
227.94725607254077
212.09572623315034
237.5213547196472
242.85529118397972
240.65464004440582
260.46988699110807
238.3402211095672
215.4903020154161
198.27608559918008
209.21831014496274
252.48386657235096
247.42224367024028
294.98306098306784
226.32662471252843
195.63234436017228
251.27390241940157
284.1002818302659
233.36212674461422
243.4511036122276
235.88507501763524
221.41832867087214
220.88471046634368
221.1900042896741
208.27138048227062
246.05424908644636
225.8308627938386
242.84209389076568
244.7020738592255
247.71356211890816
236.87387653216138
215.20531019673217
215.02831428975333
229.37590496969642
237.58451188597246
237.96983760478906
218.57066735142143
226.50549791296362
259.1956794420548
263.8664545501815
211.389870042447
197.56321406265488
221.92879498458933
267.75380746711744
273.7473589135334
256.52601748984307
231.21356546480092
194.49424789156183
244.87622171718976
218.5472731711634
240.73742256566766
251.34020733155194
257.9252935797558
257.99914514136617
218.2205535933026
238.56266238735407
214.7065195311443
241.2655099617259
211.29558428793098
225.6935584965977
259.9636195486528
261.90189420056413
208.23814613593277
252.82209328489262
216.8748884005472
241.40343679705984
233.0373691658897
238.16884804982692
253.98299634974683
254.3971009349625
214.3806313268433
208.9338287502178
223.23282247412135
250.47623464188655
226.55711325473385
275.0320328370144
287.4930739629781
252.85395046774647
250.47576633753488
234.83645271789283
230.04560237022815
230.14830090742907
230.39646514281048
271.674688063591
252.63603043966577
216.52818662303616
216.1216445431346
258.32566616198164
236.66523868139484
215.44503167259973
201.19730275543407
292.2459477817756
212.59509998498834
244.3784178539645
240.95568494981853
240.82572080226964
232.38286122656427
224.04973589631845
216.39383899752283
252.0252242058632
218.39178426208673
208.97390503136558
241.14824394517927
244.76915667479625
257.58577796659665
238.90204920212273
271.8370678649808
218.4662406197458
262.929122765956
248.72941889066715
239.90137800498633
201.96880895787035
289.6169151054055
246.85909750283463
234.2794229738356
249.7921686231275
243.39729967186577
229.7503547159431
222.24648747505853
244.3751220247359
232.3358789724589
261.7002308551455
244.53802095283754
221.00200099893846
212.78106752684107
255.15682959571132
276.3459217781783
204.25899616855895
234.36213076402782
269.996235967963
213.41514576753252
239.33282652468188
206.74328024827992
257.79348484636284
215.84989445807878
239.43730076472275
221.51994966896018
235.07241277809953
232.19736725016264
204.81203482381534
193.1138226754265
215.59971181792207
216.46002582338406
255.60295073027373
216.87960129670682
246.19631651893724
210.4374827890133
288.21042077819584
237.7922359535878
242.60398901149165
247.04919281843468
207.294343498128
249.90770544137922
227.72135069553042
240.99424465213087
238.39226103152032
239.09710423927754
211.59849203561316
217.11212054864154
259.3867386241036
243.5351190447691
253.31924155072193
324.2023968223948
188.98048394409125
226.95769817536348
239.31013968249317
254.03816016073688
246.30023981223349
231.59287622012198
207.57231892819982
247.564560566796
223.75949218519963
244.4491447416076
242.9456145130389
200.54942844074685
221.33077463653171
232.6526393367676
231.52737598630483
262.09030448435806
231.97848011480528
240.80012532239198
235.9571965825453
248.19425653360668
200.75670611736132
195.73966611153446
238.4183321336168
228.9109495069133
262.5146381815721
229.9967741172004
212.84153261379106
193.35363747176598
232.75654849337297
234.20777964763693
239.51614974418771
249.56631383107742
229.3416584940569
214.81881086094654
268.05282055790303
284.7875157732342
304.9373718772549
259.92769518253044
241.18715894166962
236.57940913824132
212.09354599614744
195.2121476791799
228.86723507082206
213.1038400939724
252.9483534337487
243.49522862170124
242.43990608485183
247.06288619988482
233.29992404562654
226.37001529615372
248.38947112023016
263.3247321093513
258.4994636258052
205.14049001512467
251.7009997809946
225.07631891418714
197.53883197554387
217.8624527239008
223.08097623568028
231.8218146864965
238.58855339113506
270.3185604814498
278.18217240227386
240.71216028291383
199.36509864756954
283.57763642739155
234.43602239515167
318.6915840547299
224.57673160449485
223.884217488172
211.53235233115265
216.44253964014933
210.21769549581222
256.99163216227316
210.54584487419925
199.6194713881414
215.43910236560623
229.3199299137341
278.2759773454163
251.55915095604723
230.52568785185576
218.40631565277
238.5226294347667
227.2004682631814
243.9900984383421
245.3442277191789
229.34805082628736
240.39479641604703
265.1976192916045
228.01697330002207
236.80562431627186
232.01192232157337
258.26221527089365
223.27639260923024
252.81726067943964
227.49657282145927
208.0341876160819
214.89181318244664
223.74425867653918
212.12924654391827
200.9430303874542
208.94283023261232
206.46182044874877
282.77946307417005
231.63626505155116
228.71804117428837
200.21983135252958
198.1412650498678
229.0208445204771
217.6917369266157
245.04534027841873
234.85421376419254
227.0212995564798
230.62019185634563
255.7290191546781
211.1265934369876
238.06593060819432
233.894985793042
217.39590372744715
238.30872149846982
232.56683327577775
236.3268241212936
218.11262856976828
243.366294521722
250.61871455051005
248.22695022152038
250.50507099629613
244.91251727746567
249.74452541582286
240.1731612717267
225.83687173412181
210.45786617795238
211.84792054374702
233.36378054192755
226.14528337103548
225.85031086177332
268.0508675536257
246.65625059226295
208.71279632655205
228.2617183540715
228.5466703159036
245.230051036051
227.12189055990893
206.81160426471615
211.7938248012215
236.02644111361587
216.76115251157898
254.18041152408114
253.91485264338553
275.7424294145894
235.94658127619186
255.82027006952558
247.794358203304
242.34811611881014
231.66310354648158
209.95477704965742
200.5903571980889
213.93372718134196
211.0982815938769
247.93447477562586
262.8963006591075
207.63837915752083
211.42556651018094
218.4950355894398
189.1557954067248
265.5717800706625
206.17677169502713
243.5116384148714
238.52736387675395
225.15163500828203
264.707553638902
198.0720025220653
228.88809698680416
228.74537129502278
210.43811000318965
249.30781005654717
231.21516022167634
186.0945673038368
218.00715671671787
240.54800920712296
218.7096793743549
249.00889383850154
238.10679027083097
217.95257667748956
237.88696554146009
271.10916338674724
228.35286412597634
242.80755075719208
249.18342350417515
244.50796734093456
215.5331102522905
221.66192892368417
212.92369954078458
206.8557692815666
232.0156722155516
210.08354485640302
233.9603627678007
220.41917926608585
251.9347884480958
241.512598890753
239.68007041269448
235.8266110730474
182.8926559430547
241.90549761708826
215.3767421511584
274.8637491426198
278.0796051066136
256.65613674739143
193.4481618644786
218.92978566448437
239.46190243848832
224.5876164061483
235.16424257250037
236.4844984797528
266.7351382813649
261.09889754548203
244.63154163124273
295.2663565854309
205.49649051518645
219.0473225300666
249.73363751237048
232.26487266930053
220.86922525370028
236.25015625782544
238.95438393438235
238.36468479631003
236.88795266090892
220.679575936927
205.91645848576445
237.06335491564823
239.16184287314536
270.29267794417683
232.70167349861003
208.13881205476355
266.4492412590189
233.98551491176477
222.10457317752298
260.1191626097425
215.77994439797476
255.68577910377644
213.17128139862325
225.93373130547116
227.89312204055022
229.75453217927134
231.09240230644355
222.97640519496053
241.75329076254275
200.7462781748618
238.44637650816003
237.25300818955293
219.29516391584184
216.94415884680348
241.11864010628778
238.5639625133481
223.38374042353826
231.6873068981222
219.21348342043348
220.7379226810299
218.60973069106694
262.94626915297704
275.8679257503245
282.7380353026674
244.83981832797872
289.90130603389116
212.51047063682927
212.36852760228794
203.59007838362595
270.77293275337433
240.7178981960169
258.96659278828884
222.85724096134072
264.1330003493349
250.8972350443364
195.37835258373525
262.3255749969976
242.99065229907865
239.7787898136885
263.5492014796473
211.33570594881894
275.4785167200607
218.73443074233364
234.6371469554142
230.32064513169462
232.40607316460228
218.30121509567834
243.00895843532635
222.33994002797408
243.3062864849926
274.60975081229117
236.6612783666933
283.8623320995248
233.6737957718433
234.18465525878128
243.05148063134402
223.42349512607325
261.11658005818026
212.32495777634904
209.90946497005643
236.30986598529853
253.98993714695098
202.68718990165507
269.3706100618583
187.30093392916024
231.5252124070539
230.5469415760017
229.83753962710034
249.8188182146987
227.51292331708828
235.51288205740275
244.50937127880752
243.41915961680934
216.04818735830486
253.9000260559842
284.4943074628827
214.54076155059738
224.48003760556458
261.3507233483251
227.87495119863888
264.11338956688996
229.33684939303203
289.62169152864954
207.76097355387174
249.90167467785068
241.83468249393627
213.4432140532299
270.1271903159213
248.44347562774783
226.41807637090096
232.93854947283398
222.275269898877
227.3569327070145
249.87542599480366
195.36812137602828
235.83220322971465
232.05555260420078
251.37626871827524
214.94910178222926
229.96901502704713
252.071416994615
223.0306431351346
261.0938276416273
230.30559191427892
251.50265339098405
239.2137977188686
236.69659994210815
246.21012545994017
238.13367245148402
218.5548214848386
232.94435361691285
237.83959043415962
246.00634921411984
216.9157764603151
226.73187278560363
253.66385482932674
187.86152356653474
218.33356973773334
235.26581312983762
248.343526032113
262.31736895337235
245.23356276372215
223.1555521878181
247.2118648669566
235.73342972493265
240.88413638953352
207.69406677031657
250.74875750095816
244.09361982293194
222.12530702888034
241.3322359593003
221.24359007342719
284.25222904025577
272.1135542858974
277.9554459468345
191.82594023284037
228.8534909490263
252.43656625581207
228.87538784602657
250.71301286714152
264.1032542012399
236.3139846471022
277.4343322998029
219.81799793982645
298.78815175348427
229.1294575582724
229.90421814168803
229.4065559466253
253.83855216321535
244.72536968818167
276.823992295831
207.93250955158146
230.84890622051898
198.1569945111405
196.52229315950535
225.57469268143177
241.244366850995
257.5900788764702
236.75430922105443
211.10478494636482
204.17636736645363
287.40718775079586
231.2011192656937
276.2714946450433
223.07800955575658
239.63484003656777
222.57077143288916
242.78447124024387
238.1464622945059
216.31651681644144
210.9120728186681
242.19530314358417
221.57088245463092
228.91747968108393
222.20150579250185
218.52255420933943
249.06306677748216
223.8816149943159
212.79468924208777
233.02712870948017
238.39694194908952
259.7806198432809
252.66546305565862
264.8465127227246
248.30363480205415
233.0878193739918
234.33284656365868
295.6727959011914
227.84183351806132
243.48395039187744
240.37479914457072
226.22800832532812
240.47184097353602
233.78300704958383
233.2413090863265
268.812047649757
280.37302596180234
224.70942325872602
215.3320668200031
232.53140000632266
252.68429278075928
237.71382306714077
254.88105831184657
212.41051322146086
259.2259654071531
243.83201865520095
225.57108615897596
275.5532191467355
242.8974384375615
233.4275678920676
232.78260672674514
262.0656303050928
268.9131669293274
226.19268275849754
269.6776150796795
228.2306399443769
238.72415598930093
250.9471093196771
210.5143489766051
266.4005843666964
250.0879595297156
230.47200749383774
231.40471698937472
217.6787952145678
209.73215499910293
198.0866978878039
246.59851659619017
203.09930365748005
193.21180605253903
209.88012442423496
234.08873864804627
253.6426625098684
218.11834186664782
259.91376231767936
235.07756847358542
211.41708960355027
198.94747966586147
217.9737120011705
215.8668415985885
268.04440883995267
275.92699640616775
211.8916946000536
226.29094638122479
254.36365818069316
205.279968459683
268.4059493698878
230.3961077890708
208.75034768524347
238.55658828286687
238.6254256493994
262.03794929228025
206.58163180027623
232.41672795685008
221.10000124503858
222.21330840722658
213.65382899565157
250.22261026711203
228.0592820951715
218.86632813478354
248.33430678700097
240.24897252442315
239.70254390506307
249.27422695525456
246.8584737754427
218.2881529497099
181.5883570763399
231.3225743844523
230.13498141412856
259.0876407949836
250.62458572839387
186.58984152512858
188.06982025149046
248.62270477047423
249.38469573343173
205.62698833621107
282.7283334058593
221.74066680081887
225.85275051603094
250.82088145974558
223.48042176943272
280.8644190823543
224.51808353041997
281.52967323962366
253.19625540700508
244.5940077966079
227.14270909456536
217.08796486241044
234.50206041673664
228.95418234803947
234.81936384981964
236.50893347279634
287.0430645389715
266.55407286202535
219.25046927423682
239.01767771877348
220.27861609659158
233.53063720732462
289.46919587935554
200.28730649646604
243.73878150375094
227.3113822969608
218.8063432466588
231.30701770610176
208.42582849785686
275.0268086924334
240.59932351741008
228.64437907689717
211.1527861423674
231.14225697220536
220.7402359925909
231.68682831933256
242.37785628199345
256.08653808536474
237.7767958600307
224.82395313860616
220.03783194057178
229.85277845681412
224.66049647459295
222.1612843403709
210.56462217360968
276.45638373633847
238.2736529854592
227.84091172547778
209.8094077509595
220.85264804313192
217.21985076076817
190.1564284004271
217.44650970963994
205.00234786071815
252.23613918147748
218.3901858184836
241.48596018954413
228.88633391913027
209.13311537721893
232.68929635739187
225.56598317151656
223.58278425084427
232.66102301428327
213.53966117510572
270.9440073618316
245.22243392351083
267.48365733929677
230.99039779423038
244.4072612253367
297.56254087691195
219.32118270080537
253.30801003077067
221.4229786299402
233.2773282562266
259.57123468321515
217.4658024959499
257.8227166555007
219.17645500518847
218.84792439761804
213.24908175121527
199.90624102531
215.45910189423012
213.2503260099329
203.86331364541547
232.6860934344004
203.58945358527126
233.68420337018324
229.3965294120717
220.49761702428805
237.55360096751247
250.90888004709268
214.07372010260588
226.68068515544292
209.97432180249598
239.24933416640852
196.9965223101317
220.29963905445766
208.97917344397865
214.17886956804432
226.11957333254395
225.94044173602015
268.52996731578605
231.20170141395647
239.9034404308186
239.48046025220538
229.74142014613608
284.3494088331354
199.75816861790372
237.05520499893464
207.29268457955914
241.72080167767126
226.34431676845998
195.9390955506824
233.09155051305424
213.54134735587286
260.8095489793923
248.90724659571424
215.22156921360875
213.31288959505036
246.83795097557595
257.7853134138859
232.7850432903506
233.82183172379155
238.6109880161821
171.44045119569637
216.3655787363532
244.3437206990784
238.04203378519742
223.04842130030738
289.27517894416815
266.23411912017036
228.19185214099707
216.84191142499913
246.94482310127933
226.66753226704895
234.87200557463802
229.06214110710425
234.86017271957826
239.95430702558951
256.1505516305333
259.4913772485452
250.94972478656564
218.20990656514186
232.24644263257505
193.40935193316545
241.51424885401502
229.3924859573599
241.89214825507952
233.3141055778833
232.8208568697446
246.72106928634457
232.09647668944672
213.21408634708496
264.3343731095083
236.28105205949396
229.734582214267
223.05627052497584
243.76512326771626
239.48949174094014
260.6205654205405
214.85376819269732
210.34017670038156
202.73456578888
256.28097954439
223.35063347202959
217.74678722885437
264.7379171187058
230.17284742783522
224.33067283325363
230.87107766623376
241.27265067206463
240.79450147616444
241.66426945920102
225.96835657744668
216.93787000287557
243.15059964341344
262.0624174668337
237.308248809597
211.72026826743968
204.70027411385672
243.13465470122173
256.36501482944004
241.3967080457951
218.16317651967984
219.89476149267284
246.95807738607982
222.63872202247148
208.2289011530229
243.43076838291017
216.79128654731903
277.2342219860875
219.61222212581197
256.269261628564
197.4399132428225
220.40840804291656
219.49633348424686
235.96768604847603
216.87152373493882
241.8590223970241
265.42605524446117
276.5780720807961
224.16939767939039
205.45418572169729
214.78081139811547
248.88321955694119
235.66299786046147
235.27431757061277
259.53278605639935
220.81193044868996
219.34729842707748
220.5251873077359
230.7874047451187
236.0856054222677
185.34210822434397
233.38856073562056
222.55663024116075
251.74899219861254
240.47393154219026
249.41829323139973
261.8454025335377
223.1634116982459
252.9222176928888
225.50071656372165
274.04591367352987
268.98513232317055
237.7508556090761
251.68107937363675
272.63492120505543
198.19610617839498
229.77677233691793
232.34511166159064
248.77045511337928
242.26229587680427
227.19130814063828
261.7253662979929
249.70550813607406
204.01262170722475
198.48067875794368
215.51334128243616
190.41266548947897
245.9395292455447
232.50490975508
201.19251637870912
239.46761192922713
217.02637984108878
232.49360072938725
234.27401641546749
212.63526055059629
209.63083063543309
270.05623573833145
286.5774563033483
221.91654002526775
215.89480098191416
269.9298373393249
202.39902174012968
211.22316642227815
194.21276630170178
199.25106200797018
204.32668257615296
226.79501783900196
229.13803671015194
273.3508648262359
211.10379831009777
214.0293618327123
223.47073195397388
271.25671493733535
229.3790081141051
266.1923222085461
209.93108520290116
226.75074400566518
201.76486573473085
245.5259173248778
256.5501021556556
264.405883437139
259.326239643211
216.52751208707923
219.60730140277883
221.0299345353269
243.11434602097142
243.37388854858
208.0135229038424
232.23037548043067
234.7562587056309
248.4381479047588
238.3601376513252
240.38350430305582
220.4353048024932
207.57385617512045
218.2988420393085
281.5167334891157
214.5318123655161
245.72505762253422
219.53144207177684
232.01671351166442
217.44324180181138
220.42196733679157
205.18534965842264
240.97871864849003
225.80207282712217
219.73605085053714
243.56294190161861
238.06699810008286
239.52297918283148
225.53525370074203
256.44653345586266
224.3353141413536
234.2635416543344
213.62745835498208
270.9974080272368
250.80950337374816
238.3061285726726
242.24852617940633
226.10523724899394
226.62607029353967
241.94353940791916
237.75822359893937
197.97290284605697
236.05216449999716
252.872181048966
215.25915968394838
270.9603378830943
208.6087798801018
263.21128798648715
207.00273687619483
232.70671900501475
254.05053442792268
185.75175424444024
219.85658395610517
243.7439765469171
248.3455235704896
243.47114926867653
187.77622799796518
209.4898395985947
216.2581107779406
204.53790733020287
203.55284702347126
230.02811968920287
243.33497806970263
247.75999163492816
237.8090625545592
253.13053617312107
222.76724656444276
242.59423526009778
226.90362953551812
230.50870265177218
249.29676679411205
209.17714501236333
238.3567812696565
234.55422302644
206.03890287078684
222.28018120286288
250.15828641090775
239.4795387198683
246.04435486742295
216.51745813473826
259.0633091200143
232.03538826521253
255.03431448427727
209.09913696255535
244.8018416048726
242.94135290908162
231.25168330362067
236.69395372009603
231.35984225652646
215.51501437608385
228.16587464138865
195.31757892045425
219.51118584978394
242.9562078966992
227.71791410032893
224.07196277810726
259.52638633025344
239.31833663012367
220.36110410821857
247.30477434350178
237.78743391454918
202.46913157426752
229.91875644598622
246.5225925348932
245.50581522664288
249.6086921604001
198.77812621934572
263.84408719820203
213.62421873997664
236.23819551849738
232.1561354395817
240.69016399985412
229.19519201974617
234.6944209781941
201.70818022516323
250.43244834174402
221.31391030322993
234.81219768035226
274.58760036044987
266.851397972845
231.79666981945047
249.4008884881623
255.49976438109297
236.14458026137436
221.66665249149082
210.29796454281313
202.551024088345
224.87439259752864
212.73660123051377
233.9377067652531
217.06712763925316
233.39087465498596
210.36172477412038
249.05577391874976
222.7151987674879
196.51210965169594
251.136563665641
247.80584908270976
242.70234889670974
210.51299217209453
241.31229312025243
200.58120664203307
214.65596884128172
229.8139720299514
247.1366089938092
197.8441215096973
251.07324792206055
247.12381543958327
246.15067966724746
244.20261911937268
262.3167761780787
245.54705677402671
209.00650127924746
219.77693851583172
258.02082095923834
240.89981174992863
245.268502872088
224.44576231657993
236.9415135240415
226.49079460953362
229.73070110729896
218.69616143387975
215.5898380416911
254.72913208289538
222.83853425184498
224.11695451516425
235.71755726332776
251.23623305896763
253.77782093029236
235.47879844496492
257.80403566599125
227.11547143704956
256.16025694139535
218.00244616589043
191.21025744191138
258.37740565638524
210.6282600860577
245.02611793595133
240.6871258976753
230.22562095156172
254.40687963401433
213.77062638738425
197.52106130693574
271.0119118455332
259.66775623126887
217.49511377816088
289.57733310811454
229.7127196372603
224.90105640830006
255.6353923107963
218.00891745189438
196.76491364534013
208.69204633543268
214.71502184483688
283.97363382502226
212.73698392574443
216.17626817087876
230.3688034225488
256.9899539454491
212.71959608967882
250.3846159459208
303.58594518562313
220.191900731239
219.94584978075
204.64562382322038
216.3956617343938
209.7405301264953
242.18441727594472
224.90025564894313
239.7470103832311
252.88148683257168
218.9890161435469
181.11330515128793
221.4444414297468
227.53664548543748
242.94539643247845
196.41489076527068
232.0297298093792
227.35006805614103
229.59975554572884
180.58940151293064
242.67610674409661
227.15036768343998
244.32753505761502
235.35092468681978
247.41258384520188
223.96846619743155
206.0697515574284
203.451322871726
243.89071155310376
227.74156083900016
241.84587100177305
228.1743389822659
290.9814165713615
220.12738837691722
264.45604992331937
206.53568293899298
236.10971904557664
218.8308595608687
258.41444570029853
253.4771710007335
211.94091678754194
246.8708724376629
229.88503374357242
199.56814110523555
228.57987963664345
246.51138748048106
248.71290777635295
230.08851176145254
242.9430638414924
238.96448626264464
261.1555162445293
223.99503253010334
218.6316491116304
222.17637289874256
219.5223030174966
230.8599345291732
229.65170488116564
224.29923601058545
290.1001172316028
240.83913756051334
288.37439372448716
248.62868150620488
260.23514521692414
221.30208237480838
249.21783233759925
246.46038777305512
246.2047470047837
231.5445120295626
244.92938823706936
236.1320648973342
250.8072556371917
230.46963273658184
214.98902163363528
246.48124136810657
236.43079474987462
236.98331973486347
239.55860836006468
226.65919942897744
235.77537158079213
226.3194219135912
236.95791653188644
213.47440332942642
220.41155217558844
251.13478882372146
252.9352779306937
234.2752252704231
250.83859277237207
267.5725316684693
241.36413832445396
228.81732090114383
252.94186360645108
219.58023493771907
248.53675055748317
214.69142358435784
226.9206510153599
240.09619933884824
213.86589490558254
218.59074672148563
229.21914126211777
216.72225869848626
239.1480185140972
217.9121944909566
249.2824616348953
243.4136644084938
245.47854498383822
250.38081892882474
227.8526458364795
267.21471295238007
263.38333192281425
240.6421795381466
240.51048771251226
234.9982312460197
213.35417967138346
218.73651352798333
215.56431053532287
259.3605004901183
243.71405203460017
235.1730514797382
182.592358761176
230.30401751201134
203.02179778076243
237.21587466920028
205.65657120663673
214.7420762059628
209.1423580783885
243.84870585351018
206.8069655984291
197.54062639805488
239.01585726829944
212.53159498691093
245.45097230403917
227.53665837430162
272.6546648599324
281.3906433349475
235.24055076087825
254.63613364147022
242.67094348720275
223.1053047592868
241.83343899989268
261.9861376437475
242.79281251021894
241.96154803276295
237.5476991093019
239.27270384773146
218.4513929511886
203.66168903390644
214.12493444187567
256.3283351784339
232.09340920380782
251.11907957523363
180.78325344080804
205.47226911201142
208.13487290765624
237.6315406008507
202.12191855034325
255.57149677496636
237.5714303739951
221.39160067850025
257.86586964677554
239.4565500980243
218.4342636601068
235.2205351542798
238.5139607093879
220.11676490609534
302.3605105903698
230.34910269576358
215.59979553928133
249.07980693277204
216.3701002933667
242.3162225962733
231.0455294677522
215.31068446842255
253.94093299575616
249.5470941530075
195.51249051978812
244.0011065636645
216.62246941943886
234.79909378831508
219.64021765318466
237.29641299362993
270.3837729211082
252.20235871401383
239.99475853599142
256.6445356461918
228.7681988622062
248.2190346996067
233.98239160398953
239.76083944254788
231.9079202854773
204.6046194374212
234.3385042861919
235.80602086748695
268.5503002728801
267.37259781669127
230.21610785456141
234.68327643052908
233.16390281391796
214.62778220092878
253.45600129890954
266.9268934787833
208.87303838995285
226.8211111741839
216.5114884992945
252.48283977760002
258.42782080720644
245.82837319996906
230.94072331598727
216.04456018540077
222.25673208851367
218.94693941582227
295.73459989513503
237.68047906458378
223.1486067257356
189.16642309597228
247.1823207634734
260.9728483236395
245.91652668721508
213.78997620154405
220.9985250766622
256.15971999720205
222.8140545519418
262.8930393134942
248.5085223253118
251.2508246084908
249.5458481553942
251.4265874598641
257.8991725546075
232.00882325938437
246.0493321941467
257.27300141518936
242.58693637198303
241.74500834115315
256.2403194361832
189.24307686660904
259.61730752454605
198.14488821395207
222.04505863436498
292.02405849611387
264.04259795567486
206.4147766774986
202.92968748265412
240.03704379673582
236.47410191129893
205.7005769519601
189.18576752347872
210.89805375412107
265.74255849188194
221.9433339133393
226.65831896860618
218.78216149332002
214.64041718712542
226.2832373600686
215.29574088018853
219.7879684625659
234.07067031681072
235.05613699939568
261.46292352629825
242.02096986141987
269.9796901742229
257.31791829760186
248.40228260389995
219.89776405890007
224.65129719115794
329.3062788825482
250.1150147122098
205.38474680739455
217.116962843691
215.3058498131577
225.58113475411665
215.38531090214383
218.08740147191565
243.93569377681706
215.83735370018985
220.4759798559826
254.94820963032544
211.0951842663344
233.6690450453898
214.1440810521599
238.9673243939178
209.01550008857157
280.96111292159185
190.2668682646472
256.97417424665764
222.82316062401515
219.24343930417672
238.43571405939292
291.4328377767233
199.8350323381601
276.18598497018684
230.22173623228446
186.5787900564028
236.38868338242173
265.5510476575
212.3905175330583
268.37623869942036
256.6693931274349
219.92106194153894
230.99843778577633
204.02662755316123
245.62792150117457
232.80295943969395
253.65208104846533
239.0443195438711
228.4443119392963
246.01132482208777
224.5403769297991
233.66167486598715
219.7041651790496
208.35455842036754
255.32638979831245
254.05476803309284
206.4009139884729
250.77170042693615
227.94409838854335
221.9878337387927
239.5232720868662
247.64515682321507
221.13632852234878
231.43158700177446
272.43820945278276
197.68121950118802
233.91710180556402
241.11794732080307
230.4415775432717
235.65766092715785
227.77772074262612
229.9297990904888
226.78536833508406
233.15964812168386
239.05108924780507
240.1388117338065
221.81266004941426
231.04184905986767
249.42595504492056
279.77759111707564
295.60297979041934
208.01917077437975
220.04277143615764
235.27467447449453
205.42341892269906
198.6621610482689
222.43413168820553
225.57176753156818
262.54088326881174
230.60932446015067
256.6294539727969
208.58325746969786
211.15308607637417
249.2034067499917
230.36945523961913
234.43836060352623
241.37616272689775
245.00599758618046
229.11986354459077
222.62340191565454
238.49635605805088
206.6158110188553
264.6222352490295
229.84894071519375
209.41583867231384
196.92559798876755
242.37118610879406
262.33883110410534
222.76124594919384
236.51248143834528
248.50877973774914
252.31150172837079
232.61808173160534
238.03984938038047
232.6540519145783
232.84640182740986
258.21722232038155
231.59076736471616
202.36686729756184
208.5901969288243
212.9125865503447
227.48986483039334
254.30489599343855
255.29193822329398
218.30334600096103
202.93208928848617
217.86498919979203
244.15593106928281
294.85837447829545
231.57647982041817
245.78274328436237
232.0230631355662
216.49025492637884
203.61941860965453
217.3639164697379
239.5148316991981
252.11394028516952
266.7842140207067
265.170211442397
212.74431143514812
213.60616746079177
209.86439031537157
226.25850000046194
221.67509390495252
225.154480608413
203.8042085255729
247.54172297508921
279.5921829660656
226.68575426831376
218.7902013004059
215.97872760146856
223.01498020102736
257.13632687181234
245.27291101263836
226.92876294173766
222.9981582943583
224.64075930032413
203.47202075761743
201.58753542450722
273.9443660452962
215.98879109090194
212.90956914355047
241.88012892007828
210.6359612236265
206.87964464596007
271.943192841718
229.58123343565967
263.5722216395661
223.30956044327468
249.03309944050852
205.4169760296354
257.6777216155315
243.44698447873816
266.1989088729024
230.38413998752367
230.51108211604878
249.8964931727387
231.1360996948788
236.49503025761805
204.15986108302604
212.37291304103564
236.9653943697922
237.63493768055923
229.43518991582096
250.758413532516
236.4383845955599
232.90304497245234
228.08954806951806
252.0568240280263
223.3305008574389
251.12742381775752
260.2569568149047
227.10930527048185
183.85298314213287
244.0746319303289
209.8714058875339
226.72546377091203
209.98458407947328
234.53146365156863
253.5290441166144
241.20197741652373
189.50716754724272
218.88907819765154
208.91217090073042
257.0416311639128
232.67376500635874
203.35251097450964
186.7846395361703
243.6745307953097
256.2612442797981
196.0465403480921
236.8475628218148
264.46976552845445
287.91374901658855
210.3264458772028
248.3992991297273
196.2512051089434
224.63873699435499
238.87906252639368
233.78341102413833
244.62477900553495
273.27316040638834
282.10175558482297
248.4814564427361
187.72597666084766
211.30620115122292
227.7605841124896
215.28095249889884
243.06348629121203
221.035658259294
202.75957926094998
236.11621279618703
226.5817245801445
231.32020412466954
221.9074017361272
244.33278617879841
231.70928953611292
263.96149428910576
245.2864095212426
227.27632037969306
231.7176218898967
224.90656297141686
264.7766067640623
235.8363019117387
226.63319120090455
226.61132570169866
213.47696316533256
226.11271391320042
237.43734364153352
250.56643111037556
251.80871520610526
246.3372000741074
255.1824831737904
213.94291366497055
227.4093262795359
246.81603058206383
227.25869567284826
248.70212133950554
258.4680836722255
265.75817519053817
269.35213844070677
268.06557210709434
242.8752965859603
219.82221500517335
243.44179514190182
279.8939048551256
249.92472151224501
258.9866007216042
222.19111573742703
247.71565099188592
243.82853142300155
209.49397831247188
209.11647120618727
184.28209480585065
222.49948518967722
261.57060577056836
229.9591563261347
252.8372676318977
211.9871885877801
207.6884810429765
223.30806844728068
220.76433564792387
277.65057135384995
197.71999226149637
252.0652785389684
252.57886599737685
228.07710620376747
239.35506339895073
247.18546833202709
260.5223266116809
190.75793255167082
223.57919858535752
252.0298696969403
212.08361129357945
227.351338320761
240.89405116217677
217.96913454460446
215.61432682245504
226.0971265330445
273.2298636705382
239.63070876919664
262.63517942803446
242.15328538708854
234.9568115992006
231.92205283336807
222.9161448845407
236.59086192434188
205.62092644616496
247.39263333543204
251.4569349384401
250.40345467149746
247.46356750419363
247.40938647545408
216.37787282734644
238.8766653771745
239.0028223224217
249.67235244391486
229.75607629702426
216.40928090561647
246.44135117239784
252.06367965228856
221.93218805419747
231.96843665023334
246.9734176748898
253.36944893316831
246.56976888235658
235.3542790551437
230.3535281715449
215.8488298295997
235.56886287534144
196.91481292131357
257.58977763389703
226.96171551384032
253.292239985778
217.6378514940152
264.383381934138
242.4771657709498
225.6967029866064
212.97524784936104
171.45871678332333
206.83940438786522
249.23812667024322
252.96421973698307
236.30717966658995
213.55522420548368
227.16618465073407
240.86580618983135
220.0615975036053
195.67081406223588
222.30848141713068
222.39400522096548
208.31466503348202
232.38312330911867
294.3730245779734
229.13704143627547
232.18944870692212
230.70925034815446
279.8438186320709
194.91101104032714
246.3996196903754
204.35553218156565
247.3774045293685
223.07119363499805
227.64078081783373
254.94940351927653
228.2489736332791
233.52556602854747
261.17621516948566
223.49559889361262
241.71564546984155
232.2947686915286
246.47603014088236
216.88151025993284
215.2164824118372
239.94791774521582
215.05643025401514
242.7572833012091
259.7166676125489
219.5523503923323
211.63513612921815
185.2650649463758
231.46923647786025
224.8338540517725
229.0290036201477
241.30248000170104
216.13608744705562
229.37748272437602
206.90447474760003
219.37537250726018
259.1525130084483
260.34247673512436
234.06374641822185
239.75325303140562
222.9114856593078
240.39489645755384
217.77699073019903
267.4666311144829
232.01375782315154
240.91256979492027
254.27591341454536
223.3410143845249
264.0388238982996
242.49556399032008
246.9270591926761
233.66961774835363
206.48687257163692
245.48755591979716
206.70210261957254
214.21815421956126
248.54898987920024
250.807148007676
234.17849661246873
222.1425529756816
212.96219233144075
194.7081341794692
215.08256990392692
244.76118505373597
202.22399180289358
264.2160194440512
245.6172031700844
224.94498988124542
230.6258519195253
217.05803568998817
218.7253527152352
201.22962061024737
275.2110270574922
211.60939339047763
214.23249877407216
222.0788604619447
233.67428517632652
242.63142289046664
207.04930057690945
221.06182245269883
248.9037401098758
209.62604469514918
229.86476742418017
241.52067684882786
232.43799803452566
232.09563358139712
230.25923621701077
206.84501342498697
257.82932259177323
242.88464519497938
248.54127123672515
235.6225779344095
213.72447575780097
248.2270850148052
220.39121069724206
222.54446624894626
216.71864280151203
234.90091984858736
241.2740806674119
229.06605003925506
272.7717633283464
236.58359699219
217.8865902775433
220.41410189506132
219.18612033501267
235.55027576058637
254.27687078516465
259.24469541199505
220.7011550666066
214.27459984319285
249.72559523687232
252.72698740451597
262.91238038951997
220.65849363501184
216.11905379639938
222.46894038456958
238.33079098293092
232.11114618601277
221.19335849722847
237.99956784723327
249.2905810258817
235.41636886901688
215.44012310053222
224.1134221961256
229.96350882796105
240.14236020680983
221.24679674371146
225.23388483852614
185.34451694809832
249.3690758110024
268.80031324282754
224.62250249367207
243.10449809522834
239.18651063682046
211.217274213559
283.41802111745346
276.2853930745041
233.80140439991374
227.1261365817627
266.70056474092416
254.9041234854376
220.90713619394228
200.65193150634877
222.1054622553056
217.51313127856702
239.46664575114846
243.5599104280118
238.71220431406982
235.274783770903
214.0822743208846
206.22927736165002
206.96076355793048
200.04720627737697
231.59143734083045
227.39828255528118
222.3596998762805
240.40153908997308
232.5622344686417
226.12431842647493
203.42453630652744
206.59345246874727
263.7042335552396
230.32185743749142
213.57746382954065
217.20168742374517
237.02677459619008
246.1435101244133
262.1198619810166
273.8745874360902
213.1561476822244
221.8452604014892
244.00218062242493
239.19950596499257
207.61629725247622
236.0299557162216
242.07589218218345
225.76029613951687
210.7757035145769
231.6867775421124
229.76368402922526
231.15131601342
224.2797792836791
221.7847936701728
229.3309744078433
222.91297091927845
232.29432820435613
241.7709730542265
232.8455998019781
223.48842366517056
256.74310161091853
266.5264350719517
233.79869201825932
238.40684371616226
230.92708532034885
242.82837338745594
210.74542010528967
265.37764921446797
210.3637173915049
227.87551771337166
244.85930629866198
260.28709213237744
262.88782231963705
243.51899280271027
265.06399935588706
234.57319384615403
231.85408234235365
250.94617430737708
224.1890618574107
228.7496102337027
262.6701506266836
239.5166511029238
250.118949137046
219.9812638629228
262.92325260152575
191.85736096161418
207.2649076625239
211.95732376223896
228.3598102485994
230.11632098734844
187.09902942331973
246.15340749756433
236.90410746773705
236.93064701219555
211.18599349691067
235.65611264447216
217.25029306323268
201.0583695829846
228.49950124160387
232.0378339991439
232.68108123831917
250.77336880611256
235.78816232387908
241.65690981014632
233.55272389855236
192.34618424018845
223.3939460836118
251.10244936367963
244.2080993988784
224.64233547647018
227.52013709000312
233.45787416119128
238.65326767181978
261.6963660538895
223.92203212762251
235.5015143834753
204.06806468882132
226.06827691034414
251.3205842996249
229.27749641111586
268.6701897942694
241.60536085476633
270.482391542173
266.1028151739156
274.9995410804404
253.76225103181787
230.70150533644482
249.12680713518057
219.63618694979232
215.88909165619407
229.6225635370938
247.48356915137265
228.9352878347272
213.14444876927882
199.66158610733692
243.61886700685136
223.73910202505067
243.81898118148092
242.44729989184998
244.0345822526142
201.52258252503816
209.62370942730922
214.97351700172294
225.7356792880455
197.60818547348026
268.3145512477495
253.2022224953398
244.53363727976102
228.17728115455247
228.5547606498003
295.96133956930134
247.24524062254932
209.86611884296872
218.59010628832038
241.97181231260765
246.19103011779953
207.07055425527506
210.8808796495432
213.82613833318464
288.220037042629
221.23497094667982
212.41485249437392
215.3890080866404
206.7531020884635
238.31618152256124
272.0886520857457
230.61601372191217
231.31674012332223
215.356210341095
239.35754574881867
262.1913180684205
266.6027450709371
257.70208739023656
257.0011584520107
225.60141024948098
216.3947192855412
279.7186659181025
235.1313049288001
235.9359513935633
212.63190792512614
256.95635185122956
266.1967458841391
228.62675507250242
228.46809915895574
222.11333944450598
248.6052006977843
195.65991852374282
210.85631312360056
243.81512581254356
282.84817262005527
239.17476229276508
239.61093984963372
204.6520272749476
222.2717284449609
194.25517348595895
217.11410492903087
211.9577638244955
240.80723131191917
201.32127378880978
224.33113566192333
257.70524855924305
251.83085117139854
217.91180538351182
229.28065184538718
250.48677748418413
242.67487731273286
254.09442142769694
227.68204624007922
234.93578937405255
256.76703969587106
254.41271574713755
242.2393782377476
211.87873700039927
221.57410997501574
252.71010883664712
235.34684367477894
239.1819522061851
218.90652334096376
287.388993079192
286.39091312803794
255.24342787195928
213.28676171216648
217.84624710539356
278.92061823257245
258.7339339295868
247.0131046163151
218.98927942896262
252.12282895250246
254.58799559855834
235.3649705707794
302.61320774955675
236.44851762312464
244.25183076865505
260.5885080056032
205.90295218501706
209.81494393595494
195.4724718700163
259.3608177405549
233.9965611208463
219.39179037243593
278.15954812348355
263.13573632517364
210.17724869505037
248.20380456699058
232.55902724002954
247.50988826679531
237.96606268384494
229.79585814871825
297.87000885314774
193.25434641959146
294.5025120691862
215.42210112814792
238.5282266291324
223.65375927009154
203.2605311141815
226.73553802189417
231.7090633054031
225.79108378197998
221.70569067331962
232.0103039968526
214.63161522033624
286.5334208513377
266.4623495655833
199.93197690485977
285.69502162968274
259.31835583318025
228.37635549344122
223.10167467151769
230.2026866421802
231.7723430172773
259.01234154659323
277.9723180194851
240.2235361582134
243.38886272360105
253.39853107137606
223.2518336274661
237.14653857180383
200.01729847758543
230.01231403183192
213.99167607631534
187.78123587253504
219.59698621032294
229.41638213780243
233.07241348095704
223.64221468323376
237.07032678823452
204.41851855476853
221.33801465749275
195.2340269414708
256.8140671813162
254.5037611639127
235.5981080364436
257.5250893528573
217.19658571190666
240.28774763224646
216.88053454924375
204.57925580488518
218.3635100715328
253.64490494062193
270.8532013860531
289.4064683022443
221.3536050185794
250.84883092937525
210.79311444971245
207.13725877844263
238.30924428498838
247.1692141444655
247.90947509324178
213.82374215009622
248.52304141875356
259.62115145416465
220.40360846347176
247.87796659953892
234.41008122486528
253.72760447557084
228.83529148460366
256.36200131021906
242.4802762506297
269.6998097207397
225.62632132286672
254.4122292342363
207.69553118245676
238.01375329156872
297.41087361541577
275.5267031834228
237.0721205730224
201.32706860546023
222.49372313707136
208.6167938526487
240.24604915862437
236.75471202877816
265.6142298943596
202.0081313344417
236.9445441775024
249.12431255495176
247.75150554825086
230.3803615156794
267.6909560132772
213.2963186406996
222.06673423026223
240.88378979661502
228.33533594221808
261.96178147301544
273.0383524701465
200.97997389594093
245.53375215514097
240.68416650488507
234.95258926344104
218.467369240243
231.37638891336974
231.99079217063263
211.4501087082317
223.14007035712712
218.25426296330988
253.19920058560092
266.17636222182773
214.88513810222503
217.04059633635916
245.4265398698626
255.5227876653662
256.57746883819345
240.51921099622268
218.53570116695482
235.72683990374207
247.2998563933652
265.6398814468412
276.24834165733773
227.43110875424463
218.2544707437046
219.59072523843497
224.3888551411219
277.981280680513
246.45386770321056
213.27681400452275
280.513111300068
292.9232664691517
234.94276929285843
235.83688548801
226.7161215437809
244.03022015374154
250.38037342194002
250.65542039624415
243.40844978939276
224.9984885805752
261.0159126308281
223.3395238952944
198.7767699266551
241.49849117849953
240.18165482743643
227.49375056289136
184.19120850600302
230.99956336605828
270.29748272465076
251.56496694812085
258.1770781662781
228.55863167881034
223.4604763140669
261.4234721525572
250.47016598831397
261.45511641795747
263.52019973867573
224.33693275309633
250.40387452056166
198.03933889092878
245.01461402222048
254.00161203718744
266.0979907470755
223.24816104315687
218.89185929764062
219.92213460896164
245.96989063045476
256.5155585955363
226.6428997234907
219.91893253289163
218.893029602943
248.87880474689882
241.56439045176376
213.0763844344765
222.34623048827052
201.07585722208023
247.75201342592482
246.34740350721404
238.07789859490003
269.2784729434643
231.01853020163253
226.18616178259254
216.14817524666432
282.98720337299164
253.50420608674176
272.43048274319153
224.47658675990533
223.0031357019907
236.71492263220716
210.42422462371178
222.40446800005157
253.8058102488285
269.9478592717787
205.9672615462914
224.35732462175656
254.4096303548431
225.6307140373392
272.5271183938021
246.77230908023193
229.8442151536001
222.6862956371624
211.1172539901454
277.0427408986725
233.3877445909893
240.69202037074137
225.84532068809494
242.1969152361853
245.93313691671938
205.38878168491647
207.9252123463666
230.96988268522546
180.28832809219602
208.87331323092803
251.15647543221712
198.30197633535136
220.9029219376389
213.9308433899423
233.8708374017151
204.33651042392012
236.55996265180875
256.58722593123093
209.0570213337196
214.2732146558119
243.93250325869303
232.03431925794575
256.16254521580413
207.58199019380845
250.705790883163
237.08655606291723
227.9706518711755
206.66156527935527
240.5139245952014
261.75822290894575
229.70324465830345
272.13644914049655
226.3838051094208
256.01034736970905
245.21483023441397
226.06870195397642
205.37106999987736
257.33558312500827
245.3717940308852
246.67822652019095
267.7069664017763
211.3763844392961
250.45044797775336
234.2496322429506
220.9470089932438
224.9108099482255
223.5582930848468
246.2838019138435
213.18812002509367
232.05391776375473
226.82838168926537
248.4690994671546
238.5780435022898
240.30360629979987
225.11287925229408
242.00518888432998
260.8976457581157
227.8156238417141
277.31235900043976
204.19849490514025
262.37334305164404
232.31783462979365
201.6742298246827
279.51708336989395
255.33512727578636
245.16477548750117
233.28147131495643
213.32167453342117
232.33072662109043
245.98986989550758
228.3239949697163
212.78979398903903
222.91208277223632
288.5728394326288
299.4152410775423
195.80485288624186
232.12865389417857
247.6878307859879
213.2182815214619
213.7175138896564
226.54912507568952
222.75940309849102
263.84589553717524
233.02274660393596
251.69570134964306
236.95711800642312
210.31157492625061
234.81471585389227
260.4881479658652
222.27697508444544
206.9444514188217
206.93651671311818
257.5125860136468
222.765977512463
187.53909707895946
231.29697136592586
237.35641870333347
298.6334261238808
229.39447555446532
222.77017206838354
222.27693209343124
271.78970873495564
223.8253055663081
250.38021482829936
214.76665640901774
303.6471807274502
241.63054896018002
226.28893766144756
226.8495639206376
254.59555363096297
260.25752739061136
205.6778608551249
243.86971153400373
226.10762722080108
198.39258740155492
201.00693650648464
208.13125924242195
188.27485431102104
289.7325385729782
236.89633188932203
234.32589466427453
216.73576621245593
226.8211153986631
231.28778504114598
249.5666439413326
219.3498685999075
257.8357489674818
193.51585277100094
228.22621851216536
234.76801025681198
228.6547108081868
207.28414164751302
210.53428717446513
227.3745514008915
228.7601938735461
249.31872371665668
228.4142577731982
212.19791820913088
271.78340254875366
248.24358779459726
220.17830971383955
270.23910259327386
236.55991324502975
206.41928634303622
238.21722384984605
235.21534159046132
245.35179011244327
237.70400062494446
260.31561574852094
227.1746354274219
225.3238752845209
223.82731991703622
227.18188744713552
198.74489785195328
239.14102533401456
254.92634333088063
231.56655027973466
249.825050850166
244.0218664740678
254.7977318072226
212.1639727219008
233.75730574177578
206.46395249443594
218.47624232934322
232.79310784779955
224.47244099201635
218.39159899321385
270.7166765985312
243.95065103506204
205.6825978757115
235.77501748187933
232.48208692809567
210.30820200545713
218.08077456185129
242.00047680316493
230.2086669440614
241.7258590706624
219.65507845405955
252.92968714726157
222.3888457735302
241.5853519794764
216.2330233315006
231.56653836881742
250.43225404119585
228.43178622354753
209.18620647548232
230.19075912504923
231.730541023775
234.32655692705885
271.4698569388129
206.16692521749064
185.35821412142832
216.3488374677254
245.7562079365598
244.67278860649094
233.5803013233235
316.9768126303097
227.43131178198382
218.26665127358865
229.36770603863988
223.21018523233943
249.5771263212664
246.2664464948466
244.48089807329234
245.40605173190124
238.30033847875893
276.3774302203674
214.18955315137282
259.2842413013568
228.26366042357404
217.1795234187739
248.01088024151977
199.74483618768863
213.75514360168017
251.34324298601132
247.09897970955353
233.78541984397452
284.7872029711725
254.31741263426375
247.57033761392813
229.03419050283264
220.593247926794
207.47389139048755
262.08816760138143
254.06922096398193
188.81083601689897
239.2897424356779
224.95062033238355
233.59147469082382
225.36769145680591
252.6214027311653
232.78204100881703
257.34887139115017
257.9224644746864
233.6392041881336
273.88024669280276
258.3784049976384
236.66486082575284
212.81065276660956
255.97005809354596
261.89060162147507
257.5028563159285
251.2196310920408
229.9669064702466
217.6271267903503
218.91195022512693
219.54399857087992
246.69241262052674
258.90485950536095
209.2201091160532
247.44417411030736
208.60416348290164
242.1372790078167
205.06449851137586
259.3981702483725
220.5870232944144
210.38416934385896
234.7278248348739
225.62289550167043
228.4826591736637
244.5664620549651
232.50294874084648
206.6854458495509
230.83450540562626
203.56114411656745
223.79534267121926
248.0324017086532
214.717925306526
238.3898092804011
237.0553949305322
213.8661018636776
273.95901013421826
251.33994073525537
217.52761264075525
251.14910353545565
241.25994926283602
268.6279988483293
241.5208722720854
240.98581294238102
213.9847126128152
240.08589704986662
289.6026325081475
214.9030385784572
249.15857132372912
233.56201440573204
219.31440974434372
204.90042754774913
204.28190849977545
254.7769163058838
207.39516479813028
227.36666886729654
218.0958552149823
228.43720526294783
251.92867993738037
228.5959913431434
216.61383405246306
215.30010600446258
214.2268967658747
219.7599455587333
244.46510005870368
221.17526031599846
273.5424281809246
200.57902985531837
220.7041182887042
230.113333281246
265.0324332617456
228.18698269256856
263.787713790196
289.37626321124844
251.414855956682
237.27155892702285
255.9618949481519
240.05313006951474
232.4789433630649
265.26818553882185
230.00182838283945
267.7994469545083
254.14757194346748
224.19846909085754
242.025032183039
219.25474070268683
210.8824714543298
218.577246371191
244.60907922592014
204.46741531789303
220.20753152214456
222.4604781238595
214.56229219725356
206.07729214290157
202.05762752064038
235.25141089095268
214.96457528788596
257.38132360682357
218.28776103735436
225.36129669833463
205.50812589598354
294.51192890573293
239.86721229646355
252.0837469107937
230.56099305546377
240.80956461187452
218.33160574221984
255.80719852319453
250.3698803576408
237.86992903752252
223.22325323557016
246.04551576531958
277.7001817615237
238.83062067395076
200.17686186742503
230.3539439117303
238.14647976798005
250.26712561876047
203.82852735056076
213.8809660776751
234.70937173161656
253.04295516898856
231.71907999750692
255.01913848973345
209.87142936245073
280.36534073972143
250.43815123778768
313.3637582756346
248.9033891360741
266.6175103506539
233.1115287586581
251.5870602563955
218.51779956382234
233.0600831154734
218.8655398892006
260.0094681980554
253.09873517986853
288.3443419440882
251.174135579844
219.29119656805415
245.22781264060177
207.25018415041268
233.67238029791042
215.59860938508064
233.98840190656483
241.29788793378975
203.77256491966546
233.63282620254904
222.34786673425697
276.91817317856476
218.428082103841
249.61750385386404
267.4013196345186
275.86192423128523
252.43730482272804
218.68603014177643
287.16724940086715
241.14258477301337
204.4909182464471
256.81347539287526
219.75349632219877
239.7564057803247
237.13886492920574
268.0140035521472
211.18639028701
298.8900288747391
198.18645551404916
233.27686977386475
236.03636056848336
228.68239072710276
214.2503341679694
241.38030369998887
261.22720314364415
211.90542135527357
189.7254569735378
228.86531338852365
212.4303745169891
261.0786320193438
254.74588409485295
228.90646276669577
260.5581609942019
239.6506752531277
233.66598742210772
247.3490335608367
248.82646921125706
256.06354676513
183.88591044943314
209.8855895115994
217.14272014889866
233.1372429280309
195.81988212210126
260.5558718702523
222.9014819469303
203.1702597476542
234.24343161145225
228.8996109799482
216.14790747885127
236.20966088294517
232.1292138476856
241.75474425253924
300.11025312251877
234.60052152886055
252.9007129309466
227.8073748286115
265.5929851041874
218.4571850891225
205.85345845413394
243.05739360349253
187.94824920746032
248.41747314517852
182.9308895826107
250.1756495316513
220.49087986990344
229.60883187118452
201.13232885254547
233.9051640209509
227.322210692917
235.19079371308908
270.4274556125747
237.1648244035896
255.727525472641
206.03232816956006
253.86449440184515
308.6969280182384
282.2606158682611
251.78958910726942
216.88606822141446
261.62536481942516
255.9849350961158
253.6154418895021
247.79253425169736
233.0439126873389
262.21052123070695
224.81390494504012
212.18503236025572
253.50659712636843
282.35791833372787
204.03807011886965
249.80991836602334
227.66283311066218
248.23347710527014
245.95981360971928
252.34951080824248
258.25359356892295
244.9631006413838
232.5459698960185
231.8437341497047
236.05253166460898
244.88049558841158
274.2004611849552
252.40921837440692
217.57764676737133
223.44196912262123
276.5162547301734
197.75817464792635
228.3675125807058
232.04288328881375
181.58560978097375
252.29193034220953
249.71977392444387
217.0763832492521
233.71482739364728
197.73098671692424
218.95464110781904
210.94280445424374
228.52062032860704
247.68379962746985
292.4316664754879
255.53496280207764
253.07856566819828
291.0689295993652
195.63417856313754
231.61559326318093
198.10527966357768
230.4329438500572
205.43790581345093
232.62827996734995
231.51148484065197
276.3874005441321
229.08217267284635
203.3744214096805
230.894037514925
217.22344774461817
240.11442149127834
253.89388306392357
255.89507223188411
216.82792587182485
223.35212511732243
252.25251955818385
225.98106171085965
219.95003479416482
209.40376332588494
197.8422878853744
250.27682250912767
230.9443455399014
225.23130241513718
236.302367119235
236.82754804589786
231.85439429886173
232.65003025182523
267.41843718779273
241.7535137750674
234.06349945289548
229.26280740869697
217.7760467453627
249.98220799781848
258.64858519425616
233.88912351534236
221.14492829423398
275.86933691171
231.85218385909684
213.76726428011898
220.32415519526694
220.4466182232136
206.9159561083652
243.45068014517892
204.8818816973362
222.52046673977748
229.06704901636112
217.69575226132292
230.35859681700822
254.9463321333751
228.53411719074938
250.72836229251698
263.66029311541934
225.2532253966201
219.5538834753679
231.22140366677195
234.61195210169535
232.76889219495934
247.64572661626153
213.33007073425688
263.74204283906147
296.1354466268094
199.88476707576774
267.81940925784875
210.17310230096336
274.5586418393068
247.58962611388415
244.72544993192423
241.13583446259145
235.33444472856354
226.87808705470525
254.76892377797049
254.38461494073272
205.19293478876352
195.8688978406135
216.72229686146602
211.80392365530133
235.4510792286601
223.46800075354986
248.9269789593527
233.64899062167387
254.6968520313967
248.05881642294116
264.53338010027073
242.24385860341135
238.91372912016232
242.68074807478115
242.2773556635948
226.67214505339507
266.5631648689741
295.1137228438165
240.06915591203142
193.88996825681534
232.37316356238443
252.63649340823758
199.44948069169186
229.06758115789853
231.8522742523346
202.9694936037995
233.3662409093231
212.35187636315823
239.19783920096233
222.62010629009455
246.00756563188042
242.58594370819628
266.32892881624866
231.33160281612072
203.4605331866769
257.702548229252
242.44783735077363
210.08190184773412
299.6483702487312
238.03002304385882
239.9547288552858
196.57410687836818
195.5147215569159
219.35328558844049
258.81009307922795
219.76579059427604
211.76078065903857
239.83801885182038
220.58685075864196
240.23491929017473
229.33801969140768
215.97749181697145
221.1411122768186
273.3753097425215
219.79894702520687
268.15256038249936
229.32354916410986
226.10061815578956
258.50973715574946
253.8420221931301
200.9104534481885
253.44857274298556
241.66393809753936
253.84105691185687
239.60420099226758
234.9759659075644
200.8362964236876
236.0402752988739
269.1551578551298
238.96161704149563
220.46919571526814
200.62522545910906
242.31581274943892
208.97217503609136
217.95222309662495
233.79043907299638
248.58495840791147
261.5253151973011
213.54235702741425
249.31172303284984
252.2634616580326
214.87018639966846
298.266869148938
301.94753563939594
232.84780787408818
240.52286108385306
280.16069274488837
239.87921518529765
260.83257347426843
238.6238165111281
214.96003261371516
216.71311273192987
241.29264048824552
231.5741589925019
243.00737838645
271.95010420074686
287.0680145873921
255.28059159079567
224.80140905547887
220.4034742525546
253.24212921969593
241.14879304473288
294.4035966945812
262.29989034100436
231.44421701028477
231.1033904380165
225.81900924944784
216.91101482789963
211.39067829865962
225.56717901304364
248.69117569096852
223.55362240597606
225.398810189683
274.5242849494098
268.9802191518247
214.98500099696685
239.7326150975423
237.60755841620266
254.6840346448589
226.97162293375004
213.45833447983023
234.83478182798717
181.77120156993624
218.08447748725303
243.09131078480277
228.73876357718837
224.3796453238465
254.85656074318103
241.5067652465077
217.94921648630407
228.052208588575
214.39869019924663
265.6405056134099
220.82702237193007
225.52544447570108
255.3384532427881
250.22455205826554
233.34852038754616
228.86267462186515
211.22698607237544
249.67153025290463
178.21540135599207
219.23921466362663
234.90901906811632
220.677780491882
232.16241770831402
226.3955555219436
226.17681424773764
252.84773698053323
254.41561549680773
223.63906947954092
245.3533459380269
211.40000186406542
215.63552431261633
222.17024727491662
263.80296403029934
222.60728941007983
294.5174979440635
238.45434792968445
203.4907652712427
251.15780473907944
232.37075356778223
224.15156130981632
239.38568084908184
205.93334675079677
235.54456469847355
267.7126578837633
238.54570792778395
199.05099233973306
225.2697251221398
211.51773589698132
223.93635777418967
228.7104751864681
219.37542537401896
211.32343619212043
245.0592661339324
227.99713802605402
210.19942310801707
237.93083403550554
237.6769933803007
246.8858649811009
203.526190696517
245.37921710615046
272.41632393794134
247.56217659369577
217.93050296744332
215.09286978293676
222.9867208249634
225.57761019514874
218.52500234742183
279.5620903079398
206.13820526574273
268.84057838714216
234.18494912190363
217.76820374687668
253.9600337787997
211.15619943873025
238.55419017886743
221.18243688286748
238.72347382560838
224.13864759146236
246.74681273219176
248.22182931157295
205.7085529054748
221.1943407271756
253.73254498443566
230.43291466042865
216.1291151177138
219.8329962027492
206.84923737775534
217.7755067119142
184.1908665355295
259.9506964563625
254.4874287568964
263.6123872193275
220.289616772905
259.76831140217837
273.4242098011309
235.04676974669565
279.8918653066503
308.04826347506605
239.6954784631962
240.9055012719473
257.5323400045745
218.01584313006606
233.77223662566394
275.27711067488417
211.91116021794733
241.32718802115414
211.41145273519214
197.8374146062415
301.0159477905836
221.0893978056265
229.74172223883215
241.0454678813694
266.7365238406928
216.16590109991375
204.32780290034134
239.4663685435662
224.91886818001512
255.260850767605
287.0825548269786
247.23787929315586
226.75761879223865
263.4475119758863
234.11404943175148
210.37391816126183
246.68889648583718
229.43168789031915
223.7734972567996
236.3796220200602
228.8316059493227
262.6388769818004
224.38742076791823
237.7530202026246
215.67445723130368
237.298111918848
211.20465746021364
210.82515197072644
244.6521181295393
227.94347910396755
267.86968172644265
240.03323721897323
240.0460567678092
213.70926444220822
198.41679294826463
250.1671978222439
181.81776484427974
227.65557656052988
207.04854204144794
224.31375066691544
228.76015494554304
188.42949568247423
227.94491066224873
237.07372168870643
247.97758508403786
227.91612973844167
279.3219627178041
210.30975099594798
230.49826686491724
239.94452386035118
226.38918482360896
223.66400313284248
218.05321528448258
236.17408111412078
204.15242522209883
230.29088686755858
237.44065164437052
293.1771529550897
312.23269488243386
275.707487566513
274.48812481737696
232.48264239821583
210.8449809269514
264.30709771998227
246.77080025477335
229.81879719090648
232.56589574960526
235.83392070047557
218.75459564942867
224.5935325557366
266.8899701362243
195.92201111698523
202.881351631484
228.53738075389992
198.97166421310976
235.00124464731198
227.51110786001664
213.3638816991588
221.02161311067175
266.6573355195578
193.53430018702056
231.87233361497056
234.04743524815422
228.44415226904675
235.27967490185983
225.95878499769606
234.93221994070336
231.82424696255475
268.513479267247
191.65200186823495
188.86695402988698
228.8621746917488
253.01296883705072
241.70249408995733
271.69092943158466
241.12549415405374
237.43776679306757
226.9231075218413
242.3240799808409
247.8158740067156
229.27606207341887
211.65292467945255
218.5038272542879
235.43615602469072
198.1168338325806
234.7688886646647
268.00877142394893
234.08010562951677
211.4816413577646
235.31030006310903
228.1276824135566
232.67974479252007
202.90406797174364
224.12510474433657
272.6617583669722
256.8970416086959
239.0939717872534
254.41341226175427
225.0470837574685
236.66463078837842
251.09166437294334
248.36278300045524
230.80772284930572
265.627723871381
224.420511899516
251.4644440821139
218.06958885048516
242.26776682783384
272.73615922406316
233.63230254268274
251.51718065643217
211.3477983553894
237.03446007415187
204.97665971331298
196.66277807287406
225.03745841421187
225.31663258862682
263.95570635900367
222.73179816326592
247.83199823345058
246.74261797755025
234.00231242994778
262.9104650525842
194.18442654330283
239.63758693623822
208.67376953340136
229.4464462012984
237.94670318556018
246.83933841553517
210.06130504293833
201.68869095807895
236.04717094590887
210.33133831666782
235.66505405690987
243.89436809066683
190.56101748999208
262.5607731407508
234.3629129701294
232.87800162564963
217.20202304550912
263.3646963351639
221.1970711068716
249.8129652737407
212.56363774684723
234.48916121409275
205.17582796956412
251.98658958706073
198.62693043344188
235.33327898441348
246.4257958213566
227.12130880053155
228.80925279913936
232.29263676214032
218.21945236297324
210.0811739139026
255.00442221283447
243.8817584849894
241.87273994344287
263.83101593586616
223.36592948704492
271.18784043285996
245.9061474868795
239.51753520627972
211.40368682099506
241.05394150619395
269.9018688951619
198.3018108587712
254.31147767638322
211.06121229473501
208.98507040494587
248.82300368323922
219.5586185543798
210.67845954431687
225.1936495853588
216.14093767211307
199.51180103467777
181.57092420954723
271.05351231829263
245.7376252936665
283.77219826949295
241.38928393949755
252.83159023395274
281.28967482654843
231.59804468171205
227.53547197254375
209.94662973470986
224.11605957115535
218.9064393582521
250.4337776999455
258.61774162598886
293.7740614050999
223.50265028874855
244.06645018886775
200.30664855986834
224.30654834525194
212.82445087539963
265.10470125835855
288.0426714667119
258.092602716526
222.06112466345076
233.75844647653867
216.48959749308415
231.54725853004493
213.45525762357283
231.27788572281133
204.9092758129118
278.2879091363866
230.18492300447542
252.7545356649207
195.5716723962687
244.06595257367007
241.812093398883
238.76781513541937
236.58306879166048
242.1557535653701
229.52355679008178
249.2534729274921
233.44396704097744
237.3976040907437
225.72208829037845
248.3127123611048
237.8865347460378
238.66636474383995
227.704785112408
263.9650133928517
245.43682251218706
270.1421439759433
272.2226896689972
230.3802399324486
217.47878104809206
