390.45021355475
68.68226077966847
410.4176085374538
68.10280115822934
155.3471442557484
400.9739012612372
68.06176149479415
363.3994929019191
70.22439086374743
404.8452112260984
68.16891857937571
181.4537542750777
421.88821592821296
67.60495151436135
150.18699542982085
399.75658926186225
68.40525378317761
365.6002859741857
70.03427752479001
405.05054674706844
68.31950271009373
172.63852693849367
411.3298982433316
68.10705730124755
164.67299524931877
406.02651829432943
68.01674652205838
252.0794066751896
83.08597626024493
399.2016100675046
68.45242212511403
395.1292952036947
68.60433772874967
414.91203699992184
68.20782241960842
274.00096784458765
78.89198388306613
406.7402629505232
68.40842986830467
402.5632921532924
68.25215398628825
419.4052522300899
68.09346107776946
144.28318127240527
398.4347080999705
68.29726136160753
391.1895707169133
69.06761360767996
412.0995459080077
67.82235634914468
155.39227744185155
401.2991996573419
68.19680280988541
350.5561396121848
70.92838001262135
403.3355507314045
67.8808454554237
268.20623441505813
79.30094238229867
398.73822992687565
68.78661925782944
396.7632991780265
68.57508763797523
416.33020204491913
68.01537386990458
163.21375113463364
409.2078919110245
