276.08321975530635
276.0834428789676
276.08358004913407
276.08366281427516
276.08371202893613
276.0837409527303
276.08375776550656
276.0837674603463
276.08377300208485
276.08377613364064
276.08377791650855
276.08377890738575
276.08377944435233
276.08377975319854
276.0837799218043
276.08378001961137
276.0837800608497
276.083780089024
276.08378011459354
276.0837801215912
276.0837801163143
276.08378013711626
276.08378013336915
276.0837801158377
276.08378012288813
276.08378011831337
276.08378013263973
276.0837801173566
276.0837801093621
276.0837801260077
276.08378012354115
276.083780131019
276.0837801325033
276.08378012380854
276.08378012083085
276.08378013124457
276.08378012352114
276.08378012174035
276.08378012071444
276.08378012158573
276.0837801273883
276.0837801249327
276.0837801281923
276.0837801265443
276.0837801305279
276.08378012051617
276.0837801238413
276.08378012616595
276.0837801253838
276.08378012310277
276.0837801168673
276.0837801313355
276.0837801123562
