178.50731025436107
178.5061328370184
178.50814507928044
178.50548428163893
178.50528012530322
178.50773767883493
178.5060802572607
178.507036788812
178.50815159978902
178.5054192755797
178.50548884555155
178.507738542452
178.50609265730145
178.50647853519695
178.50824025343718
178.50562272795923
178.50760675350102
178.50583736025328
178.50744785239112
178.50587869106675
178.50689078975483
178.50723980324983
178.50556598481307
178.50773704732092
178.50609447128772
178.50572419355194
178.50536866203583
178.50557904956077
178.5077361567037
178.50609323121535
178.5055093261235
178.50555985910796
178.507657205153
178.50687300979916
178.5071563242709
178.50547507745978
178.50774171979356
178.5061029007993
178.50629517276502
178.5085225051971
178.50760088985407
178.50593978773395
178.5091793006177
178.5082048277418
178.50609335863373
178.50712412470602
178.50585004522145
178.5071739861669
178.50551099739278
178.50774048817584
178.50610093133764
178.506139791878
178.50829683757365
178.5072800816888
178.50558679258393
178.5077355398771
178.50609260513374
178.5053292221437
178.50568434524394
178.50758900697656
178.5067893779251
178.50738445273964
178.50587365009414
178.50702944757722
178.50760133340737
178.5065668910829
178.50818758179958
178.50811922729918
178.50548393274948
178.50549737476103
178.50774098303737
178.5061019592431
178.50621957623298
178.5069478438345
178.50752366783126
178.50591306185743
178.50639522619167
178.50762999588187
178.50596680198942
178.50920648427564
178.50652669470946
178.50751502382263
178.50590843068494
178.5065250117732
