487.81163646052755
487.8760244849527
487.90749056889035
487.9248628816922
487.93420074739333
487.9387592899775
487.90828329399665
488.0026700227627
487.9570153597524
487.9526903835522
487.9520044423589
487.9445412383284
487.9469756165272
487.9425940797355
487.94204519707637
487.94145765737994
487.94043259435966
487.94406892783627
487.93836473255396
487.94480148795446
487.9409316319343
487.9408879560542
487.94142567906783
487.93944647946773
487.9421045333802
487.93860354959907
487.9392781264214
487.9429864483718
487.938799034735
487.94418817081896
