49.05861587583058
49.0527816064714
49.05861719776567
49.05278346185878
49.058618311906685
49.05278526634902
49.05861961042319
49.05278689599254
49.058620709610295
49.0527885133024
49.058621656941796
49.05279004701242
49.05862261200309
49.05279151115428
49.058623557546525
49.05279279920069
49.05862451001394
49.05279404985595
49.05862537977555
49.052795312215494
49.05862618627725
49.05279645562587
49.0586268207162
49.05279759987752
49.05862763794903
49.052798579924456
49.05862826705197
49.052799625280386
49.058628892644265
49.052800549017775
49.058629619127714
49.05280142564425
49.058630132770304
49.05280231758206
49.05863069563384
49.05280307867997
49.05863118646903
49.05280387784478
49.05863175574177
49.05280461158236
49.058632193531594
49.052805340055784
49.058632641296754
49.05280600673541
49.05863302156649
49.05280663815938
49.058633452083086
49.052807249241596
49.058633851395825
49.05280781586407
49.05863419010802
49.05280837156624
49.05863458706972
49.052808846901826
49.05863496080019
49.05280935031715
49.058635280637645
49.05280982225213
49.0586355965861
49.05281024771102
49.058635961440814
49.05281071991794
49.05863617926116
49.052811085261965
49.05863642679196
49.05281153598662
49.05863663803211
49.05281189052948
49.058636886144086
49.052812228102994
49.05863710257654
49.05281256872149
49.05863733773913
49.05281292721702
49.05863755513019
49.052813225633145
49.05863779343963
49.0528135143868
49.05863793057506
49.052813775308096
49.05863813582437
49.052814018514255
49.0586383533082
49.05281427266527
49.05863847933506
49.052814537033555
49.05863867242624
49.0528147383975
49.05863883007805
49.052814959581156
49.05863895782568
49.05281517236472
49.058639141476306
49.05281538416966
49.05863915365626
49.05281560392541
49.058639316988774
49.05281574823857
49.058639453875
49.05281595032466
49.05863954505003
49.05281609081794
49.05863967403275
49.052816209552475
49.05863987174598
49.05281640217436
49.05863980608228
49.05281662699235
49.058639953651436
49.05281671419107
49.0586400461907
49.052816860079474
49.058640116509196
49.052816921635895
49.05864020818808
49.052817098367086
49.05864027991083
49.05281719515551
49.05864034654587
49.052817241028606
49.05864042256144
49.05281737896257
49.058640589242714
49.05281751551229
49.05864056530845
49.05281760744583
49.05864062518049
49.05281769870999
49.05864072291297
49.05281775418189
49.05864072792974
49.05281782644306
49.05864079815001
49.052817945123024
49.05864091562944
49.052818001839114
49.05864091678632
49.05281807338724
49.05864097001904
49.05281811156419
49.05864102133637
49.05281820784148
49.058641046633056
49.05281828479747
49.05864107682464
49.05281833636218
49.05864113498683
49.05281836970971
49.058641166346206
49.052818475161985
49.05864108572678
49.052818563177425
49.05864118819227
49.05281852540611
49.05864126100096
49.052818623580606
49.058641256504416
49.05281866337464
49.058641330861064
49.05281866945552
49.05864137768731
49.05281873320928
49.05864136527089
49.052818748836216
49.058641471019655
49.052818785325144
49.05864139028199
49.05281882800955
49.058641466845074
49.052818868191025
49.058641397690735
49.05281890902552
49.058641525109124
49.05281895870394
49.05864149734043
49.052818938709606
49.058641628585974
49.05281896823726
49.05864152298818
49.052819041737166
49.058641521274694
49.05281902023307
49.058641668343625
49.05281903023024
49.058641582487326
49.05281911902421
49.05864158251279
49.052819145488684
49.05864158147779
49.052819158803686
49.05864164042032
49.05281917235152
49.05864158803706
49.0528192085585
49.058641668922064
49.05281917868706
49.05864159122393
49.052819191130766
49.05864177129115
49.052819199027
49.05864164664308
49.05281926601492
49.05864175657189
49.052819275402726
49.05864177989133
49.052819237460426
49.05864179289529
49.05281924794326
49.058641709871154
49.05281925534291
49.05864181000834
49.05281929677221
49.058641738163715
49.05281932628532
49.058641860465286
49.05281931739228
49.05864180385652
49.05281934790764
49.058641832856665
49.05281933099468
49.05864180131721
49.052819371032456
49.05864187431871
49.05281940941313
49.05864177409421
49.052819418082436
49.058641840218115
49.05281938236112
49.05864186751205
49.05281939322049
49.058641903053285
49.052819412576355
49.05864178007323
49.05281944365197
49.05864189709246
49.052819421609456
49.05864185557584
49.05281942338843
49.0586418572384
49.05281946923424
49.0586418483399
49.05281946806281
49.05864190185457
49.05281944248418
49.05864192138688
49.05281946092509
49.05864188366104
49.05281946699688
49.05864190749344
49.05281945749084
49.05864193864909
49.05281947507319
49.05864186761028
49.05281950044082
49.05864189217755
49.05281948113043
49.058641900894145
49.05281944885428
49.058641895131586
49.05281949465643
49.058641863852245
49.05281950361314
49.05864192363151
49.052819477768935
49.05864188638225
49.05281949285563
49.05864192079389
49.05281949563505
49.05864190559441
49.05281954181919
49.058641836654715
49.05281956172257
49.058641898911446
49.05281952247242
49.05864190921784
49.052819519598415
49.058641957341024
49.05281953771919
49.05864191751971
49.05281950671997
49.05864189473505
49.05281955486862
49.05864191966248
49.05281953019221
49.05864195153845
49.05281952104269
49.058641938565415
49.05281955762621
49.058641910003644
49.05281956737599
49.05864182458754
49.05281958057094
49.058641837338655
49.052819574710156
49.05864186719191
49.05281956415274
49.05864187788029
49.05281958304113
49.05864182533696
49.05281957062107
49.058641954317864
49.05281954354359
49.05864195680624
49.0528195869847
49.058641961404646
