350.49306579021385
315.5815250045727
301.02071337631
245.06239828222033
254.1865577439239
274.66149495264835
254.79544009492815
243.10325770734516
257.9327563463935
256.8089604451279
229.5802867151706
253.81466881372899
273.9136912605695
293.3655857257554
309.5384349788451
252.04298212053254
312.30964816416963
255.15051317492726
248.75836537363102
279.998480083651
240.94240262007042
272.45659202298793
292.3762219348391
258.2350277433552
263.3217624993795
261.4163276230083
271.51371449196176
223.10560673039163
240.31030017411103
287.3541097162015
242.69347186630966
248.30318029409136
261.3906925476167
264.6791204767869
248.38064978218608
258.3134179548597
259.5468446844934
270.78204496387843
278.84366100004445
260.2787058831018
271.3701045087164
283.72428651574046
256.4828937413222
288.0750062948591
259.79064376079623
220.2939203608512
262.6590200931987
270.97701835982116
254.49635191774178
271.1167572136328
268.24242827117814
241.57412075418506
237.6244333323266
255.40394591152108
257.47114497820075
266.18433871344314
268.605081338721
230.98725259598723
254.12677151653588
262.7515963709757
270.51868566821577
251.2968311959812
239.34887006484314
222.55766879314615
252.6341741618162
262.93678154202644
223.35196470953088
283.89288499727627
233.26251127638898
274.85772974686915
253.6832318679917
236.56228076455955
308.1312805558191
270.966518802521
264.16084934770333
263.746527169591
281.0178938284771
227.17910608477177
270.3636984500263
281.2281047736433
296.4474169458081
294.39086332929946
269.1202523434549
268.9929326767815
259.57601430188515
230.6064691614156
276.1647664113625
265.42578180222336
256.7172214351158
296.10672606651497
257.525615771523
258.8086219082579
302.33653794967177
245.15436286996555
270.78471155672014
285.68222905168295
271.8322044317574
265.4165059526895
237.39700964817166
283.140504655541
240.8565571350009
229.85633565832177
237.51436749566346
271.52394546076175
262.2843794953769
272.922872198953
304.24945104703875
279.4189608142842
234.56255342055738
247.1228767837638
237.01904792418645
233.99413293875477
251.94002294217353
256.8273196977352
257.198658252164
254.33765291567397
269.25868714287935
229.42759252692485
252.6871435401008
264.8717282127727
282.8159970700981
302.8562594094037
254.2606846561248
265.27135706230547
240.77599266752077
298.23078254678694
248.6404027863682
257.6356573478988
254.75493226888648
302.19369547643146
237.96853007237223
260.2205103972956
257.1477719282775
254.12314085616526
289.6830720297221
256.7062484178532
272.51884361511475
234.1770816710632
297.2312655794667
246.92028683269018
247.33469914142916
251.86278182172828
275.4419085678019
231.73574161619035
265.4329143522773
223.094322264551
259.2763502145244
257.3294536538888
273.04654941055924
273.99972521750897
259.8106803569899
254.32199006291194
323.07331198425527
265.83492981467134
262.11474201279634
240.4288669131638
234.90472131389106
271.57662317832
274.41349105525296
254.6201417211414
270.79978336438217
253.77370182285813
230.99965199920553
243.5031282410855
238.44326648020797
268.7513761565642
288.63410385025054
252.6861751510296
240.71893847940373
278.4381080677558
233.95126072074345
254.77937169433426
245.08608603593893
255.89723864391271
293.45031608859426
244.5223739612702
257.6766862232107
249.40369598459802
244.7898977136865
249.61164023252786
235.1968058502389
268.5249656771848
278.7963949373807
250.88393192405056
265.96935654336266
250.73539742564026
276.5215274145521
253.8499826141633
268.4445031564828
250.59900564720738
263.4009409926002
249.46982285026752
246.50421614092193
227.67606428049476
298.54153072392364
287.9740004915657
254.7327180259308
268.46345419672434
248.70263460655406
320.7128970291087
278.7820409947526
234.34663141059718
268.75366582960123
262.0864432635208
269.3153856671415
258.06107779734884
255.8604432275606
277.97411584151996
256.28350281735766
241.2133788494175
261.4142582455461
273.5184649863295
264.85604576447804
249.19364641313587
242.1823487616275
241.75191893285228
242.28228142850276
263.2506657873455
255.70511650190747
240.05622651394515
283.56960399311356
251.03061192124005
236.67825282621925
264.9692156578021
223.96622213464434
230.77912778234167
269.2435338665091
265.45607246118743
253.09928746041987
237.38413061019673
283.94979827993666
261.39173999828927
249.89512954684324
268.46506257233705
261.494397760478
277.3888390399952
267.39943309401133
251.20255961685325
259.5895429679731
280.8047684446574
258.52055258987093
241.9187455608262
242.45104270370211
280.4600944859849
233.1506202962628
269.7131807509213
301.9660557964962
257.8387068709344
240.90761166988523
252.94035651617014
263.78575103151525
258.762126779111
249.36925735529803
278.0576617971965
265.65981581229426
260.3972349084506
226.38685921872093
241.74758857040433
224.64243542707118
246.94075289939065
276.2104990086518
266.56513320311205
240.9734631745232
260.5176106709405
244.13445163183496
307.26095844658266
298.58730897918576
223.145317969218
269.1609329791827
247.43903248033894
264.7748530712415
264.25765742748627
249.29815805405087
264.31740959722083
271.72163089344394
228.50670314737363
245.4558831553295
223.54066892710398
271.137162040337
241.50186115628458
241.0973577022378
255.84781891318562
253.29647545071202
234.36188543816388
282.887253286186
273.65109623226454
293.83887973605306
244.89108976225543
240.59031288376718
284.606487042518
267.9562638898351
301.50654720849707
245.75798258387658
263.21189879368467
231.58222684753127
259.32749189290917
242.44669269170845
252.19533199969737
256.703545470853
270.65344932219887
256.8955119108141
297.388578399361
267.42142018140294
250.23112386855064
239.4761471686361
269.86379729461623
317.7076221923344
278.24060114503663
267.1829180138884
231.8264753161784
235.86821612941276
227.1970814895758
260.70314898656216
248.7665712965827
243.0302670098754
277.65615704486845
265.86333574679156
258.68897045114136
236.26196415869344
238.3550474668882
260.8966100942489
260.0697504257114
239.1958954253787
229.004736253366
276.55106799582427
230.96252190617088
257.2056062397751
237.07272315172304
269.24876455006597
263.5469345523161
282.6551417733426
240.95809442085738
265.3759744055569
243.09057232167106
223.18487628691946
240.62047763205192
279.2218252567545
236.0574932274758
258.23455165169435
231.35204036119103
234.56634675625537
258.49774617585354
287.0509426844219
260.44679084165546
246.57575934796478
266.2587093989423
250.43230963565293
261.9039631681371
269.3236863021302
265.3157022397354
267.7961855564499
245.54755848979403
258.65577134328487
264.52710463263793
227.83975841096253
263.28922877882724
255.68150424161286
236.44103262849967
304.1766497775243
252.2168432440085
241.3598640345008
245.81241970880365
267.94238083089294
264.95999834220856
243.35987943068903
260.9511896212207
274.78309458322474
236.28385774775234
244.24359535770782
268.9556443781912
261.94366174543393
273.7380408307363
240.18055548767734
265.51621726767917
248.33698549392284
278.0270493183634
275.3866630614648
262.48484087875113
243.13849623608985
288.65273384521424
258.7933436193998
284.8353128895833
227.82239966033376
276.85385273247084
271.9553170133877
244.0970761004137
259.79226689728966
305.05471160697925
229.98133791889995
241.0050332207902
253.1638760039641
281.58657479585963
254.5018713043828
279.01599652208097
211.57072270911885
238.46608042558364
240.99389523619902
236.1385655877093
272.40961336278997
248.500399279641
261.8674164101103
296.10430193450884
264.7454621828365
254.1332846574951
244.95794401696185
268.5318280774518
264.9316181184695
253.02699049949297
254.7858122317557
245.37802757254394
270.28846246679313
280.8769841676258
247.9996423793491
271.5986668928672
268.4393315206544
236.7545492133795
275.3473160883732
262.08025952923344
236.50872785714455
273.56017939381127
263.43670392128115
286.8757648566243
265.44146026534145
246.1146297522937
231.1134607559943
245.52704244402412
243.8774445407471
248.93542328610783
256.31264958471
265.8772678420646
257.0938305446907
268.2903105075238
231.8777034972445
223.5835376395553
260.23499300197
213.4665381838713
259.4015500543028
275.7645638355607
250.62230577626906
255.2290057639184
235.78590874408837
260.9822965518688
258.2360667889734
234.3693807515374
261.4124960541667
262.9456512581819
239.6157459829701
288.1090377636283
286.13423243915895
252.93790737849486
251.7909570262127
249.22054856583418
269.8790662922256
261.3163655099197
246.97209083495545
224.73508512746776
253.1491450905596
272.8627473792003
245.43239557516063
255.19971368934785
241.30054770765128
246.82310007707565
230.4011999820359
268.4082555183122
263.2131668007787
243.01668542534753
299.70371397321287
235.03802291219472
272.48235341280815
248.09897977668152
265.49314988261904
277.3788494878536
269.91504420962883
231.25020218679856
307.86530269793
286.1781508275599
261.75644210516475
269.07600936167
233.1629813863401
217.32975531373813
273.16234515009273
256.70597407581226
243.01069800833648
242.75510812514403
259.556625353478
267.65844585205195
265.4927898392925
230.00408245158906
253.71458364375576
253.82123642621445
249.9124184858665
252.9456469156139
226.67349955518148
255.64336978137726
284.27437975660723
280.5514408319141
260.78531150468916
273.9834396564984
248.83635594733641
267.4882491038006
222.77878572502232
244.1055220066919
265.1087500391877
250.75870549990213
268.8828293668048
276.15548744062835
292.175459070364
276.3280606092594
250.27115175980725
263.0346608782711
237.74681340457755
255.1615827344358
240.7681570321438
261.54708927631145
270.4640294938581
259.0193173131556
267.33422736867215
290.46535594185116
289.5151876793825
284.4346672655083
252.22584897556226
238.36888613997144
254.59741661776206
270.8358895719575
261.9904924906732
266.25826420029625
237.19621499144705
253.1247249832959
230.2715471581323
261.6973594156152
230.1475727847137
253.31313319748733
237.93110589068965
274.2607762879052
246.2317166783323
266.0952794205805
220.11326303542592
306.0220387915033
244.86886533343932
269.41568360381643
261.9973696779052
240.81262781200348
235.70546700592968
243.48415862419643
269.6213099550223
218.90634965559002
275.7491359637643
267.9188922747271
242.785709187272
270.53203744228813
239.84876657632412
261.2552920729795
289.5104411453067
261.61445869511226
242.7950844099105
304.161322828033
265.07562896510353
273.9071987863863
238.50910422991728
274.62759178114356
264.91101970197633
255.80532009256422
258.5471567718196
263.6743370433396
244.81102015523356
250.83268136237166
269.92698700001347
240.44903789577074
263.47428993912763
269.58252823728253
238.17535045434488
249.12544010431156
264.0534994726477
235.22081910760608
239.57352236038423
251.76734776451485
261.5191701396834
250.4373006670794
302.3314653512789
265.4245860199153
261.8159599498322
270.10733217097004
270.3739183752623
260.899623546924
246.1961648897559
244.81248692178633
242.76830924628302
281.42515563973575
255.97191563551314
309.8148480929085
247.53165042260662
251.32391970048775
256.42568571443553
285.44980149320327
266.05448814079864
251.77254191835527
255.26905174186686
243.97488023911137
231.5343138872995
251.96836312834057
254.839985395869
235.47117891849484
260.29753130074823
254.88354868171155
283.12831364077283
245.68607990682358
294.1418458679691
297.2354398133757
230.91095564173884
261.51631068775896
250.0509773172671
263.6754750116961
255.67117252349271
245.58276408087113
259.0491462543432
247.2625695663155
249.3042837390094
245.4244528808631
261.178816853615
277.07144116121344
272.68302488248446
289.0656409744988
258.175865330355
252.9386284252978
233.24571602535434
257.6115002708393
293.84083478502
276.6206351178407
254.5870877802081
277.0309387203597
228.01506773376605
253.02149288001237
276.9830827251135
287.1091459360032
269.57103881036164
298.78038493261556
279.5367880513659
240.4141897787049
265.4249164761568
274.12649913915084
286.5666765925125
257.7172804145375
250.21893391784397
242.29111522162566
273.4771993290924
256.6205182101403
220.91893013202935
251.20111338509014
253.54904062324204
275.52147498194245
259.77033078385284
268.1390099521668
270.8684339270403
265.4109252150811
295.6004566674819
308.1788275689469
257.80637101235334
263.64794971383526
232.12190270703286
280.56690599618014
283.40979229690856
252.19038481486496
248.246722037351
260.6557842219481
246.22370968110044
245.42424006390502
257.54312458407367
255.713164638757
287.6190981940308
245.62306520988932
299.83754081701045
267.11590524122585
247.9653983161552
281.1594706644828
265.8560055939597
258.8682803652773
264.4408123133471
274.5290388674475
250.10025263135321
273.2726003770367
271.10589579772204
288.0394493615313
256.8887690747797
252.66072136847652
212.15783046226716
256.0978089214186
244.5678034038283
270.5311817045149
255.13793643610552
262.0384955907648
233.08482351270504
264.66064136478235
224.82566027375287
276.6078321157838
250.85247706106748
247.33613518200582
273.868197810516
256.5565596379747
246.1369149631646
269.2291631232947
310.99026914316346
262.0992660346383
259.9896345801826
241.18067493426497
276.2649431284517
242.59618540029624
245.7669270268816
244.47884083873942
254.02344605210237
238.36172074900242
216.87965611548861
240.74317127661197
258.6585488358687
264.5478466779168
232.72906662529567
266.1907463471289
291.8565259795869
287.8897064703924
241.38026802134118
234.58342176413862
259.8596374813351
251.21509225323098
250.40639488850138
251.55059107756824
278.353002419055
246.6961341073038
243.92811518843519
281.03466372424737
291.8733400568308
252.0240264653985
252.6224608012417
234.94968215827248
252.44552730515716
239.32494806675822
297.2835138758237
223.50454072191496
246.89049836801132
264.3196696299128
289.3158174220298
269.9084129908588
269.6814308609173
275.63182909676107
259.677786317392
254.37418160834932
235.28865287834196
226.09613701803028
260.23986940376926
250.48574407119304
284.8138623079576
264.00200409724494
245.48376090853708
259.7936518632923
273.68252597222454
293.6702920528769
276.26011379569536
259.689583693078
272.89331408857834
253.29996763775125
261.10590348314145
250.65499855042435
297.9584126568225
245.72558216875768
272.5750407552405
281.9107902421674
263.362355760677
239.1984233240073
222.80989584792405
250.84047612251015
247.34385223244317
259.76844214636367
262.7688707963971
268.64685693904175
275.28862536730594
250.7945414041169
231.97639129232266
241.21932652007672
254.6725594905438
267.24621455484885
273.2791315118375
281.13145501780673
249.16069866996258
281.08062279151636
303.14080039132386
229.53629179261043
238.91337078949437
240.5021686576656
241.22036515446962
255.59473431581864
250.85551542276517
219.05052386922762
233.81771240805392
257.7261296462093
277.47953886998584
268.342359251139
220.4455458050943
263.3554323895369
247.5530891835806
260.0630682632909
253.1641559675627
244.0180593590485
248.04142316465732
264.3779095640057
265.86746611705166
236.02928061803686
233.49761606761604
242.95636915724026
239.3036253209575
237.93714466854
277.4525608929107
254.74222507458762
250.95466970841517
257.0020966777229
297.38346004343475
268.8910345045442
247.74360766113386
261.1255785000103
283.08077648986364
250.25329521286767
250.2830992481613
273.6977891632996
215.56989478497417
277.2154719234968
246.02135151435505
254.98935229412746
239.08986084567732
269.47464258092805
248.2562581867678
294.5933403635863
292.7704541682033
236.6139311415027
257.4744469302823
248.1217341568845
254.72787105190218
280.5354099312681
272.59010856653913
289.3986559242185
233.8857425158203
243.42636680591386
265.3485291939578
245.30594416390522
286.24714056093944
254.8044949726027
261.25950777417165
265.6722075221478
239.63659727433696
222.42362436297117
282.24580845210585
257.61476332947495
304.56718747338164
258.5498174929817
285.8463005244266
233.73769916107995
246.6070169400773
282.45908347453224
248.22299718883005
267.4781380989298
256.2282387893065
269.3710660544166
254.8252224480966
258.5086060569447
258.4111502759624
210.9350974196277
244.30490760871908
255.48522266370128
285.531981316366
222.13946069488884
270.6686701058643
246.21351350354962
246.11508120890358
269.74611658457434
246.02564237022307
251.38249873634777
243.26553100461024
235.16890474862885
257.16401423336356
238.71334079877124
273.4106851218676
271.6537493172509
239.1716152865556
234.2526478455402
282.3775745416351
247.94201759644784
254.55167144275038
272.3358450550295
245.8545149890997
313.6513278854545
232.61387939343695
245.20797629508888
257.99815916334046
268.8945625741617
226.00273486127844
303.33557018838474
256.14863449695986
249.59964812954422
240.14487323974026
235.00711660191882
231.89365290940623
234.73231157791452
254.29889387523872
261.89592778275255
246.55330027471064
252.6823802757135
294.26996241352754
249.13680622933316
264.1383138988458
263.5695957746939
245.5959622299706
267.4599018112349
264.6640517360938
274.04025407793233
232.1824506370467
253.3698771740892
256.81924529303797
237.48894214929896
251.00337061012397
255.3416873185779
214.0375639180711
252.71673943439964
232.8569928712095
220.63087240571622
225.166765249538
244.5455488647276
261.1701539956848
270.52383752152673
254.25583058025222
249.35702861228492
247.18693936572527
240.7249441635795
238.4715548037202
245.45545302072424
245.12962387144216
276.7476538018673
261.14984694326995
266.9764694805781
285.9708798578358
317.3872706320835
255.10567907546647
281.25418239535065
277.2076942535059
252.83229498870787
248.918670400657
266.18009709072066
284.4423951288918
251.30810703683528
262.18729024159256
257.8954929811007
243.21601054712664
252.40628729425953
263.8008993319527
256.07367376901675
255.17669666738948
250.926366205269
248.30180453011417
272.2331189424149
256.1345767930907
252.52459640492452
290.1753789955692
297.17587650954374
289.83950225287117
260.71431616463815
243.47343981845188
277.1004623257322
291.89658535976196
244.99487909887102
310.5707041407877
262.68853886946454
244.84942489067907
245.65861212988966
265.56622164702276
261.9484018707881
275.2336986048904
254.0162382092385
286.1630476368882
231.55727713435772
272.0696112603764
263.1471816036501
260.6168131994782
239.83070318674436
241.2126665810356
260.24077211416443
266.7009448876197
301.00407916426775
275.6600185406569
268.85675382975023
300.2631866991578
267.8677405032795
240.1811443528568
234.26665841252543
229.35976611604565
252.8900613503356
273.02380569226807
254.55552347982302
257.9848020116624
251.68123105558334
256.14881318827975
265.22731140768155
254.42919893059297
237.77542057272512
273.9272960482049
257.5378419785702
315.0508184405626
266.5512167389097
243.00360857928172
261.38299484248273
272.74848195095547
311.59680791865685
265.78947284509195
265.4257895551855
252.18801514385268
226.40077291740454
279.01260311636725
246.6721737687185
272.3079198434716
301.23069207079243
246.55776999884984
260.38451589579927
229.15128467569593
245.0628219320788
260.37053754384397
280.6550219327328
297.5115492262994
268.1001287304098
267.18067554110894
226.55577627022285
278.9479005577159
258.0023984666914
257.0889350268408
264.8875351722818
246.7583644510014
246.91701269871555
282.77321660431335
262.70832032419275
257.11777080752654
279.1115048886277
263.80310253374046
266.9678059979924
280.73659988859436
261.4808012560825
270.09230756748
281.1557474171277
307.51645378634566
280.60588727646973
254.4886381587712
234.54837006679736
243.54129520006245
239.68964349478483
223.52800687414128
266.87733174097957
315.07486999203684
279.9943090673187
302.6929948903271
244.04582026449498
269.144884987094
262.205829385377
244.70476259599673
270.5503449496464
250.5029818424955
296.2833704723744
240.37602880841587
247.43922641221434
262.9271340685664
263.123309319315
270.5502575096907
219.6325500717503
257.3967259575729
284.1164407587494
251.58592975797364
258.4302259272663
234.76554135722108
253.32138724176912
261.8777325579431
303.157818717591
284.76339083578205
266.3743432034389
272.7590206399909
264.0602205186151
269.281215412484
253.19592836644733
279.90736009331886
265.94580852327636
277.9831452165381
247.7578460057266
240.83425083156908
242.88144926558016
250.34073980897665
258.5047036622418
221.15246541210217
254.84357588517014
238.6808527095127
269.98433166206814
243.09695598116377
264.52255917311413
273.11992539127823
279.2903620800935
318.8756655008183
271.0912617959548
250.2120118085295
262.35009646002436
260.6730448731687
255.7013646752457
262.77532917569624
327.21659797703614
290.7157111761626
237.4446984048118
257.7085067135049
289.82775856158696
236.64919665711932
258.71584122552304
267.82451396703254
242.6048632186721
219.24693055840908
226.29147725529037
253.67785411170917
294.23373633407755
294.5844680191949
287.9829542406951
250.05777813814348
254.4345025619259
262.6327183501562
258.42569655919215
249.3699698455166
263.37860985443695
272.845526965044
270.6697636579047
254.9025820674724
246.07692185178166
246.66467891278444
264.6457126704627
244.32660954305902
258.0110274563194
264.9050967739313
269.8790214154287
257.3676908738562
280.11544753727503
269.74253423139453
285.7132528377115
265.3017122268211
243.67615328065585
237.1696389572462
260.2461757584824
284.27700544981053
282.63590867904713
246.06513687979896
266.4378257233766
269.3184443064383
234.08924410742475
277.1731915465789
238.37640226836083
261.3835127778002
251.64346275327262
259.99949302501045
262.6617052303045
259.5674839959247
308.39464047487127
276.04726823448436
238.72484170255484
296.4547407545615
287.78099357220344
295.34013022261206
287.21829506161157
257.36288072075695
248.78655208618147
241.3141429387615
247.21920747502008
280.90891994308913
294.7530164522468
262.8939161890885
271.18580912135076
271.315182425722
247.04041027504718
273.3557672513416
260.7909546023584
245.66781921335496
250.69719559163786
292.21057475794805
283.77468194882385
235.75448067270918
231.52845520788105
283.6275651042233
240.88737766374834
232.57983222143957
250.04793377622264
253.74979088333203
246.36631791549735
242.74510361161083
234.92504317173734
274.4877722747042
257.89450734417187
281.3437481294386
240.48461564310128
258.565941071196
247.20616530725965
220.44422994239721
253.32846947136568
234.4185978176538
231.6117122687865
285.8444730040501
262.6699200552539
264.5905874577584
252.73515472438885
260.39865169877885
283.9728354399558
238.24816473486135
232.32403658359544
264.78377337014535
287.16833955748007
283.1297620253172
232.6265695282491
263.8564007396926
267.3074477117625
254.80963788577355
269.75124749646056
274.2940353063168
222.77299397997558
250.96734838967677
265.20413090789225
244.22334519639844
253.43824519292684
285.9665109225316
259.6461494329269
244.81200842250837
276.6532076850999
252.76885803189361
261.1525394170312
233.18300773069495
280.22111543116625
310.36005933210254
238.79990559263388
306.6618771032081
259.0250655100099
292.5601785251056
282.82725138944807
305.15028720133705
267.2648433559225
271.46141014271416
272.77393232192844
255.00759072083747
239.25601965899114
271.60051129263593
264.06032123649493
240.48159603425302
236.5366250553052
270.39649758138694
254.07166699552909
258.25468973082025
226.50709017715417
264.5760854051914
297.02179378137225
264.840731716773
260.3796594243613
281.0766056666034
228.7441605858039
247.97113201912725
264.19102797680534
294.29999535682146
266.1966012305347
279.8856624986511
269.3222988921916
274.0416849174653
225.88602593104588
281.81176541617606
253.3130609401851
254.79986715852283
276.4492659626412
239.90959871496307
250.06885384989437
242.3708258329425
240.7347787436447
238.38363802083768
282.25572897924576
232.8481773013482
244.11982532136608
271.00122336129425
222.92455400142353
282.26082619745284
261.967118167202
244.91900304716546
231.25602415762842
275.5962710992899
293.2385331406258
275.8065339923487
271.1520158771891
250.9885655042017
249.79184794600587
256.6494211758836
266.13280038390076
240.80691212799866
307.2702146137599
248.8726988522103
255.44283182465006
310.1295927465544
288.9570021383697
289.5136187397875
261.7692950714845
263.26498692116
249.68674860993633
253.73422204627423
272.1276734190178
254.83565285475925
265.9839988309541
257.47271860187175
232.88221085222904
256.59340910357423
257.5401546890498
243.88225186808268
274.6447898428887
266.48614394897595
266.1993419236969
233.94938942231238
242.64129268878605
274.60457473865245
248.95581070746994
254.73934437445132
257.0590357611072
258.78792285430245
277.4676149817533
293.5750037645339
266.5080206965795
260.0201016420615
273.84482311178
261.7151886817883
276.4911252136226
245.28622952348087
282.024585850304
282.09877959196456
292.6297618786921
268.0431789738941
256.95928208483383
299.6746918852441
265.7265747966594
259.2258666969137
246.52753381233197
250.36063266330166
254.35419188789092
251.7613736798521
223.16477325180313
270.9268961371854
265.60142669378547
289.57771467999555
238.23954808694543
237.22215037583373
230.96292803174583
222.64209920930443
295.0939824801171
264.0300605794182
300.51133804454
274.31794869498117
282.28751581476536
283.3715719539323
233.33179615234258
284.9876681599999
288.7134872623719
256.71289491740754
258.39839359314647
249.5694722076296
229.55303671309957
260.05427251040237
296.2039732973208
277.3487956447061
268.39179427112686
255.429992458201
259.24346275255084
224.8259084764286
250.3826841605478
280.9718640050269
251.6892954147188
282.8426668557804
260.43088737205835
240.04034661850892
234.51982834434602
258.82014334446285
273.4345886459341
267.4857047763071
256.59540423430735
266.9790009295102
234.94972009852063
263.4224283384392
253.19879996351665
274.82923354773084
273.18247606558725
229.92504868184915
259.2686125766486
284.84512829978485
268.9555295125465
266.5360135967494
230.4455292095663
267.226202511054
274.37000715424074
240.1865050466149
259.9735019481159
274.1146817114786
312.06940024369396
270.76521073677577
287.7292568210396
259.614670232113
286.2371701844968
246.07144844066352
250.68568617571145
272.2491514571593
278.93164500698913
257.8904279852286
241.7195218912675
240.61243371415185
275.0802711030701
308.77825968695106
248.6353027545847
295.3292089209426
290.2426227750839
267.14080185990315
258.68647859367775
246.02256141364342
248.41106478247093
270.95018305059057
246.25580592057668
253.873782940791
248.416603575286
237.87218261306407
297.5223024219158
264.93351388623705
287.6974272096413
271.2780166408629
294.28564295737306
282.09643283486366
259.8718871573801
245.88424494647188
260.62484942172887
249.38240604026942
247.97636894974858
248.79131889465498
244.47810536331963
266.22027507802704
286.8303209125297
229.86850009049522
265.88406907836907
236.3167343432433
244.17857445433037
247.81888386869105
269.82022904080804
291.67096684500575
245.0389878328424
281.8433960894472
217.35645400953945
308.3994856706704
243.97605646500597
262.50452393339947
253.790568180033
282.66609792941017
246.51861612097127
266.51730455091456
288.4208027147688
266.8766193087213
229.47272708948003
237.51588834630093
248.6304155078833
254.83961485122563
269.50004386430373
261.0196910505765
272.3981958812801
252.48285005398793
257.1637176828226
259.6019627896603
247.98183681548107
240.36761831887998
267.1794464176055
261.06845745572355
270.7308809721144
258.40681358618895
266.72867735719774
271.1609466195805
289.9881353265373
277.18142886436544
251.68838202871848
265.27986089949263
245.16002350352937
255.8907975013717
256.73278816748643
300.43639547599014
244.6444219975965
234.16730312310392
281.93376165733207
283.3032357324846
253.1107294311514
225.13048073701793
282.1650149701163
266.079691287654
290.55969798809383
262.1699150513741
297.81952894234564
244.27667695557466
260.7730144795496
277.42678672261536
243.38129887566902
259.2124455785961
213.34817524405662
243.81751063553384
260.75033293437446
273.48555592028424
239.82177010999294
243.3256391354371
249.32025626813993
241.66038099542493
259.52509149420075
249.08401497855084
273.351732120791
278.98084658238804
270.3506568999146
242.89198306226172
263.7157309954637
263.43994397553615
285.72963414218975
263.2750842748792
222.58882733812789
216.36036320024868
237.72396515402943
241.18470527301542
264.85706330876565
283.6087738046772
268.4308382687159
263.66319385770475
265.8147834496922
249.93501735496102
259.1278527796967
279.2932970196707
267.1420402280055
227.768411570054
288.82875764288474
241.29651211347664
282.9804377143737
244.73335996066453
238.94315244682366
270.28401084127836
235.88704121968476
233.90575382165844
257.45474156644195
247.46865275746677
269.21012715715915
265.43657153006643
263.99163211649284
260.89448331907624
247.45076427940512
272.54965976573294
251.22243051033
267.2953575181891
293.96051253943006
286.84854773560073
303.53275352536
261.9912136129569
249.28879770555068
256.34752070269315
223.73134367994498
293.6095459709759
276.2009014703217
272.4306887577404
267.08817453152733
271.0586077462649
256.49534393427894
264.08141909970436
237.9642871687538
231.44711590907536
259.6890094791888
281.9970738477423
262.03822030790616
254.0834907013923
279.7253027346451
264.6352822899353
246.47598605562234
269.93388954387046
237.36924909701338
247.76664715481456
240.8876820198493
240.73376566474326
250.43499098840402
249.5325403684983
274.1990516296355
228.90381994884228
251.35522485431284
237.88745499250945
251.47741616109852
219.5967392679304
259.07593675574753
238.4247655167128
266.4444430055446
242.09826814953703
227.62543817510596
253.98957686533686
260.1807449319749
260.744570822455
229.491903114249
260.9565187180997
278.818885670451
251.3826099477592
261.1906794568058
262.99897509469884
300.8123024215456
233.1901471724268
243.9815908962628
249.60521756199887
259.4293527760892
304.1185816976358
271.6444847987732
220.02952711994294
255.71039182989625
276.39274502464104
246.50500744354213
255.27479322312865
250.0948188501061
221.2227003305452
250.01056306023384
287.734356895322
264.80493219784694
275.2159453764907
248.5099580353126
254.5181443200563
238.4242527166498
239.81739811896114
247.3925314754597
296.87632823491003
309.4773579435423
238.4861459064996
306.32966546778334
309.09687942638993
267.2921875426546
285.8103279019124
268.49173932446865
245.7763358739321
269.0929782058229
269.84886815946084
240.20548532367684
254.7892499343725
283.2477421956719
250.83480408933247
289.48869550123345
263.8979615846183
262.1863289338653
227.62762546096928
277.30315080983564
262.297266612004
248.18856878468068
247.51570592919597
265.9381616745377
256.44455377577106
239.18739258951973
288.67429560871096
286.2718647774309
233.90702375903493
252.72404491144698
252.90005679643946
247.92190413823118
250.77540847135242
256.1783305212739
252.69982168078423
265.4351709972252
248.41195456060814
293.63398742786376
264.7325952849933
266.3735923502827
248.08986088231904
249.47295264789136
277.2169401125284
301.0845546515193
249.3085233401507
253.56401022069622
251.6183287529857
248.87196622078773
233.91398432076676
276.3084225820494
235.83561749366345
258.33574564382434
277.5476578367525
249.9906689665513
249.65521687816363
248.13782164565055
276.4562376769609
271.15342563024024
263.541685107979
257.5307691951748
297.2515286770067
274.1814349327469
303.6150677789701
264.40944779885467
234.98112001351546
256.71733051363844
232.11034909560112
278.29770624957746
251.39978800405515
280.8160096203792
270.94235476112226
271.83907955966424
225.18784145085374
269.5029163288418
257.0923131427844
257.9528772298945
254.11710427998332
239.52741073741345
255.16734916646965
242.83452045259764
254.6511848878581
268.237053941295
244.76568375807256
250.21656602877192
268.9103390178061
246.64855464105494
281.4048313490348
236.96766814752482
239.52147548040375
229.5388346807449
239.53357926174067
280.99909312382806
288.3367794289952
246.10620847629616
240.99732904240955
271.1578424285399
256.9659996550181
287.578358823841
285.7627178187249
230.98411449807463
279.6463652998209
259.75577335682465
265.184635732905
254.85068647452863
261.61230246553896
267.1546215675771
261.7473459750181
253.921207641426
264.71104191907216
268.8513753063744
234.41641388018616
260.2274189797463
282.7387866944773
260.8186441127327
242.50197112676688
279.4637732212432
264.0277674163226
276.21661316399695
233.6008291541366
264.3950310231303
266.9988706401782
258.8247640032787
233.52892649988644
293.72779937420273
267.52740631171037
267.42016367439646
264.40746651991503
269.8535518490826
251.7600411369931
242.63720715179807
248.61409337283112
256.90562004136154
258.25688458653167
249.22205995908007
305.4021517877118
258.5467226598994
276.026885058207
244.60677157295868
277.34184384101536
231.9703092405689
276.5390925843967
271.1942848127219
281.0653105832753
278.47167512454325
268.33301170595223
284.50345743854996
245.2306397925131
199.7074215427274
242.46705073094927
219.05159689154243
240.07877716078656
279.23737082921434
258.46202329022344
282.22194119822234
228.3361099117319
270.5074276452651
256.0188113912591
265.67564662051154
250.9532656169613
283.6861257314449
229.63001273851842
251.20019412983675
264.9809419682133
251.47541697090492
234.57441244937945
246.45543506980175
224.21722405811306
265.8168966243393
247.11548802780453
321.23920131020714
278.01002043427434
287.44811760808807
241.0508288331912
299.94715788413305
257.97140883730026
249.89054674567888
215.32036583172157
243.80959057877772
245.61377038492355
258.48368144844426
241.6441790566314
273.5448335527326
259.75130246265326
274.60116286575794
257.1109196371399
281.1770815073396
263.89594646409387
264.7029153625481
240.75130718608852
261.0155018219375
254.07730960746994
263.69049469399033
262.1969439476961
256.3450225800043
244.1769895523903
299.760222029523
275.10735736158676
260.67234681983246
250.62366808508523
269.35768997244304
270.71500227676006
265.29292934568366
269.2605686954921
268.28782071050955
259.10383009468205
251.43434775061905
274.08791789691895
240.59603040089132
254.8979711952852
229.96380580158439
260.04596633277833
239.09091784147313
266.0635099488427
260.61815993121127
227.519320963067
258.02135044318857
234.81231581739848
264.8401218088111
244.86183776782127
276.90110850759083
248.26971816364676
255.06716367474291
228.6855691341916
235.3323467510636
241.23268345196266
254.91972119838465
241.4753167203744
268.00799498468405
282.3050601807772
265.4771211653133
231.1212457236834
295.23453024373157
255.19000702135963
275.3916276682867
255.62282202619826
241.00502861698624
268.5569081560243
282.14747899764916
232.0054018223891
282.83237780595664
261.64236259722384
274.07724119967315
254.2968139911536
236.1862179012969
230.2776875308482
269.6300983442343
218.34217932645697
265.6441381124896
278.0305274974671
259.8395701513509
244.75180467800237
270.5907730241306
274.46963303838857
235.0383565404336
277.72367538075196
266.8553397594369
278.529598755762
242.21006394113647
254.4419626776944
242.5792057836661
252.17336912674364
242.62677705095848
273.0279115366284
252.2727184141404
297.8652945186477
233.51819767028792
268.1509365947568
256.9237626887625
270.1113240044215
271.24706910160603
238.15841280837776
285.95768009871244
269.48390717461007
240.0379495106754
239.2039714959683
277.33659911941504
238.79352497652872
230.0863908578176
261.0049529945827
307.76781630323967
248.64576904580463
278.0479398207972
235.02068438660353
274.11766247055493
265.75405093684094
261.1728173146257
221.41707540402422
255.6689156209468
268.51435873896116
264.33093341393396
279.09968065383146
250.53081336501054
254.8121851212927
251.03542717942037
243.48078462679405
305.456667712715
237.29549395025242
256.93550253502326
260.58651362225646
254.93062820337946
239.23402482981328
278.1809732693364
261.857753064658
254.75571151496843
258.23572104930645
259.1880848550354
269.75089557049796
278.01728183514206
281.9109329233761
268.7375024090288
228.44199151633075
284.3478728789487
256.6632154240506
266.68367028445937
288.7044773346861
273.842153040634
256.38646134140436
225.92018074187217
272.8993406612426
313.79962574812816
295.28913858771557
292.2924115715432
284.107580486394
279.1130168362288
266.47977593541145
264.3881095625693
294.4042559625814
242.27800985128852
256.9037454507197
258.4088777816505
264.96760155499214
269.3048955629929
214.16873126488645
241.5863080829149
288.950923151453
298.3584064768511
245.17892618279438
246.657568301016
243.05474970006617
260.23166907863924
215.44063060567714
273.45753515831893
238.38149361225078
243.49978442135034
272.68364674790064
240.69741271744715
241.0455674098339
274.0866367241251
267.12122440931853
252.00360113271745
257.8239245126024
249.70047946524573
246.90370234427974
254.58743156510172
252.78183547052322
255.39820211665938
237.9002967317938
247.35122737503843
262.2656972925761
230.60711095045554
241.30472033313708
278.6236617821851
237.78667499602307
275.0316916509764
290.42547472409206
284.9763800939545
272.4378871860099
295.8121771449223
262.4369498001761
260.0915821006056
249.5699303211295
238.81026044115424
242.8297840525629
248.697665617452
260.42895308334846
249.30786509724567
249.97222908952972
248.16157105902676
261.16248264652677
250.39113831619034
251.95967645017663
272.0427144668065
227.1003080565133
255.6169500235119
276.51028312405106
268.0079238883336
259.2693447204656
243.82376570941415
252.45238121418515
234.7115492952871
263.14716303994646
273.828785652644
253.3245459154714
263.71581346623134
282.2773249554448
268.68702721083537
252.51034672325477
254.0069563408033
285.2665420778794
226.12600070721237
264.3341227804776
264.9033687854535
241.1116035124287
246.39738390175626
257.20607184479013
279.6798223495716
229.08569908118807
274.5301326412009
240.51384680601768
262.39526316919364
253.5714354738593
251.8053247705102
253.24263670074288
239.77844519424252
265.55699207563885
277.1399020173121
264.1703428447945
252.86442305496894
239.81574188789818
236.74307666707318
257.67534300487023
281.2910440665437
243.67773176450282
310.0459730514558
264.8261204047594
258.4169023227878
253.25264899269678
248.74574349820614
248.13146666926332
242.53355294989888
285.468140918063
272.2207989451708
254.9932025517337
226.3667002681177
268.60030535492115
255.26835275196936
251.43528239021543
285.9406406766502
232.0137657308951
251.30385272949934
276.4675679584034
254.35721317620482
261.5310763051966
279.7221280676313
241.7086217168253
222.99012321291957
253.03403590421658
250.7586643799441
244.2575478805229
283.7582807658473
245.53803977218922
269.0060107395984
274.6803904880071
262.59983721841127
286.3740968091879
228.79100994055625
264.3247023159638
252.37028129270766
251.78407898906153
232.1796012041159
228.1689186914591
241.27350033866242
249.73389459238388
271.1086618481204
275.6540753785521
282.71643682790454
246.28666211571544
234.43559961777646
277.09814908576664
280.6794943572022
254.98191902926192
252.31197136756964
254.8128722696565
251.26080167281907
261.93297679233365
293.53784610319417
297.0373415631475
267.7218825239688
255.9770708399592
237.96150097006466
252.4273742607329
281.4697308721952
285.08427333203144
306.42192744568456
243.19169168395456
264.41481004981324
291.83801943273284
220.37149339308962
235.04322854895145
259.142358323792
262.7857064588461
277.7714432865614
264.7324335281737
273.02570145891514
247.45807949616574
242.90984033816494
236.03811216307804
244.68585936061572
268.7957951502176
241.23923248879146
241.07186290295795
250.8595055231126
262.19523907313123
245.24102534120902
259.00488874549046
211.27571986208204
273.32944223156665
248.92333461216185
268.6234768391587
243.91882657527458
259.6216519860318
273.47849329479504
257.5360189246712
253.55998115590774
272.16563119296916
282.5089686154388
288.5477807878051
231.16728613257874
277.9578065261012
253.41343214467634
260.5122836540686
264.5955314699095
249.98184353124816
220.82823377428576
254.35680183162913
284.76505049399566
293.25406623852905
239.3284208276309
250.51139527081978
259.66656726796646
248.59768760902807
259.5024650262203
284.0708982431097
295.3825869857101
252.03837597591337
256.24264629371464
245.62232810503338
251.37570801237598
309.36413649260066
246.44557847699616
259.0222098599188
267.4055473896442
234.70240103569813
255.22105924226344
265.79539024375845
278.045282783336
248.4778509910684
282.5466844768962
260.4814989095321
234.39386521896813
241.3979180608876
257.580957712722
263.46414387773257
252.92839074938092
269.5132031458197
309.7863386378158
284.8473885344574
258.13336485624313
281.7631882731803
249.1747540058568
246.55392205843236
270.9820702498546
284.9743411599193
283.23070928279776
233.1113495946629
293.93465114571154
285.7878165493021
268.7819379962748
270.41621656809
246.3634183036629
230.69327133172192
260.1904140166007
263.3734258285258
236.4947168120416
271.56101773376577
261.7266996403923
291.9801826555049
255.86759842711035
257.45192075695377
255.3897857319098
265.73372310062405
250.54042835708242
274.82052028900944
292.3854904421605
280.56577722507063
268.091636649915
251.69998573698103
263.45379521499854
258.7072038141778
286.7930259985151
293.32707982859574
295.4633872996783
265.63636147708166
326.5444840088021
269.6409640344791
279.9663991453126
252.22212659195065
242.34839739324525
266.1543116415851
267.1383899109205
250.76214970764704
236.91367409471422
273.9601843339624
259.2853293757653
228.7803653900046
236.3726382504683
258.22699235915206
250.5427320546005
238.56337928387802
278.80810828635003
270.5491316791158
243.0201276607113
273.6313207979547
298.0629170178436
256.95596624643076
291.25222441204824
249.19053126871586
234.75478934904095
302.1448188367067
273.11674077191856
260.9371913804207
268.46625669288915
250.67054292198736
215.4645114906598
272.21018375467975
250.28899966273457
234.9351911941776
283.5630392640596
253.73056653828826
260.94641518662684
275.1123371772701
251.69593497784808
282.30857608118095
289.2602721878793
247.15559442620724
253.9281977438368
259.57700846507214
252.68964973685797
237.74731455463916
277.39620061509777
282.6955521431519
282.5868197804084
273.78130463988055
241.18285098322667
270.1639256019844
315.8700230232207
241.45824971375987
278.22000799840316
243.15248759859242
249.082619144232
230.56285142153502
258.6999962523114
230.19588621985167
246.07857807492837
255.34162332699634
244.86788021051325
256.57839967205655
239.17340242525097
249.5410555698909
238.8837176929228
271.1264573629014
283.80925182637293
277.52344921277836
289.44673755415715
276.5739378189901
221.04458523646463
257.58160288783256
260.3053689862136
277.2179069931153
272.87758361024316
276.1631362296175
251.1040422845399
294.35811775072943
288.8293568682857
261.1036045945948
274.27625400340185
242.98807083582506
229.89811927150004
258.72016592510045
243.314603147679
288.6603339649737
270.533082851558
262.42194224649575
263.76780476176646
253.74422854057048
214.9341234382009
244.12681086955126
247.43604643607978
225.85703982657287
253.51698107330594
250.77614796406124
251.06901685264893
285.56656162429135
253.43159220484085
254.48108360613696
259.314710104838
269.14686611574143
256.8110412877286
245.615704261465
249.3150730364723
260.4495114906458
248.71323918004055
266.9586870566709
214.91022887057625
253.1139175229473
248.04227661096957
289.74443082825746
243.51172231219243
245.5092026075581
234.3507742608199
288.08377868612297
281.5989185231738
271.455698777223
261.802599384333
265.8817576961592
232.55288800003473
236.64581711310893
257.9670531558804
271.3497080899542
254.68883011012804
259.9663344138535
260.3364117729943
298.4982009427622
269.40389299357776
262.5983622195199
259.9581760148285
258.4654168331763
233.56625005346723
257.4482754203491
258.865168823977
256.7521295900224
302.6823358950205
281.9344663651427
253.6164388937177
285.2424347255146
270.80266608612146
276.4563092821045
242.17248445388395
235.20575806871057
301.744661813369
240.50409439124633
247.57036744931247
269.3882746733725
285.5212379108416
260.2859339778079
274.27855646796525
272.1116719627753
273.25835156289395
259.2311189234024
286.42195403866936
243.8787243186962
225.53863257425837
287.6152796088718
252.74733998591546
240.93535969976801
242.52444167260546
276.7987125591608
272.43673353327904
260.1641133185476
272.6933695967309
249.16943115286995
273.343903873465
243.6840737699531
226.57420415629167
241.4841001641471
295.85601614555344
258.9996115701506
261.8748328619404
246.54541828320362
284.4119847161928
298.5903215575963
269.5941540602362
273.0904148996342
278.44864900631364
204.19172541669104
269.9133619380882
263.21961259143427
307.99427114101127
258.42262359522283
273.42010912578553
247.3011992109241
255.66227803367656
237.98107162106317
268.7324067783775
259.46631617681123
244.98472160182428
289.3093328385148
275.86043868015986
232.06510731531307
281.6577292488655
267.3623597633559
274.11848293885123
229.28251441230532
278.0912168234354
241.6526298818644
256.37832265289035
235.11970186792314
274.7015400995733
278.0255266953027
232.39311304932926
273.2401172798127
293.23655676445924
255.22984555875883
242.7316179246409
321.8343913779827
292.2626042976044
263.31185153767
231.75638978695497
252.5120250104228
264.3456801021239
265.9261492525693
263.78473272989504
256.311616242514
231.1295932524372
271.41086910828017
261.86458702827804
242.43094290303998
258.27299103687983
275.7811157561373
249.5183587098727
219.09327167074662
236.59143399028108
255.46173114748672
266.8836422332097
253.22284047061112
279.4390870607458
244.24585153907537
260.15082186146174
262.60727983515244
265.87106401496567
270.8341897043865
232.2236301493831
230.47960240521934
260.13292725000065
258.05208299751393
266.1291036052862
257.03138573805336
243.79493983497377
265.59300993278157
220.43133389449213
231.7395220977487
254.1390649813693
267.59704167442396
290.2350947429659
289.4657898489386
248.10909491276834
272.9424837550614
259.2263091249624
287.13143842760473
230.4619550082134
252.93978418502957
248.50838947459124
213.44327116571367
260.90334962750785
275.8081972482614
245.7687370579224
274.9320066185901
275.1788971509086
244.42781481763814
266.00199645292014
254.52726537548006
248.82969722012058
269.4639372420497
266.4492792778183
259.32860841136426
251.60855560586788
250.35463589860592
278.5351897858782
239.30452034575865
261.33303417323623
281.9060567864217
246.50391326739918
260.8217001367593
247.45568206708413
243.7284356764285
254.5434722697828
260.817606388242
263.2263511274941
231.67456569499336
247.31125464313664
263.17852548277006
270.17645354836714
252.6737763186684
261.5323166345479
267.1520754281664
267.56304497120436
262.5591754640918
242.33057856850792
251.82073137012776
266.11326483194716
244.27566220320296
235.91123267821968
259.61787213466596
254.2434284533374
273.77640176715795
274.8743174311239
255.59732453583274
280.47079498390667
257.5480829454027
275.2903950152686
251.7713502328843
247.9872900104383
248.12801894871518
236.52937034633942
228.06369010719936
239.66977161890827
258.9414307496045
243.49752383865416
248.84256203845143
272.71264721348416
282.9562790545169
250.45915873837657
245.32868455071002
243.47911654412746
276.9777738113189
241.21718630823307
269.6961063487688
253.58950960589573
277.0016583277611
253.39577316655777
264.45808655477595
299.4450645742472
297.5271752277622
267.2491074805148
239.61058247252367
274.8185962967109
253.74547360092402
254.13713230926078
236.85735768894665
240.36505567538552
265.650994649739
261.3804220701568
242.17788587580435
293.3658429393545
245.9042714141542
250.38767557300162
255.1754723492777
226.27155571593903
289.8102905586129
245.02750846242998
269.8900380382547
252.51209310186096
262.9448804061394
255.58861956268083
259.7655273893615
240.4744563801214
305.496373239439
238.01460589340422
261.1485940889688
260.328009669669
271.0705050630495
238.18939974496607
247.88493777695112
267.6336033936823
243.36807416426018
262.4860325723421
265.0219040015945
325.2814835666213
248.81397545768414
324.4519412247464
273.5110974237323
249.19907585857436
245.88349110924173
252.97100305813365
263.77794883283786
278.39254168083426
285.9914215604076
264.7359618708724
290.6845000863541
270.87313689792063
293.81348215497565
244.23594915203284
262.1341526483884
277.38924686121754
293.3853709815303
267.15665394754615
241.36653346277308
269.2667949430179
285.84744015778415
214.07464808726218
247.20250595954712
253.42261276720092
247.43325039220508
262.15115496807266
270.5390873757424
254.973644355312
216.8319003561046
308.61040771822445
254.54076139302924
265.07792703888845
244.38433092960622
261.76145588292275
254.27210099308286
229.90048121940345
244.139594133012
249.20975480834022
295.3891671547899
294.04105611215346
253.7880827783374
268.54466052528005
224.59745395439677
276.8556079098489
250.35226913925726
218.76025755843148
246.62800768809393
270.8612428046763
241.62270822410937
278.721085804631
268.7574717993848
271.9131464869715
276.0603376366198
274.7910570326494
229.58290290355217
278.11240865057334
243.32010019163135
260.9218801216921
233.55049608892296
248.5600309285801
236.84673846536316
247.96840079606045
208.93210708373226
280.8078263794305
258.4307015737286
246.11004900431726
259.2303638807498
268.2000585809583
268.4564667828381
216.98675173672382
270.9990840262035
280.765847405768
243.41639876109548
267.3846429733094
283.13003625301644
247.18712861230597
256.2507595504867
249.55322958296165
248.65884737379383
264.9270198435988
232.42467204574496
306.0411411471432
265.45866424101405
262.85939616221003
269.75641050748527
245.245825977996
222.2555138147436
247.75821158243343
257.49095075950027
220.34497889666818
245.00450688414276
272.5368019756861
246.04245518776588
244.89339813392144
247.61274537129793
260.96920097840484
253.7144910346251
270.26085435203277
261.3520968306111
243.7067036953522
262.9327175526414
253.41414329735562
241.9122667000629
264.8313863045769
289.1694576977752
263.33910792542156
253.53105990809854
252.01083587331232
221.0197704168968
245.81774674227927
262.67009679984767
268.49723513796926
299.7384165698895
258.93346016772557
246.18538412079215
242.9630205637077
277.8599851401523
240.801292101969
286.8473858044017
211.9016162236221
242.1215275542345
267.65499618602917
285.9984795914497
249.88232079322916
238.73553764633834
259.47013535525184
263.3399910752196
262.13358213880565
252.67951070319396
267.64987203024793
273.0407602660125
249.74805929278955
256.3644880693173
222.63225072505884
235.42428883060347
258.9733112436952
281.9576898389496
280.3690766431391
235.75938769883942
261.0830138209276
257.8472869701218
273.0674474053085
248.3015542657813
265.59109156788327
263.16945135907736
276.84229426062666
245.3899778338382
261.5320201785071
242.2900457768701
259.5460464579519
234.30331324972212
280.5539241655497
297.9803869263269
254.93511963414494
268.3956907973625
298.62343743245583
246.2641124187503
262.1539880541386
267.2852393051144
232.32744678028394
241.27101445337757
243.68814202595968
252.19907291268464
253.5144012478413
236.77962857997045
235.29048109683208
233.03703544544987
275.2571410887176
260.8325291168876
235.65949962823652
236.38184852409177
269.9872770140646
243.82323565182742
246.1823757828679
220.87196875957306
277.3182839056244
265.49526476161554
256.0339017820079
288.39757809753064
263.53183468501084
257.3580209558131
229.72271526628174
264.6982153811259
313.0180200593313
251.2571370912483
254.43612481327727
291.65940031560604
253.78808827337343
262.54716702969745
225.9114124897169
255.89226905046962
268.8549119628733
271.5109258608427
244.5853699123254
238.06367484130897
247.75365554052405
245.1129913071636
258.62435030087363
261.2201173371868
264.2486757133156
277.689709832659
224.010683330358
241.6387500326382
301.92131537909154
262.5425576114794
269.83275132789277
263.0812148367986
307.30126282025594
250.36449457739946
252.8474954070989
268.0303162004566
249.20353627740405
245.32957425992936
243.8788008010015
248.03788684261963
229.5374137335457
236.806303730933
250.70719415915664
269.6116115602199
252.59310379484668
266.07846102584153
270.72739150945563
272.4802317459835
259.9425017257454
257.1952476548031
250.9250807396602
250.51827304414473
250.27469631144777
249.34995979815722
256.75042528868653
258.5376945133321
282.5931187242968
254.30084366968367
281.1329673182918
252.38596363191027
247.3345508154016
262.4977658294374
283.74297326128
250.5686141460901
260.17458765301853
288.38580220995937
243.23628426750656
261.2467177679064
253.63863812340423
224.12584820901975
288.0529406503774
237.73810447449796
248.17722863983363
289.7877341369167
253.65306173893623
230.17087167466525
256.7633482234087
239.89668421191163
234.69181961473078
248.73253804806154
232.76785571710207
283.68883463263046
278.34888670162763
266.82016844593454
299.1021377707366
253.84362205618527
270.65203766082413
280.6893803321291
245.3606716702925
268.07911109062843
226.52457983558998
254.73875375569332
245.7986417702632
237.40018601971678
268.7093906244263
320.1012290973449
273.48534352274146
278.5949819391826
272.676100542536
279.41845039022155
255.64998100639787
268.4863643842982
290.9556102651404
272.5419480393175
240.7028393902583
312.9322632609401
266.48652499890886
295.9724023146555
250.52910914085805
290.10550830559805
263.97649704664946
297.2142421718454
230.25311302265618
251.36253781151026
274.21333965670783
277.79411631601397
282.67651894676965
287.3329885691637
265.51718957617413
265.186731262831
261.4816582428757
235.3808559392346
258.57984171784483
249.0945803199429
269.3594086278463
222.0462127220817
235.36973628541455
242.7689569334034
258.4324515834451
253.89376438886393
289.94440169772133
269.80825442331843
274.39134063280653
289.54392982751597
287.21913390175905
311.58564671105705
265.08079786761664
282.6072298217332
232.95214511535596
245.87196557968855
283.1930268991273
277.17182842921466
234.31597637734376
247.25529243564233
244.41593077161815
280.32342220726423
283.1069259700598
255.3939066309249
238.71704892348498
280.73299708229024
268.36582257435657
236.46046378428582
226.43141215492506
272.8853719217004
263.7106884721434
220.0892249904573
261.6234933969099
245.02845016121864
245.70783404342365
218.7046348399017
237.7727573158918
237.6607970005134
254.55040543479845
304.3725039770361
253.05267253087368
242.94687490258366
254.3139411940938
236.32619580056053
244.241873805644
248.16999660327565
298.3469033493893
275.63837990979664
262.8399208240444
250.60358654672746
252.41111608943902
238.2891359461937
263.83150954870507
276.1061816823203
259.7861058411654
266.9210974299349
250.44027114461642
233.96135759539902
261.0089393913513
237.54481393902097
246.4643837605836
245.20961814350449
285.07465924392454
254.46928765857592
207.27636328537483
272.6905992985703
233.70128754887264
253.97272068879101
237.48663617507555
203.02840639906935
253.54425528331194
266.0470570373582
224.57097653159872
303.34350513038225
281.1759141733637
265.88603974692523
248.5234827901004
247.60747999302112
261.07714423001744
283.2944541479228
262.7929489335511
278.1180336778052
234.62006839411333
226.0745527643012
301.6631065408001
267.13399420736823
243.86728601437062
270.5393260832643
255.261502706795
272.14925486047287
225.70846253447235
273.99961909349076
213.8448673270177
288.376941246097
274.3332535942318
249.3832426869776
264.2597579056164
261.10004650917836
286.69454390578903
291.08283162210137
278.3892004606314
251.77977659960743
267.0084337349981
280.8240533894859
236.06015501369257
279.9028657291783
283.6159411491826
285.405796314124
228.31708711502142
296.9704778252635
271.2500049249502
323.7397905928083
281.50344548828434
223.1377512725303
234.56188327562995
250.02899720787536
247.944236336858
246.42534505273215
271.6750541407382
254.18559986667242
263.33785163320135
268.6392665740568
272.21609970228747
241.33750432066154
247.8301774666179
228.57087278715335
270.29472029965837
267.2103242452722
237.5403450927697
258.02286113623995
211.5497527392581
265.8999443989014
256.6564500349341
258.121544633992
276.1349758093711
283.2357153799385
272.66390363674145
264.5718309880467
280.3362062067026
265.2785343063297
255.02253763074987
276.1269221827388
285.29558036406524
291.2370716413716
256.2931817553472
245.11039501184132
260.29376659228
234.14635090506636
253.3954293683637
273.302032501786
284.8579200616805
258.7352360599907
254.78314685204532
266.1800622798037
236.6693364441162
229.1374984633876
250.7470581124071
242.3040913779987
276.6692375479033
289.8673304718686
276.83200227993075
224.24617943249177
238.2316730528837
296.7909614176024
301.0897677586181
247.52808598044794
251.56422391335946
258.9076874279417
297.23212953540497
266.76365484378766
265.17799867643043
259.44381112069823
277.3293770776363
245.36135310388636
244.94363014178816
241.5727178971283
270.49319788767025
281.2122086335439
266.8495860993862
258.1994339104276
265.2335837596329
293.3141726369504
272.91856431216
281.43716468510684
289.3732696494553
283.80965854926035
271.1566163097741
240.6040294097038
245.0684751791414
285.31513011304196
289.7161544599803
301.8002701055957
271.2851008522557
221.86735776078422
252.44157697621267
267.10856774786953
272.62990153895225
247.27473886916414
289.70311995898373
256.97000487311743
269.64386316237506
273.11368154757656
299.72435381426476
265.3617696261499
250.29951917752624
267.35153033863753
279.48861993220635
307.12657857954036
300.03591873915866
244.5874271444045
289.0609339096118
295.3069996777922
281.0348892866168
284.2600888705347
258.60938701266423
249.81788687361404
261.45407154608984
243.892636939534
260.2668821553234
231.32879428425804
248.25284047808964
244.9724211137509
253.63806452031713
241.85705685708672
252.05277615622617
274.0805598249426
242.791584166931
280.29888739529997
266.0295999320224
268.44923609576654
279.73218632349744
245.20641292457003
279.02166162407957
269.08443914877716
260.5857862405246
261.3541545101907
267.84207283344585
255.23149661021307
273.29460141493473
243.42162686481606
233.14146216632798
246.24758086772636
270.52668632927816
266.01840638241265
239.85615091363434
273.5443424915429
251.78161760559306
269.86469990131445
237.02912767184898
263.2850187054137
238.05689791799523
248.07450833322946
233.43640969658736
245.5569043167634
276.54628781147767
226.78724813542794
265.086642956594
281.9378152677091
275.46778316039126
258.6313440356171
242.05136786797084
248.3686075801961
278.7158797708107
290.12490442825947
264.9954787273891
263.9417093798984
278.87037132564
239.19248075422365
263.3534088563174
238.08848706888966
245.95283898687921
254.50130746746436
238.2950470072683
245.84458714094944
262.1927274578484
254.95482336252462
272.72046381782275
298.18044065497816
247.21156108588912
263.01230776368175
219.32287865073886
264.28806262346916
235.2221925673075
245.64135320857167
276.6856993107358
239.21303867199458
229.4349213092355
236.96632590796798
228.3412320795469
231.98226867825724
229.47237260185648
273.42209061444737
270.5879196303431
255.61825211695395
260.6269362027524
252.66561906517018
241.6651979231974
267.3826182561461
254.59966174629517
231.3911430281587
270.48613671574276
239.11723359965254
278.71988069079816
252.5238110208884
262.11898476839997
295.39853961230256
270.8803543675458
249.30238950869534
259.89668913569767
261.24683156528044
286.6642964887433
265.088054722175
254.28197947039735
228.61917062697466
257.421733252937
229.20571951474994
280.0765961499419
260.7421826652717
230.79717440530658
264.31233285332564
262.5346867166227
287.121892739553
256.141106736497
241.26765362732112
274.7376836305484
282.4313256700989
268.0088966510957
255.23979777819477
280.0173525281716
258.32318030972965
248.4477725563338
260.7739212948363
275.5061560199829
248.3788313404657
258.01356705639046
237.51268064731266
256.3880519438535
236.0578475263901
239.8359793565469
280.1710442927433
252.16147399775218
232.6846513977507
279.07767560484353
251.00770968548022
250.5523100089049
252.5760348708136
273.53031425958034
250.59326669375878
247.81575636996422
250.10017367557157
279.67199981596787
243.32234836032148
241.29695350397378
236.4763377091149
244.04806634318084
278.8578583843773
234.31700768286828
267.86210781661794
264.9009559768019
237.49662504985463
257.2641627175035
240.6382970099803
294.2633099744562
326.51315896830056
273.10617033287417
252.16983281832654
241.36263471120037
243.1426957019139
320.65015480155125
252.3494179775007
252.19974717509467
219.5784905726323
266.6411783131771
251.1448773238808
267.4785215755692
236.2519719689153
252.8294689253671
233.0679589069914
231.62720391724724
248.0077834018739
243.53670136712026
278.0625193318119
257.02920986455865
255.21429466526024
227.9942963005742
240.12730765505694
232.34632288920693
225.2591667775996
261.5041473641759
266.99882097006775
252.7461801887257
246.70428481313866
243.20692941639572
264.95490370399784
236.32962754252367
266.56513928680215
259.8039723865222
262.0909530062927
271.40789762418717
290.75354351568967
254.94045535637997
284.53735463600606
277.17624384886585
257.60307306959294
259.0374026406789
234.04055620008148
268.62683745345566
291.6243806723505
243.94097554706968
252.61596915731207
217.4217202475993
288.042129089823
249.6515248361975
235.41212890669703
248.29019952798262
258.64321270154323
245.27481024432927
275.3406188902445
252.5560355053749
267.6157230234239
261.0902966305148
241.50147471064702
241.47572933731135
260.68501494359225
239.58130791701842
289.966377802426
281.98610264784656
267.32627132954076
253.96141040557995
280.1843508835882
259.51551371836103
331.5190780889243
277.0454827356152
284.39342636056244
236.95487112307455
224.8870839548763
253.4782773689367
262.07027470495086
260.38262401300017
246.6559551632963
252.38861667818855
284.2265589685412
296.79645351483487
281.1593801731942
288.3712650917005
270.14112621650565
266.09852572134696
271.08672865864355
264.65466467291117
253.698241553735
243.8213949901983
266.0926699353149
260.7920743984869
284.28921404643916
255.01315380015876
271.93811236997135
279.9559116590535
259.8746353306342
262.7164586695144
250.87766697176266
276.69816206546966
276.1160512493225
296.0959763083374
238.03828316135332
269.0535501356935
277.25028845563065
244.7826229960192
255.56163079221733
255.48470995354
258.6853055161191
263.43486068421043
247.60843704768922
268.686233035638
270.9078410746297
274.4596632400062
264.8186412595678
233.5448155987542
271.5933081259718
259.52461647521704
292.749881527503
275.2789554002229
268.2378467747476
225.3919501681812
246.50605325656943
282.78731921617873
263.9906545977574
264.5577243246371
254.75402321235742
254.89113045320846
248.11453879682813
247.3265537014231
257.5070832396159
300.00902664556634
281.8837638788391
272.2060243473388
252.5471975345863
278.76765544887166
239.94125808193348
232.5455246588681
214.6505439709872
259.0158254891867
250.66896022460423
300.7050685439026
267.9301116509596
290.23943442536984
270.2695640422171
270.132494132733
264.2507290005451
259.1250263383845
266.0516981645487
246.85096086852718
253.68799064937048
262.80303463723976
242.02467192627955
279.6789918891154
256.201221303083
269.3275746788131
262.89587064739317
303.0098599535413
276.16274212498683
273.19208888546564
243.6433982674498
262.74144134519156
224.6264450349845
237.123517756816
293.87532821588684
236.75237708410714
278.9225372200599
316.92588029790204
267.99140644760337
250.40826066723093
281.8743556989357
269.2899769147625
233.50582902436145
241.40270950936247
247.24349537747912
228.80772326688748
245.83086632448249
269.3023301588837
249.67304892465472
282.53294821002055
290.80807860649657
228.69335615145974
234.35305639787111
304.93377434660215
248.61567315121647
235.1125539628556
256.4402202995261
253.02591483551078
237.89503128512297
257.01337570045143
266.2659674246097
256.7395536369877
223.03865337371826
290.77502822619863
270.78655736881774
270.5869135846151
252.9152100221254
246.07492391916458
256.78954037930816
263.0040101065533
284.43110014661215
258.735371473711
265.59063489863183
266.75956377817784
227.7203257556539
264.17983354988974
265.7381218653172
266.6646248080069
243.5992067195475
264.54619094671216
226.26881469867658
232.11339897697326
289.40110143239144
237.32480510312598
270.51566166465636
238.88488934130874
255.86065776005853
250.0141513205599
243.56961237895302
247.68004198989365
263.4389736301964
276.4113260364393
268.3821598395007
247.7550026050303
264.8531230170047
236.04777850222308
277.4915081560612
296.40113355452195
249.50192746333778
254.46039542229846
261.4482608748367
230.10765743732918
245.67234100878704
255.7959612312261
247.08902178297285
260.60943818325177
238.6527591558406
249.36016966658644
268.67584466934204
268.1112713239854
249.53511138434988
234.75861323764548
271.19113592791837
268.7315284393262
278.955063120462
274.7487945187604
261.4706698937807
252.1763009581482
279.37598105019424
264.35274460574146
241.68120277882554
256.45463650184684
300.3299935783725
254.1181550247129
251.58538894553203
281.5356169856386
270.2990885534091
218.51339712017216
237.91259897849523
236.46492377808318
264.8665039173793
245.91587634233292
251.6948984278133
275.62719791347627
270.9947245750809
234.9281671885401
239.17929849668872
252.62632649810985
250.69574677874334
263.1351707171416
267.57982222526334
275.81475391075946
247.38418762979563
299.6168544644024
264.9796835532179
250.33998153416906
277.2047025677748
248.63157448219135
254.81545871251728
243.73579332127701
234.61130579386372
256.18809301930014
287.2102544659283
268.81549017259385
290.76982654142193
229.85818270745222
277.4061867921846
254.70153911982197
269.11335117998533
241.74797461600974
261.15694315428846
243.27856085414533
320.8161764295073
245.55414469877724
261.1731810492929
276.64353116822895
256.5044451429276
275.6063911950914
263.31226924364455
236.05332232813817
299.4441531916382
247.96956435404718
250.64611352980137
228.28399323497433
272.95131890359335
245.53121359599754
264.04914271086454
236.00812848377973
239.4726721253246
240.19986572489142
220.91817692527547
240.69570157607086
246.6701594995102
244.03320295677986
278.53670093091205
267.9104826011462
293.19438338349573
238.1025139844278
236.42225440358743
280.20635328197386
292.27889099519234
263.95579805457965
248.36612033483107
239.0454953549197
268.9676936408505
231.10968196915928
239.23303289711475
239.5031679365784
265.0421423295047
256.55633797950577
254.73562037735246
273.32036344113294
293.4025166978827
262.2512427793117
263.5133919825312
246.17586918664165
245.62524575472344
259.968502513133
275.27475580445025
255.15852602361701
241.06586751888972
248.55304782907479
236.82427712180652
251.7531540375203
280.321558708325
261.0683999793837
248.5496603155043
226.4930437761359
249.7720526853809
234.31541287177242
240.14401602186263
291.24972070590593
236.7258241031086
280.50285186595283
248.4191882071318
274.04476359079126
239.10519818938337
279.7167572766775
239.5366379644256
259.6545030956622
295.1376970605925
258.14819196250755
239.37790733238216
248.68305222457275
298.558635511552
259.42553101456724
232.6941812877776
302.47812977724243
221.38270770502277
259.042001183494
243.0986746629933
268.16528660128824
250.1044225805672
262.8041659252485
263.66186591843143
267.71315298590343
319.7060956401983
283.66713304282166
267.86134516925085
271.5849465057254
270.09724183555227
305.90080832038075
256.70493874687236
271.86427641427144
250.68408032588195
234.68184912926517
287.8347481045639
272.71721825248096
252.98944743117318
235.9037696091691
263.5043074180139
241.210081969155
251.1641056664521
282.3490852159448
296.9966569360113
253.38357798859943
284.4899903292535
259.78293085086625
279.8556862513069
262.0076140941819
277.01599612797145
241.8522249555681
238.5868984912522
259.0832737281453
270.8378620069707
283.73750571219716
243.57050148164853
285.5936679862207
236.86146406305488
228.17727773694787
264.91748381219804
209.86574588285293
246.4232005638769
296.08041791582946
243.70065760298166
226.0894920999417
284.1136796508217
255.3702566116117
247.50476079946384
232.00407044379972
249.98645693191793
247.43065670470241
285.7196537532145
266.0081683701137
263.67624085966963
275.6918616979383
278.62415744632017
245.3898729297798
257.90500346629415
298.7673929184675
308.3319421207998
283.08408922317903
291.16404231998604
283.2086347597651
274.7801453595748
265.2654703950975
276.8764482610859
287.3311009007739
267.58643685351126
254.03746434662025
273.173487477703
298.06966077839024
262.7544356674189
268.7962733677123
277.63432889827527
259.78993589803576
243.52535015763715
250.1978129844647
266.2848305561347
262.0637267791899
216.69061730452813
307.8312791584758
260.04564205906354
254.6886274316348
268.7464397405274
266.0535098334076
249.55633270193357
282.44076596805826
261.51727645413484
249.28763064288069
264.0951323068002
268.7048516694922
264.0227835471742
270.5881292683771
253.71673112525605
239.49880751932506
271.1966947764158
267.13423052302096
269.0454425496282
300.89581286360044
263.66337986523286
263.61342153919395
243.12392165733036
245.96836936217733
286.2367896945216
259.6609417608706
251.51128345075995
249.34280689933803
250.2410552256042
259.67091838724446
222.60847815324087
252.64242336782627
234.29098970012274
255.43138015060686
248.10921162646264
242.58468818676192
242.49724906519987
280.9825210281415
332.09861357766204
255.6172766131349
278.40171910077333
290.1616144797299
252.70233509328682
312.2521694448078
243.32481827226002
268.0511147227371
230.526818355429
226.89800231938716
248.04863175028004
245.22832582262345
276.5209813361289
264.06094550539274
238.2693669043947
270.64671721868217
250.98377997556236
272.41667978535406
257.0010167042492
315.89418827556074
273.9527936851373
258.449426956824
252.79667386959773
250.16956960596144
234.81154683721252
238.21544291940518
319.5258783940226
257.2157325078733
300.96188187168445
271.67643090104684
270.85857005766593
261.68341982050333
236.55201763880905
249.56903752789367
222.2500997170573
241.40677488630172
258.938302048482
267.080094551784
270.53535756317433
245.2953045180766
229.97696169279516
271.30043379974086
247.93324203568045
253.2771211026702
268.22201083484106
280.0438847177429
238.80129607371055
262.2828792342916
265.9534510327503
246.00702418899164
270.561802909011
261.20482035924215
232.72622933634557
231.91655601083767
225.40822700958233
267.6425984321395
244.33569051150698
255.09293256746605
259.5882648988627
239.6758670649724
238.86959089373704
259.22533004765864
293.36673293833155
245.35650794301182
276.10338495334145
256.3588815298863
277.2615475662751
263.1120891245082
253.9168793114368
245.16811427718494
229.29628326452803
262.3556079802802
239.46425585029647
204.89889173326083
276.9135558780981
242.61376111279242
231.64747973391786
234.90201215911657
256.35403765691444
269.75095806166064
266.6569463806227
241.42494528659154
281.71207041246817
297.84599732398055
234.80518427398056
247.420393931563
258.015961542842
321.7783891009167
288.72488139302004
232.9203222549986
265.04718996468
257.1222489355132
271.1794494725764
264.26969949982595
251.3569327936275
261.92143049114384
275.5615798229119
240.48913391272072
245.89341891219374
266.142862556153
264.77369372651447
257.89407887810376
245.4354811377125
244.15577067725826
247.82487230654806
259.2225930416025
234.3703743183287
261.8925940620247
238.48100640438497
276.01418453315273
262.0234180407133
277.0039414704079
254.8713912415551
257.26643934240565
245.91262697032653
255.60032702656463
241.98284631886054
252.38233314838726
258.0773699452402
265.0052614513552
277.32329133420717
256.79181804833934
253.27746258105617
277.05210980714764
237.79284566722345
247.64816888223868
244.1708201385336
