274.43948409650875
274.43955969046965
274.439841611681
274.43992962960874
274.43999982185414
274.4400030974921
274.440030846883
274.44019817802564
274.4401285850545
274.4401524032828
274.4403942173203
274.4401446752172
274.4401516061862
274.4400028534528
274.4401088859504
274.4405411561038
274.440091722925
274.44009345207814
274.44010176197116
274.4400481325647
274.4401148251709
274.44012426696463
274.44012826245853
274.44012452956486
274.4401311976635
274.440131853391
274.4401329177763
274.44013838947467
274.4402664939007
274.44006026397074
274.4401314102761
274.44006327463103
274.4401914805476
274.44014131809126
274.44005086084144
274.4400901375611
274.4400940029209
274.44011061191304
274.44011429373313
274.44013564842317
274.44017237306616
274.44013323567196
274.4401291039212
274.44012448116337
274.4401326973857
274.4401400411334
274.44044726196444
274.4399746299823
274.44008194035996
274.4401167291435
274.4400989166752
274.4400959710256
274.4401067684448
274.44012981147534
