385.17745293316875
385.1820077775046
385.1850496581528
385.18600165707994
385.1873439224337
385.1866949507139
385.18775567466037
385.1872251329005
385.1872643078368
385.18689712589185
385.1884787532781
385.18737925658206
385.18765574754616
385.1866718769779
385.1886561582651
385.18768801610713
385.18726030845755
385.18751786333814
385.18845285719726
385.18675691198405
385.1872192161718
385.18756158643737
385.18725711431944
385.1873024780889
385.1878801833609
385.18747840208016
385.1875952561313
385.18744846605114
385.187430301552
385.1880727682128
385.1878690399317
385.1868556000518
385.18791707589116
385.18709951508936
385.18758958555554
385.18756320371904
385.1874282595563
385.18674535165337
