180.93780458805213
180.93610190404888
180.9372540184213
180.93815777100826
180.93676413260255
180.9360913920118
180.93675347411045
180.93608886537368
180.9367149841073
180.93608873291305
180.93671130583698
180.93608735835187
180.93669374658384
180.9360870779783
180.93668967966914
180.9360865411827
180.9366829678347
180.9360864028613
180.93668137835812
180.93608597300954
180.93667646593713
180.93608603836037
180.93667689269023
180.93608583926652
180.9366748302018
180.93608570188553
180.9366733340339
180.93608582950947
180.93667441922116
180.9360857112315
180.93667307605938
180.93608579227111
180.9366739665329
180.93608576066072
180.9366736998054
180.93608551816942
180.9366712771607
180.93608577836858
180.93667372611526
180.93608559572021
180.93667173535505
180.9360857650554
180.93667353786805
180.93608553075683
180.93667150131296
180.93608550334102
180.9366710628601
180.93608558508276
180.9366719814443
180.93608568484342
180.9366728280329
180.9360856018411
180.93667185720915
180.9360856655876
180.9366725114778
180.93608568387754
180.936672884367
180.93608576098995
180.936673769329
180.9360855463401
180.93667145636027
180.93608573542951
180.93667332266523
180.93608551937723
180.936671245865
180.93608564541864
180.93667263404132
180.93608558568303
180.93667180265038
180.93608580846922
180.93667394736258
180.9360855147752
180.9366710588256
180.93608571063305
180.9366730213551
180.93608570527795
180.93667291613383
180.93608567831325
180.93667281191665
180.93608553469312
180.93667137725424
180.93608576526458
