192.52904080863027
192.5290488673536
192.52905545979684
192.52906101319059
192.52906566163165
192.52906955350682
192.52907278278326
192.52907540635078
192.52907754747048
192.52907935924304
192.52908090087294
192.52908223428585
192.5290831856637
192.52908405335984
192.5290848597324
192.52908538947304
192.5290858309454
192.5290862798156
192.52908664903953
192.5290868201846
192.52908711590499
192.52908737870348
192.52908760003993
192.52908766848304
192.52908774067328
192.52908785971522
192.52908791715527
192.5290879425902
192.5290880221837
192.52908802309867
192.52908805046536
192.52908808257052
192.5290880927114
192.5290881220135
192.52908822769132
192.52908819029108
192.52908820935772
192.52908815252704
192.52908823212056
192.5290882848767
192.52908826185921
192.52908829777334
192.5290882823483
192.52908824816222
192.52908823464531
192.5290882617628
192.52908827185638
192.52908821196615
192.52908821728124
192.52908830610613
192.52908823016332
192.52908817303796
192.5290882244135
192.52908824828592
192.52908825071972
192.5290883264188
192.52908826012936
192.52908829520857
192.52908830179877
192.52908831121385
192.529088271418
192.52908828650106
192.52908836478673
192.52908825888517
192.52908825463237
192.5290882506015
192.529088285537
192.52908822846075
192.5290882973568
192.52908825088525
192.52908833468246
192.5290882976733
192.52908832118192
192.52908821209348
192.5290882614354
192.5290882952322
192.52908828969157
