288.4473659633859
288.44808778133574
288.4485205926658
288.4484127454207
288.44907579358096
288.44860200948006
288.4488705467493
288.4485938639955
288.448881523047
288.4488257144567
288.4488774396177
288.4486742287572
288.4490201636345
288.44901401284733
288.4489440357538
288.44851131197174
288.4491745045507
288.4488184401034
288.44908348944773
288.4489143119499
288.4491309336154
288.44875454574685
288.44914973045707
288.4487989308218
288.44882544630127
288.44885398494625
288.44885342039015
288.44885272660576
288.44885463154606
288.4488552648654
288.4488580940251
288.4488553791034
288.4488592223388
288.4488582102458
288.44885956297185
288.44885781287303
288.44886033916373
288.44885691022864
288.44885989688737
288.4488589249413
288.44885956433427
288.4488586174266
288.4488600404693
288.44885771202826
288.4488603934915
288.4488573476956
288.44886024357766
288.44885796694143
288.4488603903774
288.4488570704889
288.4488600210425
