137.97652695751094
137.97396224447402
137.96870340410806
137.97647570746722
137.9778171597245
137.9776685613424
137.97789230675153
137.97790067112783
137.97782408721014
137.96964330008086
137.97044377625662
137.97458738077148
137.96046747756554
137.97856606759342
137.96693394076647
137.9799782683276
137.97834888707894
137.96755315852806
137.9799806267274
137.97941499607168
137.9707365418235
137.97707920115863
137.97520514753342
137.97812781834364
137.96541492119832
137.97741684444009
137.9752187287795
137.9756206937309
137.97685222967266
137.96224350215016
137.97902491233071
137.98323941245144
137.97072334901713
137.9827051140128
137.9700366739362
137.98107453516968
137.97082202960155
137.98262649697608
137.97036363415828
137.98140408495965
137.9709764700292
137.98280417665592
137.97020288812382
137.98103643194008
137.97064287127432
137.9817555684058
137.97104841176224
137.98271148204367
137.97046720807157
137.98131314129387
137.97085478882036
137.9820641561364
137.9710312948191
137.9824681099126
137.97079741997914
137.9818350794103
137.9710516724117
137.98246321951046
137.9708230695196
137.98185428781107
137.97105269187887
137.9824220286264
137.9708676124228
137.98192015762834
137.97105529272812
137.9823873993937
137.97089995957867
137.98197508607154
137.97105425513655
137.98235297520114
137.97092940721086
137.98202179859618
137.9710518700249
137.9823375191736
137.97094481928434
137.98205155664073
137.97104812852558
137.98231634541662
137.9709595352233
137.9820814709583
137.97104499869602
137.9822881514774
137.97098014418225
137.98211027026628
137.97103904282267
137.98226901608723
137.97099060834807
137.98214787510733
137.97103199422054
137.98224812915942
137.97099961633648
137.982161597738
137.97102828128118
137.98224207535168
137.97100143987336
137.982160919717
137.971028882479
137.9822385994812
137.9710033380834
137.9821614586035
137.97102997118782
137.98223927819345
137.97100329169552
137.98216579290965
137.97102812152298
137.9822376281918
137.97100440587383
