289.92937203656766
289.9301938165381
289.9305576462557
289.93028579853126
289.9307983843164
289.93068526170555
289.93150906479786
289.93056734364563
289.9314384256404
289.9310793791383
289.9304153189869
289.93012901007023
289.9307830681537
289.9307671581064
289.93072694998045
289.93127741477656
289.9309373336564
289.9307601559576
289.9312427667883
289.93106166906
289.9310794414396
289.93049194307423
289.93070489284764
289.9313563461128
289.9306577789139
289.9308018207339
289.9305509622427
289.93077308084503
289.9307451190416
289.9309690382397
289.93118704640256
289.93070862619425
289.9309896814957
289.9305452841854
289.9310621902987
289.93069242250203
289.93132015471383
289.9313060732293
289.9310279149013
289.93130243218184
289.9315561307558
289.9305362779887
289.930674296691
289.93085504948976
289.9308957691792
289.9305270521545
289.93070442530006
289.9317758895886
289.93063957656705
289.9306730944736
289.9317372756086
