360.5097621167788
360.5076864454868
360.51919313157396
360.51544976440346
360.51165108141413
360.51456524488367
360.51503038825376
360.5110065865356
360.5170785982127
360.5042698243724
360.5208619348541
360.5020608488685
360.5344629418378
360.52691784629496
360.5180889938583
360.5140040629867
360.4997127943607
360.53495819537784
360.519652371986
360.5197816248892
360.51689121351046
360.51383759382406
360.4875083175484
360.532191637436
360.52389590803614
360.51910053648317
360.5149690239723
360.5114374299028
360.5150461330304
360.51005289382556
360.5336508802884
360.5001972042046
360.50835099415417
360.50830803453573
360.50932162762547
360.51409014045566
360.51338038428
360.50942018061687
360.51415200941483
360.5147070719104
