449.3228709472842
449.3489659875722
449.36106206634577
449.36669257387166
449.37016668347496
449.3713902463569
449.3719386043713
449.3721841403458
449.3722716596458
449.3723025824693
449.372310116687
449.37231070308917
449.3723094448287
449.3723082083725
449.37230733953584
449.3723068283434
449.37230654744053
449.3723064010301
449.3723063333382
449.3723063039215
449.3723062845893
449.372306284733
449.3723062834415
449.372306276593
449.37230628181715
449.3723062794197
449.3723062800236
449.37230628157704
449.3723062789395
449.3723062802201
449.3723062796016
449.3723062795216
