130.13475625045703
130.13469384026757
130.13463282826524
130.13457358770302
130.13451588569296
130.13418483884925
130.13397846969565
130.13391436953953
130.13382434985215
130.13373386155217
130.13364559207548
130.13355928335022
130.1334759408237
130.13339522069236
130.1333192131042
130.133245287303
130.13317490598638
130.13310844955413
130.1330469817285
130.13298907816898
130.13294506000602
130.13291558364563
130.1328901171746
130.13286401239202
130.13284328582995
130.13282255843478
130.13280492103513
130.13278726199496
130.1327702135859
130.1327547909932
130.13274170827208
130.13272853953094
130.13271731583154
130.132705796168
130.13269657299497
130.13268809115834
130.1326791109841
130.13267216527493
130.13266456564088
130.13265809911536
130.13265206646975
130.1326457659452
130.13264193300165
130.13263708851264
130.1326329805779
130.13262898968787
130.13262475193187
130.1326220741612
130.13261852658434
130.1326161068464
130.13261383395002
130.1326115422089
130.13260877615903
130.1326074348999
130.13260565108976
130.1326038033949
130.13260347332834
130.13260147593246
130.13260054076818
130.13259801109234
130.13259742445007
130.13259582030514
130.13259609642046
130.1325961299499
130.13259347603343
130.13259314695642
130.13259229357936
130.13259226499395
130.13259099448987
130.13259079380987
130.1325903197485
130.1325912309694
130.13259055374147
130.13259065493912
130.1325904650057
130.13258961446627
130.1325886213217
130.13258957265316
130.13258810485786
130.1325880501754
130.1325881483408
130.1325888102565
130.13258745045823
130.13258915045117
130.13258720532212
130.1325886483537
130.13258818055874
130.1325880931072
130.13258698612117
130.1325884516009
130.13258687386042
130.13258712339666
130.1325870225046
130.13258732157192
130.1325863686725
130.13258647623297
130.1325866154075
130.13258723574108
130.13258653176308
130.13258711726667
130.13258672652955
130.13258726145796
130.13258742840117
130.13258676562327
130.13258660450083
130.1325861020414
130.13258612782738
130.1325864134633
130.1325868650565
130.13258778849558
130.13258545432473
130.13258699791186
130.13258649414638
130.13258657284678
