169.6443126082895
169.64430523350802
169.64429856394872
169.64429247665612
169.6442870094852
169.6442821165756
169.64427781021186
169.6442738521646
169.64427042413627
169.6442673810443
169.64426461083713
169.6442622535933
169.6442601057497
169.64425827781724
169.64425663894872
169.64425517041855
169.64425393406054
169.64425280559226
169.64425187503002
169.64425099304572
169.64425029506674
169.64424959226562
169.6442490457357
169.64424859424798
169.64424815144048
169.64424784557013
169.64424748653255
169.6442471713708
169.64424695212074
169.64424668442007
169.64424655035873
169.64424638031232
169.64424623168088
169.6442460852286
169.6442460075432
169.64424589651935
169.64424586104906
169.64424573808355
169.64424570709343
169.64424561487613
169.64424554819016
169.64424556465747
169.6442454749722
169.6442454328626
169.64424543321365
169.6442454360331
169.64424538202366
169.6442453674881
169.64424534771933
169.64424537282866
169.6442453651689
169.6442453296022
169.64424534183854
169.6442453267282
169.64424529065764
169.64424524584138
169.64424528763993
169.64424522868467
169.64424533552665
169.6442452302399
169.64424526766015
169.64424529048483
169.64424524710194
169.64424527942901
169.64424528983182
169.64424528580457
169.6442452387255
169.6442452443771
169.64424525103095
169.6442452534975
169.64424530516044
169.6442452514675
169.64424523994603
169.64424528500967
169.64424524018978
169.6442452952324
169.64424528136442
169.6442452211595
169.64424524541027
169.64424527699884
169.6442452519077
169.6442452619267
169.6442452524243
169.64424524607603
169.6442453207601
169.6442452636038
169.64424523454727
