475.4698315376336
475.465321085685
475.5229198189818
475.5134667168177
475.52749446311736
475.53000548328237
475.5353014885595
475.5375691377358
475.53528982964235
475.5530017170804
475.5620065803141
475.5459853676093
475.5392821130754
475.53813508048916
475.5379064234985
475.53476270525607
475.5361019626307
475.53443308904207
475.5571406821291
475.56769828020697
475.5501229531692
475.5408924509993
475.5543821030351
475.53431401879607
475.53796143034924
475.5343570339319
475.5510081164575
475.5589855844264
475.5292115461343
475.53524112288505
475.53419729792586
