223.0656930047544
223.0752159713611
223.066183746173
223.07533279662948
223.0669648601579
223.07539188971896
223.0674956038647
223.07542085405657
223.06785313227738
223.075436715435
223.06809288852946
223.0754468833229
223.06825610091164
223.07545372066306
223.0683666870027
223.0754588179425
223.0684424995361
223.07546223109784
223.06849298959605
223.0754649995397
223.0685299570323
223.0754669150483
223.06855322060255
223.07546831191758
223.06857176575613
223.07546957192426
223.06858795703556
223.07546933112462
223.06859539061224
223.07547019814047
223.06860011792196
223.07547068398162
223.0686044082322
223.07547088448518
223.06860768915612
223.07547116231763
223.06861096603643
223.07547088107822
223.06861056214075
223.07547162833725
223.06861293456132
223.07547119073752
223.0686126859855
223.07547143537522
223.0686128528141
223.07547161948787
223.06861350586405
223.07547153480664
223.0686136164768
223.07547183518363
223.0686136489985
223.0754714284485
223.06861386968012
223.07547209434415
223.0686149141511
223.07547147433434
223.06861523292537
223.0754716956326
223.06861353618297
223.07547182788767
223.06861291122186
223.0754719545912
223.06861420465066
223.0754712872731
223.06861533940537
223.0754714278737
