217.3849697828764
217.38488637002956
217.38478747450336
217.38390212771264
217.3862804196242
217.38746996638747
217.38692051756334
217.38736570342735
217.38682182529192
217.38725536084166
217.38677540191748
217.38715382229657
217.38668823665012
217.3865070593547
217.3865488194051
217.3865148395853
217.38651412603576
217.38650346627583
217.38649728537166
217.38649171462748
217.38648780196127
217.3864828456608
217.38648006633957
217.38647646005302
217.38647452153236
217.38647260011203
217.3864708584406
217.38646892019824
217.386468364768
217.38646685104322
217.3864660102863
217.38646526557568
217.3864645668
217.38646459698975
217.38646270466597
217.38646360119856
217.38646299792163
217.38646294964383
217.38646244262782
217.38646242991126
217.38646213881657
217.38646216619964
217.38646142752077
217.38646163028534
217.38646149306624
217.3864614409249
217.38646145643543
217.38646216934103
217.3864614496033
217.38646127246648
217.3864611469089
217.38646105337102
217.3864611509016
217.38646136447642
217.3864608531112
217.38646133704606
217.3864611806457
217.38646106355736
217.38646179583884
217.38646116065865
217.38646091644114
217.38646129980407
217.386460893802
217.3864612050238
217.38646086297376
217.38646104124564
217.38646127979882
217.3864611933859
