73.27619171588685
73.27618622142018
73.2761811521359
73.27617629095221
73.27617187159922
73.27616754436167
73.27616330612636
73.2761594675967
73.27615597607746
73.27615249448627
73.27614931690732
73.27614631956658
73.27614354627258
73.27614067759441
73.27613802497399
73.27613570880203
73.27613334183297
73.27613129430392
73.27612913719622
73.27612719904573
73.27612533265801
73.27612357155522
73.27612198824045
73.2761204652079
73.27611894062557
73.27611747622723
73.27611623833945
73.27611502682794
73.27611375469405
73.27611270119633
73.27611168099975
73.27611071185038
73.27610964508403
73.27610887740957
73.27610804877168
73.27610700959121
73.27610644349443
73.27610571174773
73.27610491471114
73.27610420470137
73.27610373700918
73.27610315565653
73.27610255604213
73.2761019883801
73.27610147561063
73.27610118618213
73.27610067542992
73.27610024617934
73.27609965247757
73.2760993917509
73.2760989479757
73.27609865402701
73.2760983308508
73.27609786660832
73.27609783671323
73.27609748887699
73.2760972085398
73.27609707117335
73.27609671848404
73.27609660275448
73.27609632040003
73.276096149968
73.2760959804582
73.27609583485173
73.27609566892716
73.27609547783686
73.27609530763766
73.27609512421259
73.27609505625696
73.27609490860777
73.27609474314158
73.27609468961236
73.27609443290203
73.27609435607701
73.2760942717523
73.27609422776732
73.27609417305575
73.27609412335005
73.27609414711878
73.27609397026208
73.27609391856822
73.27609383927665
73.2760937621133
73.27609368955382
73.27609360084352
73.27609363661031
73.2760935283568
73.2760934539674
73.27609351731735
73.27609335640409
73.27609330344058
73.27609321123782
73.27609315845802
73.27609313487847
73.27609315993323
73.2760932202782
73.2760929268643
73.2760931002831
73.27609305257101
73.27609304715043
73.2760931011635
73.27609290634064
73.27609297977688
73.27609295205366
73.27609280487013
73.27609294917784
73.27609286695588
73.27609291607041
73.2760929082142
73.27609279961689
73.27609280592333
73.27609287297855
73.27609289238535
73.2760926762021
73.27609269137247
73.27609276748262
73.27609262613078
73.2760926542087
73.27609269619461
73.27609267332991
73.27609266622676
73.2760926786159
73.2760927163472
73.27609277540614
73.2760926629162
73.2760926666524
73.27609272618429
73.2760926724277
73.27609266557556
73.27609269471941
73.27609262376973
73.27609269522327
73.27609261851649
73.2760927769832
73.276092601458
73.27609267478874
73.2760926136234
73.27609259108976
73.27609274334827
73.27609258395387
73.27609251317153
73.27609265211686
73.27609269187997
73.27609252695765
73.27609253704577
73.27609259297606
73.27609265650244
73.27609264281818
73.27609255046991
73.27609267223306
73.27609261356338
73.27609253478659
73.27609262047372
73.27609260015379
73.2760926041392
73.2760925350085
73.2760925316652
73.27609252395996
73.27609262016631
73.27609253393894
73.27609256704818
73.27609260936515
73.27609252783441
73.27609257442964
73.27609255792413
73.27609249124725
73.27609249400484
73.27609266617583
73.27609255494826
73.27609264771309
73.27609256048163
73.27609260339159
73.27609263648992
73.27609262472106
73.27609242271501
73.27609250625392
73.27609254536947
73.27609244747146
73.2760925541661
73.27609248567387
73.27609253983974
73.27609261007092
73.27609256943833
73.27609253285118
73.27609253637638
73.27609250378737
73.2760925774819
73.2760923750975
73.27609258158918
73.27609265184219
73.27609253724586
73.2760925933253
73.27609249715897
73.27609263052727
73.27609241018581
73.27609256549113
73.27609255367133
73.27609255082643
73.27609267044318
73.27609252751427
73.27609252474213
73.27609242204562
73.27609256096184
