342.55350936876584
342.5535372808654
342.5534233967164
342.5535033597789
342.55350967829145
342.5535540908131
342.55342695537547
342.5535004108133
342.55355718232295
342.5534279882231
342.5535002650977
342.55355548191983
342.5535050465369
342.55355580646756
342.55350487665237
342.55355598812275
342.55350478810215
342.5535561174638
342.55350473227736
342.5535561643228
342.55350470234407
342.5535562107161
342.55350467776407
342.55355622597745
342.55350466922937
342.5535562256773
342.5535046761106
342.5535562430705
342.553504657697
342.5535562221521
342.55350467452627
342.5535562545756
342.55350464844196
342.55355623633295
342.5535046617406
342.55355626279925
342.5535046567056
342.5535562673431
342.55350464766525
342.5535562633413
342.5535046544792
342.55355623874493
342.5535046583718
