214.10252149427652
214.10252426009265
214.10252662944822
214.10252869488158
214.10253042358818
214.10253189522882
214.10253309802374
214.10253410755922
214.10253496890255
214.10253566590836
214.10253625995756
214.10253675249078
214.10253714519877
214.10253753559937
214.10253774413923
214.10253796592042
214.10253817900048
214.1025383290471
214.10253844804356
214.10253857023235
214.1025386483616
214.10253868908148
214.10253879119045
214.10253885772363
214.10253888094485
214.10253889982778
214.1025389319766
214.1025389427632
214.10253894804373
214.1025389845163
214.10253901989563
214.10253902208933
214.10253902773547
214.10253901600117
214.1025390520772
214.1025390422219
214.1025390402192
214.10253904011552
214.10253907013248
214.1025390458435
214.10253908313462
214.10253903622834
214.1025390586001
214.10253903085868
214.10253903160992
214.10253906390972
214.10253904251658
214.10253906802063
214.10253905936406
214.10253905507307
214.10253906186335
214.1025390214163
214.10253907278275
214.10253903780904
214.10253904238198
214.1025390498653
214.1025390450559
214.10253908354207
214.10253905462014
214.10253908145023
214.1025390703544
214.10253907838342
214.10253907677543
214.10253906056823
214.1025390467912
214.1025390169525
214.10253905076752
214.10253903229386
214.10253906550497
