204.67932502110398
204.67814752800223
204.67961918457877
204.6780119128689
204.67975759598448
204.67795970130646
204.67975330147965
204.6779469586054
204.6797001367786
204.67794930227228
204.67964002023928
204.67795568289694
204.6795883923205
204.67796209756307
204.67954747568274
204.67796750449088
204.67951761348922
204.67797141208393
204.67949635612058
204.67797425673962
204.67948008416533
204.67797635374154
204.67946936788212
204.67797772608355
204.67946120339002
204.67797886886183
204.67945604653687
204.6779793582682
204.67945227810742
204.67797985871948
204.6794495528393
204.67798025305456
204.67944677941705
204.6779806447612
204.67944503520994
204.67798099451647
204.67944408469884
204.67798104217036
204.67944382021597
204.67798096404658
204.67944366675692
204.67798107883027
204.67944310957864
204.6779810722819
204.67944246607476
204.6779811492852
204.67944265474398
204.6779811499855
204.67944258584248
204.67798114076504
204.67944199050544
204.67798133864198
204.67944193613948
204.67798135035264
204.67944141804765
204.67798131201926
204.67944163127686
204.67798140344166
204.6794416484081
204.67798143045002
204.6794419239195
204.67798129235598
204.67944163554057
204.6779813039393
204.67944164475193
204.67798136006604
204.67944177062964
204.67798128567665
204.67944201389764
204.67798120135558
204.6794423903193
204.67798108104034
