217.33714608796254
217.33617746849177
217.3369026697119
217.32966349211165
217.33723994025513
217.33551880469622
217.32672211363843
217.33636759010278
217.3289975910766
217.33849770415145
217.3302700270615
217.3316100618149
217.3380882292049
217.33720443528
217.3364202301882
217.33413689817098
217.33035110907076
217.33481600158848
217.33410964929317
217.33034919935562
217.33455664530084
217.33709705489855
217.3380257744684
217.3363282007722
217.3408955032628
217.3338594513698
217.32934261251103
217.32795937337323
217.32624280561504
217.32805556835774
217.32879966949804
217.33567907502584
217.32831032265858
217.3350096786362
217.33396767427257
217.3303231725513
217.33217217516176
217.3303581184009
217.3331827812326
217.33405711930573
217.3303438756284
217.32769198630012
217.33159528599208
217.33720784893012
217.33189145126744
217.33191606716719
217.32988034890695
217.3343449796521
217.3303589179468
217.3343743840869
217.32837826379
217.33453460062992
217.33454627091123
217.3302858717434
217.32991617343214
217.334369496195
217.33035638795263
217.33384234497134
217.3340834782357
217.33034788312943
217.33389803433238
217.33705299157737
217.33879669007
217.33213621955656
217.33053779574402
217.33411834653452
217.33035131138968
217.33469464259906
