174.30844278896257
174.30843674093012
174.30843167407147
174.30842737352305
174.30842383539039
174.30842071518146
174.30841822662842
174.30841609578692
174.30841435720413
174.30841288723514
174.30841162208435
174.3084104899417
174.30840968240045
174.30840901577358
174.3084084201364
174.30840787037596
174.30840742394503
174.30840707577954
174.3084068428343
174.3084065712501
174.308406328415
174.30840622511096
174.30840599787007
174.30840594653637
174.30840585997066
174.30840581052144
174.30840570428882
174.3084056707612
174.3084055555937
174.30840554498354
174.30840553628514
174.30840548948254
174.30840544714556
174.30840544203056
174.3084054264964
174.30840545970023
174.30840542437727
174.3084053686889
174.30840529992201
174.30840536622054
174.3084054147148
174.30840530486603
174.30840533292212
174.30840531815556
174.30840531880494
174.3084053707462
174.30840531786453
174.30840527526925
174.30840521520986
174.30840533712762
174.30840533206174
174.30840532039838
174.30840538486336
174.30840531432113
174.30840535466996
174.30840533169066
174.3084051983642
174.3084052988379
174.30840523171173
174.30840528145927
174.3084053369912
174.30840524915038
174.30840543123122
174.30840528553563
174.30840535804236
174.30840535788593
174.3084053796374
174.3084053028615
174.30840526936663
174.3084053868879
174.30840526524116
174.30840529321358
174.3084052801205
174.3084052680024
174.30840536559845
174.308405251988
174.308405350268
174.30840533171795
174.30840534147137
174.30840525564417
174.30840541464568
174.30840530240312
174.30840527055625
174.30840526371685
174.30840524058294
