197.94761317624034
197.94759636615254
197.94758155575892
197.94756839819638
197.94755659136626
197.9475461063612
197.94753675645188
197.9475283904021
197.94752107460226
197.9475144048438
197.9475085265185
197.94750323977314
197.94749859028343
197.9474944527101
197.94749071632305
197.94748727486513
197.94748442177843
197.94748179120506
197.94747942054346
197.9474773416423
197.9474754283783
197.94747367114906
197.94747223186278
197.9474709249189
197.94746983899677
197.94746870446033
197.94746777621913
197.9474669036881
197.9474661166587
197.94746555697202
197.94746496579864
197.94746455622044
197.94746394540743
197.94746359731107
197.94746324631524
197.94746272980046
197.94746259679778
197.94746229511657
197.9474620232213
197.94746189531907
197.94746173138083
197.9474614957926
197.9474614178871
197.94746122593097
197.9474610858706
197.94746102300087
197.9474609390454
197.94746075875992
197.94746079727156
197.94746076695264
197.94746073032366
197.9474605963278
197.94746054125426
197.94746046380897
197.94746051225047
197.94746050958383
197.947460467778
197.94746042145198
197.9474603990202
197.94746038917583
197.9474603222916
197.94746020638922
197.94746037600999
197.94746018389196
197.9474602563023
197.94746025526183
197.94746029466114
197.94746026472785
197.9474601587135
197.94746029770977
197.94746022104664
197.94746020418825
197.94746028584996
197.9474601640104
