220.89804498621925
220.89778869838938
220.89790584973525
220.8977481498141
220.8980175534616
220.8977549303836
220.89804159940104
220.89777929795673
220.89785311703145
220.8972831430665
220.89777569565194
220.8979442640766
220.89777586163655
220.8978461269835
220.8973749444467
220.8972627954954
220.89775085414112
220.8978788170225
220.8977326145432
220.89778047136315
220.89798229660664
220.8977309018701
220.89789700465735
220.89663169449523
220.89632322285252
220.89791102524396
220.8965454969275
220.8963261390454
220.89660319998802
220.89631462320722
220.89782804112838
220.89826712470676
220.89734240788312
220.89801868049472
220.8977504080849
220.89797092918707
220.89772460833046
220.8978844974099
220.89778886020576
220.89773796819827
220.89787783149222
220.89776773423182
220.89785484950153
220.89722176886062
220.89773867105214
220.89786691356312
220.896397385397
220.8977701549593
220.89788142894758
220.89762272146254
220.89650206521765
220.8963072164297
220.89783943130897
220.89592557879223
220.8963455667472
220.89792262238552
220.8977662273719
220.89782318535435
220.89806892181878
220.8978024780663
220.89801197583438
220.8977538691979
220.8979961705154
220.8977385640428
220.8979114853064
220.8977395681395
220.8979261792374
