354.6198002036274
242.56783588091128
269.3981549597453
219.20407639596317
250.94537344649643
266.04730725196873
234.9074897036719
247.22131801773935
242.88723135862028
201.3847285956267
275.19353527747626
249.3642612035851
233.04002632304446
251.59082216362413
223.50250717667086
254.70030371607845
243.32292051832792
230.88732920306757
250.94744569022896
231.2831344141241
231.53085570088206
243.76704379628154
241.10654246131162
304.68230140281776
233.09159347436798
241.82436285385756
286.280593727829
223.14988304881535
243.95919175036943
221.2993800340746
217.60044868687146
211.97081825506484
241.77978301725125
222.24326790234136
275.4260140014849
276.9430710983306
294.45651034427283
240.5673393373272
272.7998682667858
245.68422540448591
295.5145110977828
246.42958446364173
284.2729737224181
251.56998880696483
267.9225546808975
233.05853907472738
243.03601211396017
248.39948311867738
270.53463792332514
208.94870129167975
240.6496161986397
226.4020261560545
215.3119688893803
209.3520081572533
228.79369368021798
261.593630346395
235.88304705369774
291.99020884257334
268.8649021482015
227.63574065806824
247.96935572085022
266.8570085240226
232.37308827363995
213.5402786363884
255.2025812578413
217.96428001768254
232.68607108009928
232.97557362165026
222.8644079394653
245.18818165866105
209.74835054051073
240.1163749045263
223.97149379911207
233.69803603278706
212.82102338058394
254.74198191713367
230.3290507600541
225.02404149277208
228.12684756409362
272.2940688667841
204.0621512760008
235.2244654127353
236.7559825388089
247.08852269819545
247.29197362123887
228.71948959821384
265.35780134092056
263.47783993494886
218.21333820114523
235.67215193168522
217.8375680810641
249.91589454672794
250.74073792918352
234.77655002270694
204.1022121844435
213.96158819724587
221.16946601137533
240.30519299009757
244.1453349886142
235.0137683469584
235.28184502474323
198.252458697596
196.7837425598118
231.41683256777833
243.22942880203846
219.78585676758303
238.87476990625873
259.1438359371641
227.35829292358176
209.35021212955326
236.75947024579
241.96886734472355
207.62324742654164
238.33777138898586
228.44328953388322
219.79033589594474
212.14449814723775
206.95848808711526
240.11769157350864
243.51871143698008
247.94237534113563
257.5034937429082
295.2708860908315
264.9868422488835
218.06708250031443
234.3805940538441
240.94050960319146
266.07257440754984
225.3724253868786
277.80477391453314
254.54787166723327
280.18895260552745
226.9538058620892
267.82858646906243
247.306259747711
248.93374742681408
280.0008558426416
253.11167759206
263.6607955085492
220.69839387188404
234.70722710777045
235.89664239011472
241.83853399637155
220.3859713822967
222.72995507058658
233.62657151578605
230.12630183887813
233.71410846104845
281.391160065672
232.21215227270295
248.80787109927041
221.1802261441262
245.84488829005568
235.72618909282028
218.24515943380538
230.84441883301042
231.64302188070724
300.24304421171837
265.21704374352703
224.74690615530562
239.99213663079718
245.89355444392277
243.4317177070261
225.84398318290187
249.87082301027112
244.5177975017723
245.39704344017082
210.18040602179826
201.5309455872848
236.15071360879665
255.29394772271917
254.44407090887398
234.36626472702483
251.65018957464054
244.70217716639308
252.33657418852818
239.5892365156251
257.6445997009214
239.007991978644
230.14257283780898
222.66626147980423
212.0282436202906
225.75601316877146
227.97809405755106
237.12531405522168
270.9155114397945
245.48433417304477
239.11356571364013
276.7851943158894
238.35449105198495
225.107034048262
239.0047662295401
209.45006871409714
223.2960045490472
230.61970220569492
245.58148135487863
274.4753509610382
247.37627556022926
242.82260698136088
214.46420324057544
248.1451339179839
238.86112834922824
267.2417639974301
249.34195700589044
222.3869436835448
208.85785380790185
238.22312339561176
246.84972774412017
224.10229683568468
255.39654704683198
219.20022390348458
226.36021483980585
241.51980035650195
247.15532431181055
231.14139233536116
220.73095349312644
225.93427725986112
265.4460108256171
245.06978042569972
260.65550683914626
240.9321993011472
282.66585112409666
235.68387253589026
267.53841495699453
230.41494008882728
304.2900524884608
213.11469082427357
218.3727460037262
231.5458632603768
232.47171455060015
250.71383913601312
248.62456459526584
250.75713202839688
217.4792608732605
222.5817439593011
217.04554888881103
220.6830780047676
200.71285593793436
227.00113310712186
240.18793245784036
215.77267972533446
232.8580772826972
229.43005178286694
283.5285503127234
264.62423133508855
225.18204321003577
257.059882581525
213.93790046506183
223.40025103602966
230.45756527638878
232.54805770271923
204.2511678924202
245.76473762591922
258.5231141132681
218.4453982001287
250.01856413448695
265.529448192101
222.73761740008194
248.19395984070434
232.84784862415108
240.10701563850307
237.65016952365113
214.3534917092693
214.83598934052134
256.5026511711403
259.3482632072919
289.6515324698339
214.32837053661933
226.65431266545784
272.3053333460193
248.69909581857792
244.38833627179702
245.35633729895198
221.62336808780674
272.85778379374824
222.2028269481234
240.7961233714741
229.24725472039427
209.49604974912654
249.90075984834402
215.2821901265852
243.6937448560202
225.74452924799698
237.8308536872355
218.08696418856562
212.823153178324
226.73007565972512
220.30444599436305
226.39298351517937
252.37470608112926
241.69079831863928
202.8354772098246
216.27606759074843
208.57521856761014
246.56968633361976
245.48340628268488
260.0285135797458
231.7598521392356
214.46015289679053
308.56912901092437
248.97508939546242
226.59239051974146
250.5027735863987
236.21961805097817
202.83559310915007
252.01800529911998
229.1529198907374
233.76449873310048
236.6775601212721
237.8501156023849
220.8350616919779
234.12988221642445
242.92501612725027
232.28148397398763
232.2225144176773
240.8161471009662
259.75181735659135
260.93277830668376
197.65666666656034
244.6510559647577
243.5070437943068
242.39950219921593
251.95974912424572
245.4323445022892
247.84173677860235
243.0874494932068
204.09712209770805
266.9421830579522
276.2806172953133
210.9349711600371
262.61566788911296
228.18643089014222
242.803160448384
232.29363640122756
239.42176755635592
234.84251223743195
252.58148495238856
236.25569241402263
219.06974327159696
238.240515985206
274.71402695114375
298.9424104145728
225.97807686735177
235.4719523408421
222.12685174756916
264.0172359852295
219.74104184769385
220.0053120568773
241.0713002543489
243.0069651373924
235.44548844749806
271.04350921585865
251.08273727007327
223.65801628955523
243.19927717751125
268.1025151018839
213.94138322636718
255.72598367533647
239.62530457237153
239.13253641749907
211.7374992529367
248.04155953452573
241.6517046433728
248.03655811976932
267.9886657442403
252.43842716315703
248.38212181741255
260.64757977460977
239.4990848650632
218.1396970913629
237.01080286603246
210.45643975344137
230.20461237720156
237.20348178032145
222.32377134765557
236.11255904451536
237.46402626376948
255.05330329632852
232.12238183229056
224.24158653193444
235.0691823358502
218.9603883169475
238.41083978321694
241.21023344696732
266.95141650202277
220.52890189741447
239.88455513541703
248.3746249875985
216.20250572971418
281.45725269625837
246.3480457978876
235.39263627081527
229.90823260768957
213.83975021839433
214.3815949727432
235.86450095490727
239.07675045050564
250.79456519043015
242.56245831634442
249.98549309527152
243.84164507122478
239.14590008126106
272.5333377978677
237.32977246564406
241.91694083499897
203.92643174262776
237.15827396031818
243.3837454658642
265.10079683034564
259.7510981419764
260.62940931705816
246.82094473656616
195.57995205106272
242.35236653596803
223.1641009110026
247.7068128566607
230.24021755668218
228.9605316518573
228.75903525820468
227.30857431604818
246.68505654935143
240.02545505960006
283.3618600805348
242.46838694842882
263.6622824098595
248.52755236638768
233.37365457125998
207.83445045877306
282.0470010275458
233.8612018177082
251.0006105015782
207.65431225045177
260.29191815439845
263.5199310431635
230.48067159720813
224.87296147769666
247.9318888730777
281.36085466248915
229.93724489690794
274.10908330295933
250.2163665312546
246.48794087016722
239.48782996903174
221.63746408633597
254.61314803856658
229.04443513105798
255.0500346072804
225.61630104924552
248.51544216369803
249.29074828868033
269.32204806804657
281.3074415185547
242.27883646330156
221.70761855342425
234.71791161232977
236.5775465988263
233.0879013134836
215.4342824001651
212.2067621878232
217.88087482767878
247.03320190840168
231.1670292075869
263.29071965899493
223.83607332028623
274.2387264396384
267.3924665573868
267.25967673919513
233.56848625549173
215.54082201565325
221.38753399757843
248.9478674279526
221.31103584535595
248.59758160062484
227.67094954101776
236.39257191428624
213.4945658112265
225.27215240511578
271.10045018355595
220.55790459270065
239.9943972509791
245.47244263874018
243.57106891280273
240.2079987180914
234.00811041111592
230.14246909286885
247.2272620581498
251.11731830578356
264.3894384436426
253.2505495281075
224.2787478336977
254.58582161879167
273.63507533857774
274.35385339216737
240.28854112399858
245.53249911298917
243.34377175172267
225.84408300025098
221.08920573482465
217.18742468008713
204.05350697184622
245.96449140956975
253.5029507617437
205.7903370281274
222.23165501237963
246.9757487312745
250.94064837919723
242.04236103857693
237.16082822527096
220.5332157050143
255.27807659027167
204.86730296214228
229.52410499655525
246.9715253472241
274.76798277761554
238.3212079887453
250.4261836117803
231.73638066105195
233.6679725786671
218.3798086989409
231.33082835478126
231.87639709636278
259.4508890022262
218.5952374520275
238.2494580296334
252.32104528647324
221.1410055096203
209.97055427033047
215.51972205938364
227.7003484997549
221.84836380487832
252.59433402802097
223.11083628132474
238.59589113891707
224.81084543533507
208.49109824260813
224.99155454298307
236.28033849083295
239.96492938189476
234.74385641755362
222.82378483114007
235.64590584971302
215.92428144461883
249.83778936647286
225.85163132516027
233.09993656097504
260.09634890606685
235.91164479777217
244.62072057809564
243.98794162840932
229.6895882290264
221.3397543853498
231.03800463143853
211.13808969283127
249.38420152489562
264.9092415328196
238.9047767991433
256.86914015572984
230.39214160313713
243.5693399165757
256.84598643449135
237.00057939469116
222.94225952317356
248.13141435731086
283.0811273534491
223.26513841180713
222.4084569910192
277.48571709214593
262.99580248224083
226.6972047634772
255.27998961822595
263.5141224930703
254.8468143590726
268.5738277027558
223.28688021367998
223.88579700645641
234.04262638121145
244.89801001767046
237.28069612698164
236.3150289990008
218.47427210776368
212.4293104580138
226.97628322569653
220.29154507134808
225.60514736012556
249.85988824788365
256.7116509602929
249.35481614572927
240.28019589034375
209.958956076327
252.22246771704522
211.36028289535898
222.22750668460503
279.16834594885586
237.91376885870704
228.69756668698392
242.78749646188226
220.49809822565294
259.73775373448734
248.23775393760297
253.23984769626986
228.517674994946
230.8823507592606
250.57100478967186
210.37299244088354
266.6416389250371
222.47312670308747
227.884035632218
254.9151019587589
229.4014312197396
254.88956549501745
229.91026510408847
225.09460024625878
229.9265961406054
218.9872251439956
219.8315992935677
209.25262955442304
282.6631394055439
260.04510310458136
218.40019157278584
260.87590116876527
225.09954291404574
239.1050883612479
233.15733340286533
213.4877992704278
215.87685250939103
240.44293350350927
214.50186675257282
230.05011996498797
234.49861228553345
280.2861752238823
207.11250195320463
218.75135015914566
233.8701845750329
220.9868670424912
216.39977531056502
208.78258174480288
207.30314675107365
218.0356842848705
238.1852579645638
221.980118259351
218.53019097834476
242.84371803569957
255.94729595788522
254.93403315468458
243.49733603606
208.3786465008452
257.73209075725754
241.46458992888802
214.76280838873936
244.53734738237108
250.56259504507761
271.5071681753325
232.3279237129027
248.17132405971643
235.87166075143614
228.2437007841654
243.39714774454478
232.29782340160455
274.9951166441897
197.90547940754914
265.5364149787347
224.8134500599699
227.3194690347009
228.95528953548637
248.1797303610656
222.72251363718533
257.3797726423072
236.4303423423553
236.27636789053213
248.59284854185535
258.1574521176226
239.0463924575306
273.3833705512807
260.1780621079088
252.67190573058906
273.3099449154106
215.23817057322594
248.52285445545567
210.62074944347842
236.0893106389849
237.5964376400225
220.02950574224815
224.6146129851404
236.41490759549197
228.40970744381775
232.2778807003051
214.9017705754377
240.52339902546373
273.69762475416064
240.15381173975766
290.2454661236552
230.96458069924847
227.88094670159626
221.04463020159164
234.8674118083436
229.5604344101157
208.26624169241404
246.53297089019907
234.8405132253538
290.6753229657479
224.61056963194278
226.50798185143503
218.54745791794267
229.06321806955384
263.5514378005755
242.17886801474378
205.00202782815904
240.89947433193447
242.7391044170363
206.89240145825897
227.07595939721796
251.39139358597458
253.16781900601927
208.0358822401322
212.6392798285524
295.14288525722804
219.74355044943513
254.2998608587077
235.32310378883267
208.3157970084576
233.74508471012814
253.16794752830174
265.21849349563126
230.19714868703159
222.33753102875198
221.69099568837555
239.8664435945102
250.8894388329354
260.2716254427505
233.14352836765465
256.5735796459194
236.18253238551551
214.51783607696416
241.7859528590925
216.7630204501038
211.91106671351008
224.38304547255393
225.84707572986372
245.53157619500416
257.50881936147925
262.42903190109064
219.71207445987966
211.82005303000915
235.51331863598898
218.53124759171624
236.07201910641743
230.98469145907438
217.6934177999501
233.44655524592963
232.96131154170143
245.4432903091947
252.0813001638162
252.15685504980502
226.78114491415909
237.86309431979316
223.7300092476653
202.64157357328804
212.3021156824543
248.0443819804641
234.8936795994232
213.11030211203615
217.74651000346057
232.87842943688156
258.15674978966126
218.17556278029224
241.4486182461842
225.29983369007823
256.90160569001455
239.663192738808
253.7872967745352
216.05680745159043
265.9447941755934
254.57990160089685
235.028094552923
227.7278584156884
212.5619481242611
228.47612669112277
282.95462232315913
268.83154454486794
263.34707331855316
301.5539423448208
269.646220493858
244.25587388913846
207.02312324816012
217.82970848024706
259.694222166494
220.691490296158
260.7777592470811
241.43565760500496
239.24226515414193
217.08088327164296
245.73362271327642
229.86892289767275
262.27449576641084
245.53975209442433
304.68504121297156
280.83441228664014
245.67779174362659
213.013254486199
235.2200776761165
222.20832363591762
224.6318319112761
237.37053155418835
235.52553179382812
225.4933061208285
222.2857440605876
257.7211005182762
217.09003897878574
257.47578163121943
227.9698852689471
242.5680382749706
219.53994429818704
244.68908151367214
259.9114670341078
232.6039523780346
235.207551906351
282.47464189954917
234.42384101246716
227.916181544977
220.3203525438148
216.1344606129278
194.79555579685257
226.61824818112655
225.48363826287095
258.05574001546483
235.99247695298982
257.57336086721625
227.27118416808662
209.94407110873726
216.33150471470435
246.5314454229374
236.39499486249406
238.29649140758556
247.06149141670903
215.99313936408726
268.01125627045985
219.4199720682227
221.80119330080925
217.99538286976167
245.7832340647583
199.235367538
241.6146904186462
251.60018023048178
235.51393338441267
237.40936597590917
253.91224305916694
203.351973549783
228.38291861783364
227.11110537408968
209.02402354835067
235.26084282057127
229.20084456304903
255.40641339143622
232.8715464681154
266.20323073421605
252.5607283586578
273.2633106888097
223.9982277743111
239.45045598666184
223.3807615879632
215.78729259315878
240.55737542064162
186.5746414163441
205.47508009316516
227.31706192161073
213.67139404980117
223.78595780202886
242.2866305328498
226.60017246421194
216.25310884942883
245.4902411523508
233.7688943464018
237.77284586481983
216.0545717299974
240.1792761531251
240.93125010671793
230.03949702173122
230.48866667953553
252.38982447472517
262.82513129906147
219.4345322913723
256.4161396000418
228.62952822219813
235.8905489385652
239.29285314909066
222.2316819720727
253.65747438182007
264.71532757926616
248.5968938091537
237.01471156268963
248.86884216958424
217.5107841876743
255.99177400927874
242.0695732299646
205.59950722166104
251.7444614926353
268.3119514876453
252.21983651880873
230.81992285998422
231.5355581760523
277.53318407785264
232.61028469595476
246.41346702506416
257.3027885336778
230.55373075700481
247.8734727310948
250.630528521433
225.42767372826347
241.4628856733907
248.73055818336434
214.52846783169662
230.29695534677012
255.6088314030203
263.5395371983759
223.819022688549
238.351115046622
240.20371215583873
225.64769935488584
216.44989613778307
251.62903544219444
301.5822140224627
230.2091822186194
259.8868857571506
236.31258181334124
228.45534089198918
245.26133614988066
215.72447908023605
233.89389070833568
248.2127665533044
202.173293152533
244.26196734202676
208.28380527769332
244.69957785541192
263.42403592399205
241.71981579830754
233.66098554595374
200.2229727707745
245.8730239805882
237.42139710194897
208.95064750898746
239.14515079019475
196.9466796136112
243.1877710900444
232.08553155895788
236.9646967256267
239.202173774509
240.2355742432119
273.6049023529049
231.05951391742565
223.5322599131614
282.21391400898574
216.52501336860587
229.0945562304987
235.41827424280928
234.80470516296919
265.8708111086453
218.47503421572037
250.36713022954063
247.64137582445983
237.40915308098192
243.67366570272134
242.3280701340991
231.22894644984626
246.44233017295483
239.87127364749904
246.19955018299515
216.8782690228545
227.0912616448768
218.28515902828076
246.8834630669735
235.096001390717
260.3029049222241
281.016237285221
248.5872404309921
243.10742979549104
258.47151414782275
251.907324810134
258.79847513796994
220.0512333503575
221.05964368893183
221.87364798117778
237.83107786939945
234.57022511056857
230.30006580270128
219.098818938568
271.4408505127649
237.30270478062448
245.70984124363167
213.71766405872768
251.32364966973546
221.4493602006405
243.6147232762305
217.5309361589898
248.51674155404908
289.5318101812445
248.78858854583814
240.03149093553657
265.0132277117518
219.60534703166923
299.0691371971334
211.01476153940894
242.70158136670943
237.99130400351714
242.00430018134648
221.79314268173766
261.56540677297744
258.86455223636585
216.93407262899564
287.9488518621656
247.2680528035853
274.4615068094572
236.622446459427
250.8061969183036
258.86757177484105
214.41827616441878
234.06211836752482
211.28351048240438
239.24031347417622
267.9240591658163
230.54771266912576
302.14962764515076
228.56128799004364
242.1488253462303
281.35916750857723
227.80876638693735
261.1238434391562
247.30888069135835
296.60502248903504
255.71489434724208
240.7719168139738
255.93331369143561
237.59716258657863
255.89082265415345
248.40324847667944
221.3917947759328
237.5261328991328
222.6665932587348
217.65142835429288
234.97002246166812
241.7113004240964
226.82340213400312
200.33489990286762
264.40654597751563
251.63076341021224
253.9830751179834
251.50127971346956
259.8921985339548
242.31581565033412
251.58853796709445
263.21938894403866
216.42221294360934
231.86275007631048
219.92960413411492
211.5251583219797
222.99683622989687
230.512076713203
193.40901135103195
220.24524495154037
228.9268096522428
242.8252530003956
234.20442096045008
216.5334351505735
217.35211816328228
251.34900849420228
219.6265147095255
232.31476044800365
241.89403342059813
238.24692034514737
218.55309042567387
238.1698500220955
244.28922998419148
232.53312384188757
215.77779772612848
206.62748526007636
253.01896591106197
217.26933601510245
240.93222856533248
267.72569059568923
228.62864693213487
236.49630836819415
246.80923255489324
255.72682566160802
254.79495239633252
275.97596462021465
241.52536786047858
208.08154220605502
216.458894219395
221.16340174607467
241.15980205094093
242.3655630684516
217.08147483377252
238.3987024326634
228.7120617366163
231.92210789647652
283.3781261257536
229.7377356029756
249.34199205524055
235.55581275981967
241.82977841765387
256.4452658370137
219.2449707640335
274.6427269226406
233.62519155989867
234.64102523657493
223.8561809618841
230.1417007849086
242.82838619040558
238.90955108194612
224.74221267038956
253.79284525918774
254.626136736013
241.77013318642275
222.90686156845186
241.54254618647974
247.06576412176946
253.01595816097688
207.88459475542186
263.0532793631428
265.5677594552981
267.5051773999585
233.24340823059902
223.92393381043803
209.94464118318865
230.12191958795302
219.32955898938235
237.1526739783585
227.248419016134
241.73669200151926
259.9793231030926
234.95062299445271
208.30584169446956
229.96159640920814
270.9683221769519
235.77526368334657
223.8503800884355
236.81112227082485
237.01510324515402
239.56371200067224
224.28868099139072
237.1819052262581
241.6014620157075
215.50290007685544
242.28678457887145
221.5312199217733
233.3145038622315
266.1938974671648
238.213142827095
238.37645652837818
252.14285959728295
229.7450087821344
229.81317819468677
210.27524789294694
239.4397410643287
228.65390629757894
232.82689791719895
205.506885128445
265.79964951321017
235.34252581110923
233.05703351675766
267.0285464080516
243.78962941019563
262.57956111826934
212.02867872960633
212.60786612681113
260.4889420255204
250.44483312300872
217.5306804839638
243.45838486333378
263.26648728048895
243.23212059447542
288.22272729402175
283.1541950260871
241.01784751325613
258.0923544051475
222.30763305869186
276.980061206501
230.9776401433046
230.00040090526454
235.2599275438115
231.73425424925517
238.55706960172392
228.48348734114552
234.32361002342077
218.67979981651297
252.7348661548458
219.39609648723854
289.39088434766745
229.4533620805596
260.78985802759416
221.07113005436258
257.60947069182293
260.07019952707924
240.06538980768528
252.58767687203363
250.31707190530142
232.29253857332515
223.96681254805299
243.95065046404488
281.7343695140444
261.6519604669884
247.58477883873275
210.37116533319931
229.08931960479822
244.51371077878866
236.97398389561567
217.91644430113956
246.68382857227698
231.9806196639547
247.4529495437746
217.25564990082057
220.88842537871096
263.79310783487745
223.6728996183956
251.7412583823898
244.05958844837733
231.15568696463015
255.3750251304009
240.30227759160334
212.36311271757586
243.99389861902455
237.88584967073984
240.18399598525139
242.21983547054697
243.96391311869957
250.15383676160127
242.52623766247416
264.2531524053775
261.8235146125662
215.58814881613944
237.34569724614266
277.4368874737993
255.8854224899551
207.59709485934582
219.94379907211987
251.61508711718488
228.2749779719161
247.6335772126913
258.88835458125686
228.57145988586126
217.283682031848
235.06061389105162
249.59603381849593
221.42468203190947
239.78605326119578
226.19234039017465
255.34236972330837
244.25445528596174
215.19067377963802
243.7422662244644
274.1145940957358
235.2868222668185
251.3714549455326
226.05129562946968
243.8268210887327
260.3116387782502
221.49691615859047
262.8239794949186
257.98321903136093
216.6714666033513
228.97004852094688
242.70333984086756
273.58996874967124
234.4355528987362
216.4097682078136
263.9508607526077
231.40276882925536
248.95257117110305
206.1595373727614
234.12996613932773
247.7493627204094
228.95678871218115
268.5327452585334
220.47759557905374
229.47450582351303
221.07329638354713
247.35568778845482
239.73002569598611
240.57645876670722
245.86849150049966
237.36808668635786
213.46108365710825
222.51862228254322
233.42348706966732
212.84590675320942
231.87182178127114
233.9610752775916
241.2539146791678
239.35303646390093
274.99808507430134
238.4078280820395
218.34972822258715
223.53140132891713
232.04950525594177
262.3309843194438
227.27334848843748
279.28874256293057
212.6376303138095
265.17922548082424
238.19323533546412
255.30685896496288
234.4539662002935
211.6450074116583
223.95814741315553
234.85230950271944
224.53591555345338
252.3198842832353
250.63859798933845
240.64412286761217
247.475133951928
257.6208398271119
250.64535144431284
234.98341955477372
227.8840256416588
220.1282167143654
265.96885874139844
250.82201317703584
226.6243404704146
246.1114823842072
225.93431990442332
223.1023111898685
223.38108143600402
207.1003478107741
238.46700914070243
242.43458591785748
236.96020226954715
238.8448938082438
274.03477220755303
260.0175206036656
261.35825319512514
251.54763957398245
248.8603042663308
264.18553408188745
258.1980525973486
229.81166973302606
249.19947056553792
204.19317509082612
208.24802449223353
248.8392727287719
258.08914457133505
223.07293840165948
239.04725738835987
245.34334471001057
215.08565816038754
252.28057528828504
239.0288919302984
281.2261417027912
244.0570243902621
251.7410389475408
222.89079628436593
260.15119202568894
197.6099625956267
238.75028953619767
268.65076345275156
243.55834569776198
272.0444183975924
216.22117970645195
229.88592689164216
216.31346154143102
235.076820598857
208.14529037266038
259.0356633430929
253.5254428135231
261.6560535701574
244.9377459891257
235.42718065425288
239.45149756642058
240.5022476335871
223.99048880656483
248.46154209354427
231.6412156727747
257.49001530971145
239.9381189974374
273.72724625404226
257.937819435203
281.7422916634823
245.6783103987109
197.50096704781754
212.32175375206862
241.5724034291925
238.98175403935602
261.28750621917425
215.89362419687677
240.2329925018712
244.94591273006517
229.21141400543274
228.53561553830514
198.6107133438927
243.07317317294655
266.329634249385
238.29966784425778
228.10411328688497
228.35717862058664
207.36116984620458
212.06933402159484
270.7558741783723
281.3058826579363
237.09242964861915
254.31651433877414
257.7879827231518
212.73094492958626
229.5037578433985
255.79678667115513
251.24863790906966
244.53321787156165
237.68615673918976
258.2197588989511
259.87683777994243
253.6545945412945
248.81065008195583
217.97329499706393
240.6441581741674
219.3485912163742
213.61050429102033
239.9158206122811
209.99206038494594
231.48831335717114
224.25490219611675
212.46976088813972
273.18597646796843
256.97896691877395
233.215308474435
237.4729049691232
220.20581284281798
208.94617258629296
250.9119771666592
231.01474908937234
230.13241141132312
201.47112303698668
241.60754487785744
252.17490987217752
231.42361692799022
226.88598129624734
229.33649044734193
238.73736181668937
255.3818130614236
243.53015435882844
250.52151312457863
210.8858831737307
225.95391400891822
258.9828712429735
240.62309973710217
252.73234408727149
224.415173770627
223.27485856495332
208.09981202660128
259.98406725766836
234.00232328451239
222.18100173171842
255.68516055541113
200.77866327716038
227.96223398391157
261.34676292783115
225.73965252161724
242.36142694135197
270.5517125380575
233.52122419863008
241.89904831530293
250.8738310826011
226.32435629796237
230.5069325682707
252.3845930918469
258.43998038076097
239.78899345488753
227.83117742202012
200.60774173709797
257.35965706343995
232.3141388639924
233.4372711853939
247.3306315645459
221.94759844220243
227.97061443259008
242.37595587270334
241.89338158426108
253.63066775421612
210.95722631242825
245.56118901254376
234.88846880098572
218.04957378777908
245.06032699142816
205.47187989542726
255.43574994016672
230.37725095270434
217.27681793196825
253.00908597378293
245.181792946707
225.40088570915395
216.4475092589273
227.34427890903316
215.40208213828737
264.68400847527664
216.61540473689092
232.8989216068294
227.90369987959275
239.54747741896426
268.7076909416937
268.81951559806475
219.0538480853429
218.02507192792837
226.00903121737065
251.59054661804112
232.2601031609811
229.92905615427298
248.53032734175213
230.86507979722228
224.83124796912307
247.55937282170635
220.99926753458567
249.46157320891507
267.2224741271348
251.1694363594288
246.3581969437073
245.83718695270363
241.24118884355994
234.25675038259942
225.8763781481539
228.38212934538024
262.58188363863155
220.34551999520045
253.95427960943198
215.25571202050196
274.5668657447677
278.4666513610864
241.22180112625938
251.5409046888817
236.97702705749543
224.57873390079476
258.4286088378867
252.26033877505688
209.0893463268294
238.3833365770406
204.57092694193125
288.66744981578086
255.55502286559204
213.44257112045307
231.01713179174112
222.76343320443993
231.0967603395111
259.877714785689
217.99741722206818
229.95803986449027
237.81761748396093
252.3621023192536
238.5738704270334
239.77368186885724
231.2774684735341
230.05306758615188
233.49133615085157
244.77343441545963
236.0281217303709
230.15059411991388
229.93880295939744
229.2620097179897
235.71858263068134
266.2672761234571
243.0074835063424
220.7444071561331
240.45477461937116
221.7570144397323
213.26134427578654
220.5825746463379
229.91686670528725
247.74362944305176
246.51311419269769
238.3120731865056
240.19006216526031
231.18464962625876
212.38158297498012
255.65520181524334
212.56123095139628
254.82496527029434
226.01466997922398
242.78010671806987
219.42990315402858
218.03020032681525
261.6817592914449
230.99103867675876
214.85234977747314
240.11131995212054
228.85819633392384
228.0568176759989
228.34426248603268
238.01459222473204
245.65858246246353
240.77033197885612
232.47783026983961
241.77723670279374
237.56593149341643
205.30393453565193
236.8670938782161
201.87806377199013
244.16081793565536
214.0881479124655
260.6372941706795
226.61998536833562
249.44916220806772
202.16188737086486
252.16260521917138
241.3878468630719
228.25467152602505
244.00140788650606
221.15005896356888
253.33971538348123
249.78025520872325
256.10901072528213
248.44694190792507
255.3745709855575
227.1908682192443
246.58775703405263
222.79666140233167
240.05875259893946
235.75454394787084
227.58725944935577
203.43069406761788
219.10209608986042
265.67498527810676
225.0902483604732
257.33460426540114
215.18091721722158
248.660359291418
225.8437367726583
220.23877140140394
278.4931190725765
212.70853118837113
261.96676720899995
237.05850827530958
230.99907097691903
241.24553314381046
239.5192837441573
218.7397813295247
221.15158154274104
202.96029195014853
247.21764387917938
237.00206552713644
240.9991139213089
243.80565101304092
238.91499882668722
222.49185723805567
228.058312819805
270.37770845287014
266.41166634648107
231.35143488715403
251.26077063271077
244.6312843534397
244.97542129043723
227.58729676826624
238.0250763974036
239.67947831831407
246.55582148220856
260.53478884720244
239.39708679815521
228.50690353277605
239.17522552673472
217.50020778976614
230.63694500381825
223.93213288794504
251.01412312919274
217.16583746450488
231.579232266522
292.83718876948114
241.9361796960584
241.8486655765446
212.55446141341235
241.52562393283006
223.26243099599378
265.87964249396464
253.35518260736717
243.32718316459795
258.3534479252994
220.16423244104953
253.8703125854954
225.46578393463278
239.82441556086997
248.26806328230305
246.8984244139865
237.26821662689326
232.1362764518708
243.70428543910384
266.57056396408007
254.41135447123088
238.0016699170228
238.95192374131875
227.65887483919505
209.163764152152
230.09665242402116
267.09364591521444
256.5119141737232
252.32290571019985
266.79467288497835
214.98981656436808
228.43050088040764
242.9000221558963
253.30512884672498
269.9767457169946
250.6165974198375
243.1979524588678
242.87597961444408
222.16191908495966
215.15624990919605
211.46949705819134
228.55781935714185
236.41779352538288
223.99446411902318
221.69452023500344
252.54466254077852
264.1970274113701
262.9437516138423
230.56427939602872
232.7669361618464
270.3603983570356
241.92653790407348
231.6656789824483
220.6024073344306
251.68272101017646
224.68893406586722
265.2951290718047
231.19835983996745
220.46286234620493
232.96992897905875
249.222216463706
238.2773726961459
232.72122213913826
259.18362150737084
202.5690283147851
233.85997123696143
233.95968111767434
221.93921106337802
202.43763089191634
222.166691061866
262.702602792182
227.6550345851574
243.1855469958391
244.46438956720522
268.183341146505
230.86684065690497
222.58632120885886
216.0959681662498
246.55867884738836
238.95419364684494
227.59017457423033
256.93401307146996
238.20650898257736
234.27983773843152
223.9811127448338
246.61312026676023
235.60446508944733
245.2315722986823
224.74561830546008
271.9036168504972
243.32582087436458
203.41116193402559
203.3642868717434
241.1656337538734
263.5629619049723
238.94206348038279
232.92096320574638
265.73804943740834
276.74769272864796
270.74557066336274
236.41739791288273
261.70321190095274
238.40881117113167
240.26507859124104
245.14001321297837
219.51716080127517
243.070146836224
236.74483299441636
248.1636046965723
218.0196406347677
212.5135561726056
282.86660071543884
220.48329412937164
221.34146205795696
228.7682219563285
275.3118977289414
248.89969025203027
246.49232997949002
241.9324275922263
220.8817899665446
234.38218487874838
251.85973874811316
247.11633276258362
233.94519146037055
266.873365348496
232.19571675127372
279.84060103446245
244.95345027797157
259.8798264602083
266.22774256777484
231.59646826208336
220.89152808772633
222.83302361925598
231.34076366067166
225.9795639293152
238.46299764409196
263.43679421173874
227.08179414313054
237.48767803201918
263.5082076154649
274.1507607125095
249.39750446751714
221.40488967637066
221.94145664037205
258.40544892585604
214.86433978326386
259.25937945832266
209.81137731164927
227.14547048637178
213.80376900464762
246.38621763919946
246.03935800440377
211.61427925602766
220.62697507836856
247.35140062420396
275.648923535191
243.7691757492139
243.51450098818168
230.47228273574729
229.38124875637004
223.87884919618955
253.4015170862549
294.9950606249622
256.59543732192833
238.70358437829418
216.39632547536166
244.7243336053798
238.55768135708058
258.68142321525374
277.84783059178153
230.14178831136087
218.44039957778296
236.71164676122135
201.2350389980711
223.64869647705927
222.13863967201905
271.30424016091274
249.93929639068665
214.03878739889478
201.75383633637102
217.7548620905145
248.70231417089235
217.96328394243028
237.34772540978156
221.8318258994259
236.89834449224873
246.0607648428413
243.17446739342995
260.51598168711644
247.2192626321339
266.38802273815963
231.36911346856505
318.0939506838331
233.76699869759614
239.34511003823718
250.78920211386867
211.35251356475055
254.19179372180952
212.91979207622353
255.84951145143714
219.1030650716275
233.1951155603747
221.0118643430178
229.79558200138854
261.7777764169732
239.56823630892904
243.4249521276215
218.98740204103524
243.2124879953335
264.91649850679096
250.99879214185057
256.47906015481567
249.3242451043334
226.98662955709733
264.5809287193115
231.62643724487862
242.320092954149
224.3910806197091
274.4727490601945
230.71100734651554
227.23954497056548
222.04485193360597
227.72630361421034
235.11682657239726
217.19162387854885
233.071879377414
205.563259876566
278.4088125209091
249.39051774167456
235.89476420660503
241.9711858641822
239.49828517553397
279.94474935141625
221.83159820653964
271.13549223466543
248.31486014975235
245.8043850658578
254.201284919749
232.10116551665124
218.77406497270567
232.77658935426734
234.7560809708084
256.6978301780764
217.86057551205158
293.0465027866303
257.9140606849687
236.6055316980346
218.09641980641754
226.64265381742734
235.45436658291146
231.27989751135465
240.19187396334019
247.56755070656072
236.88711659435648
255.10148243512958
230.00335391954286
242.4500815345673
242.17537809809437
226.4800463883439
241.17427965794923
236.821255692048
209.7273039505817
220.18634175206535
232.42876655096188
225.85801991942571
215.0471447344753
211.328349305375
228.07412353355903
243.4777450891561
231.75939765857765
211.43878150935052
217.7891841660021
256.9078961047926
219.95774422882823
250.79668491135817
234.98971975396853
234.64808515377808
232.8419809320476
242.02907130436506
229.70002378255595
250.27937193919206
223.91327347105835
233.88504072692012
247.87205729592824
222.63249674451072
218.46799946262036
220.61313270643586
222.19892145635094
268.5739653733908
249.3015599969076
218.34606334683485
208.75433272478404
233.33205387549242
207.73388462519506
260.97051256831037
235.24392168113263
227.714450851141
234.20994824258378
213.21020964573836
250.7799538168474
227.10722929541953
222.57829807844246
241.38345730636502
235.97876381775131
247.16399942548014
247.01800020993687
242.53670786204748
271.1960241100751
234.9735920066596
218.84853026707424
242.60654190124478
244.2996087433421
253.05050363228656
258.597084518522
245.87481127434876
255.40783169632778
261.1513421765994
252.44460367358988
263.45656882348703
231.05471882113488
262.4090712487232
205.20708838599967
246.4457750369911
235.03686502901837
230.39553407632047
257.2161848039832
231.9088700679713
230.18929208919872
226.4952470746939
260.3448841777281
268.22318316367455
281.4121195813641
244.70766945235664
232.19237042509485
227.8025318713626
279.0090839948971
245.15904976200545
228.1821222692961
247.57418165536365
237.96550851740176
234.0242719646776
230.30227807012852
218.8044014851912
248.9358530844911
255.2196090950165
258.89906193327624
246.96199179627
232.75282877555583
253.28183135116706
224.99461889179656
245.71965978556545
282.18024617631454
233.4350631973357
272.8146337043145
219.85126974305604
233.54733862937428
286.28506256407127
244.45822548487922
201.49755060084863
237.59691816515988
225.03934123326326
234.70083151658764
219.61867849942064
251.88878111814847
243.87905747198965
228.380377430527
246.23055565916002
251.79497598175658
227.62066890718415
227.61461947800126
247.7810197728686
257.2303074808442
240.99401563347783
232.42527158168377
242.31969759619096
230.45056691253558
223.88112634740537
241.30717113311402
229.75406488176668
255.50734591891523
261.95770075614564
216.12186921579996
262.0637259861105
240.71940154692857
259.0655672076391
227.4160204132204
273.1924876351259
241.62551734835142
268.2183776011807
229.73291191097815
265.27597977785626
271.7234066075762
233.42235614481615
222.48142479581293
269.8257868864457
238.68467399314977
249.5092518790625
239.81966995669063
249.80658640671754
220.2378904891084
255.89474052848527
259.2362934429548
238.48669240024174
269.467477154627
207.484331197571
270.2552282278775
241.68860008876072
272.65968936285935
223.01831961789867
203.33996408752864
249.7071662603994
237.13324829557678
232.64617331558838
218.12818093237001
225.30778603005456
245.7069277219125
207.1353663756745
226.204279250931
204.11003866576357
233.27817055850755
213.44838289584732
254.83403467497556
232.01399325346574
239.34752742788987
241.99597603169968
261.87814645515755
258.3915425207233
220.88874546810985
248.22197062394116
236.1688157816534
219.20848913589725
225.87833709653933
257.81157956976676
200.72931125672767
234.56560822064057
229.5418570729089
223.73583875299664
253.5014443398104
247.8577968988684
301.01977504836395
263.71089236281114
190.7150777351926
217.81321919360198
233.40241349162534
231.59570664097555
227.20071902743075
215.14277530583786
235.45682969450718
256.7459061408299
216.4284799855668
253.98164199996972
247.0413588412339
245.26428022707114
244.1171873547719
233.29280338424724
216.16049264394678
245.5140665388899
247.4567456607474
261.3577954104985
230.81929074734217
292.08323805208784
269.9850878583966
237.86166802194202
253.9270264871884
201.2161022842629
225.08261637273245
237.18663277459564
241.56164625281235
251.33644326985814
229.6668854545569
259.4364057605271
250.32469961064635
233.76554332103115
279.19502958562225
244.6553071415401
256.92787347978447
235.74277268670266
249.0123804808827
264.5962280211388
268.247118957981
282.0919022108428
235.24989780591568
224.68858932168223
220.01323913392844
229.60135617200285
248.07072790083475
233.25236526172375
227.3844758598716
228.28230797860306
257.742743801442
285.2067245376529
261.69618126167916
240.69126699026674
220.49660237680655
221.8276426209486
237.68924792093458
263.0580058253254
267.816291922878
251.0691732010455
234.4676225807052
237.11797783942893
253.77574076119345
238.02204980753595
219.37688047124539
247.9780582350213
226.0248661590158
199.4956852872856
238.77236359979725
263.2090261433623
256.33020796230994
232.76516258186894
237.97022527677473
225.4786212934414
237.48339538404252
224.7374945608317
258.4760513481451
223.26344611117383
226.38423643406713
226.7680663957144
232.96312271233182
241.90354691055836
238.28218118357472
259.5962776429951
257.2909479085356
234.1112438882119
238.89682708494365
249.27226755197626
240.97596400626935
251.90591592440614
219.53239048743853
253.98575124680065
249.6982844750164
233.01843171467772
232.96178175415844
217.63429859292228
262.609684621857
254.95854064438026
221.07807248772588
232.72558266564738
254.66550146893132
215.26701668137684
242.57782085973304
244.92174656293355
263.5309685926186
249.33869142085314
237.06689457129687
195.5040560689522
210.12073955556843
246.65045347972773
267.83066766534466
206.21991754102055
260.2374384647701
232.4028079486452
241.37239402113482
239.3105555246584
255.12237538362388
240.86548246408347
217.70879018912092
247.9368054595543
221.70051654230338
252.30053205043077
233.36052129254676
230.33917729801033
237.08568855107296
227.8804040857358
251.14605862251483
230.85928632761352
205.5272063772427
236.0315411828924
227.4219714809442
251.92469147988595
199.08410368324257
243.2029887472745
242.1291964853881
259.44195086939726
208.95051344542298
231.09358018403873
262.035801817663
216.79886890971102
221.28658640594222
208.17653097969014
245.3299098899588
241.56266234535724
225.9881557348417
264.31790942454245
243.47823228873312
201.85766696557403
225.52507537195925
254.21764633408748
229.12551835540216
253.23144297359977
223.8750941050239
243.36994300060906
217.49382801319007
210.59769168286584
238.27942763688043
249.4795560525963
261.0637936478015
281.0517285306705
242.549284759094
240.18934834178071
249.78498759458307
206.97151361231226
240.08306682342663
267.08420766261406
247.82080701342784
239.78741473029368
253.74733833328355
244.61681472545024
223.36656294751447
228.91250034875702
238.7567346645519
206.4858948159963
230.3571818387136
297.09002668131143
269.808155899751
287.62263182224706
256.076337458333
221.98672579904087
291.6467834727373
246.745656145853
242.27580691536423
216.1185416439548
230.03659243055154
240.3544816155918
253.0729037099518
276.3615530683892
229.35124931822065
249.13787821657024
200.87316440674476
238.10022224590648
223.36352694174275
229.68238267849665
223.0270977173932
241.45011608477216
216.22291808924638
244.9078188400017
256.38950885552913
224.11719545163214
225.22617014765274
239.36220956465695
212.7656943257898
224.08252560824621
250.78115123603493
222.29631305194926
247.99415806110483
251.01564961462282
243.741409488488
219.1574587612413
273.3535888954066
225.38311368401628
227.72399007086642
241.9381635992322
226.71940680523403
248.8168829738861
225.61641102703288
235.70159081672318
228.59597413241863
251.19788161525503
222.97986796009354
243.78558372252155
253.63439972815104
236.95287961082067
223.05592783435713
223.9958236264065
243.94467013212852
263.54034811235033
237.3955268471036
223.79838610964362
247.07667579583358
229.5923240170814
253.8872678708285
254.45865800988395
255.56586179113947
277.34682748187333
254.26168449223042
219.87735633272678
256.5660395845771
225.49925668397918
235.67093675106298
205.85655920533463
229.37072146381252
196.15013323165476
239.7144345404813
230.5161839289358
278.37198259553406
223.9774581437232
234.6671883027302
225.79009649832733
268.36094406456687
233.13482692744583
231.2032367703505
226.61735617963132
240.7169945712667
219.9402877438115
232.65018480282743
245.46910309582017
238.21910122188274
230.02276275272015
265.00096019450575
273.9533651744714
260.53031714854296
242.35205216461327
233.64447613980155
230.13327052281238
246.45295801584143
236.4026443711482
232.49956569680944
215.24431642866693
270.748711792985
255.09601809247397
226.4244293947704
221.80375387787353
244.43512990698218
218.32221005496103
210.7970766047947
243.7036271035904
250.0014573020162
256.07012330461293
237.91601428494323
214.70466659741942
280.31287084147334
268.6768663795665
227.81645648158155
226.75106888043229
236.27503748156596
214.14621366967913
231.8106142897159
225.81495427247137
242.38002221449278
256.6258847184945
233.37476963410154
256.70111388678197
246.44227408827282
244.35384818760213
251.48811088572256
243.2385599394329
225.22252199356444
255.99239427037537
266.9892572093522
252.2615126937162
277.2231198758818
244.69323586975224
258.91697227873374
242.13514780253172
248.21994490921497
232.87533465528395
236.23918636061717
235.01678033929784
253.72291626920924
242.75089274370112
247.10396365681663
261.63094852748327
213.3763198374072
255.23197874624748
238.22292654484045
254.56576891080476
246.9348732206272
260.77512844710145
237.33377886738162
235.5567458998412
209.33634098630864
264.6401885965606
245.43951436807401
232.43415413831826
231.0439341524616
203.36293390754145
223.21955278865062
235.30012621509377
259.04743415571284
261.2968627772061
273.2611241004197
266.51264123094734
213.28726787003689
299.90475032804534
258.80779139348306
234.338700204622
220.8379835061496
304.4536646424094
267.4961011062842
259.0068728554761
263.4158397191204
232.92445476958528
253.9430181720527
226.72748167917598
254.2979419180192
240.91228598216549
226.39817860582843
229.10407612740528
228.46215476235375
225.58983743633144
200.74264920607675
221.02693236852065
237.1968839392066
219.42650220834184
261.4059097492136
232.39094603073318
225.90102584823035
195.53821693360806
265.3341084031854
253.25804550445173
262.1095021425281
256.19891315395944
268.3815489335684
237.3612725592684
244.09274160198402
212.8814525473863
229.4179311807966
205.26845832658
241.09533601265866
234.0901359023992
213.72393999714404
230.6360195199959
219.94284050096758
221.132654497982
224.97255753702484
231.68648355524056
226.1347954729572
219.44675770006143
256.59955409460235
212.5690050108824
242.99045724701136
211.81143385788891
278.3507194466656
237.01561028382275
202.1375556946732
213.61961325339507
198.71141897782218
216.7085648169741
238.54132656834554
277.70184264716227
239.64899147301912
278.90400051977485
235.34520004922524
273.71989589650184
244.54957966285292
268.8713540084427
217.98613016691525
211.35206997883506
237.6281109872507
246.86069741204847
242.28079996677116
239.570395616116
246.79923587001394
245.50490500347223
244.1179242108483
251.82758941117208
234.58182870422024
278.3334861063631
223.9679303941084
235.27761825313792
261.73723902588245
247.65209712879732
276.3990029729903
234.2233835341176
255.8773564127041
254.6279222641606
241.26811181753874
245.40376962674782
232.81452703883406
273.209781921003
240.9954544372158
245.69283028668724
271.6996612737421
218.5042491670465
228.39163839712273
226.51313414401375
228.0128095607506
249.07622188644018
220.86079100111965
203.33836699672975
250.50670834456105
251.21164032048546
251.20322944957297
240.90366878535133
224.6897378374124
247.81914415501524
223.36974395555444
218.56027004565112
251.89837827160954
224.31592361675575
203.81551346182823
242.11230916739441
243.83724233228713
235.1982080807211
238.82429973687977
241.93713038379792
221.59567888604943
255.72940545005258
234.89678643469233
241.60846360900905
220.1489538185997
250.80753317999188
229.56685901223682
258.94888943608385
239.5200994783081
232.83070411125664
232.33327357529197
219.0927429961739
227.47571293404326
224.8442548182793
224.46403036429547
237.59646975970827
225.09223429334816
226.89802859991323
230.07698598969728
306.67078286933247
219.83190267533064
259.7358130532084
256.28923493390903
233.4763270849362
236.11196760530584
260.317481451435
249.92418208089657
231.06578990013804
222.57191027363297
232.34102272812743
226.5881128301844
249.62263927794993
222.9115119415801
253.1639776864322
216.03796538861934
225.1508628791198
255.04331755428575
219.1386755820131
228.86763258604333
247.20129140268546
217.77563720778562
228.9758977420861
209.02931374160107
255.4933708567405
221.78832414839417
233.12508100410923
236.4525051319506
254.08920767181553
265.5300694545731
255.81710936524905
237.0023576875683
226.65054048376624
222.79469239502214
253.59051374427509
233.12045406596735
219.98204033100046
225.1478664034512
215.54335890652146
203.06768369534984
226.1980026604142
231.895785077475
210.62230442720465
234.74121547408868
247.51726202003192
244.52204060938675
235.6431106145028
246.14368166879285
226.58011453179643
218.72495093324687
254.69270446221344
250.68654346023686
270.6977946818806
230.5056059830822
202.5305869190488
228.45569632283878
199.02336560725234
253.35486213350669
245.03202163090464
245.62040767190047
238.13116948714014
241.13617225456983
270.08228627650533
253.12463492213283
243.85342117235996
275.31683264346793
247.61249998002313
237.3669724999927
223.8861579420045
277.25072476710193
258.20847386855166
219.12502036686055
226.25855030468665
223.46039392566308
210.37197050626855
254.84828890278004
218.2733923747437
258.1132575344527
216.40535038372036
250.5719539958518
239.98929069389123
218.69317961053457
222.24273617530707
231.69704965408891
270.76997408480383
228.3924174704589
216.29857085901313
214.9585326956585
239.9098909253953
201.7937146568438
239.926128186984
221.9696762880776
239.43952807760797
231.61153978121
225.28300683409907
252.91237666248344
264.4988662742544
216.6202391628176
279.48271694255527
287.85943327692803
289.92921020812355
250.33769775705878
253.27699137770105
260.5708369426429
253.29082491178997
248.20773689472117
262.4970581177622
227.97893038066104
259.4089554020902
228.1943318124395
238.74200576229487
248.28921056515537
241.8055758572882
267.41552737762686
245.10981492779683
254.49723659805022
238.08216997771524
210.1232260329416
238.61318046727683
214.74270483164582
235.02952581632417
214.6114055281505
213.06081536132842
222.051804117742
243.4485103333136
235.76320797251537
244.79270753345918
237.68398884148337
224.83194906194694
240.0511847541202
214.00111590814777
244.14715428673662
266.1523503360804
220.82707945280708
238.1125655354699
213.1889687689254
228.78308966744225
253.63662807433866
228.89531615935266
252.89254151564091
244.3450639178045
264.77735371969175
234.1588890638668
271.9435985108139
229.55730427219532
234.49769366392866
256.77721587812994
226.69352069683373
221.11361244122963
250.10729872994125
224.60173130617477
253.1946451633703
245.18449034029618
233.6553839383414
234.92057120217942
226.89229160605464
255.79185788391624
258.38801077147946
225.97446773084812
234.7115895403549
232.1071501877159
236.79368436173536
263.5425878625829
270.06073024112266
252.8140918299323
225.3978422585642
253.3585550582502
244.4390919425059
272.2140650949441
231.2288459871197
226.3270734922262
217.3541291670408
220.63065508927684
233.5882950082887
224.43944749445654
209.01058468525298
226.31541872851085
244.66198710305616
243.9995430285344
242.82521827693563
253.6629234564025
208.40055081876926
265.03365804697387
238.98231164645404
231.6388773448998
256.41271539602894
280.63831812224817
222.75568200356793
229.58485304797068
258.9413042902015
236.39970830618404
246.43210768338758
212.05278888100293
232.66900887771044
236.42338067258243
223.6715293326415
231.96997685101815
238.5410364260897
223.107256919262
253.38923085923307
228.4890199531801
238.22824245982338
258.9449416634161
230.27226723521017
240.19323087774683
217.95481060061138
233.43816539191175
239.2261873774696
237.85791773127858
234.54109549091663
231.15657348034438
300.760441043647
257.5673892076593
241.4278804124333
210.97790429298766
242.1621703498531
245.08156724576838
233.24394510837737
244.99034802650567
280.09976242948323
255.67757641291246
200.90838075929787
229.6087862632703
246.34679370792583
244.98844422830734
211.0293638802832
231.75582368776668
246.78831690654624
209.03789808379952
218.58200734842103
215.41124891478103
237.9021488095168
210.97941438585985
224.50513573235366
249.65582570875995
240.6495779218385
256.50466518185567
224.78692314832006
227.7987448811764
222.93501565488987
261.41182693792507
262.05975655734073
261.4121586881811
218.6010117882397
218.83401448989753
243.41341724211816
222.52793448162265
254.26595314126462
270.0075995514635
237.8437404956203
240.90267944021616
264.2542210838292
216.18196402862668
274.6785859707743
230.72101893636864
237.94097376370337
206.89970958326012
222.68127800908405
237.51905520318542
234.02133509831037
234.3888530060649
223.4092674672138
220.8393267398933
282.15590337861795
220.0942785749212
232.01788417738862
250.24686335562728
243.26627909264062
261.1401410783874
233.25893194577657
237.854244924034
223.53578242543153
240.89474445127416
254.97811801289208
226.03152349195443
208.76854168332648
244.42582296545152
239.8863681202056
229.0715501786908
226.79958621633705
248.9979105310049
239.22858023829758
212.6118449936621
255.3781065986259
231.0432822406292
222.05426435428672
250.19292043044697
224.88669065770227
232.06266782642342
231.94542031630408
249.9235179289244
223.04620895884
239.11131076083984
254.00999887112994
243.706151127466
264.7065699703526
205.87578296102583
206.46879153233021
241.65467579150572
238.4608427915955
243.1760393497534
228.66337922180537
203.53137126844376
205.33766725484747
229.87149824714288
259.7717275447212
249.83758279273752
200.8052906472003
260.7870064745657
239.69020884728525
233.31534590339288
260.44378032535315
242.73858320899308
270.91331361967605
191.17082779761404
231.03197476489004
212.77900041732937
256.6742960147094
225.63686183735263
214.61667765572201
219.06419119704515
232.57726926263422
219.3647334271809
228.1533903713571
262.8633711085422
229.7632408653153
236.04759273538366
215.18929036299232
246.9482933791587
201.01455748232547
251.68530215788633
240.4940838291077
249.81914296455216
228.58778753178194
284.1528511592187
227.29193208517972
235.23311119480059
273.2151434683474
225.0098013378447
231.53984510409646
259.02077839593403
231.83777190663386
238.62851634668186
221.82227220758796
250.49931362713687
223.333035577205
266.8960717924638
235.8709129220806
268.620472751325
256.9597349213436
250.69449579669163
251.75560583383776
206.87816761864815
246.6900519792689
263.32258838554844
250.98175644350704
265.51580728730187
248.51940325356554
253.58749406109564
250.50880622689147
196.22993865073659
229.22074535570573
220.58113811642397
225.4295033115195
215.89242093858775
233.14315047615673
228.21055912936572
218.91077272512484
209.63870954117738
241.4383469063323
241.5078775853617
218.71629539027344
235.74975817045197
193.03621105500497
242.71911330881994
250.82429088675417
226.8563724406995
246.15730312257074
231.50665825756732
202.41133491438814
282.5619543334469
203.76791625504848
264.8722579313908
223.62425031827297
213.51875873981044
248.29449983860832
226.82166476291604
232.3541796801146
247.5311684741173
249.676575174788
228.95335765043274
263.88796480873134
215.09656463598367
212.2957862567855
230.46575504168868
245.59930769668426
221.7729848412564
219.51610951533075
218.6436222498305
243.25068544130772
239.73570286284667
254.02495537418872
250.7352512468351
245.57680636353325
213.6963843415724
246.36981641547754
247.63974004925694
228.42209571250714
233.75908584566787
216.68233703193255
207.53768067026976
215.08718433626927
243.39286633534357
205.13318924827036
230.00648564239964
234.93888960650656
249.99987923935987
231.42300799069926
268.6992051722482
243.40114223200362
212.34917902341112
276.23193471040577
236.44443099177442
224.48736927157734
223.2887758340221
233.6145865537692
230.54144766530953
222.40875656157732
234.1929301948985
226.75674866011832
218.41993632551748
252.70076923479792
228.09140171541367
241.57676793111023
245.27607752243057
239.10229726182297
231.78692995361052
236.5363013120368
226.5741652653087
256.6509286132641
296.87765989801846
268.3393439759966
244.90601449785754
230.73936259676702
223.6759660973912
263.3919110831339
235.76309423882049
209.89984091289807
236.66383536800276
230.32484382030088
220.54696729418356
222.86755853157956
213.50615083565935
212.5398281282978
255.04249656375032
247.37394862726796
219.30125258560292
257.1725558768958
240.79566430603154
251.22849182970822
224.4192991927266
267.7402014420368
235.69762216496747
219.98157660814468
238.14331092697103
259.4923534410773
257.56471653375775
259.424348679604
259.976705163368
229.20856523059774
231.35754661890678
222.60649463476148
211.27453887928277
207.71513409004547
251.23318899667356
218.05826587905176
232.1537436915096
248.41857504297514
249.34658480843063
232.82412045332603
224.3524988887366
244.6731158234179
230.37830966128968
272.73280189197976
255.99839709419757
231.0943079846911
225.0462216726737
222.02886080637109
269.77762699930463
199.76055949472357
216.46584618731868
243.05947913241107
233.56725827301852
263.92151808796916
231.46936470281798
247.26633912534453
244.63274084590375
243.38841440121178
256.08447963010985
224.46697556530125
195.28518772043753
222.76620690419804
233.71339358144905
232.81350349762943
241.57341595424805
205.49863187479787
234.54895143792965
235.00082724285312
226.78505976800807
248.69898074527737
235.07740312383976
222.73490324104205
235.00638518168125
215.3800854126457
268.53750174713787
248.24511260481086
250.87384115206078
239.20258183497936
265.00993604620453
297.2650081028696
258.7226174819516
222.88136462226976
270.8361531186383
213.7418421099428
240.06489952886477
257.8732700648252
239.0130659872666
247.22738864284474
271.87054374825675
217.4512297558831
258.7661789000267
239.2395165457856
210.99092402949464
230.90908710099757
246.66967458254658
235.4423953949008
258.28509324253537
217.02048395352904
227.28797528834548
261.08938186161686
236.58786046446767
277.3984090606682
259.53222325094976
259.24978794448543
212.7412569182925
212.08189540042076
228.71037837909535
279.10460012208205
224.89473637042101
256.3588244743878
231.05013913486619
300.1511737217661
248.52565419476014
243.34156932891347
275.1582279514987
244.3702087344136
222.36241617728956
233.6829917251598
258.08393720025197
253.11721033789217
237.32225311524235
238.4563478846103
247.5732469863724
238.1739296943415
225.4318282743916
249.9999906963203
250.38252540817484
234.51068905729335
225.47757352993358
237.0398712590104
245.45730401668698
230.0272343531251
262.6237021369161
236.33294265298173
205.21345474838745
232.43295205943286
211.88106187595986
234.75648420478683
238.9266497779172
240.5740386750549
219.80762192897964
271.24765288003255
251.68619287852198
227.56189981289208
248.86490799521562
225.01393505511805
214.61389790999237
249.69054701679852
214.73762362636626
254.144542754977
242.70309801970143
264.56688901619054
238.06690626800992
246.00070286076516
226.81125779042486
254.27431612834334
220.5544186226325
221.56434348598123
236.65424096887
217.2801724106539
247.88004095025826
241.64621186780278
218.20633084513247
236.9481407359708
204.32419573445804
209.4412358785048
239.5792862047674
255.91552293952554
241.20866010105237
262.95873946719803
227.8933795116609
233.04563187481835
242.9374480721308
259.8864257176174
219.21848817623686
223.22642300312873
230.1705439608777
222.6031645119656
240.12619016051758
254.35382151021622
223.27505373768508
258.4848893034505
241.59123492834624
262.5545180437621
240.9464859481668
236.25174852577038
236.46486553747673
233.2782955862349
296.06572227494325
250.4930821226444
251.56703060795553
255.00147526117507
240.92154943116475
279.22250837937463
243.5843179130461
224.73339952994138
248.12801994080655
253.81239276693668
224.8736575343646
260.42532167513855
246.32560650503729
232.5157575092744
249.5905388664687
221.46222831844352
233.49559864844196
261.12194302736316
238.25955398427323
276.0558963562362
238.58364516566508
221.66757577937096
224.68143435241655
208.3726086348761
239.77612918789964
250.00039905589074
254.773043003981
223.31512294407003
240.18669392925221
228.9459177411627
219.3672195271356
218.39853714127094
212.37743239162955
221.27888981765136
223.4048339757137
229.02415613969788
261.25647290679626
236.6733939270489
224.59754300734494
238.67854414670728
218.3802706898423
239.79183229256887
246.94443652546033
252.499648087658
245.48827524483204
206.16394195891917
198.5307886642404
249.32238719728775
237.7099016654538
225.43619427154772
213.40664556703996
271.41336486733053
256.7987169797998
234.0485747025814
280.68558212241624
236.01731131924316
264.149422824732
213.94301167875528
245.42872594238725
236.53352369763888
258.4659241157351
228.35911922925152
258.7721828412032
238.8372774553718
258.65677187929396
248.0259918688098
243.88142002455425
249.07798914855812
275.1603354192339
257.40595025313087
213.95298975729384
228.89866358879954
227.4171005062526
223.9923651824938
211.8528591976501
258.04662956960965
262.10208177915774
261.08055933378637
252.11721820908133
254.4162686757045
226.0599960546242
224.28150418784935
230.94046449032612
243.08848948054947
217.39933538157493
266.43514269404113
244.73506528150756
223.0659172377782
228.8136568472255
253.74631468113512
235.96121839096304
233.86485535441898
218.10884096566588
248.9399830851471
259.3102351205889
212.03627125453204
247.17411560832988
232.13739911990706
225.74209781945683
264.1682858755812
259.85276454198174
269.61660806974396
234.36081566428766
232.65887619822752
247.60394165106118
264.308170095901
218.1309307294432
230.6458330444293
245.70409768493846
233.58063018589746
240.05896830454003
255.00277261517476
214.55186599842273
227.0557729501743
231.65285050217062
250.5680528981611
220.4367062507663
223.6235563234659
267.48644443275407
220.02033369999845
224.2965215613367
265.9266803103965
223.28852291766088
233.50775191676803
225.11663243488874
213.2757047606865
230.1469195090467
244.5512770296773
235.61444687470794
257.5537293293746
253.2356528339442
234.8359176745871
241.66328447428532
230.19739252037834
263.52596556558274
237.61904665222391
251.63477282575332
208.43752262974158
224.12143348669633
224.86745775409508
247.8634456055006
230.88373452657834
243.2004761681892
235.1948311731685
230.03432139439974
272.9180818492314
247.85668316145893
224.14978820830584
242.73482077557128
221.06993425113615
228.0801827274263
224.1025044650305
235.82808168698102
218.56835385330487
229.01794830313884
252.2285884746816
212.36583769414574
264.36321614007466
242.2066714760149
258.1088103898801
206.08852087741252
250.96435877517797
250.55713838431984
224.68065774836577
228.03955928399228
245.61237593227997
257.60451529885177
243.00240359839518
281.8811596715823
245.0154559595976
249.9174801656045
227.3950811829418
271.68472123600077
222.7892502680188
223.03535548166838
243.95918339921627
204.79986669344362
218.24096550350077
202.80557869828772
269.6464812317863
214.75039740558714
250.2610165742226
244.25375137769151
237.63612269039731
224.61240131000523
242.4982247594744
236.92811214597896
216.06464069348294
261.3367898102151
228.6229579007486
210.31450943392701
266.5607863753103
259.47818686731625
269.3915513140382
241.95386519958265
229.65203851647675
258.13748327922076
243.64296509022824
227.9786603321554
234.9999693648424
218.60014326439705
255.27550780400634
227.59548326872755
253.54723927471787
226.70599619601853
223.39155262860004
269.5786623725435
240.37525132426526
234.28303548507392
241.6359362892108
221.42915355798323
259.4445680771023
224.4743234475609
230.60232250671834
268.7395770739531
243.3677975636674
241.93171921849716
222.73800226615276
218.00073180231266
260.2622340332018
271.6113980165683
241.85070598963648
229.82522045157384
207.1911068285117
271.9617043349426
239.4840108626522
226.3290673031006
256.8799743737327
247.75604452029802
254.86912314069923
260.7559317816049
255.66436091822106
285.5253896113718
223.721510043717
220.5463190516457
272.08943384175655
249.30681885813829
230.3322495764587
236.7017458481714
240.14915753353853
241.53383201907855
259.70269837323576
246.70770425570663
267.8295219624415
239.572375837015
229.26625674730167
236.1976896461565
217.70187737047672
224.36145831819158
247.42327468353324
252.51210924971383
243.78852081717923
217.54494168027304
242.10951733938418
241.9777210864704
288.68881829688326
262.4551301517058
225.21020697976928
257.17826798697934
223.9684422436403
265.3900468631182
219.00717028148938
222.56871917378157
219.5834385510534
240.30184170638677
256.07662719581276
238.90262157958932
222.08581715926994
250.04882470401935
259.9814257918624
251.05115185678005
233.47733432857785
217.9504010884557
223.287456758786
242.16386790852994
233.79139385558665
248.85512675647624
245.52908332413062
236.99026329815388
234.41036372969393
260.1463158035185
205.026082326076
263.3744606230175
208.45214709662832
281.9283158389153
220.33883589156903
231.76334823772777
250.10337529459503
250.31111715442967
260.02105850121006
236.8484410525998
259.73603020980954
221.88027067272924
235.65385359572247
265.97502506361343
235.23564326413907
285.5513326805085
283.42496656556614
243.63622447289526
233.2236250473652
228.81209968717303
238.25796727114357
234.23217544099316
248.10636542073917
240.87187081575394
227.10626209620386
231.53213763574604
224.26484961796086
240.9481612968957
242.14681017992552
246.37639924895484
251.8265151482774
250.95268943323754
241.66857438231818
214.04860823671333
240.5243574087508
243.7707126759924
233.78548863588367
207.26019218354486
233.35039505304303
271.715644959826
213.9786525653908
256.3235437227413
223.76318515092134
242.63823429425247
255.75953202159144
229.16454315080773
226.2031326966826
220.78401624818798
223.1037093756022
245.33003422408365
232.79468208283652
254.62306692427956
282.6756788858911
258.5549554064637
216.49223078251816
230.0474627277581
214.2256104358239
224.05692099500448
239.08425563492347
243.11014031036757
256.8514479212463
239.89973909512628
234.7751099264715
247.05003702198155
244.44263977115043
270.0489214574918
227.82079481182154
284.6981893519405
249.79655859945342
228.88102111278567
221.77521681273356
228.31655658001546
267.3683544679079
237.37171367532574
253.413316768012
219.84238890302368
223.84346198267303
225.036910363473
257.6825958570698
212.4637970882468
295.5292990282178
252.8086205322761
254.559626116883
261.7459708090173
206.56746850116178
245.1704422926996
260.73967602290213
232.64846338902134
244.92115627974272
290.1856857826933
246.6429592166096
257.3817841151031
238.2759170900099
300.91303524398245
209.60900779801887
247.03370399260893
217.82700919546187
251.9286306045251
232.55441027262714
259.28156497050077
226.6131083392538
235.18624841922428
252.64476442942396
235.1371810232522
198.3114831536077
245.2766204274958
249.6399956534151
253.92304500739556
241.2389813796617
255.06776990310755
232.64504370256327
208.55388915515505
196.76942296593916
247.586321442388
228.34445848828182
216.35096086049452
254.04952801344916
225.62191880424507
233.76920790493023
220.96171600115485
213.4520342341857
238.4727713598404
274.7334106648341
223.70370741270017
230.0329870962305
250.38483125064522
229.98862252314575
232.14227946929168
210.3392606579
251.52486783929635
222.34673422051128
233.72688989911694
222.11042585643008
246.09124660294037
204.95970267511439
215.92901386111043
224.4549238086911
224.66516025469173
224.25484665832482
247.96266650105827
238.8268140265718
268.6915397125995
259.6775582417613
251.4681761302054
257.95526907918975
234.4631621988956
219.42472142761108
262.98264301673044
260.10212041204795
266.47481903550215
192.35942883475218
240.6770988543285
230.2564020451391
217.447321689222
195.8125632936135
233.49289634870365
236.62505629076622
247.91222251649015
230.92839313531294
254.83098146424163
236.1297577068908
238.29078598017804
208.785681285779
226.66399998404086
254.1704002628103
247.3075956456596
236.7460106968647
231.70460320927668
241.12509131617844
234.65468119224533
204.1585529082222
265.9479301328538
228.18553965038154
261.3503173579229
218.03394218115136
239.89473338716198
213.70184764417354
235.28232912928797
250.877069828799
211.8482661092421
255.46363718784414
237.0097551572835
252.9207950112177
223.44933404470794
256.5167051476892
275.27725760266185
248.19109544460662
213.9139574720757
218.58437242847867
241.93417633278295
255.63539828441571
253.87367764371447
235.57297933497466
235.11188102792948
256.8166391556151
264.4380676066503
229.02169098437298
216.08235586225055
192.88424042146653
218.32125370542053
207.04425542696845
224.75549624697305
242.27965430892073
248.55970546160825
235.3430861395318
241.0664772426244
219.097415484488
232.23360374046024
249.08973510097712
234.21152492787223
257.99220686918125
271.57707009091973
220.75635779672302
234.40083955437876
240.26143279799726
238.36071804375388
240.0838680131128
212.79968577355612
245.18513750727288
251.32144807022996
220.91207956988364
237.5568247726187
213.6854172470048
243.3748729644576
237.9195146341808
247.7859124869574
239.049626494525
216.25673112471122
260.6296920296736
226.43262680538464
223.41285430360585
242.26948497490957
252.81686067197006
222.65409730514511
220.6510538890725
230.27295491751283
234.77326963411178
259.4763510370394
237.97299095871858
209.01819517207332
234.74354112730362
242.10894764913246
210.59650539013091
232.1593624445377
240.1348454238614
220.31260564830154
238.69373701058794
256.0358220136259
225.55269179563038
208.1878747595474
229.27905623137485
207.17076507327147
226.3982245484367
239.05808330874424
251.85857123101596
253.67464096157346
254.4489531336585
223.35937494551763
249.27038005413488
239.09316362149548
237.9639517486794
223.60499559924938
232.66530969750602
238.78105213155504
249.84104666067287
243.16941401117947
249.1241573606385
222.62068691139575
229.0227408350911
218.9678323335247
245.8666002630489
251.90197308012284
234.70522870880086
254.42450390732847
216.45333906146698
232.4867454173509
230.58753272274043
223.348033852526
275.1378920801217
236.95012093766127
264.43028971448075
227.56171986355912
221.26411501388066
239.10702927596867
217.95483091450296
232.0904271248728
205.0585553505225
223.1040780224139
245.33587682677899
258.5364018314285
211.03418201743625
250.4840095276013
280.51590724801645
274.6528061244171
224.36889309820253
209.70271296740975
217.1519269098062
244.81924145005178
231.31564166629687
253.65468393289484
230.03551003197208
237.66686990228482
261.9188728281297
243.71215702604968
255.25797192240134
229.72013505978975
260.89786519494373
235.5982221874874
222.31268845440354
245.22800592065323
238.5634832388023
230.92610495258123
221.76943811867386
269.14174332888797
207.0863128962228
256.7788667117711
256.96820570901036
228.7183727110969
247.76640500547364
249.76452667731792
242.8225715747103
230.6417966891313
211.86506350152194
213.97595375182573
239.75377330102492
254.66564293100964
253.5087423363002
247.93168489693198
232.070092821843
225.9414051278727
216.11055215762462
259.39309273369145
255.288165367092
225.29969201260246
244.70936109521426
241.8450245077256
247.90047489723656
226.8862942145206
242.34938709426206
262.61559249449056
280.9179151566932
255.6715572316898
259.94632251933217
231.69539114274085
235.55748976336326
256.7977645518258
224.87880570371635
226.65557189309038
240.13768624339718
243.8031123103574
255.96491121395957
238.908474787022
228.3579883860657
204.85902831552085
231.31007277255412
229.00881055754144
243.74500871810596
213.3845495923888
214.8525571617065
249.97493745572865
239.02904219704214
254.5825144315604
233.32157118071336
260.5734494647477
220.40420162444934
222.66290723450948
246.90441035374533
225.83497168356553
283.8527517572511
261.046682806802
222.44823831680696
240.24539860209916
257.62794176477473
245.33984556910582
231.51242864329834
217.55923135729972
237.80468097596895
255.75522515294142
216.08055260358378
228.52812014194205
239.09727776411455
242.78915143408813
235.566917147371
239.2835677319672
259.9595253292937
273.1051718656672
235.2347293383209
255.858361669234
228.14531839312986
259.03716676007025
227.58497104223352
258.52130072331056
264.24627946247347
259.6145849805325
237.5054272110574
231.54706456360873
230.2966833494138
225.1877141156001
222.6358300462598
277.8859808057314
227.65107330970932
280.95410156971775
251.33873545820825
256.96541498345323
269.28121363697574
248.91002766147722
203.9376831779955
224.02717623172794
214.63522350450512
235.72928669454996
244.05537280382123
236.32851736992598
221.37055510422215
243.30638337356504
246.69519254239276
250.25358226976823
223.2739202878438
240.25515348638874
245.64217464183457
247.23398428061046
230.65030586719513
226.85685092478525
244.52111319836695
226.32891316793393
224.51488657365553
232.81093535129912
213.39290676137898
233.1942441497231
202.38869164255448
233.8167662237538
211.71718090679497
229.77288545842748
208.0859708756907
220.18015772977378
225.96528585802298
266.621972096269
264.67479326797184
241.89069677621592
231.42905575199984
202.59492985031102
258.878383888863
247.80805907398462
249.0010178546654
220.16355280415155
203.696997556719
244.18239910155535
259.46117384685203
229.82703259354457
222.3372622440802
214.5898883572081
234.21036384417675
260.3735235077329
237.46182768431026
234.46934071544092
223.35171598859597
231.7033384636743
257.4281506538391
206.99822088924702
245.40108447207604
261.6392133005429
237.0447084356565
217.8188496013172
246.34362170426175
243.29747212154325
233.04518223460764
229.64702934736852
234.463783270563
233.25277212494984
226.3723965586396
229.97480332804844
243.34333069901913
235.9024310031673
269.4405835509533
199.5555447357474
239.69247281982098
271.4253508511465
225.54543320159428
261.0220763819525
276.1346652357606
280.0406208453933
243.65791313862428
264.0160815329291
261.0650842853356
227.3835712716682
203.5682782912627
246.9545632910449
225.50528084510006
246.1751406278927
231.97679384995718
230.27324169746134
233.226445428445
237.10259009280708
243.6238436740823
269.1998864788329
251.14581237279344
232.5400189330103
235.51925671391655
230.9819289793959
236.57024125789758
213.44967193971388
264.0752534158528
231.30408810439985
234.52735519502312
270.2226356861647
261.1394313626224
248.22072055388708
245.04781919147354
226.4876841052901
233.58990468049888
231.51842159649823
242.78004745126236
232.12263104319572
235.63039628055412
251.8828252342064
230.9795146760298
241.86630245228298
262.810928536579
229.79067385790404
232.0312189203687
272.5632583623519
228.81617225671653
237.79998145310674
231.63105869898573
257.79684133129194
203.86110267811455
234.69382948754355
236.8461174700642
229.26556943415198
238.1832579150796
240.1057341833366
222.41103861737065
236.62363411916886
253.89479844283778
247.59547541721258
239.76710025442299
233.93501013424248
208.9884567228146
226.1038411515765
216.19719367078505
240.47296635247767
251.77182648528833
241.19867803156376
236.4212187322555
228.06828717887402
261.2998188440688
230.93545050057583
232.76508436584845
216.38403884985019
229.6380056362832
250.39707129693124
239.37934940948617
241.7006093802629
244.05572683748323
243.15004888700787
228.42874112038407
243.3283338060137
228.96333057561424
255.4495749786729
229.3075584388571
267.5258644357091
266.99878416291904
224.6838480514707
241.361128499615
214.32929522974882
243.13814702699892
222.24997142504435
258.70320103433914
242.08004186768085
227.20350508601405
222.40635521837976
266.07625573535915
230.5287240362959
232.77420375321526
219.75575339444913
219.9452815958066
252.75364258722402
239.15013000776526
239.19763372454327
225.09283116296865
229.80514423770364
261.56750835315324
228.53053064632695
245.32971616624855
218.1942371840123
226.51781797676813
252.57241279038135
261.7682350289542
222.274529134389
253.31279520120006
241.7814750551479
292.2128152352525
249.41750423947815
252.44432637479622
242.19171652197838
232.65554996707942
264.36985359143
250.41551355062984
218.3369196151616
212.08241203834768
259.11368362628855
239.42480208037887
244.38135366304778
232.22017635405064
220.93463160295505
224.4406599686481
247.61339014943223
230.13510545447934
242.69786159077194
252.32296643487643
240.5892103026854
220.5256205194164
236.73415262170602
245.12729319185019
242.8160385801457
232.4925945714349
265.7829098349903
241.7811202830635
264.9460383421974
222.9761924771592
217.52140231325757
263.77188016311266
242.75773623085115
219.63050446868874
245.058266839711
244.86281334923115
205.480290851905
226.79754358937498
244.44944782392122
227.02115886064712
243.02463381178677
280.76445499272086
261.6983038057806
248.70336121460423
246.13054714153986
242.47776187339332
235.26934102224186
240.3222587571945
218.79118318890687
199.02028996567242
228.39867060119286
243.63275450631045
258.9517721721204
233.30316291726194
234.29168122261763
236.6775062198285
214.49447014392354
234.1467998365406
253.120348689612
262.23665667290334
260.88878155639395
234.0672397185117
248.14545245387126
264.10291920031887
256.4698400882771
241.15932156390045
236.55029481765814
213.06439488648903
250.53939837426879
272.0107530152891
240.95503664028365
251.87271121854428
230.9348256312078
221.38236688508186
225.26387998496648
291.6223839635495
270.5723440485308
240.52620730130002
225.62800760404207
228.75149099621922
225.3980533136055
232.79449123621453
257.33110975206364
270.8862341013737
259.7609900436364
207.9019192396663
251.8288811200764
236.56422865542118
233.4034355734475
212.59869150421582
225.23935646214522
258.3866086753551
248.2095322391251
248.8337913186988
245.16787810157984
259.2559784578625
233.0761673822999
249.76473718928173
239.53946430748329
253.17546736716758
268.68733758456074
264.73774989368394
244.81823194294702
231.04940806678496
211.27427420357708
256.9753222629661
220.58439410780556
239.54465779173188
260.06772624887526
238.10833536915015
219.03991321707144
245.5754208023427
227.43197444046382
261.5325917742448
247.4410702791065
236.21817977074534
250.48304188856855
242.39758472703397
262.30433596274815
258.1637428541435
272.450392331928
236.7970773645211
251.08640037453733
