271.3002576530789
271.3005532914167
271.30073752530916
271.3008502324574
271.3009181841853
271.3009586666549
271.30098255217945
271.3009965247111
271.30100464345196
271.3010093270377
271.30101201651087
271.30101355222996
271.3010144264281
271.30101492218637
271.3010151998369
271.30101535790527
271.3010154403928
271.30101549848587
271.30101552025553
271.3010155361517
271.30101554409885
271.30101554668545
271.30101555301735
271.30101555354304
271.30101555457986
271.30101555544024
271.3010155551601
271.30101555253714
271.30101555622423
271.30101555479814
271.30101555686815
271.3010155523334
271.30101555573674
271.30101555540205
271.3010155564807
271.3010155542579
271.3010155541033
271.30101555513465
271.3010155568263
271.3010155520569
271.30101555268084
271.30101555263354
271.3010155573502
271.30101555538204
271.30101555376314
271.30101555608053
271.3010155540578
271.30101555540386
271.3010155556876
271.3010155555967
271.301015554247
271.30101555454166
271.30101555428337
271.30101555817237
271.3010155548691
