289.76362410449474
289.7636257713184
289.7638025949818
289.76355053209045
289.7635848208365
289.7635824900717
289.76376464963505
289.76363378997576
289.76354742035437
289.7637650431825
289.763618139571
289.7636354132119
289.76362870940466
289.76353462924635
289.7637580548162
289.7636322359831
289.76353471398215
289.7637630091667
289.76361752114826
289.76364727765576
289.7636197292286
289.7637780133846
289.76357218650446
289.76383532488217
289.7635530792668
289.7637745075135
289.76361493136574
289.76378237573044
289.76346595171344
289.7636494634644
289.7636141158291
289.76364125469627
289.7636177130007
289.76375296212245
289.7636311557708
289.7635282414358
289.7637483301114
289.76363517555365
289.76354876432015
289.7637827596882
289.7635764195511
289.7638463323419
289.76353571101936
289.7637858064809
289.7635454392075
289.76355495708776
289.76377429772765
289.76361694852676
289.76378158991065
289.763532234203
