162.98463131356857
162.98461635371496
162.98460263304514
162.98459025689317
162.98457913672792
162.9845686236731
162.98455944215584
162.9845510002442
162.9845435088573
162.9847481141951
162.98460500545752
162.98472297519038
162.98459778085453
162.98470951570016
162.98459136935708
162.984699441874
162.9847980446375
162.984782446174
162.98478101332785
162.98477840058058
162.98477620620724
162.984774537681
162.98477258499588
162.98477123285556
162.98476997092075
162.98476887450306
162.98476780814963
162.98476682400724
162.98476635395673
162.9847654158275
162.9847648948944
162.98476456710887
162.98476386994844
162.98476361672147
162.9847632070996
162.98476289372593
162.98476267907427
162.98476276406473
162.98476230652523
162.98476203508108
162.98476191205373
162.98476176838994
162.98476139972445
162.9847615239505
162.98476152114745
162.9847614568589
162.98476138681508
162.9847610622346
162.98476119760562
162.98476120960186
162.9847611187961
162.98476119826228
162.9847611986006
162.98476078170825
162.98476129351002
162.98476087806557
162.98476087103518
162.9847608286782
162.9847609942699
162.98476116278835
162.98476078753993
162.98476088350435
162.98476066337207
162.98476107197712
162.98476088000643
162.98476075232247
162.98476078925887
162.98476088181815
162.9847607970696
162.98476058968845
162.9847608160817
162.98476087479867
162.9847609401586
162.98476093664794
162.98476069414755
162.98476067017327
162.98476085532457
162.98476088664393
162.9847606807307
162.98476086951996
162.9847609826611
162.9847607017182
162.9847609151766
162.9847608914788
162.98476076610314
162.98476077804662
162.98476075061262
162.9847607400552
162.9847609016615
162.9847609411372
162.98476055704305
