175.80159573641504
175.80161258635871
175.80162799393293
175.8016406957322
175.80165105540163
175.80166028079657
175.8016678726026
175.80167409917976
175.80167985258413
175.8016845794209
175.80168853768555
175.8016912951498
175.8016943411394
175.80169665382982
175.80169891848163
175.80170042245481
175.80170217722025
175.8017027867263
175.80170453695973
175.8017045038232
175.8017060665552
175.8017062865929
175.8017065560307
175.8017081998678
175.8017079209003
175.80170803868896
175.80170905934392
175.801708227189
175.80170929120504
175.80170916194038
175.8017089632449
175.8017090882331
175.80170937551156
175.80170945734608
175.80170970932159
175.8017099558383
175.80170923370497
175.8017099094941
175.80170972899032
175.8017090464291
175.8017097986194
175.80171003605756
175.801709356414
175.8017096624826
175.80170989483122
175.80170990010447
175.80170951147738
175.80170991378873
175.80170973181885
175.8017101623136
175.80170947949046
175.80170964621175
175.80170979202376
175.80170975644796
175.80170950042157
175.80170994096443
175.80170992040075
175.8017096857002
175.80171001759118
175.80170955107496
175.80171004656586
175.80170968895982
175.80170994530454
175.80170998548965
175.8017099136814
175.80171014112057
175.80170953718698
175.80171024840092
175.8017099143326
175.80170996889137
175.80171048346165
175.80170978893148
175.80170943310077
175.8017099352037
175.80170982923664
175.8017098682467
175.8017096463227
175.80170953908964
175.80170992643616
175.8017099878707
175.80170954391724
175.80171008012985
175.80171024286756
175.80170967082086
