309.6749356664721
276.99717495069393
248.19067674074734
259.0368519961959
249.46809082376103
250.17991182893866
269.6600251869161
254.90410044104624
255.23319408103725
263.93740876759966
256.8045908888821
255.03979747013773
239.43666643059578
270.328597873146
262.91865045915756
253.41382640726397
270.8066151936382
261.58847079310544
232.85803797816516
253.41471988994817
247.50174174749463
272.2466198795628
252.28059426685468
291.5338407986228
278.43522800750816
258.06005729580284
245.01589949462232
275.7443595153263
270.22038829787743
263.1409371378513
275.38308913368473
289.49989835452925
251.53694320714203
255.48905836830272
258.17635055805476
268.168911867464
256.3561261503273
286.2650294142459
261.0435536244604
261.43523651372743
266.9867545991183
265.6728040052294
270.7489977839432
263.4977652783182
250.982295669799
241.5338678493772
244.76903079894691
247.47145664524942
258.6664213140466
223.74442953402286
244.36716320271444
265.64441736439585
263.69521572059057
261.8018812755781
255.73014366905772
261.9176121714863
248.84330349556149
219.15069855188085
236.26906426317328
230.99231735901958
262.8753117741344
268.5157226390529
262.2566148806163
257.77032319147474
253.06244647941276
265.10458784205184
256.2720406049739
262.57029125725603
270.10062314987954
256.9498213997722
238.8035694885657
237.1967194742283
267.60596492424884
302.2998602487496
279.47997112488883
260.1022530095943
234.21943141058728
265.4160744369692
240.01519871412165
264.67302295785703
260.20407710559084
252.08727237799394
247.87490914307637
240.95281718757906
276.6439415004061
264.39684981666505
256.234531566839
263.78726302133873
250.05075047928403
249.33177686567797
293.88980784076557
222.8768537504111
278.2881033116719
255.36478967186122
257.81990275164935
273.50578268316167
257.6826229240214
248.67737377650337
237.98560735524006
261.52162096034226
250.0978791988491
277.74665317037943
254.18984905730395
234.33778879992315
249.58157512131584
260.75633097631726
266.0961127641349
235.31878579754994
262.5630190555639
261.30780240678723
238.90197524861287
253.0387904198942
225.27407498606772
245.9498572663215
240.61037829416455
278.1445267780982
283.72958885446496
236.8398968444235
256.8371358338227
268.85014617234265
239.97032593779295
254.99067383779402
286.1113662563803
234.26576291418314
237.20853132050252
266.0672445301316
248.74151276926204
262.44064495893326
281.1408343685034
234.3151230759977
289.2319596096859
241.6425539336051
239.29591165423335
248.36742556021636
279.64580661307264
265.9500024331646
267.6123055840362
272.3586917570865
277.48775986562396
244.51170022210135
245.10773079522187
268.59716293589736
235.81861263359315
256.9177882360018
244.5163221306575
308.30650661986147
284.904003515745
251.82575778788305
251.02135606268712
270.30537945357355
257.0335542728353
269.76190486894484
268.1542928426861
250.37987075142883
254.30096949431027
264.39614708028967
272.822489540893
265.1209784796083
283.07113598529395
241.63880043027893
274.3247129849333
250.6264850125881
243.72637488455803
226.08350713423715
249.10618871313636
241.2559440608311
246.53031018890033
253.22563393857854
247.52300238579483
236.3877264959301
259.574964086969
260.35142243244627
279.58695883684413
250.77992451804312
267.46261174765823
250.67328955711127
248.53675064034906
259.57196714319434
284.6751485176428
257.9508107596848
256.7165859244051
249.87116666406655
269.25594824081054
258.89239915787766
249.975463098388
279.68752666626096
255.33978158936225
265.4206689792409
265.1531915876112
270.8550382035828
258.7088865609476
262.0967845614141
259.8718164886741
253.02966933791322
250.23277192420937
247.6222172468115
269.99693893867516
232.9179980359986
271.70544543710275
281.47410178418795
288.3951104296648
249.78464206952776
245.47391925691045
264.53536061598425
261.92068255374033
266.863319110249
251.75952346831036
265.0686407959656
241.7732992311503
250.55333740993956
255.02968699493795
236.45854360035446
255.05637795605435
253.63680198168004
248.50717871853703
255.5194701303335
264.3490661135802
288.4260280804883
257.4581712936051
246.89268072460254
264.53470059571555
256.4594412706065
246.71297223585134
274.29475597845885
276.0658300885043
247.48392779102142
248.41605713258468
289.33659969310247
253.51096354224865
246.06399927321036
264.14195528240816
234.0519191784624
235.45845656547317
263.81830501090735
270.2225644815844
237.81769552086917
255.4303966577063
255.8462461899253
225.2365837379475
252.3310263972162
256.6025840222792
260.87498355673597
258.1091556563624
234.99463954913517
293.6315246309023
233.41275826770288
273.8780542425884
256.541045953476
257.6037449039213
250.09254875465558
247.9506191196051
248.12748367419408
260.67439684797864
238.8866906497642
258.0106075322765
270.7920533194847
276.24447532311024
260.01491576086846
244.89376501599327
260.5213384290255
243.57032598057413
238.76326592135592
258.91674763170886
270.8537586048478
288.18734067084733
269.81844334503694
229.904312936138
262.02821627727826
250.1893569007225
271.3579219441017
260.53648822705145
259.3945659920573
252.10554463956214
269.93013401502685
248.62569152814103
250.24065914942184
233.96368043121765
257.2337252793077
246.56728784942243
266.8999805531639
244.73102782659407
241.62125245538482
246.02244077512296
241.96814958320465
260.33731651197013
261.84692611596256
252.45075441348308
254.49105415740632
249.32385061598325
275.140832416786
279.65939889496076
266.7369389407977
247.6310167449701
243.7282387107989
264.1865689159604
246.76245373989514
244.0742525888054
262.26491520460695
281.87548659575987
268.602588535854
276.60329699075373
266.6332857817906
250.1174536641047
282.77523514626955
274.76856651688286
270.10232764238026
263.1178163587465
284.10086883029726
247.21568530039804
284.98065048546414
275.7818864482542
251.18814979349554
262.7138840394764
253.46079823018226
245.35886441235198
251.09847443659964
258.79802213703806
253.83145303546917
252.73645104296156
250.44247821536555
241.50182429046254
262.83295731365797
272.57904064503964
268.70116840227274
259.3434213393339
248.62836647689983
237.02399949244864
262.835480570473
275.462105909799
267.9147409903089
249.56902049017663
280.4777809665393
239.84233285789378
238.70588036357367
275.34793547945446
258.6272988947021
245.64491064535105
246.30661739697098
250.0580240442796
256.50540742136945
272.33135136103374
277.44236674664717
277.34132158147986
270.33471644054225
265.01613722750335
287.19318378272874
274.16101819490723
217.77658271936525
255.7708513521502
291.0798704676563
246.40848930191714
255.37959776732896
272.5042910913762
249.28374713278026
282.42601826733153
274.7097526847938
257.8284284395777
231.48538167169318
286.31344909268955
263.4721314095368
252.02020331461972
275.2856197561632
254.5820644642663
268.93990840166225
231.59420108071936
270.189256603393
279.6535933759005
223.80936743029451
246.79402104463952
235.22047619713703
263.65447869907075
257.64385374796984
258.6784464504017
232.53178169685998
242.39548154655495
243.3579210005846
272.71834738993493
271.70345017683576
258.180819986359
254.29474777118594
245.98977570678107
266.59773835368105
259.66953748784726
255.9951324454014
261.07521341502434
253.53572906687623
250.04021515000204
239.72141856055532
246.4464395116811
295.5782104305399
238.57173835340654
270.7087281942222
277.0224831856467
248.94697064411594
262.6566988704726
256.2606057161029
248.93453483081248
240.45910727919545
270.3706413302425
256.75631865338073
295.8265131806984
247.13572456035763
250.8797076024348
265.4776379619725
245.63201035390375
259.659789321624
255.7288194957655
245.78664703149116
235.39768351252133
246.78356375081057
258.7045169214689
286.146971734619
252.66536142493715
251.46340057288762
242.05749971755722
265.5003233892785
215.0116791358305
257.06147473858437
253.48919045340153
262.3547082842706
254.37219211942283
282.9412493307027
245.39061888448487
261.1830622916459
301.75086272816407
266.46438554205815
251.52451711625326
253.33619663883292
275.6591617308877
256.5945536349609
243.42977764917305
238.47567436346435
221.81962574803038
248.98289197665872
272.32668262926745
260.5686591597041
241.79759424178337
236.38631715721567
262.4315265544283
243.38980937980523
272.27469328109873
246.16757630911889
244.58791175764054
282.7751654674794
261.2987115654396
288.70233289747557
273.82527680795465
270.65918862089165
250.00659916164295
253.32790100471175
240.5564668218285
246.74586807057494
235.76240061163844
262.2980232019909
265.2059229534934
230.91820590662246
252.78782148702885
278.44313463063736
268.86973155908345
256.2666630315507
227.0060751921701
271.79471220524283
241.3573447426461
276.5078791270935
257.5264933591243
237.78932509174047
271.7742905706982
270.2536806597782
251.42956161496113
251.86076207304723
261.49863930656284
276.6214496538887
225.1709275789908
240.92856694439251
269.5285755066143
260.4468902468943
252.14575285937462
238.65007697645342
229.94500508980127
231.14701112509647
243.599379122752
257.1843929566094
267.38096549491456
272.7765854793688
233.42503853098606
266.64314284705324
266.9587234310602
254.6169229022198
237.6654994659184
244.49288890181924
245.44058933807537
252.92144191203988
278.9689950260945
227.78254353138618
246.30185056998744
276.6340673739469
281.08192485805193
261.72475408558967
235.292790074207
236.11632367095444
252.28168993262807
265.2114013749524
236.63545222091489
246.2753115833184
238.50239051711105
261.6406654548773
289.1689947868872
301.0991583528521
253.87932640525105
241.63761097731185
255.30481692179455
255.8333291276067
277.4750734316767
258.7742724605778
247.00749387135147
273.59186763627804
251.21071847932762
227.76996879346552
267.7733735557995
270.79858706565574
254.82340505893808
264.96387526072795
258.87988234867225
239.57592278529773
236.21472632113728
244.7277657642844
238.18275153505965
256.8374020390911
235.02721509791445
267.12500855585677
231.27632972964784
237.02197572338628
250.66127227942343
233.68753080928582
248.91434903856134
315.8196173598117
234.78475883879582
236.97537084345822
263.1190253927489
222.72576378527447
235.19995465662214
261.2368206558458
237.9649622515135
237.8744299301179
258.36666324420366
255.6814322148275
256.23454256443074
291.1714198086702
262.0494699566043
276.9676999266667
262.21674807355157
251.720018185355
251.31005424485193
267.47130987109267
236.13384590501664
269.6550019776332
225.3678797018947
254.71826554328436
262.2143147889001
266.17628402780974
268.9682834034902
249.39615354893613
240.9656754771422
270.98941592648043
235.69461762183346
260.51054485631175
243.48514172065188
268.26970275799977
238.2615627553605
251.26427384733688
247.3938812230772
252.08735955611337
254.82476614386542
251.39792659142404
247.8443859857507
247.05176836648025
250.14210358081618
258.39338469851646
275.51783128775423
243.32260290783597
255.9811043087684
261.46463831028086
251.64341550369863
268.43888230237644
240.29132238344755
260.07698830694426
271.5329124314303
303.68914976733504
242.1975671541004
239.6331003055384
240.36956412892323
239.91166481908294
267.60066864505643
249.98034360265592
233.46698268622276
253.68879453020054
286.9648529722472
259.49798243530677
284.8231485838769
255.5075381398783
241.5832812775334
255.04312726680655
243.3851060209854
281.19206058213604
257.25287218543235
290.75687011666014
260.05194379613386
271.24105444090674
279.00728580736904
265.5853138648963
235.65187424464966
264.423088786687
253.57055030114134
244.81628536144854
236.83737930294592
252.71385129183182
238.52026995184133
263.99594900914235
277.2151313915383
272.70649737719214
243.6367920623452
231.97168276866432
243.89199471162283
244.66187635457027
275.88187926786486
275.70423029508675
274.8874285639322
224.83096952419146
258.77523276177817
236.90687101901858
265.30717611615546
251.42732780092047
236.80317805337836
247.36908937024418
271.40965873768437
250.85548246078542
236.09824694879353
265.49437563412357
278.9146005809016
275.7765330010734
281.34343534341315
268.86225739776273
281.35262204290484
250.66735962411622
264.3757358076691
269.89753531105816
282.53391201785416
236.29822445753962
283.7850430806284
242.71037776677986
256.62883101709303
241.77887754279072
263.14031526478357
225.00277067057323
245.86724006733857
248.10768216763972
264.8217326220474
239.93817497746204
240.80680313310586
231.85643198079197
276.94753049701103
272.17168213109835
267.591813529958
306.54350254224846
273.09811943152454
261.5735614061705
280.59495941502973
288.3202537467587
262.3248625875276
229.5458917861979
252.58961292804452
224.40515639606747
245.50930118071847
270.5842672942672
259.31669472914655
234.38741668884177
240.28249131387565
274.20038186965394
262.96832462362363
266.60613239355735
267.1005283977138
251.35295268171467
271.1915039929736
261.8004560461559
255.4108764253033
281.9140577451326
228.66312612901675
254.81037231668597
254.53175486065447
253.41984908105223
246.82256162445992
259.345284396084
257.60550178866833
260.2486147485033
230.63805786619196
237.92881038642372
242.29883658446488
250.85634564817883
247.17546836542897
286.6913609764015
257.7497531811241
264.59308319046977
260.5512803271413
259.3392619813967
245.67155049473513
260.1567953990598
257.8179870072345
271.7632621197263
264.2665738664218
264.87275985322776
264.2644219727372
274.2770835761039
261.3515753313841
229.61122712003998
238.50612593622645
275.2497011873638
228.70940906641772
261.56704318732955
262.3156564394012
285.6917249961989
239.55854163179174
231.0191656727111
252.45126993572921
283.7331091062224
254.1763107792067
236.8396818463807
274.6082765957981
245.16328797192546
256.69385813205736
286.6336199674697
263.86651037755655
271.6287765603047
245.3663621119049
272.8900491843233
261.2053257090447
250.82297730908613
253.4138555113459
224.69304691476282
266.87079553550575
262.83682483117445
257.9554395971354
239.2651283974119
269.63446953787934
250.0003656980989
252.65854392110487
285.4065648599062
261.47893364119227
274.47670184925664
242.06202172316262
235.10843444563216
235.18868466411368
266.070534491475
263.4636895149015
269.25744141315226
232.02674375125207
287.73654965977767
239.25501965393778
264.9738735727733
273.0445890717383
246.21999549114844
264.3052934832813
276.03434659921913
267.7743018278561
234.78437551792013
242.32942277158145
236.67698811212904
258.49381828299374
256.8983101666963
226.37259588108282
267.4796538838709
274.86253306426806
269.8481058704201
233.8976151451934
242.4606290407246
258.5162268721324
246.30393916912726
251.14815624881885
277.9846160507004
238.74604276413447
284.33671122815576
261.40155963026336
254.93122628665878
281.1675916999229
237.9483508123376
255.57673232723027
252.3720215539215
222.36018490509014
238.44480538970674
251.74392468866426
253.06075019369018
258.2144845617586
259.3116588605917
247.85724943352398
268.02044920949265
276.98685126772034
272.1000200911367
260.874048046564
245.157860058418
238.25899480908993
261.3260570197599
268.1213267064595
261.25307841724134
246.85801195324166
241.35683206893736
244.1141425014357
246.83191466561402
253.46696511478513
252.53291560625075
292.26085116842296
266.7166104707576
253.78154567777528
271.3700411862228
263.97162677539745
229.95952788405702
269.07065721502295
227.4551858214836
259.5771763546509
257.21584611810977
279.67447104954044
247.14889736988698
277.48391678984626
287.26704371429514
250.87035528631532
280.7749380856694
252.0378622993012
267.7815419525432
279.59936771777575
267.96784973997273
275.3178907735273
257.7444732723525
259.2758060981578
259.3297047727683
229.0068030815164
273.04554318645387
256.38125192487496
255.90481553171412
231.50844640992
253.97676736151334
271.67678982930374
268.0242829353374
242.42559518213966
235.54069057447487
258.20090682804585
247.67089092038805
231.19236308068503
267.7129504821205
298.7861341739481
265.3776062526158
237.99351179946098
259.4585005042609
267.8061761580466
250.45957656521932
249.00301548390416
248.54899917080184
242.32464665186126
249.9905854363169
275.32737134207855
263.66257522345404
281.6238306958694
272.76483450765954
245.95143155229744
255.37637527415063
273.84423837141367
266.82476853445405
257.8497504257539
243.88649607577827
270.57900922588306
256.60477244426147
259.7237684590218
262.1310212476528
234.95835204375908
232.8484589868749
269.75362253776984
244.7410802305967
237.30648367328104
235.54372973641148
271.8981957738288
239.1719978475885
253.12793591068476
252.61966441824916
267.2145599220821
265.42095421018894
264.0619469411322
237.55805927090114
265.3902820102812
240.17821547886706
243.9192207545275
263.6701872208214
233.5053422744677
256.9203514979163
271.12325203450746
253.60125745346886
255.04591265536146
296.59447920511593
255.98370808106847
235.5497484378575
241.93940914291306
273.94819148644456
229.01818829667172
245.5650449837558
251.7307375514938
239.05046250403393
263.7362085048517
285.07486721273744
305.5390497870976
271.8837218541303
252.85281720847706
263.4652626971947
249.80182087683352
252.93386369771906
266.6209238342126
259.410952890903
288.925244241429
261.3459674290498
281.40082705311943
247.8312759817054
274.6807521180017
289.32997602425166
249.65845317585627
265.61873169377213
245.64596684771823
227.9559601660003
266.84497563005425
267.0487124767096
238.66376470972318
265.53384009122965
208.33766658150125
237.78593476786045
271.88444392970996
256.81135737980367
252.274927620776
269.9528648516862
247.44177540301462
253.21465539600467
263.0818925379426
239.9340270360699
246.5115505355061
273.1780910023954
258.5654362074565
247.88036962450133
248.89450471190503
273.7847285322496
271.15000861109
273.55464196490357
252.80884234642144
240.75326884858077
247.55742993124295
249.50143687825766
234.43109367982834
257.73919512628345
270.98022194512305
239.5219198128034
251.84392146204482
275.41363789958996
228.03630384270218
294.14542734104907
265.97672128415434
252.14980637247209
252.99989419110352
296.38219493086217
242.86740245381952
270.84157740007504
251.01068838435458
233.3363988774363
223.83033695470658
244.96586510154884
230.7396194956964
273.2871394158865
243.68168845077162
259.7925462743733
257.163504128519
285.22682385134976
318.0330818473012
260.19943645229796
309.23525483178673
256.63232244789833
254.35473738217843
235.02821023055003
275.80575627685175
267.76472687278874
256.71956434770254
251.2192401739012
261.47629913673154
260.0243594868807
262.3638075022027
257.4253933005384
251.92018585684127
261.10003317930386
253.39567194131087
253.17659079338773
242.71996113689966
262.2956325276464
242.36332909253542
305.49019198302994
262.47174968078616
287.8632250658993
258.37409415713046
247.7670288173249
241.05672316148411
255.64491291201557
238.96889322044444
278.9518543515296
292.74677645851625
251.8554033456021
255.7165103375155
261.38967978881556
236.56713276533992
250.18791394025902
262.7486669731152
289.0223453225917
277.34705150433
272.5931665611279
279.9112285939045
257.7509173983708
263.3975700639712
248.15860206494108
283.60715874365997
275.7262882539944
242.4347945728514
242.21710073720897
271.44577960437164
271.040096254088
244.12006003543502
258.8359995893552
251.86597846110817
293.53892771399114
258.35076871328056
241.94479413033696
252.05804320803145
252.00696320831776
265.3302329435828
280.6477906072396
283.0096706864424
238.9966453826637
255.79687440465204
266.72984071064275
261.447827150987
272.9251544259023
280.48180662858067
250.7726022839197
245.88014720549108
225.90853545360733
260.1718987416825
254.80632525368128
262.02049963752506
244.07216123788385
234.91645306069404
274.49830437847413
254.09581743361196
243.91493491921574
257.1326717841439
257.28122160735074
249.15466144739185
264.8061864261981
265.90462392236805
234.24569939967478
239.46920747321565
238.15795618033735
287.9791163732298
242.96410870429827
246.00656257435912
256.7297155201086
244.1184793546563
275.42295201623347
295.17856863344787
272.5761223989539
264.9220957622747
242.45252245716983
248.51864698377904
251.4261008107569
217.42821705254028
271.82513257768005
227.31387603463372
269.41451591433724
233.74147238914156
277.7760297615314
245.16624344507
263.0853266254999
262.9431383823976
223.77041533734882
269.08834008924896
244.90638666169252
251.89118109532865
285.7303368744324
254.30467266630149
252.06678275211016
251.201106301276
251.74335584591608
273.2388752011466
273.5757259312086
293.3805029010982
256.24327211477794
253.30575547832996
245.61769717547577
264.01471273752395
237.70485250937054
269.69164595991606
236.8745920472429
233.637569916551
242.19728489086265
288.3750374712981
246.07850440009497
273.5488761739689
263.6795658196788
240.05963724612957
266.4138709863764
263.2213332634419
274.7900303971837
262.4418050671811
291.17215317464434
249.12598718662048
237.5283398622414
259.2049902419676
237.2556093526655
256.66203634493286
263.7712503870134
290.9891096269712
257.13434320659144
238.81322645803448
224.26528916688403
262.1993157117395
258.93451408372493
285.22591912560165
260.49518174200784
268.96872699219966
255.39465179876424
257.51237439661054
238.15697046299465
261.76448673423147
273.44564839068335
278.23835448315367
248.74783377844142
252.57932652404997
247.33562181063462
249.59200943878386
252.73263619467616
277.81900616380153
260.88396246230695
248.16965311643435
255.19297383946832
261.9367702968302
247.61406358989188
274.18484424741473
275.73171690211166
235.03392649343004
283.4463839531527
262.69041372375796
263.88218457088806
280.32759261428146
228.21312557038618
228.85468631470576
258.77878959366353
258.94697591051226
250.7748388296459
271.9862398819532
257.7837080285535
263.1687667481601
267.68587110569933
257.48173061030684
234.95144434197573
255.60971747437725
285.1386628008331
242.0536835216917
248.6151493207435
255.3344372221036
256.32246686075814
300.27718098810874
246.3039119374589
264.21908019512193
288.99489944434026
251.3011917201802
267.6864414974698
263.1311137940502
254.95727428345708
265.95820220327005
243.53960151050705
225.82282258174382
262.57622895622626
273.5276210590382
249.26381544861943
262.59717093326617
258.81967276340583
257.0379397077486
251.1681753146695
262.665738398151
247.34889448748436
229.86479918577243
232.6346446929383
249.8971855417476
232.3666937276721
256.40084978425875
242.11157606035704
253.4457215051516
263.9690261990763
215.7571102444781
240.3896012592013
248.0683061957243
274.5731669155066
253.44123852066696
246.87912636983674
256.0090556391515
241.9535419572494
258.43658280407544
258.8125827987096
244.62580235436326
279.91826716793
274.24851094855694
240.75649494334357
285.02171658852603
271.85312725784024
267.05388813692844
248.27683924429584
258.1085743152653
277.46633261453826
273.8440411868505
254.20934793382185
238.53722046216717
259.09017064858926
249.9333132993197
237.2970682728337
251.11059350793948
265.6824104982661
253.4919758233009
264.9348302159342
271.8618563564378
273.52292313519865
269.42789674713276
241.12846432288643
250.27803657006007
252.67552136979066
272.6307017087238
264.12475372775225
222.69691913446877
259.1304672108963
258.02407246257644
250.78903373214416
257.23022938513895
282.036721977056
269.77695499308174
241.53137565916404
282.07694380235625
265.86319400940556
300.47248503076844
294.43844160134904
251.64922894199844
237.95983754098415
253.34941433311906
259.92972054344136
252.38126651314087
253.6860490796971
260.196361149312
259.55958845932037
262.77110984624596
262.7663852465921
235.51634763821494
272.8986046166392
268.1604043322732
243.72332661569817
263.38664491532836
249.5344713392551
250.70993468927918
254.72780124814017
226.55874998564832
287.60391293733846
247.66267441009404
293.8208490126417
252.16851617139764
267.0528757501743
251.80538686120417
259.0217775328201
258.317370842502
251.81260297109839
244.59889950457728
305.8498036969104
255.96415460354183
261.81730606692145
282.3514283086988
279.340494178934
232.06804390490288
246.3456433772808
223.2631341521046
253.6558478808729
262.3158340616501
242.9379744353355
263.53495140903397
297.8568320189952
277.4051260726992
278.7834987741662
272.97410784394015
260.57249610562576
263.4497581453761
249.41160999936983
252.76066346064908
283.6971303378814
238.8755010642344
278.5136173777282
263.3324193538283
285.84445544710616
264.991270626022
286.23858471616404
252.48311683390057
229.86935078189708
281.04822317452636
237.11889725137735
243.75649302912643
258.50593175162794
230.1815580309485
228.42199311376316
250.31225005723536
242.51754919590894
219.56423059181543
256.75745720090345
267.8562828741851
243.9979300937266
271.85115625563776
272.544464851846
246.9877548640943
250.94564381998498
255.26541242329404
270.59058728278615
231.6616436272161
273.79344312334433
271.5878759608604
276.9433065778576
238.96060108096572
262.5921126550529
243.27404784411192
257.2855197445606
307.384266410314
277.5360674157273
252.18072558339918
261.0785573957837
238.53391100669978
229.05347595224157
257.20314884220716
242.12028590822592
228.73230355163105
244.89238092611777
252.74508254928514
226.711837500392
266.4207814230467
236.32808796368772
248.45005219063023
249.22286185919074
236.31511814787518
240.2827961363364
249.46690425113775
257.18426180427196
247.54891973477788
276.4461684273556
304.4466832699836
257.9295251388685
278.9396154563292
271.2006346686976
243.7548548116465
299.1954207015806
244.26461879437556
278.5728166362969
277.95768541889265
230.3678440641961
250.74522572691785
232.98670298425714
250.38013308454538
250.76847322063986
268.5427330441307
279.3200754565769
239.68535381928086
253.24335823586443
259.5106650259113
237.16962327295914
241.5201151239453
244.06527193123475
277.4225374327507
248.2399219244253
256.77628742641537
258.57076238648733
232.2015728239785
245.53732271143235
264.3784983162186
229.9119080468663
265.13069110934157
253.1079233410419
287.6214021924534
257.0590317877941
262.3466807400109
247.97268085059477
259.284955229552
262.4412076326553
241.7137019528891
220.46123749617254
270.1306100585498
241.5591116124997
273.60085691709537
244.82624818838667
243.80357238516444
243.93112493824447
240.910397954809
251.5523070053896
275.29113146313466
268.4015727574588
272.61950887425337
263.9162718192092
278.0429989862023
276.7364812468295
280.7208597220597
239.8530504766386
264.2939563379623
289.65613163704984
285.7713815784082
235.86077148170443
242.50786157354014
243.94996042887215
273.6859997785068
265.9868493398535
266.0499874270754
254.2584475489566
252.71106610511197
286.3629085116554
246.87662007380277
243.84152477007592
251.8232605510275
256.4510690936004
242.33175090217264
259.09498221892864
257.42028456693515
275.8732558573829
281.3529256922775
236.89060443459312
252.09643644292373
275.1786753623164
269.2997808124055
251.7982356151333
270.35082412773045
248.73484080750495
271.0802292036824
250.41301812592428
279.2165480629192
269.22652577928966
222.59985522949137
249.27171512751374
260.1913429091219
241.7969493868295
240.90780327800894
251.07982186111622
258.379875914834
279.80858814757084
249.58988403895637
247.19057351798983
245.1430311871227
264.9937899109209
229.59497489518253
285.4432814686443
244.39296113414457
263.5039747908595
289.66507274017204
274.814739701862
268.8900057374267
289.67614446330117
254.56666977214627
246.42445401026634
252.0269218935282
268.21213068877114
253.37160240177764
265.2418183674454
269.86752457986586
275.42607274797047
259.13882258703234
260.97092614567373
249.39019263727823
217.78116840630537
256.0267909063841
229.91747939313063
221.46702300407924
243.5842133036349
254.897076730791
268.3103115800186
237.76180279062828
251.48989196977345
285.21760943206027
259.27813883143244
238.08775084099034
253.76220457901945
242.42591497534886
279.2143869752763
245.83081170218065
252.74045272305375
257.9642163205426
284.7569831383298
269.2554936854867
265.4234454614343
268.69044134253636
233.07582522305893
280.24420215020655
247.55886265746085
253.54406128783012
265.0142422855133
283.11749009019695
239.90010776330018
251.77869308600202
245.72560078604147
274.2327307611122
222.44479166495148
241.62187282298692
250.60090293263784
231.92396041861502
243.76883865875425
313.82462347019464
239.0761291461531
254.48239976970945
244.77534082124475
271.4418811770156
244.2717919423594
275.5932322003064
276.07056146586547
305.56621093995636
256.5791501980857
272.3802388745826
259.34321572451154
298.31300579261733
262.6875703751575
232.68164652760606
249.25151757214917
235.21660284762038
289.2988465859671
254.6826570610865
250.071231762995
291.4308235142962
235.60673916951055
270.03705409914255
267.9316647464293
320.954143150826
255.94119710603263
272.16460173600353
256.36849936505314
291.86607256834395
256.03147079469636
259.9526305256295
271.56281278660754
260.7571131104487
272.9062525363988
250.3943219028297
251.54133007780183
280.4290669016773
241.638391911285
302.5856531681493
258.946511744929
251.31135777832242
247.74240512721008
242.77346334478352
252.00345819129143
254.578507787548
239.61128905165242
249.63772134110332
262.4220177201205
243.10718561778776
247.6391417006962
247.10977566614747
245.54162827052642
254.30871128640138
266.8369450510363
253.6808067484526
248.30431998253334
254.97646508546313
262.9355385773815
268.9368298705667
282.311194901471
245.81281284336
258.51963012869237
243.68050533975475
252.79208155785454
247.44472258118913
270.30696843157057
258.4027516404167
244.10671616421314
254.82121002679924
270.43607740470907
256.9776799499523
259.3450741127599
237.27762440906372
227.9545988891041
256.72391122038243
254.8286973221111
298.7183722356567
266.65692477161065
260.9895209977403
246.94915821874747
255.97711484250613
253.0820811893791
261.22362785349833
300.6821521798847
245.0182270014775
277.48483292013407
275.82025797566166
238.58892501331866
262.25355273962487
234.69299337733537
252.417659804516
282.2782358243712
259.0596291195252
276.4348148149438
237.02761124586686
260.5439498604974
272.29517039697384
275.1111457036459
230.4330244556768
275.15367212548153
290.54286235017935
259.1797690579551
297.1436729913694
261.32339689682703
281.0420242753462
258.75382695620647
249.4927161159576
236.7930491650477
295.98573110817233
260.27939152996987
244.6633398940321
223.39555441070115
249.26134121138602
235.84288759768242
262.3880703498726
270.9140638030367
273.3227591207251
252.53469905472593
261.2699341168045
282.75012871832587
248.48095143254614
279.3234275392024
268.21000081382226
241.80040947021917
248.49842381104827
262.8251819523284
290.07620913744904
236.9351197637734
271.48604804242495
247.48706361232325
269.64914197148755
290.5841974012437
252.95907024742337
263.607849566557
240.94571834692033
278.21822904678993
245.9917741746758
262.9919196528499
245.87815182225313
252.86542442371137
242.44524128717603
254.76369139819872
255.12420624599326
209.15209285641322
262.72954550903523
262.26575012644753
263.23156635352643
248.23413763183635
293.991436530021
227.16076687548775
268.4696215548902
269.0173904078547
244.1230576185044
233.15773274353705
284.169085950125
227.46989198133815
284.82780003291555
273.1475006006658
259.47626709216274
246.87775098229758
227.15451297548134
235.29110631230287
238.44949131197063
245.87935577175813
244.21171697747195
231.13970376661746
267.2654839439201
234.8510945183807
269.54725772707025
243.2710303083877
275.5806628006976
258.82876360358205
278.4230321951909
288.26644556602696
239.23117942211684
249.68762724730186
249.3339689747081
258.3134662088123
257.6698768227361
263.8922347143525
251.5521973928553
249.58175307651982
260.31214119517244
255.58870496146847
256.3732117030886
284.27490671369014
240.3165077714948
280.61152723414125
237.2726397239021
289.6004930782947
255.98020710761193
259.27560752251884
232.1253703352413
272.59575037145987
283.3709249511594
244.0300468862988
263.2777012680308
269.73576636693906
256.4677438053768
255.15389204933308
257.99009802617365
268.6680603324203
258.2949064691202
257.5778401819407
237.93980938504683
244.01644625590416
265.9647514751996
249.28888383239973
273.54427381401183
283.71520297869574
237.19043954624794
231.84945605724351
259.05428085348103
216.21754129894543
270.6041529587819
237.11552481382387
258.1070905562956
235.4663922120817
286.97355175978737
269.1025195886614
237.76862074178644
251.16914600221207
237.34474594698986
256.0949347394053
268.45067851402564
267.2320595383644
224.01509344327496
261.91897015302675
235.57620641356334
258.7660244904109
271.5133692760719
301.67578042915557
269.98114288260695
254.69497293425957
254.4172969921492
247.33195789315505
230.6951008894248
246.67767438857118
250.54287443432258
287.0116487455671
243.5913093095878
255.35316469799727
257.0276331589557
237.98307562153786
238.55829260061728
260.3931934636785
237.1947160292184
241.43436018755892
251.1696574621601
252.07487033196958
249.1733949406189
270.4752945996588
291.52026123495307
244.47048609418562
272.00934568216326
246.5816239019041
238.42601152404677
269.8634736473323
270.47659868275514
279.8245389490621
277.61457557295216
253.13477862387663
266.9146102985833
244.6367134899483
246.3095880105975
246.67042322049383
247.24655225558672
258.80058760166867
232.99602284730645
239.55125410534674
279.99705966119654
239.29067368566757
251.0011597799603
251.18743058439577
237.18372073146747
236.89170563034713
240.33214570995187
256.91156030696584
239.1658791868831
246.9412799734855
277.5492597359698
283.8459644985269
279.0262695434503
248.122829985281
255.6686997251236
257.4147740203189
293.82352553558303
264.7010270427563
263.67857630044455
227.4670386601356
243.39534610812552
233.2027709238464
284.1146264624549
236.85751932114363
251.44249142176704
281.4586907713092
263.58429959457135
297.5764724793844
284.1528887285385
248.0173160674167
263.0470199608244
268.5948019323987
258.0407456905232
268.0113404376898
257.2230920275324
254.86837142618606
259.7086521653109
251.31448429700686
235.37522481172346
241.6959507605061
273.50657093618065
263.1982922622119
239.7738952660584
279.7865955179441
251.20118836330948
248.0564108476974
253.97337013744982
262.7997920520138
241.7021425992134
273.2124140019878
246.61352797108702
242.42277970880968
268.8821652463521
274.0198807888082
238.2980693449499
279.2021334540332
276.84487089002505
250.2397884199163
258.50555480387993
287.82774725038325
225.15691758930916
251.4277986563975
257.6041864002473
241.87414124736097
243.48655489523662
267.0194701208966
249.77340294455644
253.97422997222748
263.8284582576016
266.8741412028903
255.72404284239747
258.257208335679
261.08015914371936
263.5851048756158
252.7751348017482
245.15728734404547
252.86462502891663
282.9170534379664
274.15688954107463
234.53276173671475
262.3716751310858
254.21810238203034
240.65619198494824
226.4808092896128
250.16975932964124
233.67739984003128
267.9736940137227
258.27959092264064
240.76721101277508
273.08422553085256
255.1573383762734
256.76997496793047
260.04095087433234
281.8317138138809
233.26665692927781
261.86920191923855
247.026352233137
276.15446551161585
265.653743264731
222.627467433922
246.66375288495328
249.03633816132788
280.6084476678516
244.9371865352732
236.73044668970397
238.58275331364712
249.7003582980251
243.57057254435495
229.50092081638286
241.53340074571315
258.98020885518054
240.58710606367094
293.11197073955555
239.04445536161074
239.7895181386848
265.9792399547878
264.3814529184019
264.6912967240205
259.11739645461785
282.5054413705948
263.83393729978707
308.0137783139362
265.2948214597418
299.9922022923711
276.3023436173098
264.6439184603514
237.8940346520394
260.3781272849883
237.84309407806722
225.53950272960356
234.9292572105769
262.54935020243283
263.7222741310834
246.48390684911283
230.6097868362558
259.74770787608577
263.70779401552863
258.3160568041494
265.26050075894454
229.10936834738823
240.09302353142994
237.14341356570367
271.81960537296254
266.6739506406011
260.16087058302946
259.9999033964705
278.77950946771307
253.4674009529408
284.06900477193994
266.9657663847902
261.48651819856605
271.53659211995546
220.7491695889621
269.39047942572506
242.28503933624597
262.4994669458247
235.43263718578964
258.04162520647515
246.41167180077173
253.27746151771862
228.184502878692
247.41064997960348
227.95156594814034
232.2352261734195
258.24896035832353
246.73226719541708
264.8492689358536
240.57853538461495
264.2050856583519
244.93432037445018
279.54760293650907
254.30716913426295
267.10216246178607
253.36380153527716
271.76566092373105
236.04768830351532
239.9339111901354
254.98525642731693
231.066677036928
266.6977777858265
272.0239074024721
259.89030396624
252.0958724633674
289.3584841443226
227.93806717032567
267.316313905525
265.30501889961306
252.58731006039307
255.3694907448953
265.56055762502365
260.61644046235597
242.63305581943132
252.11424646119121
255.71931269776542
257.5744155094144
251.05875160975847
251.22241075633792
255.36040436901385
240.51653961697593
228.32317616627552
260.5730109749129
262.45998329046415
255.61011962260818
270.8812401354662
250.9284991559689
284.4638539929874
265.3136759675108
260.5868585642893
252.7493354268954
246.55301639053505
241.64930208894657
257.8692968672258
280.52119166671764
258.7596812758129
237.34399893821683
260.15516937774373
262.0409441651427
265.89439083007164
256.9113299692981
279.60178846662166
239.29631676129065
289.92366462381324
258.2160419287393
268.2809809334576
272.70373731304426
278.00100851705065
257.2391514168121
246.70126654481282
275.73030302207917
281.5109994348022
253.3429333108361
252.33300798293203
261.3206271082163
272.27571929909755
240.83950806496432
249.2706503237132
247.43770176550606
272.13618208142
227.15537737781415
266.317077591666
234.193546071765
274.443242306239
236.42861037398688
219.29971354285954
284.55890771828126
279.5785258615506
269.434077489248
233.16024125815602
268.5487546243239
263.7280238150852
257.6849299418391
268.0741854090011
239.89821061084513
239.7737424709485
262.1894265806768
267.3144483338692
228.63302092888625
252.8222334193415
240.47118274052627
294.24019923905144
248.2432549885125
264.8999797789147
257.87403305305634
263.27435688930564
259.4960388139589
255.5177595836576
269.62358092155773
255.7797026737826
247.33773772162385
275.0147520242026
308.508521644515
253.428958590026
234.81893575610593
265.56058895087335
245.21296719741076
231.5529084855225
252.37561683449894
234.28329913213383
284.92256671516225
252.01346299343277
244.7372096569743
248.76546047406737
267.2227888101479
222.9449033200508
247.48616888315883
238.33595666999463
245.4832692843629
265.08419486682396
267.78902413882315
276.49563865724485
259.2604314753553
269.26206450746395
260.0138646773994
276.9242972157663
264.62238454283215
236.9222184375394
262.73829732555896
253.27590205101296
259.49118866282515
269.5950766474707
268.3487034197897
248.42719007167034
260.2954598433571
268.66920430911705
247.21794302668422
281.7774327136576
263.1640473837033
256.31188866100274
233.25019905925728
259.7965281804791
252.7074533822015
263.8661027607741
266.11647558107506
268.5554119407898
289.6136535544647
265.0196000249125
251.85799078666605
260.64526006404776
265.8280498709064
259.829515318037
285.7339690218214
266.0542906129267
244.18366629665252
225.95376630383544
228.1828922572313
250.15792042552494
260.59964234707877
261.0987786554033
298.3706175874686
267.32353886018973
247.48197012080345
258.7257395265624
285.13724796962924
242.1507233164739
263.17258943244815
265.32254361070227
260.8900536503643
270.28058162983507
265.2392529740464
256.5762301379582
270.5036742191296
266.41555677040014
230.5484916586429
234.8132753294194
242.86849828553386
254.60039065720048
281.97979101736564
258.32449259690475
261.58438665780704
247.71248470968567
285.30783507972956
261.3613923821831
232.32513066928368
262.92361008014996
245.12424616713542
253.53467523970176
258.1827594835777
262.94678336102515
285.4648637819337
265.2722871643491
255.21410052769352
257.31752649263944
275.1750180874951
246.85504113486968
258.75282882351894
238.29579224740155
291.0633833493339
238.36243822216056
238.21331242122687
240.19157526281197
234.22638697072398
251.44870135490783
266.2755084227538
259.8704708451405
218.6610335642472
288.94832589954603
282.23642820108216
263.5015505806077
236.67847096710466
255.01676732755732
275.9432965492597
260.86826589680277
258.79101857950445
251.53007419838104
261.4977865492692
256.2728451550938
249.0430160103133
250.01161313895136
250.09429501893464
245.95303156180307
241.34566362504847
261.73471679899376
259.73691728233825
242.94562639540527
288.02598463813774
249.49147619877476
281.51591809350066
256.71032778930385
262.0777515656082
229.53219542419538
267.19737551047
234.1494918903336
254.79959163139574
287.2434927825816
310.0594460510183
275.0924059835961
254.7645340564195
257.5835958853131
285.3475491675781
279.092753995792
261.3948918641545
274.83997675043065
250.99261077668052
241.06422420137096
269.3582746060565
255.19559741171543
251.33034003945068
254.30719986115582
249.94093566806987
226.7107631484978
282.06843045912683
283.77953627193347
259.13446770841256
231.54617296531796
263.2527117241407
268.5056928077247
257.08849031769205
282.8566920584999
251.275134149706
285.54704405821394
247.30897664825898
256.86572463216726
227.9592454569647
218.564501933055
237.0493737757206
278.8067556611495
240.28555944166146
254.46843196486589
254.91010660177562
274.4288088469766
241.63733158877585
282.34535083558876
256.53245273255743
229.63161779253278
271.1524360948242
249.83558684727177
264.67042788141407
249.09884197765496
246.30943808949087
246.71525314310566
229.59880940709263
262.3377648211317
268.73856222536415
241.66925764724147
230.96560657664668
262.1563484752551
230.70844185643364
261.0956151315477
266.0762433955679
259.86858382623177
245.51781936816406
244.7757056108676
264.82631753128953
252.67116247897502
256.0589578393847
253.91792617167812
269.057931577554
257.80286598054226
250.87323935865425
268.18684398545884
296.10710384405684
258.43968811025843
256.75769539852627
260.4114177374868
274.3385169201065
264.18569012964144
269.3207693374716
266.9739308145363
242.8522055997746
260.1065625214251
243.16064328642096
264.56496158475056
272.20572691154666
259.584181758808
269.9615353215486
273.9610984628089
270.3570713318186
250.7159827601863
247.94379207282327
279.07307442463934
254.48826540471055
241.47584097716026
233.70515243185218
241.64420186763164
300.59323149966076
298.1591896896716
270.8662101313239
263.75057859288063
285.97202896745875
322.93374403135385
252.61163010518067
259.0141856224509
266.33591200376395
229.11900235072244
281.0001885666279
250.4147248941008
245.5113952116808
272.18282561271917
262.9002468100516
263.10356584424153
276.43560529861134
258.37633320037276
212.91768280859105
249.97697179426905
266.5694246510975
269.77241352770943
259.4833650593646
237.93254253466148
285.5548105146736
256.0288010602817
269.0673384675756
229.26787778059952
255.09637694840785
271.45635584020056
254.01518892799504
237.54560830804985
239.23077517084312
266.1954861826962
270.5230047465302
245.86090105155017
232.98656799213495
296.05116116057616
254.9595428444445
253.7201663007727
246.43279226042796
259.1368108211318
265.35430848470423
253.11919940123335
248.52491998067126
236.16044166707434
254.93241163133644
253.06633283675183
260.6613574945368
281.4596642636461
248.15302430081647
237.83658451482188
262.94554892613087
249.84748476161622
296.42291709268466
279.27761574136093
230.67976179742254
248.51718695787713
270.12581896875054
283.67815492209047
263.92714710428845
283.33479743718635
267.5929443704663
248.85936778609175
281.6603291196516
234.72121351992246
248.0732912243111
265.09168557741214
268.8625797008863
252.3297235480277
275.0101648872951
247.38378192018718
257.7437403643271
290.76561167510226
270.92535704071634
271.1500844983384
237.66611114074476
262.755296288291
271.3545356836403
237.88504454912618
255.81013343809173
256.90679530554917
271.7000443696743
232.2977778094355
272.81014462641906
256.7097820719937
253.7435592933325
242.1008500396274
272.77284419804346
272.62230987555813
290.69994092267007
251.24976769427303
252.31455249129795
244.4303439409705
241.57545447954908
284.1381595276762
254.84151798882522
249.89785028144252
244.51152682327665
252.04333275719546
239.36719435686246
274.20402348134667
246.86939292761963
283.7135109512601
252.24735641246662
248.4074109046487
270.5701682900544
268.2663271498168
255.3503891157452
300.81471797439735
273.4584039169131
240.3334624596173
269.04650256060995
271.1417289576493
241.6796311007347
251.4688147723209
267.53601161041297
256.7696720857639
259.8715502374107
256.39086581545416
268.831467658747
265.5773983182153
246.52220443740953
237.35363621043507
261.126168690389
246.3896258204477
249.20519709866494
262.1497050584294
255.27494976075832
293.1241496982984
244.461539015756
255.5403893494513
274.2939619058743
238.2171138980193
257.2992297357414
249.04194774467032
251.59070227108896
268.9812132854713
246.1204324469436
253.22598853579257
238.3601602341514
245.7486318310257
226.178910936811
234.2465058156522
253.03123940806836
258.112396367942
261.0597577923909
263.2356755124638
234.67394484672695
253.5786020490341
252.95712742116302
278.8241148198722
245.43789899069816
244.9635416166857
275.53659349586815
232.72480748128146
259.3199974382296
265.4227521957364
229.6575979689369
265.8226257087663
267.3704103959026
255.62452812644187
257.1832181509817
259.9619798413478
257.4140573812183
244.40027080383152
242.91095400368795
267.70323466625996
239.81666088534985
243.08035755774472
257.4169031147612
249.71834805584513
279.80730696674436
243.87933032365981
282.5387469296111
249.48386755562387
262.4465405291412
240.0915024235146
266.95481969660614
260.7308295163093
295.3981152116321
257.03809530020226
250.8652563226642
252.89147468167357
241.84447346290108
264.280046968488
250.98283081268892
264.97757557732984
262.73543888970744
259.0892271362245
253.65537853748538
271.74788318166975
248.05491585936397
256.07691822980996
246.38965944969095
281.6268542772159
282.9949850534322
252.509174281382
244.9223064208636
248.13270460255444
243.22887373133563
250.37668280652724
282.1834940814879
261.6736923423596
254.51904021785595
268.353264327161
269.72378900495823
246.4131040275097
259.8441155607579
257.151546772453
289.2832408348331
266.13508219027426
234.17884852201678
261.3664806728484
258.4497282097582
254.0574757810682
269.64146335516125
246.93077880190685
259.49653407745063
268.48744950967375
241.10669436876196
267.89082584378775
229.3580092304619
270.7525190578308
238.85778862831648
284.17620516649913
242.49092191760428
288.3489801971009
258.48529523063917
251.61791090131737
251.86807973112445
266.6305483833421
264.64363483013585
250.70321748335846
248.2777919616783
270.1272647640435
254.80964076984674
255.2028199795168
253.24375220329966
228.61480688897427
263.32608595944475
254.2009973397944
238.76721538114361
265.50715570664033
245.7193814556813
251.0186059802072
283.16606214561034
246.86378969904035
236.98049389349762
263.73326131666545
261.201065951027
214.53029388119467
262.72950273309834
236.07536567375064
277.9369364946615
289.4509435504442
239.0593789682025
245.28984148835298
252.35757977108005
231.984868539148
268.6514457865851
248.1922751966631
266.36646479868796
251.43564815400168
264.5975773127284
240.79068907909095
241.5435248996364
237.39017010701355
292.9852725662058
252.0553409634158
268.77832929953
273.7478735613404
265.5717499401653
281.8705920603825
240.02346719277557
229.1277822564589
244.72240306914318
264.84264019923285
262.8408470900031
248.87120255141053
254.0372910873266
248.2805648901267
263.70233235519845
270.1728433863027
262.12389851536136
238.97490122332238
256.78411707351916
271.3647840601625
244.00755780772306
260.67541818658356
259.07652089139447
247.57659330696333
264.7440978701925
262.40230589790735
270.2531133488519
248.3729778372217
264.3172457325272
266.7449386973167
263.6917431491893
290.55896125908475
255.4214272638783
264.0943298105849
248.81945714203175
273.637695227284
250.7745656777406
292.85820208105724
244.69206346583087
286.4848874458112
289.6751778430771
249.68536435137503
267.0512288012542
260.934589673765
256.0506733509246
251.1745916645741
249.91014892689418
262.33966139145195
262.2506900539156
246.24616778758354
257.6086296712747
267.9763085929444
275.5110273445025
253.2136052957503
262.0628898717696
264.0124873997411
232.00006380211562
272.1118213930167
287.7938357789535
248.03692250314634
244.28007340081967
273.5123534752056
262.3331957390765
254.25004408846144
233.14090568583924
261.9837166744983
263.88705212424975
271.235838146531
236.11390722810756
274.9893196980702
248.4543569656089
236.63309535058215
233.5479142635595
264.16222657845356
229.7093096714234
240.2375368991634
265.72426623897627
257.3161838357337
237.87468172248919
259.04577674146276
242.7269988815533
243.64063675922807
257.39808624295983
262.28538407653105
267.6464903705055
280.1574642036576
260.70698793348856
296.0582512062974
247.0147885091137
271.56301184068434
267.76680429291446
222.86979475733824
277.2847745103063
231.7986374538159
256.91173314105254
282.59206989232916
256.0945107334992
264.60170593846124
257.24008826341014
253.185470849392
255.4008783251047
260.4608575924067
255.16877738351468
258.23231884778943
229.5635355435079
253.0631095401477
243.67788926325738
257.0463637757348
263.7934033757774
244.43088759609964
255.51286333845928
245.90291936451104
249.52575504838023
269.4393632749561
252.58383573102765
254.48392021178734
236.6101455509197
254.1156573180342
289.6110873767175
246.3585201476235
239.08086588443257
254.87195563910063
290.7514368997654
252.34588554303627
260.2018024350982
262.21525361482054
262.9943458727794
244.87296988093294
296.6237852839986
259.88867373764515
296.8312610439025
231.12419222306926
275.76564508117735
263.741193668684
248.54786625958513
248.3048875296954
242.93695430934895
308.0233147548279
264.29034756287
263.96285765699577
280.0503716405947
265.24451880936977
235.39247721701395
280.818872874137
249.09105666005053
255.66793378652073
244.55403139046393
255.41054805740714
262.15530743671115
244.23860399308614
268.560700100963
246.0896281724563
237.42835465841927
244.91953146504238
245.38454841147177
240.36969512107316
246.07928598183207
248.20598049461842
239.5692967689829
254.39266202785075
242.5925972708501
284.26040603173897
256.41852301114704
272.591529903817
262.91291345795617
266.0883985492401
249.93522039079107
252.6702350663254
261.7996233726153
262.34941944712773
227.42242075921968
233.45515936706215
247.3004281705944
274.16184994066134
280.1550700926455
263.75671281083487
249.0106117418036
290.2374231979484
275.73413351294585
268.655578236212
272.6962852020515
229.335890424205
269.4188912091777
265.4428370440146
250.52518981706817
277.54535246710293
282.93845640320797
230.34359973098617
233.78105171746574
223.90828239673283
289.1726806302322
255.85161820217036
283.2424484586809
280.0898766788887
229.53128398605622
263.59732224582694
288.775875326246
305.362748789601
273.80546895600855
272.9084375350503
250.51558210677467
290.12119223037735
240.96126370772254
275.337736627087
239.18269333138596
278.62184237816837
249.26408493460622
253.51513361604884
248.63484465470538
238.72420729824807
227.31032416771632
246.03378001926467
239.10853589430917
250.34446910244878
270.69215742021333
278.52757548051886
277.4820543967653
243.97071743628476
260.5710794747574
254.68811488733627
248.25875714991707
230.76989776466507
262.5658060394926
238.6973332397174
236.44388372893445
261.195588611532
263.50433205184527
246.10802715504542
247.46018765831832
259.38795611809473
272.536434106878
233.13821298629045
258.9933577498887
265.86196713743266
247.70686788554303
235.80190848791972
227.41895880701486
238.68771607149392
238.1182617059676
261.93657632614486
226.30143841716927
250.57853856054135
250.05394775175955
249.61906652955804
233.64216937753372
249.78265509475023
294.8081252229167
242.52725140319671
243.73451824265067
301.8869522707537
270.5584565534955
265.92034101870377
265.06148470635526
243.56751449930016
226.40212740178686
235.4362230488332
273.3046346952906
262.5118179996498
260.7571774222888
267.807270524092
235.1056824394036
272.1412756073987
249.57350516726729
245.85442319058347
275.8026031970512
272.8573153624311
283.9403107217513
250.85880316141993
254.09471311315428
255.36404788854998
272.3051715652691
269.03429818490986
255.373893727432
259.2944756010547
269.8968785916222
268.2691629495239
268.27020812337287
259.06920890824404
239.47262660542037
250.08527100237552
221.5401397900423
257.3278812636854
246.7635989547707
254.9980023612734
238.67965960956644
277.9942478934536
241.92135253595188
239.49805133673362
257.261569716502
279.15147432882804
277.56396225630306
286.55287870950997
260.4547395793488
278.66367137164343
247.05279223271646
241.267978681135
257.1151784398826
254.83559284859803
271.05266730918083
323.6999521708349
255.45000332361087
276.3942787128035
249.9725897894241
270.6452772701159
259.3620184183819
222.23811394709628
227.76158139365725
252.53557407157496
260.73975687404163
285.18052964960225
264.35260724741966
270.84001503326
260.95322432450484
255.3293176376028
258.8754430417903
261.63037240027916
240.3456827790942
276.03807523217984
231.6883086237358
279.0847421621438
253.1125138095813
243.42730102525093
253.94956188532524
255.57466761453543
237.62358697585296
269.9934433659073
245.01710321486462
257.57979129324667
264.3870263970457
252.86788096709643
249.71164245530963
244.02508439286612
247.91237561544403
233.18882067897357
261.15517304930836
285.24189542920794
284.0392421861179
256.57438438758254
261.9568165537203
298.01230637333356
292.5296156363329
267.09891295421403
247.6531359385699
252.3207602292532
249.22775161627214
258.6816618180601
278.8694698504405
261.09694018168375
254.24884326511528
265.8288467351813
228.059921215754
279.0292333342368
263.49718812678475
264.84347368439194
246.2687964750221
274.61094047524966
248.07963513815776
250.54690733877942
277.3743423859123
255.77491172775626
272.2807357783895
274.4262469812529
245.35325782711152
230.84700097737368
252.72036173962988
250.57636317086872
269.6529590351274
235.33357410749886
249.09770050481893
261.49681257095654
237.81477072741836
231.47339132183697
257.0345204322366
240.40835534443613
260.0633842764655
237.55613404896576
260.47973260865547
279.16862658178434
248.19677122030407
251.33881990495138
271.77119056647643
246.44573757378384
283.53354522679
264.2826083962573
256.28038570075296
257.6584054194391
280.1287846240448
274.50673817424104
241.2147711329162
284.17161399964243
264.9243621577043
231.7875363433268
270.9538068525726
241.13914478837978
268.9105639816262
233.30609660048503
280.7781254433794
246.53277079714462
238.17234258668032
259.759384597186
225.76379535044543
256.1126094701467
270.01924095873255
256.86838351842016
278.05303668626584
241.54470085550565
268.36756073043216
250.26602217787877
263.5617043528473
251.60207050968893
243.08650914218742
265.9755301938858
246.65730063640513
250.73560782661662
271.98425242176745
271.05746059142984
266.58669625991024
282.93558119947556
253.07207099406514
264.1913466005353
243.42323444841895
229.69738679088186
298.57062634138856
242.2674043563893
258.5075666819466
262.4899631734006
245.96301430801395
261.5657824790105
266.1503879321972
227.79278589168098
255.72726037236862
257.71939880307764
255.94897472229786
233.95241615152918
230.30229086452164
242.87641855794936
258.9609149717726
230.81472507491708
235.63763948401902
241.3221029387787
251.23422624042723
236.0485569348093
277.8943132109707
271.641198482248
297.2776505234651
284.36398790823296
270.1946873947745
270.04858454002533
274.5317508120788
267.3572974939598
262.96974650223274
258.0004149751039
272.7641894700937
267.2175595801091
279.25493765075225
267.801542159752
269.22070847498253
266.50894689548295
241.84899395762477
245.3337010468822
259.09065418492537
254.88141041842755
229.5827103421325
257.6548645811854
255.49058672285173
219.45135591481812
252.07622727949638
257.51030849141534
250.52148976409808
274.3453769176267
245.13352886703797
233.30117928306572
259.6719398377463
284.6176938897697
260.7255606959807
281.4743364164606
249.54099103831686
258.0525912384037
227.54529677785467
251.87483279476874
261.18387225898914
265.606027226313
249.51138255617116
244.5268223324092
250.87967310880776
277.26878701127134
256.81735507620033
252.39919743931387
224.91587897809222
234.36181437573396
255.98469419707544
295.5260822294513
267.863905064296
249.41001100337598
234.1322624895256
278.20555080019403
251.09600762778427
238.54322390002199
271.4182548285462
255.64471556106582
271.1785311186686
220.86373956350144
248.72688750189263
248.82033905782737
273.39994994644076
241.6945285157999
239.53755943640135
245.0100167405326
268.76294210308697
271.20369293994736
229.12259719788563
279.9160202568164
286.52939800696913
239.69147478742525
255.8699359211605
263.24181684304494
250.17720897635445
253.00048789358698
271.474399793311
242.50705624558032
262.29930284956936
249.2744254784193
253.32237195130438
251.42665806994773
278.3779025230324
239.26735028345138
266.5559182977304
265.09805183764547
259.9748552722158
269.808621488628
250.08606218593195
277.659805570147
287.8386142873205
262.8243821031647
252.45132085343357
247.4442253668094
238.07346106285695
268.8276185967261
248.9115606402047
226.09134818206076
301.6114831351442
315.4183302471647
253.7261172888102
283.45729410951026
266.06753593939357
282.56225891341455
257.0462394391652
255.56672051060013
282.20976531051565
235.53116587910336
245.7603073993232
250.5455237106653
242.76843956916127
238.22016332589556
279.9160999871092
258.6083346965024
246.16098973457702
256.6275386904599
261.808747998788
231.87255490664393
260.1715553929098
251.04099852137733
279.92868466838263
234.53352899232414
262.8861520240316
249.12212796940003
252.96679830213543
277.68839475291315
266.2965854887152
262.83849461958744
258.618049001554
268.7636834062869
274.50187658995856
240.37000128161162
264.53583942796104
256.46556674852036
250.99481155571993
246.10148521512747
224.02190545666963
258.1088330540806
244.98793987592217
261.51815008663107
276.77447291335557
274.94657677272335
255.18470032291953
235.66307342855725
251.73936047998723
262.87929050740786
244.57919256039895
255.39141424174886
244.85537695046514
273.9155223389389
265.88547546055634
249.35514729563147
286.6311738756485
234.6878768041497
266.8427209658548
231.206114445813
258.30934649251867
260.2702474221587
265.2651826121146
255.16147771372925
213.15849754656665
274.4038222101517
272.2147339557996
270.93588783126324
264.12930697517004
274.74530667695217
259.88712490175385
267.22477313457057
259.4535341016017
256.87567550572567
255.76294702419546
243.2802703215275
247.79151408781763
276.7832574392669
246.96675289154518
265.07638731086627
272.0265401266515
293.6869025978958
256.2314774716506
241.7891509324545
270.56545163330156
256.31935369886924
266.5245367337484
237.1710686715087
257.03274064150173
279.3199260995025
261.18622007058
279.4827656960115
275.1570195623208
274.67516934743617
246.2142390483059
237.11380946158897
266.0582870034268
255.47535734064877
267.4290050842101
262.66944409220014
259.99036982795224
221.72357063659
295.81729331461247
294.23187529307324
251.19301018945407
258.90526761091314
247.3471724325791
268.17503009783104
254.00164203543682
254.63083062123042
260.87597138399724
244.89472082140855
260.97221307782456
273.26546881720424
260.0917840198381
275.43953591992613
257.030548843788
248.03740971558727
252.2809307371499
277.57118977291975
262.511802806519
256.20078722632024
257.9603297790745
271.73227716144174
251.24004571628757
238.5743140571285
264.3098252166528
272.2014377055457
270.8106072470546
268.70306182384957
263.76423122524284
260.4450322793564
269.5203830784885
252.85921273287386
257.3467155874241
279.1212910148315
234.06391498958692
257.1064009027323
267.38076340046246
283.6134380925214
271.76558339211624
240.2638139380142
274.55892445042264
273.47783999191597
266.98306600400247
272.85873476217967
280.0951254538959
269.01367181458045
273.19338061474264
242.92105589993298
269.7042008287972
281.7455444341758
278.06188121356536
293.44605529890396
288.0736216949299
278.31525300687645
265.1627991332207
243.5047291512601
249.70037531282287
261.32757322711404
252.16822774731554
247.25855375872925
282.2538736806018
254.5847692246316
233.97418119350914
263.68314762052614
252.94123458105605
239.9012265735073
239.05703383497894
239.50774733012076
248.84986207529437
275.5203428301029
241.1517450963147
216.93203857925255
221.9625462113181
252.53066471184138
250.3935997710796
252.94346702238545
249.7964230850339
224.3773790737614
265.81955990719143
287.5704554512631
251.41204681352247
254.0250019307714
274.59452576504555
235.7613647255348
233.82144821085967
235.8285349829821
236.68597049207892
256.3490660280222
277.4700950207189
255.0767314704135
250.63850496383384
264.37651726277545
294.4542361780768
227.80973208905198
264.2281633123057
231.4022717110347
248.65642283984926
281.2407458098605
270.51676163543016
243.1148896937957
280.94147737836465
235.8066818548832
262.61801147228107
225.89201190683525
245.43364491697866
247.45157382369507
270.6077726823278
268.15752592287026
258.67172297649086
242.4979267223971
255.3292567722965
273.2265499549685
244.6681760629872
267.20833112229593
301.91906078811735
234.2473973290762
278.3718247053912
244.93625436292496
273.5093991078902
258.3561173985945
264.509856019984
232.28785557707306
226.2021384955151
257.1086859916104
270.4898146543419
262.18692571646534
246.13048224535305
239.42298611463048
295.6789095500717
258.0226238165051
230.4062737612985
262.77995983778965
232.23216446640436
253.94190582528245
237.22540308558382
263.5941501701018
305.55425689858384
219.9318983334815
284.6620209572138
234.9326821678551
241.74710201867856
262.7815983252367
242.20582515769638
238.4570800071815
264.01420111453626
248.72884677059483
242.39064492692705
234.76665703346953
254.79694831371307
274.4828908875352
275.8465178995393
246.21659058169462
252.2017323175678
255.6304147405317
236.71643371100072
259.1552711968543
280.0328582121292
264.15291652688757
249.1554053222062
248.08308415696956
268.1253646549303
248.68766473117284
245.21017301501706
249.9483404631028
257.20993181713857
234.28195787896402
246.37350074388087
264.81187594367657
236.8968583692331
269.8943320721155
240.16778764198534
263.10973518749233
237.11760395602323
260.6527655343525
236.77567047427874
250.47279629774857
278.54790434613824
257.64060877182055
283.54640352819115
265.910087206983
240.8319753909018
236.0493019609712
265.28486513067037
271.91940079745837
248.57294937164988
266.1283787852153
252.85915704781655
262.7892792628845
260.7458899099147
244.77280847460497
227.76634605182335
233.32203613652382
262.75801011698786
256.2097424044041
294.90635775611736
246.37692134804092
276.5542946222704
264.06846368778497
298.42504211957566
242.65777100680862
249.13702527142595
259.1300735109253
241.33175247046165
267.72785772790667
251.55450416053645
233.93270656303503
257.7639815858565
235.92782577697653
263.0618841184769
251.2349816908827
280.6422162158415
245.23803356732242
250.23598964430857
256.92745453538373
260.9413279708242
275.55691828834824
254.21600356453564
265.6620549727231
281.0327726128744
245.6210661989171
251.17297819780651
264.34869823104236
272.5210153553635
255.1927143872017
228.91109184816014
261.7741309913108
266.7673624465242
251.24244595505297
263.0945095444331
240.95786821772344
272.0539261929225
246.08611453871708
275.1968052268494
256.34900145663414
225.97161829739343
245.16409032035153
272.59138741053175
231.33148439833894
223.41108877805527
251.66462472465355
267.1076101451181
246.5803888734663
249.93664016842376
274.97705915686674
233.71111565327737
262.43751061183866
238.45817774359602
241.565487151267
258.4924480380723
259.52185118652415
279.26170419726986
262.27724782621954
237.14982279762626
264.905319537851
262.8645919729024
266.19601211394183
268.5358596937731
260.1799225474242
239.48727479809895
264.4044921048917
245.40837877779268
260.80131106672343
271.975997593021
271.78543049271684
250.94473539385945
304.41341959056444
266.98538767325226
248.9861811848823
243.07571543357335
262.00071566109546
262.31562296603806
268.38165808084887
290.5877631995827
248.25626253336668
258.3796384737361
275.22507158853114
283.2262725213077
267.8634662271943
273.2023269162746
247.6882627614541
279.2931396010099
261.13590903161094
250.31289541290607
265.3743480198318
247.18905657308642
236.00109910941683
250.06132014701143
270.37086326023564
250.49772133282386
252.40128669177648
267.7747969152406
284.66192480933387
256.3407492568949
274.33054958935827
246.1086150398478
239.1949201435782
251.1803684181068
273.38230476307217
241.48875119455624
256.1225165229989
245.07355705206282
292.6926852646284
241.3368483823724
263.9548404919915
270.5599222284509
256.3402700981824
252.25795897305943
273.3945256425068
226.99858606874477
234.8455619988963
235.91741631471086
264.96481238945853
245.59480254445225
262.55347040260676
257.05909341410734
246.24961714970414
245.03672409267165
262.5230827346677
247.184673368698
265.75866114068776
283.15265066642314
248.35361172410194
268.39389872399624
270.93809664726723
255.49447009665892
226.66393816063646
230.14332103985362
248.881428362336
262.56185628671665
227.8832308417186
290.73562191822566
253.75405449676327
237.71084552293178
257.35527361673303
263.47780872532167
280.417473580339
259.72682809701655
273.17701612971723
259.0643493022071
262.63626442779787
270.05858826322947
264.3305193692213
292.35189278121106
262.6656430417206
258.1200259348843
260.3700695327716
258.8388080394361
260.3737246746896
227.35602004779503
254.50864338257816
246.44751670688856
259.8040957065532
272.28157277568243
242.06305091024842
274.3337178208167
243.93923274008557
238.95345073833596
242.34911016654223
229.398722074111
243.3890229575336
243.84940019482747
243.55605606012978
243.8416395301465
248.33546764485072
274.09324366110377
269.14790230826475
261.69293483218644
271.93160461843945
269.5832262543263
272.77146768488456
248.3913830834208
238.02622945560142
260.0441129473038
289.769053197233
236.1088091910351
230.18666114285588
254.74645750119817
262.3019797174493
269.4138966569444
258.0255687359022
276.0868804943748
265.54186670086347
245.88769639807288
261.3065683253808
271.1754603596637
250.19759404740762
246.311718185083
231.78437596547883
261.3617175766267
277.1266565823462
231.32506938558072
273.95477644039784
266.251747304108
268.1376530060079
264.31011449790094
251.08743240765762
264.65565391932614
244.89899069431704
266.53844568436034
245.4419898710912
249.9728042850038
243.1152689596638
228.3233610264724
240.62124489049893
269.14851116098
272.2577051508706
249.51572300330736
224.24453013460152
248.32584063580725
278.33914490707684
272.61066743999254
290.5152281647315
252.347308390541
241.57679340359755
256.98348830314353
260.920831219526
244.0766012786189
269.3194710906828
253.67429701122455
260.58376092184335
273.1602610218106
247.29681951121893
254.4327333738329
266.99915624491405
229.2796333754668
253.7419534047367
248.00868108519353
261.3585736415116
256.5077020128956
267.20966382697225
237.1058715134859
251.59563672274817
260.16981037310325
249.6786434511887
248.08471123536583
250.85694983007852
256.37465575756505
245.05182717216667
271.0639617735287
273.26741660991684
268.0630537274992
242.62302868126426
245.93189020035788
253.39936705760192
276.3366314106388
278.46183027676307
245.1726094261976
274.2399887391366
228.48257946339436
249.14011284173466
220.84190522984136
231.52531692082994
253.92596121388488
240.68729329761118
245.8295110091567
253.9880965705961
245.64902191818692
250.1976904788753
245.14381643314846
273.4540030467324
253.65899975807406
257.85013912746217
245.9006841685623
258.35078097030055
237.46666715864558
244.26743989251554
248.22726657649036
245.56345304555725
252.11700202606153
255.87921065709088
247.86863950942643
245.56633447564673
257.23206328228116
245.66832203918602
237.57948389986996
234.6735568343429
253.68154629564378
252.7712594929617
249.10068668308668
246.83209119003732
264.98516769125126
222.6192966918461
239.54667572502512
247.4191271745367
264.5204409653088
231.35192948614713
235.77084492368158
238.24097905668896
257.5963938598288
271.7546172316652
253.27693288354203
276.72622850677
245.81755873875227
256.5620254990645
244.72879920597188
257.25949522468727
250.7098388230661
236.65953723923303
241.16086367471144
268.3652923665941
278.4178881244734
233.14139395870734
280.09990026638843
241.59561346063856
232.80741649714764
240.1555861538509
257.79571301466785
250.21289955091197
259.78676780872047
240.71767989359796
243.13159136637114
273.7830086090835
260.4767462805612
244.03288745018654
258.18384696822613
241.839127435931
239.44993910589255
240.720321533503
272.03139965073206
261.82721328607295
257.60316153918393
281.09405537333805
246.0914039479103
245.56298944854643
283.11352571635507
236.5663452023873
274.53923271177337
236.7119573104428
247.42287706921343
253.88457504007965
282.8887763816165
286.5821525116917
245.15184404642787
231.23827582085505
274.43048181268387
250.27725690428633
239.01575626269914
266.27606150787324
250.70282975106966
264.5426557495957
267.1605489968788
240.4194395375671
237.46723228052724
272.5068704058649
254.22752096899785
295.8547202523332
240.72453066764865
246.63229842216242
252.35085664212238
238.01813763706014
261.85008900007233
264.21266716951504
253.66183906479273
275.1310956473462
265.35172006336506
265.4153909214074
259.7071928346995
233.4452435184503
249.6137887928635
278.0533635263564
253.52153906971216
264.25084389641415
284.3929733217228
265.1648306135321
254.56910452386364
237.6541905287886
252.6626386854332
260.10427662427537
265.0448265942978
250.473753751372
254.0066670695087
295.7314191767946
273.9914444258902
273.22766851680353
253.49420704424847
267.23806778457947
269.7592505736975
254.72113159566652
250.50735898665152
233.40560164349154
261.0938478294993
218.0446498034289
232.8512938702479
258.03188632940874
237.69701412762515
285.51063868938945
278.6084629185498
246.62215993343852
254.1476209271932
257.1244017521385
248.00987974426243
252.30399252823554
245.2702877392294
273.62158936157357
247.6606435048161
246.03950607031584
253.7225377560826
226.63001688895747
288.88374811329413
269.56640149105806
252.02029284473974
270.6504154941067
273.1425468418747
252.20593868673313
261.7819593019085
261.2230559544405
296.5995906024473
261.353111059987
269.78777111694217
269.2139320699498
236.36777684267145
260.39374188217334
235.71080774313305
270.71596730395686
253.76732736593112
239.51268268493004
245.26890277967323
254.70557438477408
225.2382623021258
226.94990063703153
264.7686098976992
224.32430271361955
291.99468899180647
235.28468141006306
250.37756358017214
320.8667033065576
260.811787775252
269.9331294457661
271.3004208941711
243.72027265117504
258.2759142445866
270.7039206547197
267.24043032049667
254.59960290486924
273.6001258122269
251.77255052281544
254.36552330781706
267.6133435872616
226.79873991839122
251.7573103760369
270.837983913254
282.34273120120633
264.9349797158502
245.2083643199876
253.2064357213676
243.54692391632125
240.39432765112724
246.9628628946375
251.28609326132573
244.65566574723925
269.1114016454667
268.49227908672765
267.47222404845525
255.9547310716007
277.016481296625
233.90493856347166
252.72304469079245
244.07647654635366
277.3453387290938
268.20883358828723
263.7919779996155
249.35773181240074
246.79689171747304
245.91373962687794
248.08196163421962
259.45572244760115
270.21065639238805
287.4140648342436
279.3723843159387
268.05546505679376
254.9787755429279
229.06695557537023
243.2788279642118
303.72310730372556
269.70322998275515
273.4360770402709
266.2416913063498
253.40406644437462
263.2109005432576
245.92903336742893
261.0655903609004
235.14758399035782
273.4704772969708
242.27194659167435
235.47176345984917
263.12780580471735
237.5216607650509
277.02222535398323
244.91978692961857
267.41973183408845
257.13837517169304
231.68792990385555
274.7665156025905
268.5770465331152
246.16720447537955
270.7720122085884
251.5661528458586
252.68545693473425
241.3637921771733
251.763714031782
279.44257526972797
257.91735411121044
266.0516272998648
275.1462139430223
258.24309695966076
245.76080919674132
