194.23376971397738
194.23375973787552
194.2337465096207
194.23339854481674
194.23346822768508
194.23317494769253
194.23351052213093
194.233457769059
194.23383827299403
194.2337031813595
194.23341671032995
194.23360483959186
194.23303627701716
194.23344330387226
194.23288179150495
194.2336127029521
194.23389614245934
194.23346269136346
194.2336320944687
194.2333828978226
194.23363505880297
194.23352066690677
194.2334501526184
194.23350848620612
194.23343028761337
194.2337012373573
194.2334323353698
194.2336178427413
194.23371576193676
194.23353832042812
194.23346684234093
194.23358502626797
194.23344344228826
194.23364121910708
194.23357573555586
194.23321487766407
194.2339175594352
194.23313524447804
194.23345502425582
194.23351110765907
194.23366606608943
194.23352141558462
194.23374720591892
194.23346832568495
194.23346414948537
194.23369513302168
194.23350235170074
194.23362553454172
194.23351325036128
194.23344836048818
194.23344234772958
194.23340538666343
194.2336850204465
194.23379539016787
194.23413841764886
194.2334481839207
194.23363302654252
194.23339725838014
194.2336840054777
194.2335584210523
194.23374116775813
194.2335266791706
194.2338016333997
194.23345926786715
194.23339596329606
194.23354491676218
194.233816676242
194.2335751092105
194.23333434362576
194.2334845779733
194.23368599930473
194.233420653778
194.23354359463337
194.23401174660103
194.23352089945183
194.23374459798288
