218.01961434490477
218.01980289519815
218.02107332790274
218.0227008558213
218.02156139427098
218.02129341342516
218.0229970374212
218.0207450018479
218.0225831491589
218.02178853548503
218.02159808855686
218.02154181601873
218.02153599574558
218.02154905821226
218.02156761851347
218.02158632205465
218.02160381660906
218.021617043074
218.02162862406476
218.02163776775524
218.02164647678546
218.02165352573502
218.02165741246426
218.02166243235297
218.02166565157495
218.02166808106813
218.02166971622682
218.02167333236503
218.0216746727292
218.02167545974226
218.0216773101747
218.0216772512158
218.02167773349902
218.02167845210352
218.0216791360872
218.02167921278487
218.02167968035246
218.02167995228046
218.02167947999442
218.02167945370638
218.02168085308585
218.02168150701254
218.02168081129093
218.02168086977508
218.02168113911466
218.02168043848178
218.02168049653483
218.02168091144085
218.0216797462217
218.02168022362275
218.0216809353151
218.0216806982371
218.02168085011908
218.02168048007297
218.0216799982445
218.02168142110168
218.02168118771442
218.02168104931843
218.02168158038694
218.02168203519977
218.02168131871076
218.0216809495323
218.0216807719953
218.0216810906204
218.021681462782
218.0216813017396
218.02168078975592
218.02168102960422
