312.51198912958944
459.34322671319774
265.9663786165502
307.8036861541234
296.9893292587076
301.3885569453664
288.1392057337175
302.60760342597587
302.5860836281404
317.3929844256372
304.66994804093883
287.1009675311652
226.14405200566125
281.1076318294281
339.67176201309576
256.0081700770361
335.0964715707569
242.11024128250483
316.60939159265035
302.4953324653343
300.3262047201988
331.964150851094
258.66079719058416
367.2906017612613
290.4783337110621
296.9795426821329
322.565882205874
326.2347230951764
321.4212078109358
297.64528360011354
381.142956665135
324.2160741507814
332.9039401481896
355.34105436971004
327.47549931484537
305.280451962577
264.36024457301573
386.8875461147891
271.7463263415302
266.5666196113998
306.46692852234264
284.93290417561
379.5369334931074
256.08059450658766
291.87932059400737
316.6936876627824
279.1384239879826
302.6167619578864
334.68565211243185
322.90635070945063
321.5044735209103
365.5631484989826
346.25645703558257
266.52044207754807
303.42176007495436
309.6020170904303
295.47362263212926
336.31919993908014
290.85594208280963
342.22675858913135
297.39924633856936
310.3549916867378
390.785875802354
316.3115817469552
248.49847225211488
300.07294173102855
295.3652369168267
287.90055129606844
339.76741656115337
264.9947596325146
389.7561397608006
306.3363333412999
296.1688149438014
302.35951372481577
296.6520239537276
411.0513171844468
357.89376636518864
271.70642520807087
255.5581727213903
319.6914042219978
282.6034388886983
257.58023900580156
359.8921068219497
261.13052257945674
241.37442365491006
373.22708560206956
324.4898059298321
399.80917932069497
309.6674191214188
448.03013134419234
332.3830502641722
317.7006911605931
332.95998966019397
293.8349565968747
345.26075713205864
353.7743601286893
368.7628846353873
294.11494335635507
335.77116615252453
265.291650141462
276.08729455280263
249.88460711692096
294.84230727806425
311.22413038842205
318.1143546887906
273.25314467863063
302.7758941217471
339.85073714487953
369.6984109230252
262.51518631298677
283.1920962512668
310.2652283153802
289.59441953957867
360.6282376144227
281.35133066731214
331.09447488121805
223.7885620198358
257.2031733398544
337.25951150275796
399.0813597373199
340.925359281915
348.1215228772635
426.747748751317
269.21022017092037
309.46181828687986
302.37018389283185
296.1626124232789
278.0583524983449
307.9252572979458
280.082264589073
369.5786864202819
302.34877377204975
427.03647455902683
317.67714418460673
322.8653197366366
360.4989789962492
323.8664909270519
379.0887910632009
333.6664929509352
248.85584903296694
325.3948957718385
307.04333868082904
295.0393875329901
315.53637433653057
260.73659967227286
288.64226815132133
263.5785905561279
360.59251138035324
310.07199919244886
336.3485820204078
314.49943969862943
317.14087270081654
285.9859592478824
384.49737148584245
300.8372344857271
333.2423664330199
334.4432940214465
292.9027254869652
317.33448041376687
299.9952342771212
270.27227783094713
303.3949045896661
302.4511684257741
318.0323553864873
323.8746708772451
319.62802429460135
407.12798598236986
245.57772719754576
282.83096958813985
297.26390234201244
296.0710316930781
250.2758063254587
300.2933650214254
250.2545248009119
305.2481108623615
305.2573764167755
332.9801504155257
282.0190066796131
280.3014578851071
303.2446224147425
346.7249306944068
278.50136617780663
350.1294233398439
322.5339232604383
365.6389440686107
266.2040101076491
281.0762721675783
233.4860600929096
351.01237037110695
356.6621850940428
233.21238807117334
346.8372913468702
360.300808604552
363.14563188554166
288.80025975879835
394.0007598070806
317.0273603525493
336.5132848860885
305.1159382448168
393.4061092917109
310.8179023062621
290.1327303660073
313.9193018484293
280.74897793975106
281.4493497331496
359.023883531343
254.90909242899943
324.9046001146635
278.54524690251856
271.56783390442433
277.76838326250436
393.8533305206365
332.65547857273486
346.3618108017399
342.6456508082483
291.0856501381786
317.4929834423383
301.8274889819295
263.7361036418297
370.5445461730269
270.0672022055951
399.2512883438758
335.51701296340616
317.4831666968821
339.3719931312371
356.7664912204491
305.9006868604192
351.2376571307541
309.66791067073063
370.7597317142645
260.8831650823413
339.4795123674703
417.69961803228944
410.10703739564633
301.69249304107507
291.6015239608096
337.53549821444904
304.39109741042193
293.86006068100687
289.2577568547713
343.72028277679055
323.8150209474261
317.011415382236
296.0741130416427
293.57442728245223
381.6357032644737
377.55579919050797
328.88422516056744
348.2881819373579
308.3335162766598
351.4636370907683
284.4500150264503
267.7834422442975
328.5919923587062
283.5992682194192
402.81857887341175
344.1817903307965
285.6314276599296
338.6202981817478
288.5201216589776
333.93397412878403
277.6510156985605
395.49488441114954
309.34308718750253
321.58442587574245
416.2936321456509
243.73075634273118
344.8775191450259
291.6420981504343
345.18302658348694
366.8167078582628
300.37403038464254
290.26516260183416
326.4359001151752
268.1405020609236
377.85369977391383
345.2174061898113
286.8852920712525
377.52242445324373
395.97629283744027
353.34207017044537
339.7024103067233
273.25367078455747
368.93799580208724
305.1682833485247
368.3405628183973
302.49313974434335
270.95666896122566
271.3888860574516
375.59583444830787
267.78613338463765
280.1829314694478
395.0543921029457
343.5216512294428
312.3004411745933
293.6809479474905
335.21026483684545
355.28914008830907
255.44236429873854
302.58778447681107
286.3849395572179
332.22218423000595
326.03203664234024
235.9637728655216
407.6136979488365
317.5066951655899
293.8976275547029
326.8355656231579
291.8612532317202
272.2208623293991
275.3202618274081
258.06277710717404
349.1549859113147
333.3529300047521
461.70668155419116
344.40324364369735
456.47442474775016
364.54252729225846
287.4887387356721
300.63597065466456
300.87080646857794
303.3517028178321
310.1195954629511
334.13305889574985
359.3376805435546
360.7042332274723
311.85471480502747
303.36390971855144
276.7222715396201
265.85896555747604
299.5295651978231
269.13411250905483
354.7691997154034
417.0332256540423
364.80596829476417
306.39842443176894
293.4331179974106
340.9707893958257
324.25516188809706
284.4011438415764
274.6949748228217
258.2002211067593
304.6172431959858
384.878283085578
325.0829176906118
263.99095975047385
369.9851517243369
320.84319773812604
292.6791144944
311.68522498421953
328.41598552487267
288.14925897044304
262.50124279467855
266.20053964990075
289.23374184191925
293.61794330329576
244.32280382706085
310.86472790144035
355.50964995258255
268.15567297814414
301.48437780300446
323.84846291379654
351.47157884533226
429.1218873622274
302.2068443970784
249.1075310427841
259.36612813828106
299.5494785038609
270.19426093180664
312.17943684324564
381.76649777713465
342.3970459192933
281.58441453857813
279.47766675203457
297.13231130409986
334.86650539102266
258.9161161250813
272.5430811450351
289.7999188940448
310.141972973317
303.2113429521123
313.16960371388996
302.12591887918825
273.0209520361095
268.0964083947183
347.46096465340815
334.97839088174806
327.6176886690955
324.9354893589916
347.57968458464893
302.9938744526735
269.80642001336673
275.6837021908141
329.7264130587282
310.65180405278807
269.6543445204152
321.7824873430218
323.6348090840329
292.546755876363
294.3255482495588
344.0620704362809
347.17641092583654
308.47403366465005
380.8214020319283
342.4175974743848
439.10942285835335
335.63991884479765
338.33579436129367
310.4211088701122
283.80226702743676
374.0938389736257
322.255658248323
254.4642110809218
315.56289462780114
279.9917229026905
247.93989328321186
316.16858470713487
287.0640006616886
272.5149413512554
226.94508350352407
323.7236445461749
264.5978264967853
277.1929725394584
366.9382357246359
322.96631819891627
300.7713629438949
277.26257925652317
291.41585936406045
274.20126394490944
298.21221344999503
286.7758916084422
295.3992862177838
364.2949226657802
383.4250188051956
329.1049659936689
286.702633399138
358.222834594897
287.448942926334
338.9053999003663
297.12182591459714
312.1774266656139
283.938948641211
294.15573101339396
326.2813927063544
306.00565559545066
334.90262916401844
336.0322008697258
240.5315303185489
278.69925767884706
317.85467822055216
322.8342132694379
326.92745242099045
309.70216233227984
297.2180579532869
355.4778989661427
360.3394922745647
339.61921216739574
311.3016346692748
281.37249218748184
331.9918047444371
326.3224082806264
361.5659474619024
262.44005617458606
329.70859962978284
274.5532195275882
285.04551425293903
301.1826341403066
364.5495631233207
284.6070707385661
308.08575564273633
345.21707007015357
326.6495498564618
323.9756334753474
331.6675883643329
369.5213811334397
340.2372074589366
272.5470937047503
335.8525620274304
330.103765091917
301.42613007934415
262.9469283654762
300.87111077536247
274.10807160349214
269.25948075045017
268.28771291085286
373.7225274053344
348.2042753509886
277.40556720807217
329.391930503858
308.1572030883399
378.3205646240385
332.4608215584303
309.7508373335295
287.1882734915125
311.1873080442019
293.53698727177107
279.79896720536635
295.8218317369465
348.8538634412107
346.62230598708265
368.65601209920715
271.2807784464094
319.50425889506005
288.9971610655484
271.00439930151333
379.71027483721264
533.2552119897737
365.1930588251562
323.7609753837751
285.94684612957644
290.9902001839946
330.52452282438753
327.5546034357394
257.96422917037853
303.29864062249544
312.77255088152015
263.46450067913975
311.612571704085
299.58727444158285
352.118250864587
389.06208674501977
334.15715079617803
311.0325498719467
321.8808418540575
335.93102434731554
437.784811067977
359.1794029799348
463.99871972578694
256.51175904882257
284.8141065281234
320.937239927327
362.0971353802597
357.9152254286455
324.8463447589893
241.39042958329082
307.52477376218303
290.93773859587964
294.27473285995075
340.75422118089045
347.24784891842864
285.0780085127044
421.87993200306664
319.2129526839126
293.944590720057
373.833740035363
251.19599970322452
317.7839000497479
247.52798605902353
355.9321123197442
296.94315343152266
366.2706572395109
337.7140763925854
262.6886889128946
328.65045332655427
369.34812175814295
345.7707957828825
374.43620100218686
239.75832872092724
349.7226830892032
294.65048604857293
449.33557315712096
292.32314869074617
302.73026248358656
272.3605002950935
328.38523002390866
290.41187246667687
292.77771206299076
363.6851729050104
302.87982395483414
291.1257934370078
297.21449467589264
318.82985887277755
350.72831063185004
286.1119262507127
242.10582891429658
363.4203135597636
401.9257715982094
426.2740090395673
293.8358987165848
263.2218293490587
309.3527234987705
366.23423391592223
319.3163942656829
367.39722556833294
253.1078329308075
307.79720685177017
233.70152355972095
237.42268142709509
248.99833456493798
315.5467051178566
312.27675150326104
322.3152349862794
303.1348019547586
288.159842863417
296.5713567038765
289.8906593139109
270.0588653012528
279.3832870925253
267.4128535312775
290.8892595602374
381.2198634064407
268.42243676420185
306.90034699984244
307.4250151247543
365.9004792495689
326.09368059402914
318.79933267107117
337.8759687610145
266.73302126533235
339.212110922148
276.110442594887
342.00919426206383
403.2395501920837
465.2083010561473
304.4034097745025
285.233959927602
347.8831763372291
370.4385225797305
327.7428385882522
285.24404220984434
315.59868943080073
268.2000928093039
339.30679252991104
284.65731281321496
258.609428304655
287.32378160205553
360.5595754253736
316.0018227371911
335.52578306465875
338.64526068381383
303.98890365686384
364.5910574547597
275.43601852221764
291.77264143593493
305.12832268775674
311.51598878009827
438.64457201602636
299.8676527472271
285.13807425095
356.38704624713864
336.35922423627926
331.24414926345344
364.61104087531567
368.26784003988723
261.85683790629264
386.58392176247435
345.6768905025674
235.3131052336248
302.9652364055801
422.88102773507126
385.8924650842673
320.4514987808361
308.82161535476916
359.55217111561797
307.7331733024621
337.1280500051216
326.1576045289112
381.0832954348007
318.60997118704836
280.76149196294136
267.4602931861591
306.70893433355377
354.70583852755954
323.3704272856703
409.7754712229362
285.6768725856091
286.69327394405263
368.3257368967752
310.7202101414732
319.5332650441851
352.47319748753216
313.330709311238
319.00670691000414
295.79346373540466
272.6038880723645
348.6918825210596
272.39435768776457
335.4669993238058
302.8264424483641
292.16923229402164
414.2297050328634
325.9222806702892
285.5744761952956
368.0083055179566
279.090183619468
358.3672120591218
352.7429069202917
318.4375089603709
293.24052164689056
342.9126880928234
309.31895020380034
341.71330660276
292.8322929595015
285.5049585113011
292.54423751556897
275.4365543385211
288.24443071108544
297.75410119679873
301.7340414917271
349.38217385704047
373.74738844815874
338.113484602829
377.1056062260468
319.22612473374465
327.5854630927497
312.5440292569401
314.8544655551377
288.13499489580863
274.0561363232846
297.5220085203473
362.0956909354718
283.65116188515094
285.00076029996853
296.46455343821435
328.4833184162271
278.18024830069044
336.5703913803445
262.52755685860757
318.96421507454943
277.02649660996394
278.77325139165623
383.14256270896294
249.35563485650346
321.0102759967267
316.5115463125985
287.31419673215714
221.20904006788624
281.290418875491
255.71912057313602
333.38743763655657
357.6494509523036
316.6809101947583
248.27046474427334
310.388876414625
309.09267492656363
315.3752462087141
290.67934388364665
281.994792029931
453.4457074936363
326.59900046046823
259.92178762261756
383.91748042267864
349.1531712071737
248.97406679272535
308.7903483955888
312.37251718677
342.4923504785402
346.89616658046725
325.5927978839609
318.4224649326934
294.6576189623738
313.2400688500784
324.4988504748908
355.7631889396289
287.0383435062249
312.87557438298245
325.3676148279337
292.3430177042901
259.51703650908894
328.7807746697217
317.5618133926473
302.86666363684344
317.36095957565703
318.1251573380432
282.39811368941446
304.54234728685697
273.1963274459413
246.7735714231676
300.9329132779094
270.7917315957893
280.0029570845072
251.1922072650923
296.4348160173395
255.4622635797714
272.32607997278683
329.9754845969437
349.4038688119035
318.02902324683964
284.73582778614946
274.0125114367984
290.11933833768126
290.48730428452836
288.33737973865937
274.91762756800745
362.8727912049508
246.47169461855083
290.7329370882653
322.66594904800877
362.0109765219386
293.9860515119508
338.61471743209404
275.8598482242669
303.440268578619
321.75314071474713
368.53941968560684
294.8018099636538
372.20685209461953
296.69646367500536
260.41896391499904
374.37493486193125
351.80771662367624
345.5996975564922
284.4378131593985
366.25100837944774
335.8684642408625
368.4350656334427
319.66705389140407
304.5404775629577
317.1653202903981
432.171838572016
385.2170521225489
366.4665637772123
337.4230012226908
291.94117849244503
320.2566979242256
335.6430754698231
307.8649755528022
318.8168006018386
282.5265450613224
295.84798028331716
297.982552503905
256.7714279887732
374.75163808386424
379.349833507993
313.0446932208433
337.7676748773956
306.1389465627726
391.5703248413629
394.2370743074571
352.5446333301952
256.27799262292683
278.2854433816392
333.5501475252677
352.5303228817065
283.7848459093948
327.7938213906018
317.1780479659792
295.8765225390089
469.2143743520719
313.9856909373775
231.73819550208282
345.58416503004264
375.58034291211516
350.7851306235534
294.1338568600477
348.8442675071419
311.51171917287866
368.80515988881234
295.32660559233045
256.63892414956354
285.6649053487927
357.22386019292753
377.3223577348399
271.1470943458844
359.02689437469235
384.5836844731821
380.0679463208653
272.25250826682895
258.0720961972838
304.96105988678755
342.32952678902075
320.3159210867598
427.675792973605
284.10287040355615
318.4574628705741
297.8036696157651
266.47645027929684
280.7872341424809
292.7750065563014
278.8510397397331
416.2607517144643
334.86899733915925
383.9704561677645
382.9882086380385
304.36918426316697
365.62412928958656
365.76626359281363
387.8190644684946
380.83962054387666
294.16552655101987
271.344720275898
316.3096118149115
262.60642623668537
360.96709803910926
275.78508242272073
500.2386934822425
289.3693897352787
297.44373831531266
254.33276497852057
336.318195423868
423.63786643277854
256.46171874407446
244.0804580191616
337.2390594854369
307.6938652207609
308.95925676537445
467.10830961115425
304.5266164148343
320.54653816478094
292.57969000173034
289.39588460011873
312.0725713504944
329.87700015405426
306.0100634407718
309.15122937591514
307.48417985858396
238.4575954696047
338.4471090925508
302.32460981205804
366.7338224701816
347.1150688084308
399.030798538588
372.50761745969066
325.6992062184145
361.01096108340425
282.2602013644646
296.45856460998766
278.5319217235083
316.53754394483985
426.7763758949004
289.356113689777
346.00059017166495
246.839098321856
290.4864239168819
313.59043313039
375.6410236628726
301.25516480900114
325.63792221515905
335.4601376161445
275.0419709846028
287.60372979415115
252.53332681331085
265.11830900475616
331.81651160219917
292.1372337366338
251.9075069120736
261.5990621409146
299.7073202554602
360.0261707401369
365.30078139487887
353.83652296243235
283.999462998996
339.4571452353848
356.820599731931
304.0127388063702
300.80514477350516
272.12910868995823
312.5693481648923
378.15320151048945
331.77130355261033
293.78559198539006
309.6206932410132
249.469628347666
269.22659681749064
407.24367061210796
319.3069253593567
301.04132447758457
258.32283739501145
303.46278580010403
325.7176863765344
330.16766855632886
307.70182564348215
293.2893671185011
356.288775300025
309.90345448162407
243.08114327461226
347.1789077213034
247.41436569823418
284.6359714915161
246.75953801348805
410.9305901802145
306.1770260068006
284.6865537818521
294.5953191522858
293.3780585246859
286.7323035047739
329.6601083665155
379.2728404299123
436.11619927105494
334.9896668869187
282.88607179763494
474.9367828575196
378.79015821468784
387.09608206758276
296.8715847035637
371.8168482654146
388.9538070889539
347.7328019562992
359.2867461940041
320.25953107431997
355.3793711445178
352.6087988653453
334.0765969892964
297.64082487358246
361.61932343326043
350.917197216826
338.51931566157145
281.284309979761
344.32258240308147
327.299445042212
266.0835757825989
359.4900224613375
307.14723884430714
403.2264956760919
372.044324700546
328.52708852424985
298.94923905981705
324.7416918708477
332.05032740114257
338.2649430842721
282.77140991052147
262.2277439807658
319.8088809593464
299.8261478509521
329.125144966878
299.2567746468703
345.0271969239693
319.8709866735735
303.59620887739584
265.491378128645
446.63469023554353
333.66911271907156
332.6646864580107
340.4278369562235
407.7484888409963
246.43074850027915
301.50377656600904
205.60091100004502
255.57697828364326
273.6642331935582
286.9957437060657
333.04902038682485
329.8975676301052
290.24095504451543
321.936720774509
270.41278465039795
282.0147669953876
355.96173743053805
283.52887547313003
262.3398246161523
305.2923951315461
252.53516626066994
294.1057787165046
264.02107550308574
357.05018304957775
277.8268358116038
504.5358174398425
302.14748622570187
334.3995556156151
283.0574814378051
301.256160787947
357.29006767604733
337.2188609287841
332.495083207672
374.9786007931689
319.95463098963955
262.1619299313752
320.47443771135295
330.0601290895138
302.1278324657469
373.60503601521486
278.93954576336546
374.9782566297217
351.4151381684933
247.89143481937936
350.2385603416478
281.55701594013954
256.96567208401393
260.36426471563755
302.9511056425981
277.7248633891577
353.4335257507628
290.2827015957446
310.09971110743936
295.14998646016465
274.63482953899074
346.7516035664594
276.45201775839087
291.88350293942494
568.5546162644168
356.50945184001466
361.33988819184015
317.9910355490865
317.3204794563353
315.2848461000249
335.90959187585395
353.2169735687785
322.7723421144765
311.51256683364045
374.49841686547734
278.7866906276904
433.0412653614767
287.4161746673635
316.000724418147
300.67561835359083
325.1208528385614
303.9717927102465
228.68002054764656
280.608768135251
244.66908537544077
348.30671773909125
311.45236855599796
309.9742136487621
276.68866483529564
266.0586425252259
356.86440407211194
282.6684205442434
293.6599722953979
305.22568342479644
317.60043710371247
344.3175235223607
329.92864507518243
344.27377712953603
230.26625234767562
277.73705158627126
386.77141177642625
337.06227544584544
300.69145476527046
317.6537749094423
401.7523583637085
264.5433249900816
367.02420492848614
330.9770744048874
277.19568732904736
356.45174283895176
363.4750170876505
344.0825284064631
266.4686618371634
317.41576492175227
303.0297843053122
323.4213888547383
359.35373998375144
304.77493590163067
348.7539285182138
390.2356099017197
341.6401971146697
369.73205447464716
245.8781516517629
290.6135940566892
285.97478843765566
366.08574731019326
323.3989825666649
295.7359493668191
353.0677715318743
387.0947156675393
333.36955091753043
301.0147732812329
306.9636406970094
307.8949783555581
361.36303590179887
425.7410981723224
264.7771656331024
279.9368285033852
393.83815528819105
366.15022526314715
282.2693537638406
312.71103629493155
347.776043836202
300.74185988795944
333.75973676511785
336.2189023436513
302.4947250689147
385.1204523576889
341.3667791385087
314.46049827343086
293.4822528446093
362.51371725666104
308.5833816305967
212.16166895331116
287.96527655242244
292.23399067879654
283.4738348905812
264.3451372256386
291.5344857563032
358.07125020289095
293.89450781879714
379.80813178856624
289.0043668752187
258.7244564113789
295.7414587275707
277.4593434856506
288.36530491145095
386.02052475122036
306.51530082692625
283.5719968928606
281.5170198138221
346.2616503003519
291.0098344226135
321.9711457384983
273.0414272408234
320.39441781601636
309.9283035288099
293.354583020031
267.44885749719106
271.12229445547564
288.6324040616746
314.48047876387136
295.8365868725814
310.60529840702657
318.10823414311744
313.999644718715
558.1403449395439
308.99017744953744
286.95208179421024
304.3797859455808
367.63285104895476
319.81854861043394
243.41883995727403
370.79897647642065
298.49211771343835
325.68824810616206
232.63687870820286
359.76111508958274
411.94749024073826
322.57893784262706
292.69561539863935
303.8898151850444
296.29368468531175
328.4669935166603
309.6345051986282
331.5261792714591
299.21463233523536
259.56704438471934
278.5118715208955
334.885643591173
255.67272939154645
299.42546979989856
368.772300564975
327.5157378980075
272.9277969582472
272.89163093437674
251.7844306533807
361.73548033932457
319.55769946501823
270.82816101505887
293.49838500347687
324.20814450032776
311.797653570713
273.6827176398365
263.8353975059581
258.828334047168
325.9711674316204
387.2222650478361
284.7903463228722
351.60080804803874
246.75883076607715
272.62367807445116
301.82462813402526
296.2110911369091
300.9790581159177
288.260308054043
274.42009063559817
255.28110568714328
347.45081006130204
340.2894351988216
286.269732827961
330.93353578518145
261.68793489487143
323.9140035008895
287.2830366580747
275.20957037078915
291.86705274379347
265.4714677707525
436.9600304576452
306.0848507747287
290.03690276958514
276.7225221420522
309.8553541034926
323.08062142541166
375.1567028835998
279.4463896275265
282.82583377638366
366.1859994783881
349.06976784963626
291.9783956303145
290.8876224499545
417.3516000248492
287.79442342574475
366.1425140169449
280.3630696062464
296.04110781342024
298.06765368871856
284.02629441278987
299.959297105961
315.7307348838076
317.01198534906143
303.50732908566715
266.1658753489028
340.6377765556681
315.20363605505554
333.691498172062
258.3487414516858
237.7697387477383
276.12935299408855
318.8284196052118
325.6210355864023
381.1525065526366
251.77582630544202
313.8164026197628
377.89482503413456
346.36329582106555
281.5703170474735
295.18812658434035
392.8693875778117
292.5148053886369
313.2436038341257
347.457107733062
246.77971284056548
228.55589102418162
257.43867994082393
322.76669966999907
302.8494476201013
255.32342710578814
271.1252675153082
371.78885548899416
335.8802604138036
378.05809294385836
321.9810924278572
284.5875562595902
309.78823615104193
309.1988333630143
228.27021225926
373.9828059624415
407.0685123881558
351.33810967055615
347.0852081110934
300.46807671012357
391.7181930390652
317.24832959624473
299.86066367459716
299.8215413482976
278.1694699159707
330.84501988539705
372.93017678230535
377.36985285190167
278.47434328630334
297.7103353393031
439.7021561895963
351.29126217140583
351.7076475720387
267.1403499618755
317.49808963784017
280.5005106869503
256.22078879363835
385.2912578994292
334.58499334350927
300.6709723470267
299.68046419037273
282.5284802283277
369.0957894700696
280.1557733032969
353.3311724618543
346.00417803926393
293.1825811981107
260.42793824954424
286.7560239236336
286.59571376943495
317.91621331189526
352.4980478839716
332.2935981096816
286.69586301612435
302.1998638974619
368.0122130152304
337.39245536143426
307.00830669439165
414.34961283847224
313.80494210054167
254.70066414546454
315.9092935093795
296.31748618918937
276.7918886933476
332.5683659412898
314.87701229489176
294.4391577829374
351.7136460886104
358.30022671225015
319.35215639451053
385.94476788607426
274.0273844732437
359.63748089486035
339.75861901656026
269.5763998919283
316.10611459671054
330.2144592506229
327.4050712637836
347.1444242980215
479.58615232346347
501.2183155056555
372.5304651072365
329.31605918856803
318.0758230375941
341.72553618234815
318.2308116473141
392.1318317700061
413.8823303995305
298.82184589700773
311.5064553922275
295.8233232861385
333.3822371286806
311.7544560711249
418.0261625954299
289.29432419349905
361.73667931515956
433.03928504884243
398.5312177086598
295.1638137800619
298.17884542717366
304.05937620351324
382.2249367418117
465.7913426607265
272.002645499364
272.4309789042454
261.49586816260125
333.95175745669985
309.4914651279105
342.20437612355454
283.45254851703066
287.3803104799008
324.3409184306511
415.2372512369766
298.6763777801534
311.01048103137873
326.81210369302426
306.5922336327494
379.29186126298737
365.7594470833428
307.06553257699125
299.6804557546857
369.5104702541139
265.2197132045985
323.16144070844166
308.45952845935244
312.03539920935873
306.44341010431526
372.37280083529186
317.46405171445804
428.04212335526245
281.9400070204865
358.1177782951272
269.9126980214496
286.6146231185412
299.8216653924319
356.4177450404386
310.81611216365127
319.2435068227933
341.33072827314027
318.35213295865105
344.0194055887987
275.0822488251142
291.3203950279276
249.34763897641096
376.93223447399214
330.6771820547874
375.8017075044336
331.98853551974753
359.5418157700333
272.21424273995217
381.7102337817778
462.92158738098806
309.2013755530352
283.481491012848
381.4534537632135
321.17935563105857
391.72285266272957
294.3098939633928
314.1057105832151
307.0803231316968
246.19276587927015
335.14898827433353
253.379878473992
299.5894279977074
319.58062481391244
330.6019600688014
467.9663462540484
307.3890402535326
531.652870883292
401.1766913094325
370.2349428963498
372.27606126869796
299.2004262180417
343.7756859633955
277.87590457854094
293.9610642629559
320.59837849234464
338.61748956213705
254.33093104249565
260.19931696442654
413.8464892982156
296.20321942470036
238.2904951305827
345.8910897568567
272.153783906193
284.08238257764606
278.36613257136196
328.08431318425573
399.23714275372913
308.3862284573843
334.5003231468145
287.3336979546584
327.8920294910786
286.2091267054784
311.54750325070927
315.58975033974275
250.18904418312013
294.2880510647665
341.787962360424
339.6338788633002
270.81989834358683
403.55255360150477
404.4675826145685
368.9833894945332
405.59804847236956
395.77569084090646
358.16319064609706
311.110496684385
274.8284881626023
331.2313562699128
329.5369950616732
447.2445925733773
324.1578698523226
300.66506138199475
342.1088203356485
275.0208018865087
375.4666439400753
302.6099878944806
322.7356770399492
300.68592973134946
365.518076326407
263.24055672070244
354.90794430556707
280.7719563586288
341.1434971719282
315.2790020899847
298.1905373848276
378.44037331297295
273.05065269430634
268.48869286698755
315.27854239178123
365.8941890633432
308.40597338753287
335.1301790277357
324.3382166723022
419.2681712899939
288.6217445320799
370.6789759772946
298.6920051279594
280.2133616010542
309.6120966789895
255.78916056337766
315.0861567707034
318.5532457564259
336.9644472509972
294.31669485080056
301.489043065696
358.7533050358179
405.28949689195724
295.39298799895914
338.56149665341945
343.1278253906057
286.14247831644025
339.69349125854205
382.93190678127576
409.0783020379022
290.2943054732168
323.5989644463407
298.4065993716358
280.5161948784371
302.98382169607794
382.1155769820325
298.00287813373143
274.5286012532306
294.087865432899
259.9517885221285
301.2262162621482
351.2664652237436
317.7689890015754
224.34009274380514
303.5245517618605
248.55311925179558
285.2247846973478
324.39217548572924
323.2212076333817
275.72539439680986
269.92297102540033
277.3289136518142
290.31121027079644
338.94205123657594
321.508832675172
259.1382246512803
297.3636914413655
332.5145343610202
361.8546139524551
361.12084230576875
386.35550439276267
306.992623193888
365.74068373511545
333.9011150444858
342.1387516060495
305.91895087837474
362.07542662107153
322.8572344999411
323.53928620554507
245.47237587237032
297.9881999095087
286.6153383367928
319.9348725877935
289.6347950504278
288.57355856342474
334.83231765258824
336.8778000412276
335.71136601502076
247.2844868876855
319.19940211699577
233.72107440012041
358.73128297162475
337.6714148183237
261.65268317825394
291.42314596520737
300.5616487682564
302.50494455650914
300.34229289990617
381.8241884728777
356.4674361309153
310.26571169897215
278.3043215525686
324.7402039117296
253.59417407849105
327.6807193257264
253.95592344697798
324.51558169856435
263.6270729904645
285.25783216627315
316.4711332982988
294.3202759986161
266.28058440436143
257.56441839708714
327.85444582108175
263.17767099884804
281.03544469119515
259.0488472893485
282.70302373886807
297.8702067787526
298.90298919042107
342.2520995888626
294.2860917157959
283.8889682259178
301.273207471706
385.82133898185566
382.94911087071523
389.16168051806744
354.17411818925757
364.49868626566604
312.0616871402599
319.04606488137506
253.91012543311808
294.98764170263894
302.1819323671516
269.0786377254408
297.6162935530301
257.6968301383313
300.66487805359066
347.7256884119706
300.5346013872186
347.3324260467198
270.6499952455051
283.5943573997356
250.55787468422204
275.06484646128956
379.94303483038675
393.01798806141596
322.5792136117816
302.6320438439725
333.20247738144826
264.98756186582614
338.7777446815744
336.35705857235007
263.0800345422467
317.50820974016096
294.6039795100223
360.52805672877
293.79400585382245
280.5533774821088
309.77710126771126
381.0996041337494
265.60873270139564
364.0146459186217
271.12005165824667
295.8878412909107
374.8157382281497
335.899235415156
307.6843161993893
250.5160611688625
242.63111606996972
327.51625728351064
326.40422345732804
292.4500313687604
319.2666989121353
325.4261690394487
305.88555261248257
329.5934163740603
326.84928452491295
232.91764483065344
373.642718001036
308.48214740108233
367.5503231527982
347.20974529499654
276.49651075934526
258.0404799418757
310.87539520009886
358.0460946620442
302.40665849717334
334.57738189108204
275.41323704994284
300.7656581749907
452.80818532488775
300.3885437453864
325.60322422347963
345.2871887559304
263.33858867688105
306.00620127434377
333.4797621045727
256.9893327972386
371.58213715441525
298.2403612214839
316.34693938761484
280.383996768971
372.65307283459697
318.5236791963689
436.5547180098947
267.5385618105065
311.545390225132
390.273278422188
346.0909314752789
316.5723076763097
315.0991266670171
274.38560500286985
460.7513164455304
284.3002291707089
364.7110779938521
300.2056635314366
332.4821438222425
384.19307836331427
323.0524976248853
287.3384125555167
391.8039979332825
325.7281675746199
362.1153857933823
427.7831738257082
312.9494947231142
302.0093079447979
343.41366828687023
335.3817199997138
307.74837416643277
295.72048257337883
318.82244353811257
348.65388157160487
287.61437146225944
303.7421600841917
304.7676862134831
230.69795544305816
262.7191858399892
391.1157230891986
384.93872688827105
292.0689027317567
293.9336760555161
450.97937135968823
364.632825966808
246.37710401823279
314.06719760003034
321.52262488019187
327.3107122165384
339.33606789342593
345.5804104463896
304.9403856761055
265.5940030986676
301.5197005632799
414.5906117679551
274.2442711045733
330.9891926582204
326.3509887647815
354.34286312235054
312.87874152022414
320.700701251626
301.60364857618697
241.1526215452468
303.2063116419595
395.68015399586875
266.15192872460466
284.9689504925627
242.09390250244178
487.07026118715294
312.3803335764678
349.25424054055475
289.6303148836596
312.29379157104995
284.1875448785722
296.9571201999206
266.2114531752886
325.1966618882725
262.41866996639874
305.22007481148466
331.56331620074343
325.9760437681107
367.9034624688793
339.7827165068593
355.5975741132861
297.16594341257587
329.42889448674396
275.92455755593255
312.13170635316055
361.77903226180933
380.088460327941
299.6643430199474
405.24087035201956
319.6372232561698
227.81759728153702
379.692303700489
312.25937753962353
303.19085008814
456.2571558987256
315.3870919769397
327.2811156611424
271.47608297143597
319.39061648899224
350.7334577491274
325.3980478402227
316.53235984558705
281.53121513908263
273.0862406725064
265.9853027728386
214.0484510170063
304.34638644498773
438.24056381126866
294.89241907710675
368.31565393297933
505.34911862236913
384.36304269824177
391.2858902364969
412.80704664834775
279.20583846163936
284.62399617838673
296.8306645061821
289.95804786263034
347.7185853436822
421.95408279495314
302.3775217938237
233.77283815317787
311.71032251999713
259.1846921851393
314.1510150732938
265.2839661228936
389.1508028310491
250.74740060779732
302.12174206553027
369.29128240421414
300.2510194358183
277.33983423223253
350.4607768994756
299.03457286255434
250.80643113539554
305.48068074323237
369.5082717431942
396.43001121783163
305.3107680422254
412.2136259229155
298.0900010819314
318.1141878935741
308.5696334793465
312.25449808477424
271.6690350518329
389.945357649005
303.01748849474825
367.221953750588
300.150373116252
339.5064763521077
267.093532309751
289.4601671543205
437.30626908584964
323.87972949270625
289.9004209795967
241.2998708455125
228.1093122025486
318.6648885337636
345.1441434441367
299.11282099061646
321.0818353444338
361.57537271722686
375.57951462036
287.88951038895175
232.48489891015925
338.0192631742684
250.16331051464658
322.12959759507794
268.97726175026037
304.94278696295805
366.24017575837206
324.308258811594
289.2122947014868
330.1205596574582
305.2125884031411
403.50673070852645
311.6726076643681
387.13473233475816
315.637131143827
303.13725490588695
303.68832074839156
339.4309691360686
332.69234823656734
333.53743599401787
311.58900330401957
321.18788160558324
330.6396908791503
393.9211675893748
259.86766146775335
290.2147758328356
364.05332838371396
319.1329508338822
361.21093218645547
331.4224397891667
389.38820992875844
336.8345576277934
322.6876668030163
323.7701108932961
377.99739972071256
400.68462975649163
336.46334908821154
256.65903997560963
447.7743356397841
327.8033860984724
300.73858795745764
294.96879120729864
301.5693013143027
323.04573900438845
326.8505921991309
375.39217436802574
269.0333254490979
372.4204360289732
386.10827367485035
335.5436389789684
371.52890674828086
396.4286097625736
357.6211268240586
283.6097173569724
242.62018946220633
287.3069177654106
372.41059424437117
247.605157941347
313.0517708385596
296.2346515505342
374.84510647458956
286.1996726373909
338.3212337769801
293.88018437533174
323.5267448928207
330.81210740003735
272.12833298707847
320.8653427559184
360.32428150775377
343.850905559957
366.36949537333567
345.3753957566805
358.40334504516795
396.40946422924753
375.98271834198385
380.25657974998467
367.52705108968075
302.0781434705714
285.81128179770894
402.1544354107464
366.181767833652
336.51539696205873
316.51193300436717
284.2385358844185
294.8739180936245
289.62166714970954
268.0864527440863
296.3004754872527
302.2263434394263
276.1064694200177
308.49857579520904
330.10496923176106
350.0171681039501
372.59610742353834
344.84772195876576
302.3118811987806
307.0688780992059
302.13845162524376
300.8198640225455
264.6389948000433
411.82696735230274
325.8962676214287
289.29488219553605
437.39397681492846
329.29729151912034
344.75330348173156
314.2544383291388
290.8364559565671
364.3978339699097
310.0113988004159
290.15404752257746
332.90797605516855
372.1850199981127
317.1602592323907
314.2801590238232
278.82268384995405
343.8860572138801
308.1774471808458
267.329005827778
274.47548561845906
279.92359197849873
347.36874299740884
285.5456033331575
222.89361258898862
388.92714808683377
364.4019212538842
354.201233863947
312.8411225967575
330.06692041351926
306.3134329835884
329.22786144015845
375.36966754158493
316.0882515143603
249.47643388074357
273.924616675009
257.5535649157828
348.56727049837355
323.8808401998831
317.9626495835837
250.20482819282915
254.89049726899248
323.69329264818225
275.7885489903856
302.9869532425655
312.43265215621796
303.57795114500914
298.58964167244267
358.67621104442514
322.27101792849135
308.30845781590324
317.23595242772717
304.661750627798
304.02376052865293
301.7142653451301
298.9545419412898
261.8597504934296
306.5094633909175
319.2479153391905
353.846748355194
321.06915142782964
402.899526870111
276.6791142022703
318.6763509971788
356.4837907415349
343.22264090005774
303.65359424916096
295.8134991209954
305.9279464437859
269.99938391603064
256.53988491918426
293.07762160745915
402.34806932881474
246.6121009888593
318.62420875765383
320.8216479626717
311.7899708173936
298.50793775205966
300.8153588077985
290.0811913139187
285.19560833415017
367.1159930420108
305.22505375684705
300.3475941319484
280.13819352304563
336.1743964315392
280.7743391372496
287.50615453429054
341.38728589517996
288.2993182707578
251.51075925654732
335.4499106464209
327.2870394133497
320.8357337350026
287.3774769649608
318.0812779206317
243.77246302866843
311.988710458274
290.71206286002416
347.44598132232204
319.2918924385449
399.9120741584338
344.51523267419543
306.0753821664257
275.64707559044473
247.66823409195058
261.18913427053485
399.94840836769436
257.4612836689921
318.0121443999233
315.6984783592634
238.2912948008161
277.69015416223556
293.9537958292058
354.38521439407486
339.6649943582015
322.3537223559106
291.34464903350454
365.2023481115466
337.0932522142539
345.128614580608
235.7604199469788
261.0417362480657
311.42686828423757
266.92099122703075
261.2220610011136
342.63102055864874
325.1192600589711
244.11808134033345
354.2166256221244
364.4564577003475
351.43522433855105
273.95411385863554
270.46399641176686
362.2272118922556
333.09159273828845
348.2241851245053
276.32116191159
331.33593709161505
312.9872964078095
275.81467330805026
286.3304240264697
285.246456226334
342.111619845964
392.65098810277414
332.6659078953089
341.8887697471073
237.1312729108613
307.94790918787476
256.9125037146732
293.47250551055185
316.48256184440106
315.18549301999155
287.4521888910094
311.4161970579298
378.0636955574155
403.6419147925917
376.31275876716245
330.9357292649802
307.2715670103207
270.6970475881826
319.26192184188403
363.4285636607092
294.842315739952
314.64998939610086
325.8075553122908
312.8513029977912
293.3965804000618
409.9388650832698
493.89460383262485
387.9552262988873
321.02832880208734
356.7546952122357
361.1937777743442
334.2526457553031
305.3220820442075
324.6270577631658
332.0486463785637
268.22128274140414
274.92902258457616
412.99282882839907
333.7867407143349
308.32714660000056
269.34777331724763
294.07040457532275
297.46592491015326
389.7825914324494
453.79661689826753
362.4370654990198
273.027688960894
357.36877903935965
394.7699510388775
319.6869712898042
388.3253455309896
271.23418288258836
287.62168052466586
304.8388232633006
313.5015343123814
341.99815344135277
369.68053632229567
310.23428406228777
323.33780123095494
333.88568270171527
392.29889389046
320.82514870062005
282.623496207525
274.2545229876414
260.14288995449897
227.04453885671683
290.7013374819653
349.18853072286583
343.5531577337533
322.25802445574664
422.7898042447632
270.47237634740304
272.1797876066994
404.9907378666103
321.7728832041612
292.60423431615345
308.86181957577355
245.00866138294805
271.07469737541396
303.14624584966805
250.10228113166522
340.11563096928876
269.67126789304893
278.8370038169669
408.1891155837802
310.388015890494
319.8096677905414
346.0682228767546
352.13500194018707
302.562372490298
283.6174565370893
257.77581727306824
281.3806339382427
375.03866749757435
290.5854498555418
283.4425194869982
312.9005012155976
271.6150001217611
221.76392012252472
293.6197418462252
357.09845156851225
267.3096436174819
303.1324795865221
332.38238807185553
320.8510082124267
320.6334630138008
289.26300040248316
309.8605449729366
331.3505204691319
279.45665721816476
314.9946059900103
292.3609199548373
333.6027745670872
304.8955871311482
282.1623783806572
271.276356807095
265.39913638017606
320.11894809664227
430.6956666789483
335.0078435718315
294.3702387927333
339.8942947348114
269.2275515780784
328.2502822011011
338.3144460921176
401.18370823864825
331.57198285881896
355.4200569136301
302.6424605147913
232.1326725659892
312.91140422120225
320.41903418663424
258.4083969099447
310.35219627059996
283.55303999071475
343.38930952292867
332.5492161754519
344.2196862800047
300.09479386522435
305.1353350431891
353.68036321294494
297.39193588425405
287.71238074742723
249.3013963898411
277.06883869867306
349.0322676055366
332.0653665778227
251.81860553566366
293.610199049348
309.03498308418784
345.2994459839538
314.87052449490875
293.25351679651067
284.4695419849595
230.07565941568464
318.64886892656796
273.2286549285054
273.751465723617
296.47070053231437
310.9595799378585
307.027227572049
314.08530654455535
295.59589131036773
358.46808357466944
366.2537951726699
308.30912207765505
307.66572515817825
294.89012311201077
294.74936061224435
370.24777790822554
286.96350842132233
235.36738834844436
310.10012366320007
312.720549118123
338.3307581882691
306.3449246569071
277.26202839729376
272.0376089303754
274.10976301447954
324.1488994087558
278.4462729519
254.98750273534097
335.9170717456145
310.3440561965108
250.16096268012188
277.81786088913213
335.2006560161244
281.4080327617703
251.9045905759558
311.00681901117787
340.70299289317336
302.9456476113992
250.59508644603193
274.57378985348623
291.64880935347173
274.8948564429302
290.1754163921578
319.747669819626
257.4566304994514
300.03832348948345
310.08301532501355
332.45927099033725
283.0908283367753
306.65769965120126
306.93767421110533
299.6484965836862
286.45464838366024
311.8170715032611
264.0979821791407
305.18734935170505
335.1302091772668
270.9820525292307
275.6704253187636
273.2775428148452
341.5402833294356
305.8099969760515
267.504243650008
401.5570973607246
284.2608247746248
322.8241771666799
267.45249307970516
265.57239905779716
325.33294051885605
303.1856692186557
397.8717589356238
413.12626591755543
341.5480546464678
393.95251166343223
463.38238975184504
416.66612578416243
380.2001708325697
354.96556198678445
344.92913554946426
323.47935160587076
336.5223831915064
369.19887625426054
270.9088607762242
282.48087940493133
310.0694196348777
293.5369907497661
357.69773371866904
370.53408607805613
355.63491597003303
323.0092081098119
374.1289979944704
261.0613963881042
306.53877242747694
310.4850084813079
328.13128479523584
335.1286534466781
294.7828480551252
300.84362450882327
323.9216988161206
307.695056565688
334.2699072586838
262.8512522354722
281.64465835434385
283.8184228093596
272.2891702676425
321.94627433503047
287.04850632033776
377.8597347305622
292.27707550802734
351.904358903761
225.10039065929595
323.78301932953764
300.0562906335108
348.16159530193545
476.1950277807191
292.79863242211286
255.60599526308943
279.2299447855912
337.81078749522567
260.9241864964133
284.0050912523875
428.95509479905013
304.92129798198584
228.5361641877098
281.6434151851572
454.60996020783205
350.79827698890585
337.9693956656847
363.4922893414041
293.7445419091964
289.8089647440938
294.94125683477614
344.47057666874025
324.82314658071846
305.2412805709755
329.7240403795149
292.26037266338244
294.985862785019
297.46487771254033
354.54642460064497
282.46235958393663
373.2528580131475
567.8955916714622
370.03081464464776
308.8499483456835
356.3967575567076
361.28259262349457
340.785878552706
283.56647743319627
303.93361810036004
340.13328774878755
280.9997626438271
312.38506843778305
336.4408236006275
366.5460349761415
321.64257798774634
346.77130347967613
259.52421015058644
337.3349571847357
279.0687166231219
306.8317319788039
238.47838985570706
316.3674327015178
301.20177198189776
316.72537154413294
297.0933436608175
299.73231746896636
247.60845636040904
275.84000948735047
280.7792743900791
317.5826715179719
378.0455803106306
302.1580704735825
393.52015402994584
317.8734691712307
456.9070114966016
500.0382558123674
274.06472176057287
298.64841313497163
314.69630072975997
372.0038309027441
315.9427981361514
446.1731096478179
452.14762272906955
364.73197312583216
261.7296081252862
272.47782865562476
253.79127849196084
311.7113812653115
368.8588075299049
305.83844827115536
281.8252799932379
341.26959426142275
364.1934139817022
297.45377686806023
279.0195750176208
291.5520245259395
408.73415582824964
326.16265967907384
287.26333090488333
280.47433220769744
294.2078796266578
268.9202209227951
369.04206727887504
247.52822306845337
295.8978008029517
362.6548329546349
288.3379438308766
339.0565637855325
256.2197693947237
321.65173124917783
307.6083947781008
296.57381038798485
294.99579307914246
326.90461467485875
387.2288616382284
250.1438094379846
301.21753364347387
421.1881375327939
305.85114652488846
254.16592740709893
268.5152445380809
362.9742202350171
377.8363844822161
311.4719846014632
251.28271679999307
334.18750506534707
273.48746950156055
228.91636473080143
313.36224267061334
260.30499270022847
342.60850911890157
288.27950411557686
291.623821474961
340.3789482752327
273.9322908712784
303.8930148696527
258.19301199843176
347.0449504762655
289.8177140910411
311.7462877216749
370.48562399635557
320.58595278300345
359.28430939419195
298.25235222198535
297.1194844916463
343.37147940765135
348.0294518917799
306.3127426117426
268.75853331538383
268.1936100801686
289.2972446902422
274.8133860230446
382.2786332134856
427.95676917699166
361.1358346644556
286.9913304228103
323.0805590613745
278.356474724249
271.96523274318315
324.76282322232146
270.54785177495796
295.86300012189895
353.3186614905717
393.96477631502785
217.59364605066366
252.16841326397844
406.1179513527313
296.7625933991512
388.1870130877942
263.57363733265083
321.9919510128675
425.49789423740003
321.1731184674427
295.40870202193037
274.92986218910664
354.3826120047597
286.33056877425406
353.4717603228055
321.7039897538489
326.5924682727782
454.30240644479636
339.6079767702613
274.0560063928133
313.75710100342985
321.1823896493297
295.8258513128385
255.7569958488457
298.38596256577875
311.6439718718175
301.6112961337203
295.5604405842023
328.3968265692238
334.07762971695047
382.3718462077668
315.46864714706317
288.32164404029027
343.0380120635964
351.24897184444126
360.8027502093464
331.06189997366164
322.21251850784756
284.1300464211963
269.46402179880533
387.81849333038554
239.49709617416374
298.2448872423265
317.4257831888972
357.4728877519956
295.93406051176134
278.8182960075792
330.9272438243497
281.1563499706099
303.3882909353124
379.7621656830888
350.58127072278876
340.5973479275126
281.3989276041975
321.5611885947874
322.6112560930196
352.9035192830488
310.72303219221067
269.8594283006387
274.931424580398
290.40630215627607
315.4043050073087
332.24452499626204
322.5494773419341
361.51993762666825
274.85476325824857
271.56250751193147
314.3519135341048
276.7881219602423
326.4233114098897
350.47412118443754
364.3192694737809
405.3742585934233
348.19106809142977
490.98784411652014
355.14626762317494
342.4975229125703
263.18064763071015
328.84336590289604
333.05094898480456
294.2449949774891
271.4148760337848
324.15010496159084
342.6025367368711
352.21218305197544
278.9798255939968
327.7842665981734
353.060597196687
269.1799753633095
332.7615110059269
318.76255276519805
296.4464954590658
325.95674425701145
311.2326999527868
311.26457240618765
278.00047366751824
303.73189285758417
317.8543357751332
298.1478808235843
271.34794590994716
412.1966037391685
272.55735811870545
293.307483041659
330.86646164243575
371.4106508969562
271.503594321548
298.9972726003034
358.26570345286746
337.67337525845505
252.70691180531867
274.2007587850094
260.9987745983526
350.1741060789209
278.21730727062095
324.36196099442896
283.12372050166596
295.82245917408727
323.8194384047529
279.408629822894
320.12982860940974
266.22955380007625
280.9510988877155
347.1255152306985
325.98458475002553
333.2734050571453
288.81567672628444
292.47060335893184
321.7112696013646
257.82870720804203
317.0260298482608
306.0880097125191
331.96034993592184
285.04805473343004
251.90292729937937
339.55605060001835
271.9195183311822
331.4246516749263
353.21844363573473
314.3483733111061
352.69065115693957
296.7745974629652
310.40954728529323
403.0267990315333
402.0020619184943
305.8670386400772
321.21184295450803
320.4051171808969
296.3234825899126
411.881516581052
351.25631889200304
335.6407524731476
308.5079049783526
256.7789577349322
304.52531260601245
360.2132440628484
282.858169359155
320.0560050549684
376.7190384044079
310.9098930343753
412.0310563724488
326.3127906596055
284.9048502697842
515.7197129793931
259.0159744747216
303.75138681777753
265.24647959833965
285.24028133857064
289.4992175591178
292.4103416246362
367.0078507863218
371.79004763485864
490.9340645801276
355.0000497577712
317.0620978529332
343.4125111330068
265.7141600740142
370.03083759674337
313.25253887323197
306.35281099169515
297.8889823347563
353.2887620171532
304.5772543181665
318.1455477466807
297.46346930472646
307.95175652054604
239.52230846323073
274.01888411247637
294.9074287113035
380.1981815303443
252.28183819237165
240.83699429151602
255.78278954385314
406.69933145307004
359.2841926845722
354.9604803674156
482.6671148390742
315.9481179052964
283.9774339310825
284.8015037754085
345.7420549741946
342.8895001610508
301.00729957560543
395.5764732302632
312.79257567750756
341.52781725267414
266.11020405904856
333.66470200556796
440.39982928929385
297.9153779175831
273.8682852225611
353.8327627464896
357.0551805102732
259.87503964966163
309.2516340338625
330.1870360861067
324.993671569624
326.64167383126915
313.24438126874156
306.11918417480774
284.6281588682905
302.97550105990376
274.53946873242967
289.708503184258
310.8105430501746
302.83983395062387
328.39422305766493
366.53391043061856
278.30763677938376
384.99319454515353
257.77528710570186
270.2787465522997
461.55403560213745
271.91609271324705
327.2959093921818
345.26243474218063
241.8168094480643
312.6152873970568
316.53806852176785
433.4550589825958
449.6640726097394
294.6093900052365
323.5603298614733
284.67852304840926
292.7981481945608
341.15700385253876
303.552391288802
293.0611531077884
243.7860184982419
308.2468043582048
276.2830842981348
249.77184235001914
281.0217745047994
206.52515729086008
258.83486101962626
288.08398073527496
298.89837151241954
348.06546660116874
271.0550609504571
227.65301127405837
331.2258894025581
275.79719405795913
343.0384338326985
265.3214086397784
296.52639575116336
308.9212280844804
275.5161535331281
301.8508137251483
323.3302895409288
328.63756174826995
299.27308487019036
288.4967440890614
302.15158520347904
275.8814134844579
316.9436681790976
256.24140924122185
242.04052806377877
279.00940043176524
308.4934737321455
275.8617146954639
335.54307802568655
296.53565662447363
280.662806059001
278.0631536656292
302.8848519702442
276.9332901118323
276.1609659771202
341.22496005985886
382.0740825588582
319.92192901228555
286.83373984263744
262.09850340150297
344.820467322832
291.1461771669565
330.87061549106147
344.2526628766209
292.4280023347819
310.1378206098452
315.0230152895674
264.41285022208467
283.26375180168543
271.6857391811209
313.8225036150543
324.24175728368573
296.395071428502
278.7531648881268
343.0231433834415
368.38773692399263
346.79757552430965
324.2077333686175
386.3874292689143
240.4420748661505
370.42863456893247
357.8410673305625
327.40374672051985
335.416662636213
272.19707269768696
266.54708066023886
340.62825869978406
227.246034201351
264.27706073457375
365.58066501037683
323.8379051408265
386.07931458123494
262.667745376355
350.80492320354097
293.0721609630855
297.63212924671825
345.3636632079724
389.5574178448878
343.5211513211252
266.78667573281564
254.15836370631587
290.59201419050805
343.9469291671412
262.22613774077035
331.40716654923744
341.2269436051138
341.91653357748874
269.58712218748406
278.57235094800126
274.3970004679868
331.65228994900826
287.99385140952654
381.6548921712674
239.89627767866477
348.09857414488215
374.02255403925665
220.88430987019092
311.019081236911
310.9975686521502
305.1216917838901
356.31744844745845
341.13693445629906
290.6764063431183
332.558028724161
323.01297529193107
296.39678584365174
336.62778282607906
326.24387405626476
345.7342526029097
292.5308787646936
324.6222141428152
324.51686239638366
268.9913346361136
363.22801570384763
302.60205641691573
267.3957252630498
301.4911753514316
343.7174150357023
386.5788958829362
265.49414906674065
309.7895205017412
391.4714652176481
259.4723430847516
448.75332176405936
245.03420598851517
374.9815937539097
344.1244199859211
321.0866355453618
324.247344699339
330.9107784983935
334.10034634545445
285.22155704384204
429.20026409754064
294.63124096859246
385.97203535283916
384.5284315547906
372.19633089308627
303.76469518686645
272.4601710460847
330.9446810504887
374.431562471902
279.1093981155427
350.45338942075614
305.2258048353251
268.71477200835943
245.02983604825567
336.91553654673044
391.72120062599424
367.96016141958535
302.6050948195625
334.19174977275543
294.3587924374733
267.0946848927997
293.7961027940037
249.21051124483347
279.19181139941793
440.43025370070245
371.7248889907496
285.42372366576456
289.32604296063073
313.96330925263464
366.3541997169377
366.267842535628
270.1923429169692
294.662899824325
324.3754189159954
271.3507309585111
279.3341809749836
308.2202496455284
279.23661674791947
308.7281543671852
278.80217874329537
368.66106546961237
283.0831128632417
295.62669916369487
283.33261160878465
285.70162707415875
295.8326682888437
379.6574210334802
259.01797010120936
258.98906878673006
330.1242577789817
381.60125649208203
320.81482362374663
388.44696834590286
269.2996803987771
299.4123921615537
310.5045003470732
367.8000939338235
260.7645572790643
429.4937706554774
270.93036311049946
388.011223148671
359.40449451771565
334.0588343871059
292.8989748460008
285.2697127193678
346.86264090857003
281.3324253668543
262.18063945206814
280.7489910792792
330.90604680555407
338.71439027937595
279.1337954259943
344.8342769613955
285.44765423529316
264.5627903431887
331.54632993531413
247.57814451295417
294.0299205603078
279.70252627227455
321.93819209199864
341.6753242939012
325.37947376968805
254.2188230959
263.1620597511064
374.15791991574224
383.33193291304633
364.53737442661077
407.0469615313923
369.4863049448468
275.60130612773355
361.92124883120414
308.2785165901296
325.08635186671745
269.6633375121746
349.3158601965988
341.5250018603401
272.35739140899386
289.25823881151155
317.9002180127427
413.2984114680439
306.4843975424301
335.467307619052
276.91147396410815
338.9417819774244
338.23621624405496
250.6015403562924
313.98301299568266
273.74631037481595
295.6729679267155
321.03749913547654
303.03183918993454
341.3148859059438
385.0734046428697
322.57390256936196
339.9492879854515
314.50963609002065
345.10460797545966
289.9933114843443
312.0538170991931
291.8716024721507
241.73618870577775
301.7337056179531
278.9667273601517
258.3195994916605
304.8365382265765
319.36799788067583
335.6462031734409
250.78738845232874
378.7020071070874
293.8674755715765
338.3506696773693
263.7432075374527
341.4928117309464
323.2199432455236
356.13547000219114
275.45786477799993
299.7534507145174
250.241501808865
309.79855609009974
313.03986613499
358.84260306786746
299.38452620303724
308.7226285696961
308.73398767074104
363.05477377574425
285.9455079451436
271.22742020210717
347.1356321470812
304.39598298596684
267.811103991
263.63817776937503
302.03255566523876
242.2177056191722
312.4910883263219
250.21258471428882
275.6758434502408
299.70360509795137
305.36937026609667
277.578503388213
309.6159513432067
236.13156916177832
244.7547743646428
277.4222086375812
305.8677119683707
290.9029275282519
295.08011651132256
298.16372331930324
267.65749601856805
275.78831532387994
337.6832073465921
286.4038804329466
308.13848853611853
310.37844206090085
295.11898003774695
253.28173816693015
350.4117354104528
304.49253532802686
326.24215302744415
291.28410054941196
374.6114588645287
290.3424357136246
280.82459640537854
275.2370157591067
271.58096171182115
322.022970620892
381.6214255223749
380.96245145448484
298.9554431301076
342.2779788899934
306.8264871452702
304.53590966993943
259.0224093173165
400.83248447580263
315.86986942519434
283.1128614854533
311.7555985999061
286.92588139127474
454.13304431561846
295.1662292124238
373.3571716177976
367.62243443215266
310.49107623694
287.30836279597133
259.4593051025877
311.0021043821471
306.4857469968265
315.9617013251409
286.4250545046525
284.8349505686201
319.9683636195259
293.5781750603346
279.0470520503586
298.25781281560194
265.6000772420084
261.63016348856036
316.8499709976604
