233.627009807572
233.62637053474373
233.627020795534
233.62625391285292
233.62704724031664
233.62793432714443
233.62633838588135
233.62657209070312
233.62703430593956
233.62659446199996
233.6270355202696
233.62659039832397
233.62703663630145
233.62658735120203
233.62703744689497
233.6265850271211
233.62703793487344
233.62658370415193
233.62703835627872
233.62658259681302
233.62703859792055
233.62658200861733
233.62703873832106
233.62658161366016
233.62703887505631
233.62658125846247
233.62703898945256
233.62658100159206
233.62703895561572
233.62658105653463
233.62703897250685
233.62658104947513
233.62703903943475
233.6265808869266
233.6270390258269
233.62658079941502
233.62703903761394
233.62658083146198
233.62703906104252
233.62658075722902
233.62703903928377
233.62658081691916
233.62703901421082
233.62658093768187
233.62703898934888
233.62658089558136
233.62703904535556
233.62658088568787
233.6270390491718
233.6265808181779
233.62703899797998
233.6265809935503
233.62703907065952
233.62658079704488
233.62703908528056
233.62658075392392
233.6270389951278
233.62658097087478
233.62703900350607
233.6265809345714
233.62703902626527
233.62658086288138
233.62703898453037
