236.7124140998485
236.71258181118446
236.712720902834
236.7125846810677
236.71273830097562
236.713471404355
236.71243143532502
236.71268943471296
236.71247683266301
236.71269115573796
236.71247737762496
236.71268981503
236.7124783337149
236.71268816313932
236.71247898067304
236.7126869992244
236.7124794098545
236.71268625680386
236.7124796299886
236.71268584543395
236.71247974421203
236.7126856147097
236.71247985391528
236.71268545616113
236.71247990730808
236.71268532044996
236.7124799539888
236.71268534555566
236.71247993793986
236.71268529694134
236.71247997341925
236.7126852305173
236.7124799969024
236.71268518510806
236.71247999703337
236.71268519676414
236.71247998350373
236.71268521129969
236.7124800025722
236.71268519334808
236.71248004143854
236.7126851840094
236.712480015045
236.7126851636458
236.71248000659398
236.71268515834345
236.7124800027923
236.71268519246223
236.71248000517517
236.71268521296224
236.71247998670515
236.71268521454476
236.7124800337224
236.71268519783916
236.71248000922787
236.71268518259967
236.71248000924243
236.7126851790963
236.71248001788263
236.7126851882931
236.71248001701315
236.71268515791962
