330.1668230073428
330.1667586341464
330.168288627322
330.16800343260275
330.1691144491542
330.1683287818105
330.16905444932854
330.1685127665778
330.16952358886283
330.1684242905267
330.1690437315483
330.16857916151093
330.1696688581851
330.16838824030674
330.16903284084583
330.16858452785345
330.1696677823893
330.16838794067917
330.16903233013
330.16858434278583
330.16966701161255
330.1683881028184
330.16903230561365
330.1685843185387
330.1696677442869
330.16838777470184
330.1690325662312
330.16858418628
330.16966782487543
330.16838772357005
330.16903238329905
330.16858425169266
330.1696676377924
330.1683878051008
330.1690323811399
330.1685842656516
330.16966735905953
330.1683879588054
330.16903216862556
330.1685843324958
330.16966793996835
330.1683877164578
330.16903237969746
330.168584250594
330.16966759522256
