343.325101782425
343.3251367212133
343.32197751690273
343.31374748880535
343.3210527461097
343.37693887855585
343.332475787377
343.32945720797034
343.3392114265771
343.3294846987774
343.3203398732785
343.3197576729108
343.32497825172686
343.3139906292672
343.30993760886486
343.3195144065139
343.34182967065135
343.33865835995493
343.3623469025042
343.3458152337862
343.31941815586106
343.3202301361198
343.3199089473528
343.33567044515803
343.3327324880265
343.3063823556331
343.29803529363744
343.31510392892596
343.3167449763896
343.32029768097163
343.3223136976758
343.33772347116974
343.3249250534318
343.32109711246085
343.31624140334316
343.3137065102819
343.3101174431322
343.31010477634845
343.31792332847544
343.32716529653044
343.3256070342177
343.32669859417365
