233.76065770791774
233.7607142177385
233.76056440835418
233.76101157504945
233.76123356726112
233.7608843810085
233.76072657130499
233.76060822846102
233.76071567053077
233.76049491039794
233.7605635419077
233.76050943548034
233.7619509608421
233.76054100039528
233.76052585304024
233.76055639042897
233.76060128607241
233.7607158521023
233.76051120248485
233.76088655074818
233.76109453725803
233.76079877123084
233.76057525800024
233.76064300721737
233.76059363609238
233.76062095298767
233.76091976825955
233.76084581714895
233.76048512501802
233.76098595539224
233.7612776953447
233.76127826600168
233.7612777129907
233.7613559901547
233.76081462515504
233.76055358121812
233.7605500665304
233.76077185314716
233.76053236845837
233.76054803934312
233.7605088144992
233.7616311064994
233.76049836179118
233.76088307027203
233.761008419664
233.76127595749313
233.76124538427757
233.7608696591651
233.76097440200465
233.76087119359363
233.76098823027132
233.7608724795209
233.76081403481658
233.76080528215607
233.7611590488923
233.76124375168365
233.76092113025152
233.76087169858874
233.76051835571707
233.7605665035553
233.76050199783276
233.76057050820964
233.76049068744396
