234.58324894739417
234.58452337295785
234.5837762967285
234.58050968125553
234.58797075257553
234.5879462415769
234.5879805570139
234.58806867938165
234.58815910009343
234.5840149968526
234.58459203547682
234.5881515738156
234.58826732033685
234.58445428579034
234.58465337379494
234.58390970639084
234.58400262101713
234.58452896542622
234.58821890352374
234.5837399971697
234.5812867725781
234.5886134009943
234.58842830998947
234.58816317547462
234.58847580834117
234.58816710189785
234.58849850060324
234.5881684591186
234.5885054387636
234.58816884863336
234.58850918573626
234.58816923768973
234.588513241928
234.58816958235184
234.58851696958845
234.58816911475333
234.58851378540385
234.58816908259178
234.5885110058407
234.58816925904284
234.5885156595741
234.58816899106387
234.58851270614832
234.58816933391063
234.58851405685346
234.58816946963998
234.58851495879753
234.58816968383508
234.5885167110573
234.5881695552307
234.5885173394854
234.58816923069026
234.58851286956997
234.5881693827905
234.5885148089401
234.58816978645336
234.58851824724843
234.5881694949312
234.58851560650146
234.58816945263243
234.588515664429
234.58816952140478
234.58851607279576
