291.5118471252763
291.5123882634198
291.5128543811461
291.51309095110264
291.51315501505815
291.51312807732575
291.513430698149
291.5132501423268
291.513300254207
291.51335721982923
291.51322042138054
291.5134922293364
291.513284314
291.5133322827478
291.5134451574595
291.51328620010645
291.5133042319103
291.51336048432677
291.5130803246575
291.5135117980444
291.5133516328824
291.51316108014726
291.51339734172507
291.51313506216684
291.5132860790236
291.51338660731744
291.51324609601033
291.5135299770973
291.51343158957206
291.5133835247889
291.51342596517316
291.51317163599924
291.5133956999707
291.5132451990921
291.51347553834603
291.51333147552214
291.5131271622613
291.5133930796783
291.51308542695006
291.5135175282994
291.5133447154258
291.5130903923855
291.513524565642
291.51330308078104
291.5133327601652
291.5133429105772
291.5130851501308
291.51351668060306
291.513328558849
291.5132556776189
291.5134791739256
