318.6652278472379
234.8905951389491
270.7253707528382
285.35715930279423
277.41133377271854
290.6048755394868
228.3872106680692
282.5668226736864
279.0861381109121
274.90175743539567
294.2259715568439
312.01153493278525
267.06819610569164
309.6581722340343
249.99615499333459
222.60613826152712
261.5038803806483
279.6948480902565
353.09571884158595
235.4543031247713
258.92964710281376
261.6838676514899
297.2274969971186
302.57173885802604
253.47691184626729
279.7515466633995
301.26869377766707
320.8896266937154
251.51169390354517
306.78995855573976
303.9985233698917
282.24270910770247
269.03844425050556
294.86267427028724
259.5678270347471
267.9765500566682
261.3704560287988
337.9738534860735
290.6796081889097
271.8503771601081
278.2676521789781
252.1183120896294
282.76232698893364
245.2196495269527
278.7909197702229
264.9407528881111
307.23193053651994
249.7816369425709
290.51155781102716
301.8098980347313
296.07011593091556
241.86731715705537
320.56366865357813
267.47882225146714
285.55613995327803
273.7684812933785
231.97386469159937
282.5210220788904
265.52286157216804
267.52382013653187
302.9738689076621
261.9619810728582
252.0060094678629
260.0118935544924
354.4588980173976
323.2679863591802
233.76134618973083
303.744750451493
286.1011442303352
291.256702183382
272.0169094023586
283.28453820397044
321.9016810819121
241.81290867540883
273.0316795368599
275.53835649720713
262.800025227858
287.3634982031326
262.9925497532604
257.91829466465424
280.14797694669323
286.24414834568597
267.61674603577194
258.0825040872696
299.3656144724482
268.0648649022405
269.97501647054014
277.5715120134373
249.5129553994302
247.00234284158068
237.99570461942494
298.0534544871589
320.4954632328845
276.94406236071154
258.09372018529393
280.04872168718794
302.9758010989208
256.27701669034286
279.66404033109575
281.8432409943598
256.6495957405714
272.8257723715251
279.6625250989018
261.9665948605325
286.0560586587708
244.85030985074627
240.3224755595802
288.83381840072616
294.1922199243272
251.64892933828378
267.8930369666632
264.6606540977955
271.2377133400805
245.50682088855683
218.5689009229718
258.6745656345811
258.14232783951957
294.9690851424166
294.0020844498649
270.94974432259187
234.1008191755027
323.4754834125124
270.68755352534936
292.0355416899474
238.84436758521042
248.39661383958446
271.7418732020815
291.6404248180843
288.9506401707695
265.17729518822307
285.436815444722
291.9484996168612
290.94362687141984
264.1313910643148
319.7000418630487
299.6538539770263
303.40418553494965
324.60330187749787
265.832822063021
296.96104520658264
324.1087905235836
267.00046767894673
267.69407052960014
265.3464963497827
266.269324853507
291.82587475896435
261.7666928890758
285.6200134927858
290.2628676397944
291.64387814821384
264.57943242246984
274.2461304545068
279.4377657477089
261.3713756446523
337.0912392173632
305.95786335581215
250.67526420800277
275.7850770685327
329.61529743608116
249.61038962679595
249.92684073295095
309.5703793522989
277.6210782795897
270.7426389109896
279.7722741134494
351.6703523869146
268.9726648309879
278.0374302753771
282.90099832686974
276.70061284106487
281.3922493686041
295.063680325693
272.8742413740765
268.1589062966159
266.5225974057903
266.6689876994278
290.04430267187126
244.05943851978373
269.87078184828715
250.53034025265515
259.18000196166395
260.8624112597463
303.0756938896084
285.6570555739381
286.43383004661155
262.48542629011354
287.6293222892273
308.1971706954573
249.83963858077914
285.6860585258546
310.52947921009763
352.7030744236181
256.9775194836475
282.1650831083971
237.79235601991968
248.7430183169854
261.15295295802935
288.19648029553355
219.67202640570758
255.18557574804436
244.5178835966508
260.2515777443841
270.5069463803884
286.22519925599045
253.99086780017387
287.3238032718582
291.68186845234595
260.3036899059007
267.8831097889706
299.5699706014566
261.8293059986245
264.83567200139805
267.6485563720489
299.68281696045597
306.2284341869963
292.4114228083781
226.07020901250507
298.17271695197996
260.662719439948
255.05270050895342
275.2522856165233
248.90897842323466
255.25287460917752
284.4243830317355
315.8636553528704
243.46583576533158
315.6104047183617
349.9160880104173
281.63789161123714
284.4157665569219
276.77810785968177
261.3744801214125
270.2305446917526
310.0825935361572
281.3011893112998
252.90436460712954
252.80121107352898
251.17450889317843
261.596628833111
288.46554943718365
274.05069800473575
289.61397388404293
239.84217884021928
263.16411249856174
280.47197894900455
273.7592653717729
289.0259448815923
314.2850657220406
312.4355134627258
286.3287813998613
326.21620768627326
244.59792854417174
278.29417830126476
285.7853046674427
301.57097374821024
337.7087575017358
292.7522678467212
286.3547837465885
239.83167709122063
306.0071645252465
306.88895712039084
369.9278086061822
282.6935577694094
338.53799995376903
264.5710883321881
276.1848581749364
302.29545893841714
232.14726459067606
281.44044809984916
321.3088933073741
260.74899595216266
248.25579780415865
288.2085476946231
264.8771826308366
285.3297889496607
298.5054892661283
273.29881940208725
244.64231794244552
280.6703573200066
303.7155030965514
342.04145422733563
291.53109971816593
290.8792170033994
291.8891737307713
280.58098789525684
307.8433575287927
313.7427687114832
298.0327578844299
253.59715977156884
272.92637568230566
357.70580142820836
281.70813114810153
270.7333689596271
328.62605750889634
288.2497553839785
258.2140532906633
292.0200245283777
278.00323593526264
250.69743803214806
246.92642389978573
319.41101980986423
274.8514551688859
280.82208990528306
292.0735624035151
276.4832087755349
256.02455757479765
267.5437097142276
260.2853491309943
306.0091300946224
280.0191722075688
268.12627508761943
286.0245823824953
270.53927360268426
365.33968495970475
261.81572171834705
226.10323272076494
229.68787903498742
272.2489521957759
282.5463612711901
305.9691227183648
284.63180580372864
255.33546038219356
285.51406209928973
290.6861388059042
260.8154674885445
278.6537956766988
273.8196305997553
277.0622362211143
289.61774496799626
282.2135792896879
290.70886698806135
253.71778192692727
272.7921921430825
271.0288983369828
237.3581575932185
375.4491936573322
356.18526095023844
241.3419390416966
248.76532782803406
268.7641741150728
259.9599385071051
244.51218271318066
342.4278994474589
277.9667841314076
293.1644293307472
238.23195500035945
267.26644949777983
252.05382785487745
226.46276686970668
269.347090935029
256.4523344709887
305.8981443929224
276.7837963531492
250.4008796703274
291.94371124042664
284.4477925758256
267.91582480045327
273.9318798984459
276.86123578499246
319.90010201730183
246.0003228540736
257.767522062175
277.59611029383086
308.4297203523456
290.2844118431094
271.12228385871276
277.237752242203
284.60793233985896
289.69089968044136
265.7997636470536
270.5027596170694
268.5316393750545
253.73242305028543
232.16179260713398
307.04510513157584
258.5390694273665
277.3646501069161
278.80222467640124
240.20900328172138
309.7696540853649
258.0337155035086
291.80195254947466
251.54051256786624
307.68239804395125
293.8109246446984
300.00264540864737
257.9982861105673
260.31816950907523
250.1313425793487
287.9980528778542
313.9985280979017
257.94255136422
237.42960678697273
243.87435613395064
279.1455977548758
270.7833188233344
266.10184712572664
270.16344027529703
249.60979446915735
268.7227856246318
261.1363516206475
255.04554629883205
290.5835352420836
286.4503170109674
275.1043946475547
276.4265169523569
260.3288405857893
280.89558313507587
267.8476659549051
279.9349052825128
264.1594493707089
257.97428171178035
305.6584809258784
311.62460806776653
359.89705899938417
327.68225670198444
276.67161267438496
294.47900381418003
242.46614485622558
231.79688301753777
323.63218335412967
247.7124681796122
258.4656920860725
250.29739058612904
270.65427619316324
316.34463649144163
302.01575065053476
309.9090207010595
270.44550617861387
304.6954645797523
285.67615025126725
260.16089178805123
324.2317631608894
289.26178503769916
288.7512021720031
240.82755961071234
237.09051264089067
282.182070847688
279.49190481888945
261.1986029257823
271.58314779064676
290.963003003053
286.1644399159559
250.23165647732094
270.1874249458633
299.87300893184147
330.83338462008396
279.7517114896036
256.62496603952604
333.41171047318494
304.4555973644019
267.14078563885414
280.38400400977116
279.50223951914813
304.60696514234587
273.61324590323784
286.08662959306093
270.00743915254134
311.20518154627644
290.7399543218635
277.01462161207746
291.1382019802113
270.1085668634041
350.1606465283112
361.52199992565147
343.6667246195866
303.045828420858
281.98089987291314
297.0526087286562
292.11547126524965
297.1801204099611
261.8369357084739
280.6470565153577
235.20525262120645
224.79444580324343
241.4561730962596
292.35272550361697
284.4347630253469
243.92333296872675
305.066705942736
250.58596265802043
218.0857583550096
257.6392339897866
231.10409401805373
253.01981216637068
232.5769084363419
308.8517171377898
279.68609392328653
247.6841795280634
302.02034708997235
299.5586960775545
268.97487514297245
270.19381669029826
273.84445041185245
257.1013969660562
267.32629573109443
280.4702510990319
280.6057075653225
267.5671118995233
297.87964430457214
288.3169518536015
309.98873232633923
269.4718272599275
323.0569605220808
261.21514458797174
248.84169192056288
298.3019022701192
291.8662150222808
285.75119360515964
275.57253317988943
287.50737468272564
273.00994697998976
260.5621411478205
277.81730656538275
277.8682982476894
323.3726545248355
290.5400833480235
270.9705397859798
256.5360554420331
287.90934550215025
271.3664681080845
244.3497004842793
271.13045428940677
274.34964576756465
295.2677568483341
261.82549239412765
281.7615503455163
270.72568800486624
274.187680471543
277.8187867885281
276.52199907705653
284.02999185500084
263.013003828004
285.6151901882549
249.31716614426114
287.311317815911
267.35659467065125
269.3929860567441
284.0894748038845
243.6658917173918
259.62106774302083
312.84113793008146
227.0582121735497
259.80642195188557
261.99766350275604
303.30538604274625
289.0538706329826
294.86826254584594
271.2543823790038
243.8274941984855
281.2541053224995
281.5067700287909
291.4202062742261
290.7268043203512
257.2346083295124
286.3763117333583
266.92440444839303
285.32394049628056
284.42616737584467
270.78369947389
303.8365593389899
277.30794825029443
221.2795075683389
288.84739179507596
285.1654881921713
260.52509146908415
255.84000823862152
278.58794528918224
264.8985102136794
273.16126130503835
254.4437411763647
304.1505926386162
278.5280197891989
254.82053483559866
260.5241279914335
266.29493640354485
275.70945268977084
261.0726079166052
236.46941140500712
244.6992965589743
284.0779473358125
237.606937018194
257.5745093788719
271.9252240919159
299.47086583424243
281.2425137505925
287.12230280257063
252.7571658123925
288.2154738889949
271.7420065292972
282.48352741490817
316.9510080513428
266.8437410198094
282.3871269528172
306.7148519185139
314.96633060937165
293.9408857305243
249.8077070749423
282.9103410434036
333.83751777905854
293.50087714454276
293.8279609854508
315.3158252069261
290.6437317689415
287.9887792620575
298.95045193086844
264.35741076566046
241.90638978776406
319.37435415558866
346.83713864244055
337.5849735950178
279.4142733569606
303.0498733447457
244.44144926502486
271.03322447041865
303.4806332011358
261.90762509030174
257.9005857569282
256.01295311463764
271.97925447276793
281.88513712363783
291.0007805892674
298.2742850444629
234.98808147542877
294.05536741632386
296.11333691651816
261.55697487620637
278.5285703357076
319.2922205211653
269.6531210914545
232.83397156131105
277.2542902380519
267.0785495911841
327.3155839157989
306.78343363429303
273.63529674403253
260.19851151583134
272.77549960202305
269.481563980371
274.26574896727107
293.79521626993665
304.873246793577
260.5207236165297
322.2017300071893
303.66782561151194
296.00083527862444
291.4291574177041
239.45369790494442
284.18397323365207
341.29725940013304
252.57148684680578
292.1011391931097
282.72358792019077
224.81588532120804
297.4044220984797
258.33025512457243
278.3446236992313
256.73208660518867
292.7923239347874
296.3013030087168
259.1464474480308
296.1812954421621
240.51333230931778
281.60392855576356
277.738731236459
273.55619858481805
243.24598284444073
242.66799049460678
267.3663235324202
316.7548506973835
271.7464449587278
301.9583472654631
242.02690829100902
284.5477631414542
277.32986802092637
272.8412463947607
276.41377414550516
297.04351937631145
240.53018813225208
338.4163286086696
286.4504547874385
248.80980679905042
287.58559544110904
284.3366230414831
297.25270491535775
276.9269569206226
244.5839149679232
300.3204901161953
248.56442988663912
284.20226835046196
281.9178925352462
280.21098520146916
245.91249397883075
305.04210008803057
231.4752609494608
232.69836589318584
305.4195735461544
259.70758702329476
308.56695437416784
274.06976218600175
279.869271571195
268.09775422449457
257.885516195267
264.4142460815783
237.94584982976085
249.96272296473035
267.6416722644062
232.85935903151403
231.29216245695716
245.53063365881098
278.9852925898158
292.40570141765056
273.10065427189693
271.63466377175064
288.2580029598321
326.78868484377745
281.9352507520234
259.8978214446106
270.6132508449082
288.91561474703485
253.06687865004642
254.39218311820878
251.78863387391903
286.4361998256354
280.05829575596726
262.89390019566054
231.12066083870013
284.2425317277957
255.99025727194385
269.1151700344635
221.51953612625948
263.80956933667767
258.7706563405518
294.5943750348815
320.057121034537
278.7627873093297
237.32310129632242
286.9989679576538
245.57203599601053
262.6245549405576
257.7225776951818
297.21109313864144
215.63524611628964
236.21278189407894
254.2119244922942
268.73754155961797
253.91390576201957
295.3645322653174
246.73763632198097
247.93735781658324
252.27099342030124
314.06693026440917
264.3037963115785
294.00921496987576
286.88160064801923
259.2492744368501
249.22916062013246
248.82948303673766
269.07408958656015
270.57758987651323
271.88932116606156
300.0097635401762
287.10073123831535
270.6178213774401
270.493413180433
267.7166252352181
311.6068711670232
253.0736019332544
260.4979730248451
260.25212691078195
286.7367776168103
307.90456951828673
274.9187422981777
271.4298925418989
291.73612026963383
236.48743764756364
229.17285568339867
328.17012830261956
271.68188619351713
260.9510744792933
252.12809757105424
291.5348899104283
273.736207158101
253.12523886346025
268.24500195417204
277.28064061829355
285.6058877154428
263.4241022671631
245.96623726846883
262.64460615318967
280.4905723623815
297.5686559922178
279.7524035304086
267.6762149523129
269.2418306787731
318.76160518208053
241.82851558196126
258.1220177609066
347.9510762079153
276.58650294988183
292.5753331533633
251.0337605086097
286.90769922037725
342.7286159414507
242.33445900381776
257.8245983228553
248.32198900316143
246.72247799721663
282.5277165931475
278.16005594132
276.39216539342306
289.6513393633941
302.1773198785668
244.2056949319085
269.2145712999045
238.90981981367804
262.78534021013184
313.41242616731324
270.3566690365842
292.4730554682319
276.24435297062155
281.2499934126681
273.0273284824798
255.29053339597885
309.1499197637313
278.2128841696831
304.35189140902366
234.86319105580333
318.1837579384446
276.0684756420378
292.93103892021463
276.95985509076854
265.09460748013225
274.3645132576348
248.1020044038014
295.97103462484665
292.46203110858914
280.45820586034097
289.0979844450776
260.1875447490311
311.7890195134678
279.31556827932945
322.79481489455793
301.01245622357237
266.51679759367835
238.17942827899242
294.39641481247963
282.2626694313076
249.3750206505938
276.6990335151495
320.39131072125747
321.3087882739783
290.52198135168874
260.7787455635844
240.4427969547978
306.9992156694643
253.8202382795862
354.12846498852014
290.42978957641753
302.3765803569404
278.78592582177953
317.3883513066976
263.2046572006948
300.6743075103732
335.66901795269223
259.47499493704527
301.19483698764816
258.87033304406214
294.98666563406005
246.62248870867188
244.27532664639875
248.01296543097124
249.54814057878684
274.50191425628145
254.83069612144027
236.01361983592506
263.83222273696447
261.7487386726425
247.1905819986423
259.51863888974185
278.2854701062315
292.5664554229588
309.07633683268796
267.3704389814229
285.09369581809733
268.86306848100503
337.71216723986436
260.3013532209152
284.3879632735916
235.02383783418918
289.25555290226475
252.0267623218242
274.25513802681235
240.7173165216227
246.87990195248858
289.6720622901048
263.8810174120881
269.446237665863
280.5936052489851
247.89400916846353
282.7924854758312
334.71528490816127
295.67327426729025
310.59193788751145
262.21793001212063
321.1769725771446
318.75543855666183
281.3383019056055
234.2889874947723
218.3142117584939
268.57385511588654
313.25810512475437
277.2778232044657
313.83019693612005
253.164255372365
298.63534376054304
295.19625716580776
309.2648955024488
313.46892110919
253.49653345224215
266.6362151498033
277.4293063071673
261.40159296564525
269.76183754295926
256.578591960395
255.89532863613567
257.1722883719194
249.76668490591692
290.64742766253767
243.26295936014503
244.6776840305538
233.34419371088734
240.45062964590034
265.6324265199655
240.97554728810792
293.4928977628588
315.27860417435295
254.7588733699231
301.9764732691983
281.64474827228696
323.2854928083834
299.54919823395903
268.1005938765011
237.23215444965172
287.9426881330437
245.42794996051816
270.45406665524933
294.1326172412373
274.3585393591784
301.5178044209024
328.86743865540484
347.5016271301429
267.0203059253399
302.2151972139254
238.8431905117468
266.5472811188083
280.15067511005327
255.4518201976898
309.5916110370308
285.6404733582749
264.7357486234978
250.86129206168698
225.0757147684344
244.40399238310056
277.29989315674175
311.4962617001729
229.7764964485541
300.7571916706511
314.7547630558838
293.39015412383014
300.0646420416306
278.3425364609575
247.93545556662139
315.9664761655731
280.0392029408249
292.76962876383914
271.9837648800458
314.6222649880219
278.4035236077616
277.53981948731234
290.17358075792436
284.15503895963775
308.4579408381833
282.6858110706671
288.3828261409071
226.90486574498937
250.5070783883566
258.0004167230218
310.5593454728951
261.94990880211117
245.79352781671332
283.93958634726005
286.5422639856115
281.67468062322587
269.6726931705489
314.7972170354915
283.3816511957557
273.70124705147464
284.89100899884943
249.85178825166076
302.6440990899573
233.19704753474798
267.9798275756184
286.7429878026014
321.7698072125786
244.23968461714685
279.97844132513274
258.33472609432647
255.40584781736834
258.870405611
234.13393354631262
228.15708367759362
274.84896684333216
262.91501959692687
315.4331549417111
266.3099418557249
241.72859516140306
258.36851407244103
299.84595699235797
288.13325668266043
282.17838915687753
339.0741827209131
293.9151391845662
288.12856596306665
233.79826364677865
278.96165159594966
302.45639456046047
281.2985437400057
285.42546087835217
292.6889524059952
222.9974838864291
314.88670490763616
269.35229780589
262.0350453321589
322.0327957140398
311.06844479503343
315.9333396445145
264.6336376137333
309.1881238097558
291.9849666907103
301.1351463353494
283.47347188781714
261.2295138160698
253.70583611394977
325.47211866185535
284.7329016722506
271.631863784336
243.79538653040072
212.5453980555758
290.05863242573105
246.40775381022831
272.29681175976293
240.5165430137422
270.48204908985645
255.4324610059266
270.09680412180023
245.18539860844612
327.4932431091438
276.41987756761955
279.9487648200593
302.44810667744605
277.18015007989015
286.4453891670564
282.9115450994577
304.4995286919293
300.1881848255871
305.04816366080195
332.61213433457306
273.1419031274854
234.89787730458193
261.89362135436386
235.71453822008334
339.28340398182627
302.05639008793514
322.41290198423667
251.1440701939282
265.6835412295186
348.0460816566483
257.54838417930296
254.24223914789036
280.2787772011361
305.79234852298396
270.43036504421616
333.10726375487866
353.4950214357232
269.7241703167674
273.2021446833387
266.44965268997476
252.79916532774223
254.97874008101644
298.4020468258532
304.89080510433996
275.97360707930056
282.28919168835273
299.4047718036454
282.6297479009372
235.79929980938323
263.401708205638
274.8798886972945
271.8851353439968
289.6352936491603
257.74831022450235
257.68515402119374
270.5304327078047
258.12907912163064
291.9280402584118
276.31179878872354
290.9425130340387
296.4997835600516
258.34921291511273
246.5991938346997
268.97962265688693
301.3163974585477
264.64393724285765
260.5702579379431
285.1990075625363
252.72379827231634
353.3267582747503
266.4740425312193
264.7881885601091
227.42675009835511
305.915356756479
301.2805005776463
245.29143394855782
286.5360919612576
291.484778586193
280.78573732828954
277.87117701477837
273.8532532455283
293.6952935651061
274.9071436909726
318.5267783740419
261.42998338880716
327.4931783704669
267.03664569032844
271.23902507615276
264.70578967093024
295.10574654937955
294.20554505474865
252.0689095768612
262.4673038191395
307.8700700530899
261.5086638770881
261.69814811233664
299.3806339809671
294.82922874070937
247.50680392736103
262.2563373911544
263.92623204446863
269.9510699714301
240.2011919055367
248.56317346118158
260.60028027021326
284.71955313003855
259.96403716824716
286.94330823782366
286.13951451634057
244.3171613200684
287.8171082990593
270.93643244332634
247.51761264156085
296.09946345275966
251.78219991805963
244.64731757319532
282.44812274561264
290.4735874811886
232.93441894149873
289.35163911408745
323.7165091515053
277.55151522991946
292.2067222627811
299.2382263810723
236.60706855158787
279.8910474505392
261.5017802148359
251.42054104455747
264.25129672460025
272.26751145377057
272.8563249752042
315.36286613327684
256.6579251869116
262.48503051442094
274.3035819187062
287.81739388301503
274.55001516797347
261.55143069889164
271.55844138516113
243.86928500654176
269.1000533972401
268.2157345790183
244.38567889860133
259.9866074161837
274.76340449549025
249.38020115776453
287.3647563220584
283.2224580566981
304.4152576623019
327.9401935961796
287.7154042306938
283.77175957139116
275.981180947565
258.51903604879044
292.24119453906314
273.1119035666925
274.0818284099805
227.90703298838343
246.18689598201308
268.72053941723425
391.21499445289373
290.9741214676178
307.96072874078527
282.1957889806363
259.00605794234434
259.28606604912784
245.59421023959294
283.07224109431263
280.80005454749335
260.9544745569001
271.6881776552764
258.98852146812715
263.1346095080371
243.96336730651092
301.7217651504325
286.6729771703249
326.3115510980133
318.24370360636385
322.81526532012504
326.50195891287876
276.2856676664669
306.2829546764842
270.21485420840327
234.4800787421991
284.1901474407641
287.47152492334135
272.2391549599706
322.84051355399424
265.7142865625792
286.1403025329928
238.6568252518191
308.4672942776815
272.7692180740414
260.36212848784635
263.07224492996465
273.2965666897944
286.14062314707553
280.59684889775235
325.3678517777589
298.1364698505495
295.44125942507526
251.82446810457623
253.95443429006264
241.74666961521143
256.85472557134926
293.526371703716
253.11037568369647
249.25944592774613
280.3663874513586
260.1704437166918
237.63429963839008
272.2131276172586
276.2179818851873
260.80345699511236
263.907333025767
330.58295705966884
247.82521570514655
266.53483398014214
248.87506886187475
259.8543188062613
299.1185390839237
276.9848648561747
275.85920292371884
327.03727754356805
338.4025419257814
344.2282882776926
251.08126269461354
278.60037707421
288.70702273468487
260.3433179396088
259.8015821936424
309.880926729762
307.15880828019
276.94470832752995
244.30867699725786
274.1225910554058
270.0133309835801
283.8079762448906
292.8193728836486
284.26295295747695
249.43236915400485
283.3318434453686
315.29672828665935
304.5670409737504
318.0468326614937
308.9778757143649
308.5291647873237
283.2779249011073
309.4360855536652
287.13569962617476
251.50524476758437
333.85828178736847
300.522592846537
271.8140220597852
292.9732277717558
257.1887789280154
276.47672814375255
292.50285660568625
261.520004554186
279.8053193115629
276.97933177958475
248.8830413178075
257.33409050590126
312.2395658536698
279.9371755810571
277.82279985328205
271.67762962699635
298.27757040201686
258.47206326486776
288.41955293837236
318.7930873638834
289.3513605952612
271.25924852123717
283.74398089718306
243.26471354963724
304.5457974415622
255.6241552219144
297.06393495725933
252.34864066704176
268.022799720231
252.55836600449402
291.0539936815039
323.740545145527
275.12896744313184
256.83473211264936
297.10012292157626
329.02184202568606
301.1437048886437
279.6844131494872
270.5246932913433
281.1476987521746
251.93228624470066
299.0316627960419
240.224868611258
276.4815435662167
336.88911396136973
305.89542320987675
304.6315805587219
251.80804171657655
257.5213039505761
261.69242848968133
325.43516755726887
251.47920549102128
310.5310297664837
259.7969396719127
274.01133988716174
254.44306900748052
329.97216055350145
254.23421069950564
253.30917850375408
254.14127414836548
268.8241106386995
274.11063489026856
243.1619988476741
304.35294276010245
275.15183119580615
229.51541013643146
305.34027989348397
299.1164963795454
251.96105904417345
271.2046408497263
296.99771147430874
263.83406283997465
258.57565471401904
286.7239823907148
278.11345407314366
294.9668216984719
274.31634671305073
223.5818101821351
263.33725377125666
270.5640671943547
297.30127623915905
251.46628021582728
272.48066821933025
280.6314979142044
317.1637760621961
284.96001956332475
321.61745016428176
266.97679680545116
280.55116099864244
260.56945219339104
243.14776736986823
219.93631256656954
317.0629108447465
311.06851323635783
288.22741788468556
312.5267087959801
267.251150104159
259.41596026095795
291.1706496254774
267.90459091903176
240.92621187941404
285.53549124568235
253.57776341453427
273.0997948788572
274.88911036384525
249.1555860521621
319.3809793443652
252.25408464862267
281.4213333487278
263.74991613364546
302.74065295339096
297.38263723417185
280.62066641566344
304.3884898010292
291.12901057716226
287.2610743139521
291.84877319581574
309.7685617823736
254.9577212825534
257.6747587006539
262.3699845824158
296.80169920250773
262.6944978367537
270.919347449264
301.19272454822203
265.7920969425468
252.31644715886796
282.1727541568689
283.76536389411194
263.2057823954383
276.82219902670477
294.83926046610577
261.56795681250514
247.51768550038105
236.02403969870647
249.8407650802401
301.8337113620364
331.60670622700127
300.2293900140212
283.91786874923855
240.56505569652654
246.02514588530175
256.06900923879584
264.7763939908473
279.5150252296007
266.8374093511957
249.73103720572544
276.6330332624493
263.53982563246973
257.31853374216007
266.3344365104567
261.39015172666404
305.43397757277125
258.642449300678
319.19481387519045
255.61091796774417
284.35127116466174
269.5808411734761
288.71629227441736
278.3143851555651
297.54198991990415
237.32201109238667
273.0728705896181
289.3058337630937
273.2751338103553
307.8706476893858
302.99764962727204
273.7761880348553
284.2637022137642
303.6156268773484
280.99172815924976
288.9200029564672
310.96700776176294
222.215201617626
307.4737404390471
323.1321320790448
271.43962791282684
293.8088403971051
290.35288313694764
308.3522402289673
333.1329117983696
282.2343982232269
277.3661829776829
281.7989682534244
272.79109468933893
269.04378922242904
294.1138701615273
288.73351200309116
326.15410811884794
278.2677445181762
311.71257612662157
325.69784310105024
344.45068939228076
268.63682679791236
299.322118831391
293.7341871919343
264.04533587762853
284.7670453818282
246.59139226586558
289.9405886508757
249.24168477690546
248.80588982685003
246.76652741566068
256.26145269110566
227.0627624518238
300.7878194252262
268.764689147647
283.49003045540303
285.2182818095316
291.1869871467934
269.47345000726636
277.01866474584676
288.81844113359693
224.0146412391914
270.1903658884112
248.6167533362168
238.31838901422452
312.8519784962991
249.79763252707198
270.06161304027773
268.830747974338
273.5993303209543
244.02572558715474
284.7600629722001
242.12151947658276
276.093299872824
282.6790463908692
227.53416874195682
257.439890417445
262.30096761439927
345.544128746551
320.2535215548123
287.22987994464347
288.50667347654235
274.8923779609031
242.98721314390423
259.5741704911343
292.74190971645294
269.4054490739363
259.57800912612583
316.4902097605518
291.8088746966678
269.08101714617806
262.67332976748
260.5229123462923
303.2421138592763
299.03210715122987
250.62074235762702
237.87902283662697
264.97012269613333
298.12696024012985
307.43465928355
227.23887597874273
304.65941885497887
270.115838226513
240.73534084286075
260.4418664545519
274.2555884848698
268.6558014645707
304.44185340451077
267.3684720227611
283.70741141057806
270.0117090936401
264.94942627398996
275.66001112991944
275.8322602417902
235.93119307461893
259.17843986698426
278.9685414386331
280.318199315574
267.2935529682436
283.3696952711907
269.41480908950325
266.7134199880529
312.90839119587326
332.61054312001215
304.1661001809407
314.1878438522108
306.38022495183395
254.37689339683857
254.01170905609615
254.92738377675414
221.61952447710792
275.1448427393334
317.0057383639505
317.7614239237737
265.4813991126721
277.8941375069553
259.816015864606
282.81553015398094
265.01740555034485
273.75361427641474
251.72805129538756
283.5600116685382
233.69797671079868
302.7557772855507
263.68801687599625
234.97117643983802
308.51162079686765
281.8823881347198
310.3720901517663
261.40539466182236
277.11446088779485
256.1652671506745
262.25488665513694
291.8827719198889
331.2049190920079
320.35017715924187
275.9182814526721
254.31629848305602
313.404706752568
260.07371363131097
282.49746986903483
272.9282139195129
294.99662529234774
261.9933484517387
248.18354874959914
273.98015206167474
312.06045558472397
230.47908040840412
268.95460051030386
298.59095100313425
262.91746273991885
228.55363955470966
261.0100446548313
255.73665681685088
281.7427939926856
242.0863938697148
255.9550368587952
291.42938912281534
247.02627724711783
283.39091999211814
260.5024333058391
277.08589750365354
283.82265538640786
285.89922085474245
311.04754974489333
288.15060924645513
260.0592473281431
319.23306858353317
284.9506132736569
286.6739296289743
296.1481654733652
326.3868301445036
305.0477867196314
309.99581856356235
286.8695242218091
229.61764453887008
239.22798060631612
287.3837004469242
276.3097496491391
294.66363287688
273.6520890961401
305.440761411679
294.04941373708425
252.8109527999186
317.17657965264516
280.07206183695234
264.1205764795304
287.022825426131
300.35869593260577
297.32041175221093
253.26217799226288
285.7860621349537
343.0296300125774
269.8301856400212
337.0636929256725
274.3782794654835
292.63926023821114
288.6406128174858
306.45767529139994
288.84826270333724
228.5326754124253
290.13203628518386
278.2831033882103
277.6270991769852
257.4628679945017
287.57306222670013
270.0939736769069
266.27757305733394
296.7755406186334
268.57273412612267
265.08684635109967
265.1015387093066
317.28904373320984
274.0812286249711
243.54341223440133
265.75585572380805
261.1237681909697
342.3851722041145
282.16327359050047
273.2265532659949
242.9467251515598
263.7916666318779
315.7710382451769
281.52491331484634
317.17676451371517
253.87761452567065
255.17224396858364
258.52744619356235
271.5391800854122
284.49834910954814
225.59476097510196
264.22225520719076
257.324682164588
290.9507103912183
349.3930389578454
262.116344636539
265.00808039680123
285.95174428628525
239.30348059092648
254.29505440534558
265.41294057201594
279.2292212242028
247.26847496733535
295.1254714464885
304.9773458108539
315.1147089871811
236.9944737845799
280.90897427266464
284.39097923232475
254.9232547681895
283.07290324382484
280.7462880355888
290.8549312868854
245.9740715662483
281.108225721342
249.7561740851961
295.6082554931054
294.28992647258565
260.6551115718321
271.98303075373406
261.70676964335144
254.50272379856324
249.8080738153658
281.89829491853015
262.84975694771856
239.10134983772878
259.5870695937192
263.26581290067406
291.50460604572436
279.9706232958706
240.0229706002865
289.80641893844586
266.63280095363734
248.9608377039549
299.26039719663095
288.4070236146217
258.7241546472651
255.27869972540066
317.39848884777166
332.92406212107744
328.8682544566109
250.84126286074752
267.906454393873
264.1527984815184
271.820474925451
291.320505486161
294.4812972493819
252.58851488749497
266.98462573759025
291.4112570224679
269.1681926306919
257.3577363645891
290.80362117651384
304.4078430548543
253.45300962292822
305.15776530705625
271.76179608062375
299.7612853166065
270.8072957677068
258.88708453590516
258.8050869255676
275.31245482328814
291.5559278934379
292.4517611801857
242.71451308618998
301.9802847105311
264.45935165602714
284.7852096905699
254.89315279840957
286.3663297186722
277.9215872446657
277.3700441989349
291.87712547695264
237.2064753283048
301.73989802622236
243.88419741601683
261.0739734263043
307.2216443772777
279.20703514810884
247.1062871569884
296.2146046117996
259.91739324416267
272.26275096071186
276.20672981836833
277.8529794817441
250.82745793205686
260.67872495704796
248.8866106425412
283.0998720927746
258.0206112082233
262.70746699365554
279.5073911228683
298.1073978187633
247.25983582425397
252.60072556266095
295.96201987104723
310.0156306287972
300.69065692659933
300.7607752245967
225.0711601867224
236.2269203721662
278.1797492594924
278.44891875464236
287.1753876773291
269.6229208052973
263.4611523708445
327.86015305208275
243.9167524704826
259.7100748749217
355.165047941322
302.90880056266906
301.8879247090081
276.3885689370218
224.35072168713668
259.48442860960495
247.74146677053068
287.28641423466615
220.1153198055108
271.85843332041986
224.47642120876117
249.27766023791628
312.0467375354492
306.64016089460347
273.7336204464664
286.4399697674671
297.88833403296303
260.20097915106453
245.76783612847794
290.1556680801441
228.93683006073115
253.16133021062706
277.6503784962115
287.20396939560305
289.9544195292983
293.40159160859184
297.59473231766606
261.57485350745264
323.81258909753524
265.034576241218
261.8347517568618
262.8276790792588
254.07734359998722
255.85627871000906
276.9558363268734
238.89761247026036
267.6455566950608
286.8630620978656
263.27380757482024
277.0932799811126
252.12186622107401
260.8124251944246
286.5183690476697
264.5828984560212
324.9638618408353
284.7651323811733
297.83242075226735
311.2139455706347
256.7377544415649
262.1586848529987
295.88857302389806
276.71055122459074
289.3399931578315
278.2849619782646
257.2558065620251
257.8415708372486
263.6188541283482
250.0715292841778
296.7035990561708
238.01709240686614
266.008525168756
277.5510971577023
240.65626031905413
245.30529796768678
288.1926039245445
246.74375210364815
260.82281361019704
288.29380733170547
281.03640182019444
320.3602647103253
245.19329542625928
279.7527183931088
217.62546540121548
263.23610593599733
287.8845981199993
258.48959438491147
344.0326335586142
269.24079108948354
264.1047002983978
257.6454053367488
262.78131645091344
263.1557895235019
287.7327370248968
320.9491928102216
329.20468645822257
301.4884180489462
298.5240490944125
278.0750710594002
286.2434487306746
296.34203011065256
272.2136463514762
221.61932112183422
305.1028902797261
247.19671690731775
245.2848808967974
315.63002500426956
257.3836876435671
267.6498249830911
246.8601511308225
272.040171933244
248.05422130296938
290.5601782341255
267.0473566757282
278.9968861823436
278.54910665296484
244.67196508497
256.1566853856202
255.5430724961916
280.4311492907582
265.25082748010755
283.72904882591683
293.68171004834585
238.7571923416108
256.2880281001562
285.9088372248225
248.1022362554213
291.9447599038249
282.4176777655957
323.4525944109773
332.89277995505836
317.94001760182437
345.625440506381
274.2393634261098
225.29478891578037
258.48451418126933
263.1816171158571
281.17970028717536
263.09010334301274
303.39580548740923
280.64298643474467
294.1485354609322
310.21262322738767
310.3289562459104
275.95361993601546
291.0170301524922
295.7213435799349
252.09106049023103
271.8521210922627
266.59895637549926
304.26639551576227
253.05088436522055
296.39527675439604
272.89488785737194
347.79609951365273
264.17996602866333
289.4786696800729
243.09682745393366
254.60656591469888
282.2289677449735
245.73551599984057
276.0794812462991
291.2445333516225
252.23664503195323
268.1311395186931
235.77945895073935
264.70320165425073
278.392852467834
246.67929116997402
213.93861659208778
282.06270902312826
297.18436566449236
284.00143321743235
264.2372811246896
242.58838701155037
276.180422243895
244.18667252839077
267.6843778755283
258.63873541832436
275.5634023385355
256.0515373222297
241.99279886845034
240.62299750710372
287.7789374013664
240.13651857944205
286.2354660538258
261.20287314790767
257.54693970794324
267.29141357087065
274.4868156280136
241.57188933936413
274.14788497355767
272.07616185583174
311.73193490342237
261.3461792996386
280.6210959062446
365.121411728207
280.72933149989694
323.24219526036177
287.14819756138604
246.1035821174737
305.6895509180613
297.04376672778744
268.37516120506916
248.97476996760815
298.81587807508186
264.33856334374286
288.88712360337377
369.0526709451806
253.3115168568911
295.59280154458247
311.41228953760583
299.2439663965488
254.88721619336866
296.59282972163055
241.20262462005485
268.30837765021715
372.40251266537234
307.2446576554794
267.6355436814483
312.8051095389528
293.6769454275491
299.37232071952894
280.88022522826213
284.49877622607164
281.7372243737336
243.77318047604058
264.8650818616152
323.28406897431705
224.1774212635355
261.95323586300947
262.5978351426311
236.51883684669156
250.8965100380592
290.282269304269
270.1851938145701
289.31094722345006
252.3056362356292
310.6168138643261
339.4669935317943
338.86452748440206
275.3419168299297
256.05740545643494
284.2199133791728
286.6538252113387
255.15610992815346
228.84157058026176
293.0981428956147
261.16638463083655
261.4056488837814
282.81263497669715
279.3923205899773
288.0640039172722
235.1280495771207
310.93268468009774
301.14888729702216
286.7023865976371
301.67206757329404
265.40741564240307
265.88797009026166
239.14630790939555
296.20022784743924
328.82191920874175
269.3320476245135
285.89777553465683
293.64478710270487
239.7177494186908
265.14257745293435
252.52207859256305
265.09345054475125
271.6104503181996
265.39990535913967
250.2641103999922
244.6059606592171
257.93228275177535
306.9889306469122
263.8048951382516
261.1177518760087
228.61883052927442
277.85334221390076
289.2136178521905
246.49651893496048
277.4007607183885
348.87449881690554
354.8815748295747
306.94950444297865
329.80083752039354
269.1922450012062
289.90507136203814
309.30666389665566
280.083202777314
294.19693184958305
279.0304544729879
274.87085103977006
273.4197191153653
269.2887207857566
277.90445881325286
241.53384085488506
259.7376564060105
338.5913127276581
333.07623544719536
303.3015353665687
229.70672405406367
266.24819616950117
261.59953213401604
286.1887044047471
280.81845676118974
264.59659715241287
252.742929551634
298.1537754422752
238.3567830475513
259.833699796116
296.36191666009836
271.3783562167082
293.0959360334091
250.07661878108047
297.795513318968
250.79377199709415
252.00009324552957
231.57271193678025
306.98174209322315
282.61512216425035
229.26219133543782
283.2635999295162
262.4001043358585
266.0700162057765
286.1900972473668
289.8536302144639
308.6453846829245
240.4014070108533
273.5838417157065
244.6733928519534
296.6572095131269
277.75279978569597
263.1778387808008
329.35863314627204
275.7518496804405
255.62114052136894
284.56903550575953
241.59360960288905
280.4660172823351
267.62910702847876
267.81375367275905
265.75748072844
296.3380603697151
301.6666759175714
241.4946926550474
264.71219178126194
272.42065058404114
291.96613785019144
253.34305412799586
263.0660589080071
297.11891260254197
269.7827088118065
319.48059494630434
287.9729820775101
262.7289128161501
263.9598165121861
276.342388724559
310.1690520250704
296.186011146754
256.549973228015
262.3328998927027
243.3184967521811
269.9046745718224
285.68154136871453
241.96728229348082
299.1316358478507
241.0452800015919
255.81663734803442
304.4272068430437
242.4681560609024
330.1461475943215
294.27042341057677
260.6788976107491
266.6733272096608
283.72461331787053
256.010972457123
281.2091765473597
307.8407345665619
309.69970616919454
255.97059486294165
241.01285227760673
249.47208963299636
282.7918173526414
292.6238784409361
251.96449459239375
302.37946356111206
267.47785391274374
296.87253924889956
296.2328311991878
293.5529950641794
294.5901344977319
277.31368237850256
300.09053551999386
300.02592643746175
290.2932628808776
303.549831102835
247.51460353669245
222.9272157488158
262.5487873547245
262.07552290544845
266.136075943592
237.02122956886888
312.7779904860072
306.83601744344924
227.49590121069923
228.63200196949765
228.07526894658804
254.77867336559575
279.8530875563156
227.23236604128033
275.1370060247136
256.3353242822923
282.65394543716684
281.9610173528781
320.8614058927633
308.2379268294899
274.1545983174583
260.5151454845909
245.2165240161121
250.31834692682605
251.04488415597007
241.8156739413971
281.4438091201009
269.5123021968175
265.2213168280432
294.3243301004404
235.34456966002472
257.9677407229319
237.35746227146592
257.18411261367146
308.9546735914191
245.18021356198005
288.74832940276247
244.28929199825507
285.2202140134759
283.24694638489746
294.7196594484849
289.2648053705925
247.4700230283197
292.7304200172657
300.0406426942209
305.7951083491789
249.55758516828064
278.057629285031
267.3848676063353
236.21860778681003
290.51076878479216
268.83541235898156
288.37170182703994
261.481138672214
255.91036289324984
227.26121563464403
273.67556417081505
308.26494586933404
264.99900738243014
254.59503526322078
238.4254064760171
228.75159389257897
254.76908405253198
270.23247203580104
280.4350439091213
249.70079899439588
260.1028500199318
282.49652254232205
258.3052956358297
280.1106436497066
252.7133241262054
330.8118607257493
300.6793036214076
254.2572629491333
275.1652582267998
261.0814442812698
260.1514811546076
267.3606900302693
301.3374217163073
237.89099696383346
255.42067747586407
287.2458431943087
328.03041918971576
255.6962067274144
287.05695554893464
270.8262268715771
325.6051802263828
266.3463815833675
311.26474770973437
286.83265371026937
339.27134534844663
276.79363144852687
322.5482880086638
313.3834791328991
286.2148212220054
306.20915368234273
271.5073459770065
240.9458484487841
298.6448160741711
273.00485210237093
296.2714595668949
261.6036575634498
247.22539695107844
252.6622807023814
271.0371553496225
272.29091174469795
240.79755295312498
253.86478711024392
257.5130105052376
301.9083042612765
266.2384364133468
289.3509884334635
284.6909409381915
237.72333927068394
266.75490429077763
258.00610397034325
282.366933867801
247.30226596840657
277.23571929184254
292.27670536132064
239.08585746202152
285.85759483638685
235.76728263380937
253.7581260780571
266.38292886468116
239.30014543992002
255.50086016510613
265.9816201116191
252.59838165144902
283.5847782442579
280.4677921402035
282.9297515078215
253.09998919372447
239.79491264093667
260.82144434773363
265.94003164197784
223.94304034451488
263.0032126477454
300.2306169545045
261.44734425470233
284.61591437109746
300.32590705680195
275.03731937205885
309.6363164902432
273.6016215310665
295.1373073805589
294.0447040742729
259.4235950146103
248.778695735964
252.31260875437874
318.29194619099144
241.5670740386704
257.8748232932994
262.8913779165596
284.0158259710297
297.9147230592789
272.41818307409994
302.3009944371879
276.9201154569164
314.37711598922033
234.89163596753497
294.48652999824844
253.8895674018422
294.3438215663191
275.9510305656586
287.72962998691946
295.46910415927414
318.2814533885103
295.9639362981543
328.15984724706504
293.6300191304181
241.27373822208028
282.20978535478935
273.5166340752039
297.96661771601066
263.99125414318405
245.9029858498834
291.640720932628
258.95800178090576
258.3294424053747
279.3670439471025
265.9513579622144
263.50409984739963
258.85429068433587
249.18974236550275
255.92671904992312
288.3954130652128
276.7990948011866
268.3178311556112
263.7789417328313
270.2157337262761
266.5545910196379
232.06920739333145
316.62400979711674
269.99112805724144
274.49685611133464
228.7622966367053
319.66884179762565
249.96770961338188
253.44078452256508
262.61468102037907
275.8814813378267
302.8991950637428
246.04749601637013
271.2467131103622
236.33711986255366
276.91824487468693
282.520373812411
271.9307022164576
307.18104180542286
281.7504262223374
302.2704679305898
290.695056498982
261.25672582385596
257.04951197479386
242.38600838813
273.4122968643205
293.1327513733413
274.79815884819254
286.87110216077417
287.66374807746615
298.33607445377856
239.11995383747853
286.4982950249687
270.75260302773677
283.6434369282797
234.35461378027685
302.58553361461964
237.44442676194012
274.65803644189145
269.1580986340996
275.01759507204406
281.22090086119715
254.08974637719803
332.7965337849455
285.26065029308666
255.5492860878585
356.4847776448587
253.8589912072057
263.46425683342386
301.1941836311016
247.9942130446434
327.82300172769465
270.2075124767143
260.55826564633753
277.9979652595939
251.95737169054337
240.7785504735075
332.8947170060128
266.1660444549052
257.1676315963268
311.8335555277299
328.7865129915299
255.0796705231769
273.2527171021793
286.5482457577018
274.8101531836437
238.25458335643634
259.3007139461115
276.32284771616105
266.41022312431596
257.1961034871638
276.45607402024325
225.19220308121294
276.67158565472346
314.01377977780066
311.2736765178852
329.5569376847707
276.5898387033958
279.5606606892543
270.1645819627447
230.84971146518365
292.75599070312455
270.9985154324677
246.03690695017576
279.9069872479886
272.01550244388636
258.6926929174224
239.29600274353288
260.6719725704752
247.58001553593203
284.29660712496843
299.4453047394054
320.21695622836705
258.46822184009943
268.71056031424087
285.74803502089344
269.8187602069229
314.3407374670496
245.03120938828215
260.0220162104815
259.07813799055293
272.5125260617351
271.7385442650411
243.91122073866427
230.5360053984914
278.2990313406335
283.7820955438074
302.4855785034597
266.70477195247076
320.0192867695587
305.30705699592363
315.3263877260033
268.8945371247828
242.5733260094421
312.96375027659815
323.8561713305535
247.69021243345924
298.90672716277186
260.2836372362217
290.1629934140947
299.467209774768
249.35530506644864
247.48242378549185
269.0813442253275
269.45286402653437
277.2179720106069
295.6806489751907
275.22853266168386
244.42022105422802
263.853419754887
283.38031285093166
242.03422797715757
292.1293871230446
258.3113135022577
310.68174725584686
230.72914448042866
285.1719230355229
271.4550790298963
289.180441433331
258.1884235938778
302.97489781386685
293.91709012235515
259.29179318237584
280.7897234611446
282.2826568898745
289.3081114977831
256.4589754746994
317.9082737751305
314.0377348237671
277.25093837745953
278.62417306308635
225.38898441777565
279.7655279566534
257.473271528841
251.63746951508801
266.4092088084435
294.724378392566
247.99753623537254
251.4153809840791
279.87239320750814
279.8408032460138
267.5535659410525
255.2510381519096
270.7150817483198
271.064697952359
256.50733460392803
311.32076282263733
254.42944209254347
276.76541657408234
313.8565294146538
308.3698932279367
279.68006769858766
254.4128290633671
284.9806682456983
231.4922568083275
260.0174224455841
255.04493471002206
279.2802138704574
302.6380050913431
305.0723205492832
250.50255182234105
304.04465651873033
283.9835243206471
242.62458506273106
295.83990677597467
286.83778450021055
256.37334983889014
267.204705435317
239.95234050555155
280.4901670370018
304.0466030872194
250.16741010150872
251.61522271868307
286.4483593099285
309.62090113933664
240.45962325693108
277.0830570271937
269.901624761289
284.2780680137221
249.42397272004746
315.4483070053393
272.8133737045573
252.33697058376856
253.39952759770676
227.8543871222064
295.30584668542724
264.39355455478653
322.1889896101784
287.9614495802671
283.74343861080706
254.13436921522953
251.39423879690003
246.3343281763373
258.40878172020894
259.7846050390508
275.36335501330905
287.43809530953877
279.1264508306049
260.39651681808755
249.97667958866805
274.8118119131541
306.4391860497417
251.9110181526048
240.63600354315713
263.0291540164035
264.446751150419
271.0231035709148
299.0385570664657
260.25239436130505
279.98660816112533
270.7703194868518
299.18012371240184
280.9903758605942
296.95900677039754
254.1346380042378
272.32474994135555
276.0218759326963
272.43527681403793
316.67077459255233
256.6304944703588
283.40677026694175
248.4505791028496
259.7628499622224
295.26814337365795
224.85486982832663
246.20175196172204
307.00242975447327
328.06647632690147
273.21359271055553
285.87712135131005
242.1720043651294
297.36456990242004
355.0515435539419
266.3127715836745
274.53587219666224
258.029307595687
300.0152339555789
292.0986092524836
267.5689356219955
254.7853149137227
296.7733627628768
280.3296376859071
240.38788315537386
270.4065996025456
264.24731748807244
262.8491272077663
292.68422141484916
250.64251968474127
318.5188530731248
293.9167037047446
278.6246612514369
250.28074193326756
267.2225149315782
288.79495395254344
259.1736398199573
259.77096493553836
295.13618578831665
293.0636405439582
251.22614542522933
276.8067350713536
222.90750191686675
291.81370955333114
250.19298239669297
227.7761171021266
286.1363775401842
240.97089439933188
287.17565660737455
319.34493623522576
269.60013397666626
304.5736783577595
297.8180582015775
271.9429936936358
257.00153774546925
240.25048955448437
267.3112091635121
259.9178717385512
323.870370985358
254.32903768552933
258.86640668381006
264.9831784773851
257.1580351421144
274.48985760915093
262.6424818887608
317.7542664366774
289.55310311866924
264.8325678386027
274.0580956748454
264.83480472129304
284.241157280514
292.9782746164128
242.22729809500743
258.6176881217398
328.1216036033584
264.63621499214787
274.58398864860646
284.6338326607365
328.34400419786107
349.831264182576
266.2696665619733
286.9045761246234
321.9885683003813
288.2799462657422
317.76685315940995
266.7913339136867
263.3719499313738
250.9949840446934
283.970756710507
299.40442511590663
303.0875167550985
317.9241754565155
262.39116224250756
260.5113878372358
235.26794249087106
252.4207621884998
312.80615263269283
268.3119378790725
277.66276343062054
257.5330505387392
269.7110877202358
250.03697203833144
285.5850195643725
300.1008467815118
289.37771564826835
245.62047730211634
241.1594940109644
270.01065228448715
329.6816684405785
286.81541696353815
260.0424184279982
269.4086140363943
282.64260184927844
289.23930548503995
259.29207602888346
244.9858815856278
236.83639557857532
285.55113435548265
283.31142502091825
267.9925409873249
253.6492605584208
303.0525394198485
298.6657001102576
219.29161695262883
270.4907490874175
279.35981546191033
242.5295932192821
251.6838436111575
279.16978842765093
286.04812448460143
346.81304038036615
274.02367873338517
268.88183672667947
260.17925976775587
276.21850448998157
268.96374242554884
244.898851516773
262.6097067457158
304.54675624065567
260.3567548454739
279.8062634515809
290.25065995031036
280.10982148803305
249.08262355613988
301.4384454820538
278.45561966393143
264.41347215219866
273.8998460160801
267.1752725793049
292.556622582837
273.53614317358006
315.2333094760543
262.36824809457175
271.0749525653664
304.117737124674
260.778841093299
282.15839411120396
245.50599113770295
314.6435839139158
276.9895987646887
286.88448502658866
309.00230907974765
267.5912429895252
293.4037911699852
294.6907170958584
271.62408195785247
261.9981430757325
271.72071814432275
245.54065761948004
282.9494193409337
240.17838217597455
309.1327341222204
277.4258701541694
240.94299678259995
248.58954745403025
305.5495433448814
293.84471052791923
299.81749383278657
303.61725461576134
289.8890076490352
272.22968889784534
357.376517798868
315.2057185054291
319.694291607826
284.22674354480114
264.81621540512424
322.3553364125546
252.3883592991624
280.7337720534997
298.9139995268779
265.5330680530751
257.0995623965282
288.1416650339961
267.70018997986335
270.1177603050601
260.215688260505
304.09598462609574
273.09118709154427
271.79788588138763
309.98850521526765
289.0888060128782
250.70195647526998
280.24359450419433
271.0957629191689
254.17863929108717
283.08905376831535
299.508104556473
291.026498174062
301.822390055866
261.0184042645851
333.03578531718813
264.6197585409973
249.22516979731154
254.97958406130783
266.1616358360043
268.4011345281033
279.47158403950743
249.04466442065313
278.1561633963138
278.05750772205647
304.8623475319473
275.3264330836246
302.4294440704398
281.81509071588516
269.146694467403
238.5877294301754
302.1294825882651
266.2060147895245
265.0843261270784
330.76483714790083
323.31618562550284
281.7739981516497
259.5810988199664
307.57759625744075
311.4776856502285
289.11050821479876
262.72434049483854
280.7992490484612
272.2719784958754
245.50986626406666
233.24346734187566
268.4111556659918
281.31678783590905
254.46151358366478
247.59405241231434
294.93454239936545
293.7453151035588
271.13666854565963
289.0665412209928
305.95755846472457
255.12900899420492
324.0167745638173
280.2155447641853
327.28191180096474
276.52662020979915
286.9731366602937
264.4246812417405
313.1172208409989
271.28826949035283
255.32358778163325
292.7820689480286
268.81137729110196
223.31143406103365
261.75264114618767
277.72617290879134
322.34445979527663
265.4675296731293
281.53638162720017
266.3779652712401
249.84238147095311
251.10242153669242
278.31354073272087
260.04997878219
265.0211496303091
289.5888609365793
281.42086059367284
254.1265556596918
232.3310796560254
360.97483265050687
318.846281623235
245.96722540061455
303.1073362159077
270.6681159705622
248.6551734834211
277.6347005679272
275.3735604385147
286.79435052128974
247.07318661292084
274.8927848342573
266.34965273481794
295.0283467879053
242.86042175337207
306.61267678719014
231.49699969927315
278.57446448365226
279.40010838070884
229.02504311292432
278.099436356104
247.9059153116541
274.9456056293566
264.4893491297262
271.25493915588595
259.9595830977196
263.248316623969
266.43858032335993
281.26517798088025
252.84149766131304
252.16048992413562
239.2907056300901
292.5714592372533
275.30444842914585
243.9829107443802
279.9559721739497
269.9966780646937
242.63740075472742
312.0318980178563
293.7504027975956
251.76192456111312
255.20842791779432
237.32637277664617
280.7526173305232
245.2276699373033
290.601494426257
294.6324984561652
294.42553050850984
300.707546435995
266.6387324533425
263.3622125935508
239.76505221996922
290.6513783154078
259.04091340175364
284.27003274986055
302.5247972593643
293.61774875735864
261.57554728130344
244.33111875585746
268.35212382825557
235.51860131835565
240.78217461390886
292.9224742525257
257.0192638117587
242.7153007418383
294.83257228089496
308.56279902358074
269.47439977829345
306.8194109129254
318.1303671458736
300.25689476833213
403.57047231518663
248.83130048809107
263.89823966869153
333.28232723404653
285.765455605695
329.9873121108394
251.78320416109636
284.1221353156725
294.1297013438307
318.54272877727635
243.49941679136828
301.11620524560567
267.13047182164155
268.91979897476267
292.946528975619
285.9974172008224
265.4033009974519
273.48150131921284
279.46161722321995
302.0048954115482
254.44612790597603
311.607026699814
334.53131945303176
264.9025017943932
285.2846018297132
250.52064204099588
277.3114290141966
288.83992212603334
306.03769118199125
316.565311924438
315.8874052775791
307.490423112642
316.3971778161358
258.70205339579843
303.89828620955814
253.81471883133054
262.0266110113589
242.25886920653284
300.52743598644156
265.12427360750735
284.27901912713423
269.6446337022353
304.6196196115343
239.71514497126918
274.30055811582133
258.9731270946795
309.66961076529697
305.9766784423264
315.5653880869504
256.9054174834164
263.3778547140537
308.3364987402456
268.66089629696216
280.11973209120333
276.96739499329124
289.5704073451925
258.0944759242702
333.72368081414606
286.180826658383
287.3959939547349
246.7573578163283
283.70911591139156
288.03241402376443
282.41639903525356
307.61288761987817
268.9926665016683
257.96364073327277
287.307421847363
283.72435386129655
252.26110414648429
277.6165348344948
320.63485896750353
262.13707842025906
248.91688300902024
300.96702065865975
311.0002124638995
297.26383878302295
306.8066615515854
281.3180824142182
250.96439807023853
253.26342227344867
227.68194060830865
287.67974079120904
229.30882268364076
248.29133099212777
251.81557841412723
299.1773336570477
263.76890481833834
275.1680826549418
248.447334774537
304.2258238286013
247.4030140854884
286.5640149937244
259.8128665947588
249.9866338117281
278.8477232269943
238.33885203534737
275.0043807083275
338.02993261115626
324.0371158182388
300.60106704873033
285.54240391845815
262.50026575126685
236.3193501905771
268.72855946829077
266.6215849900618
249.40813579328824
307.32253827282693
263.98907486419193
270.29394124657847
284.6695896585006
269.9088683129521
281.71581332338974
298.5919065551134
262.58506364701316
274.0507183341542
261.33891614270397
286.75538830878213
286.238147110329
282.1293356391834
294.7329050771659
258.6332774920156
316.59726104396395
305.5265140775591
223.91358784842305
258.9742133707041
275.00368042779155
253.14303961989935
283.6537357525667
258.5934136789292
291.2696133903228
319.9284689250635
321.58831839531194
310.85038063453976
307.4430158303585
310.7046645608498
310.488973829546
249.93045416881796
307.12163914728444
279.53278313507326
313.304375102045
249.1849013962783
261.54088206693996
275.95058493793476
279.74219720519613
273.53800953074824
229.40133372193668
240.09994284959976
293.14792583626695
284.38206615368836
309.1031806388637
272.9067390220007
273.0726966197835
274.54717174964026
331.8982096739346
262.58985587907955
359.5584502341226
280.6250539907487
265.6369291123701
301.15810741472524
310.6607996604871
242.1807483007433
288.34954464656767
304.6895994764054
272.60125750431325
271.75847928842995
292.2492709917715
242.76850587583613
271.34968746372033
271.38894605322275
279.2392770713195
248.9538591450546
298.3383371051168
261.7068636151962
327.86131959198974
278.7030473310733
289.99801914510317
256.1766452806769
306.9069492339622
243.01039897219744
236.80997100530658
287.03822153888177
250.72053680149838
266.6662804571679
264.35679949761834
242.7253368430538
263.2578256916022
269.8750532508129
230.56287135824095
274.7716292151017
300.7883538195165
240.29816153727006
234.82060044282116
222.04452242632397
290.7202102947049
271.1252050275216
264.5375190170016
293.04868201038335
293.65278494765516
254.37536968127824
296.0555311924545
256.7739227125421
297.1625928831054
292.39736273372546
280.3874130413169
250.87936104706023
256.4732124732109
275.8134859595448
282.8764023362892
281.39792756398674
254.54945073719136
242.65939699555747
266.7148107786197
297.72928905533627
263.96388718509115
259.09714061859995
243.37044958933257
234.20785635674838
250.41674160130788
272.18928433419205
263.3596065737074
302.6971078318311
267.16628997714724
311.9695433846209
273.8558605002472
272.3485755795846
234.239088390721
257.3917951125186
228.76014108292293
320.19363112945575
255.8601315348642
312.0731184259057
281.6011151082348
263.7282304089749
235.12417030252982
264.371295812889
280.7504943642998
261.42738561006263
261.52874118299223
272.7650189312408
276.3006700936239
278.35146090446506
241.8224758413853
259.61616077797953
307.1897467394592
267.6986049367115
270.6354491546517
284.4835551463766
272.0487033750396
337.8011736413464
231.6613472776953
351.823879689211
295.4876255483832
229.1045506715309
337.25883244362194
283.3887315070024
314.5502038641134
261.8816017039353
251.9606298636645
265.7576352674514
286.7252867553616
290.52307351864874
242.01009043771774
238.51746455801185
302.399514030898
239.2099359186832
305.8620253750123
289.38359247741755
283.03141619078815
326.77925261703786
292.8682863865979
253.36046783276834
271.9425613769563
292.28528731816914
227.09604896174278
309.43903513241094
309.74649741942994
315.6982553238049
268.88360150088556
289.07326654647477
242.69277714996133
273.77762779884506
222.018466809066
297.2484295477625
242.2051838306943
317.77550430444535
273.867219536216
260.67412884382065
318.1754864663817
270.9731591452146
261.870314001455
260.02518740750384
251.28021650458686
232.16339129582047
302.2013184091775
280.9954764699796
294.3588363614399
259.10757663229015
304.1909259594977
262.6544110852992
255.81668016395997
306.917604059563
260.750415776507
258.8313788905507
269.90037880302407
301.2285492233932
265.7549765241565
274.52478705055546
274.85443180194125
289.8566065261839
288.68565744988155
288.9555736639304
281.2801261205459
263.8431173929712
330.06491300382186
274.6011719616363
246.1496791196987
296.7038892672863
309.38873960694764
279.3571101431735
296.72714229440317
263.7168023074046
300.8927452652715
288.0592292000074
276.57949047908187
279.72436046611983
266.60643152554985
242.93556695326697
250.83246449020226
303.14963476208504
287.00167455815244
217.7517763307551
251.68633819080424
281.9810941723408
279.4048033760628
262.95016923209187
259.9696531203808
282.92394745524507
241.19788685860112
253.489567469107
245.31722002814058
286.612261833041
264.6077930877218
245.86402575368993
253.08029956987593
346.2724773194641
292.913672294002
242.33663484139834
267.3401943158824
247.6650019728113
246.65555387060158
282.85984018689487
255.191379220807
245.2139055315638
280.7676010695286
270.2473444720963
277.36077518807724
319.8288066223031
261.7847894295119
302.2114011954982
316.1982967493823
264.0358585244976
264.4463230553083
269.24673787958454
284.10509115527384
267.14348898420576
249.41948447295
319.5611581624253
232.6778267590562
264.42411088896915
251.55821932118852
286.83905335946474
256.28840240312275
265.5755831077695
233.53401169925928
258.6064995153574
324.69733213540167
302.4332751047332
307.22666824492626
281.8780587891815
274.6013041626429
304.3789963009767
292.19991578394547
298.17223458574153
269.12839840189554
259.21811418852303
259.11396839283407
269.10259604186285
262.1719325679587
296.5086915739812
292.7804041535128
252.5656277880771
243.3609954561107
239.04642429784872
275.3827544172527
298.05599159142
248.91372872889042
321.22767250298057
356.23378648690414
250.34869165427517
307.3107679329114
307.8505126393866
311.8345635483274
293.4512472616043
260.1632887239102
272.4905201315414
278.442715940997
287.89290010463446
270.9707280739676
218.78752891684417
264.05057328240946
297.32906193856616
267.15058262099046
269.3455126017798
300.8910218569217
303.3363498536637
271.9975839871913
249.4460766594857
233.1099102271255
250.3446704588132
260.0939424879616
233.7619309524307
296.0173228759086
291.3842686286662
257.41124201298226
291.23314400052186
269.9765802551992
262.6217989262659
274.6205096342601
253.22062155872118
278.289939404116
245.7125333948061
273.80711061740294
259.54941953741945
241.00238158833236
273.5470612065401
266.8096726500662
265.58992292010225
250.78732825315092
208.5750997652067
268.8454267591005
268.281083516893
380.47985252086073
250.4359896654496
287.8437608197564
273.8072929591872
274.14171593100764
296.1935173488455
306.24722171993926
221.57542705745436
374.76952974440064
268.272364477627
274.9066408642102
342.6389283501776
306.3032915472286
248.10872969788034
330.9401973877102
344.12502868357114
267.4575618689414
291.56337579444516
291.694543901016
258.0427219620906
293.1386627368629
299.6255425680429
253.50649206759408
278.00654019601643
302.0664995990228
266.3112514154054
283.86751126265153
291.7621662385063
289.49938132660463
290.6054482081672
231.88494820368942
300.1347852157196
274.9853857802227
267.03403443924617
236.3673612565035
287.77662730868906
278.97835331514943
265.9815348085249
294.6401693219086
250.99824181233998
312.63668648852035
293.8962592111202
335.29248784971423
283.38399952230975
282.87068992259447
280.2385275309207
258.54086377227213
260.16982792457566
282.93768058600836
285.61174068332184
340.17198167496826
292.24829008535016
243.1183831987437
233.83747804863378
279.4765292494558
288.478358480148
321.78464710060507
240.26952104701195
283.09642027388327
235.90952951437794
261.8673159952741
301.6690371244913
278.20881430839654
274.42340767534915
293.1586218624143
272.1586977347033
307.38531042274553
336.03460576513316
300.56041639030445
240.50584493833594
305.9648397776764
295.22628900653217
269.9122805556981
232.0908428687835
239.16983967728447
259.04631086206064
300.82718663092237
261.2952954841312
260.1747187464498
348.06283362058457
345.6899097179994
290.98681126500014
284.68673216120806
284.4747866621474
273.09726722328924
261.77734319737647
279.27231398015283
266.4705060296692
271.31001103669405
290.2384955979651
279.30051307030953
287.6465496480232
300.6688685230911
315.5699274807703
353.0458778309403
279.57205541967414
285.2526985235745
248.54136956459843
288.9000256762374
299.7071311675245
252.6480071649421
283.5339211252285
260.80292145814747
315.86126592138316
267.2824314974714
282.2710250716191
290.94551181129646
276.18714550323784
282.05833206966054
286.55031407100614
253.46684506640304
266.87132034427486
269.75512289686594
281.85307226586156
260.0332543415716
280.29652088473085
291.8687345342478
295.1337830729317
276.7577901859768
280.25122934393585
261.729705720325
287.5854214039864
277.34709741419647
293.017534627812
259.26100368925836
303.7967279347358
280.8149093356915
289.39452554949094
236.55297575122677
265.80880863487255
235.6177102830261
253.6266505945241
248.3021112056449
249.07361721911002
257.2466573782731
300.6012908183038
257.2753169594798
278.89931792160496
300.1410006149672
254.41577117878478
281.7512210306013
263.5531726020854
276.0344218011014
315.92289083241485
269.13773166842293
290.054623751319
246.17126569896936
222.94343366846442
307.15191413799766
228.72167042375077
293.1427073372761
260.8040012056008
289.81012652185746
296.24492958025075
280.8171262423275
255.23543871345464
322.9330142609542
252.7050010865787
297.7837157082977
236.29932999715675
274.2141351167811
260.1935102130519
257.41402599413414
363.1954348642612
262.1967460268643
248.9709442940075
336.03135556704365
311.55403696757276
242.07369836070575
272.0789836088661
268.6009476677282
230.98277456359938
257.2604021758307
307.61408616474364
281.7700418214081
277.93793788866606
294.347609958495
301.21392873488367
248.0569363126997
276.2221852284856
264.78839913988486
282.04921891272534
270.80717054381967
276.2236735705519
260.38637354713865
326.229865749483
