301.14674369832665
301.1472947882703
301.1476250358428
301.14781981073247
301.14793321752586
301.1479985443957
301.1480358358185
301.1480569595851
301.14806884219615
301.1480754856384
301.14807917952203
301.148081223786
301.1480823493803
301.1480829670654
301.14808330525375
301.1480834884278
301.14808359094786
301.14808364478085
301.14808367391015
301.1480836887986
301.1480836963001
301.1480837007639
301.14808370293395
301.14808370530955
301.14808370499486
301.1480837061863
301.14808370594073
301.1480837060826
301.1480837064846
301.1480837056588
301.14808370552237
301.1480837065792
301.148083706712
301.14808370682476
301.14808370681385
301.1480837066065
301.14808370694664
301.14808370663013
301.14808370604806
301.1480837059644
301.1480837062263
301.1480837063391
301.14808370519677
301.14808370563696
301.14808370558603
301.1480837070703
301.1480837071649
301.1480837063209
