169.03693556658436
169.03695166145098
169.03696514366857
169.0369769136123
169.0369868955022
169.0369958973788
169.037003314299
169.03700976486925
169.0370153728436
169.03702021262234
169.0370239289623
169.03702762945977
169.03703076744387
169.03703350132218
169.03703592272814
169.0370379302558
169.03703945081816
169.03704093032684
169.03704227762773
169.03704310101057
169.03704412031584
169.03704491726967
169.0370456898945
169.03704645037033
169.03704685132652
169.03704722627845
169.0370475071377
169.03704798057333
169.037048209595
169.03704843097876
169.03704831269897
169.03704862111954
169.03704895655392
169.03704914489572
169.03704916237075
169.03704933190056
169.03704949576422
169.03704944693345
169.03704956414185
169.0370494250874
169.03704939080126
169.03704949069834
169.03704956074398
169.03704980031944
169.03704963658492
169.03704963557902
169.03704953590022
169.0370497505428
169.037049645578
169.03704986072626
169.03704963703422
169.03704952014232
169.03704967500744
169.03704960425057
169.03704991847917
169.0370498723496
169.03704976887457
169.0370496058349
169.03704979526628
169.0370498100674
169.03704974987886
169.0370496683572
169.03704964187637
169.03704981953524
169.03704997349632
169.03705012653336
169.03705002147035
169.03704994946747
169.037049660692
169.03704987601668
169.0370500794852
169.03704975904475
169.0370497503136
169.03704996542
169.03704993257998
169.03704956795264
169.0370496440446
169.03704971223124
169.0370499336168
169.0370499796627
169.03704963547716
169.03705007209282
169.03704989434118
169.03704973154527
169.03704980899056
169.03704963030032
169.0370498336015
169.03704980043403
