435.4581190171684
435.48772171246674
435.4727347174239
435.48465397496784
435.35325966026176
435.3688023883087
435.43467570100165
435.467354747585
435.4310901871668
435.44352385399543
435.46769711730485
435.4882639064781
435.6042014994491
435.61676028443617
435.5940021549468
435.515807929989
435.4573421771711
435.4712683270136
435.4817056916654
435.49532217238266
435.6049488023382
435.46477050952853
435.4184956586505
435.4679216830609
435.46870535498056
435.46468363708846
435.4386449559606
435.50878436897983
435.5792257689027
435.57145755165766
435.52024041788536
435.51762124432935
435.57336431282965
