144.0601703632583
144.06017549837634
144.06012784580798
144.06026109896993
144.06025008543384
144.06027798864307
144.05918312142148
144.06024582556438
144.060248732334
144.0601922033493
144.05990838865364
144.0602379251859
144.06009969327988
144.06034030056435
144.06023840068065
144.0601075587274
144.06026157517408
144.0602232618112
144.05990335994738
144.0602381409617
144.06010450450594
144.0602763829047
144.06024979402537
144.06024883478676
144.06019360035862
144.059892405332
144.06023826621276
144.0601063967406
144.06027439951322
144.06033517177457
144.0602276175723
144.05994044959698
144.06023794253997
144.06010081902969
144.06032684418642
144.06021449972104
144.06010097239414
144.06025896925348
144.0602455030421
144.06022394934917
144.05979652196402
144.06022150560966
144.05985865581897
144.06023845833806
144.06010908279313
144.06023647665097
144.05993210812449
144.06025034471713
144.06024933111803
144.06019950085465
144.05980411367455
144.0602203772596
144.05984439793247
144.06023850031124
144.0601097296094
144.06022267223307
144.05978003144082
144.0602241257002
144.05989212970053
144.06023828425896
144.06010703444554
144.06026913007736
144.0589624253953
144.06025840673828
144.06023379676117
144.06006968927977
144.05990130333157
144.06023823627584
144.0601062331607
144.06027550931867
144.0598357143208
144.05899597550342
144.05863773093915
144.05995522800367
144.0602378337062
144.06009874379924
144.06055275925792
144.05913418593263
144.05942408064948
144.06021531623628
144.06012076956904
144.0589818883127
144.06025249373124
144.059589499102
144.05960469523052
144.05963418570536
144.06022230780218
144.05986885637685
144.06023841472052
144.06010868609155
144.0602446019584
144.06013927630192
144.06022563619626
144.059935625668
144.0602379806587
144.06010170898662
144.0603158304948
144.06021923915978
144.05983047140762
144.06023850845668
144.06010968134797
144.06022341057906
144.0597884685958
