132.89506518267444
132.89503445605533
132.89500491120452
132.89497751993986
132.89495315452405
132.89492899442484
132.89490732587456
132.8948872786541
132.89486834818217
132.89485106846496
132.8948352832158
132.89482009723815
132.8948064139504
132.89479302372365
132.89478157436315
132.89477073775288
132.89476039701185
132.8947511791639
132.89474236369642
132.8947340296254
132.89472679341452
132.89472009529618
132.89471338689145
132.89470805508427
132.89470284925846
132.89469742349138
132.8946928481655
132.89468836031483
132.8946845816845
132.89468099276746
132.89467705633615
132.89467408055316
132.8946713652458
132.89466867688498
132.8946664822488
132.894664193871
132.89466209131206
132.89466036206431
132.89465826108062
132.8946566669947
132.89465537784235
132.8946538613509
132.89465229955567
132.89465086648488
132.8946500953425
132.8946493157673
132.89464822676746
132.8946471836498
132.89464626343943
132.89464558835243
132.89464516184307
132.8946442852939
132.8946440612035
132.89464317279817
132.89464269804557
132.89464234214392
132.89464172885891
132.8946413882568
132.8946412151745
132.8946408575357
132.8946403834052
132.89464027426402
132.89463963085655
132.8946394855393
132.89463956656073
132.89463931226783
132.89463920879825
132.89463869357496
132.894638657217
132.89463848365813
132.89463843971134
132.89463808481014
132.89463832634465
132.89463819781304
132.89463768712994
132.8946379316949
132.89463775431432
132.89463751143376
132.89463772650743
132.89463758533566
132.89463709817937
132.89463769789472
132.89463732960394
132.8946374453044
132.894637559486
132.894637624584
132.89463729790805
132.89463727541442
132.89463696315215
132.89463720376443
132.89463725135283
132.89463640029862
132.8946367847675
132.8946371834827
132.89463673193677
132.8946366821474
132.89463680937843
132.8946369010955
132.89463764545872
132.89463699310363
132.89463719943524
132.89463674201033
132.89463669210454
132.8946365811571
132.8946368111756
132.89463698927284
132.89463697609244
132.8946367104254
132.89463707601317
132.894636922254
132.8946366635937
132.89463670843543
