364.7745956412009
364.77991332224246
364.779166780002
364.78006334534894
364.78170076876813
364.7808597708363
364.78288415383486
364.7818935561427
364.78149743686663
364.7832314996667
364.7822399408451
364.78208926665684
364.7821283617868
364.7821035929792
364.78206546626825
364.7820993393361
364.7820177220019
364.7821126881572
364.7819586521073
364.78202054538815
364.7820781924165
364.78199294482874
364.7821004645539
364.7819526397143
364.78201897285544
364.7820801792641
364.7819829724449
364.78209905738004
364.7819582594275
364.78204686134814
364.7820815033883
364.78197242411625
364.7820841145767
364.7820067373905
364.78209777237134
364.78196077347457
364.7820461373449
364.7820848696174
364.7819667315598
364.7820719514857
