278.05812551744293
278.05837370941754
278.05852683601097
278.0586195293399
278.0586748231981
278.0587074053592
278.0587264259839
278.05873742353924
278.0587437454724
278.05874734682675
278.05874939504156
278.0587505503263
278.058751198796
278.05875156245384
278.0587517620679
278.05875187725724
278.0587519376677
278.05875197631576
278.05875198953254
278.0587520039153
278.05875200705486
278.05875201255367
278.0587520151057
278.0587520123172
278.0587520138142
278.0587520131812
278.0587520153058
278.0587520150857
278.0587520146819
278.05875201528215
278.0587520147874
278.05875201570416
278.0587520148183
278.05875201578056
278.0587520156041
278.05875201513845
278.05875201757044
278.0587520123063
278.05875201599883
278.0587520176232
278.05875201565505
278.0587520155459
278.0587520131885
278.05875201681556
278.05875201366143
278.0587520142217
278.05875201488016
278.05875201616436
278.0587520156005
278.05875201547315
278.05875201438175
278.05875201622985
278.0587520153131
