141.01583837029375
141.0158419565596
141.0158451273128
141.01584788363925
141.01585011054794
141.01585214122406
141.01585383187648
141.01585524645634
141.01585656828502
141.01585769336089
141.01585856661404
141.01585945933493
141.01586010122082
141.01586067113112
141.01586122319168
141.01586165719527
141.01586209257857
141.01586241432506
141.0158627185392
141.01586290879368
141.01586316213798
141.01586338387096
141.01586350864727
141.0158635926855
141.0158637353743
141.01586391024648
141.015863958748
141.01586401816894
141.0158640895479
141.0158642082988
141.0158641669077
141.01586431811302
141.01586432700424
141.0158643766208
141.01586440965366
141.01586444035274
141.01586439379935
141.0158644704643
141.01586443944143
141.01586442384178
141.0158644505318
141.0158644718631
141.01586442026746
141.01586446590227
141.01586450087234
141.01586455203324
141.0158645708616
141.01586448917624
141.01586446114197
141.01586448135095
141.0158644676103
141.01586454915014
141.0158645295869
141.01586455713914
141.01586453532582
141.01586450710602
141.01586453119126
141.01586456460063
141.01586457809208
141.01586450809918
141.01586457548
141.01586452306037
141.01586456769655
141.0158645263582
141.01586452782612
141.01586460512408
141.0158645508036
141.01586453189884
141.01586454220524
141.0158645202937
141.01586452732954
141.015864556839
141.01586457344092
141.01586452667289
141.01586451736148
141.01586458900056
141.01586451908406
141.015864550709
141.01586461464285
141.01586467632296
141.0158646224263
141.0158645752308
141.01586456909354
141.01586455554934
141.01586453402342
141.01586457094163
141.01586454104836
141.01586454796416
141.01586452522315
141.0158645838892
141.01586458037855
141.01586457192388
141.01586457930534
141.0158645535048
141.0158645081101
141.0158644724943
141.0158645210031
141.0158645433039
141.0158645010888
141.01586454063727
141.01586454569042
141.01586458050588
141.01586453234995
141.01586454413336
141.01586461219995
