283.82319398670825
283.823547245408
283.82379994302755
283.82402160922265
283.8239888780845
283.82405447419296
283.82405784032017
283.82416092542826
283.8240762985906
283.8241504212774
283.82420481989993
283.8238942299995
283.82419584191666
283.8239320288085
283.8241510747939
283.8241025753832
283.82430509456935
283.8240786426177
283.8241764905051
283.8240885269224
283.82405558624305
283.8241311329457
283.8242342901376
283.82407281546875
283.8242171981128
283.8240936964721
283.8241386259451
283.8240966888843
283.82421025862095
283.8240747735472
283.8240884186398
283.82422985798075
283.8240664645691
283.8241336971696
283.82419135059354
283.8240883658855
283.8240701332961
283.82405220483815
283.824189714609
283.8241554437227
283.8239814427361
283.8241567146324
283.8241933940808
283.8240908375483
283.8239519846902
283.82414835786767
283.82413794166496
283.8242543269953
283.8242300717102
283.82387744247535
283.82384948629624
