353.699403456274
353.7023326631461
353.70410488290145
353.70654531129185
353.70346183328456
353.70549923540966
353.70610333151217
353.70506487080365
353.70605891422474
353.7060428706882
353.705883012939
353.70616944416724
353.7053732595923
353.70577780744134
353.70556725853385
353.70563856499575
353.705796838276
353.7061103625365
353.706173693201
353.7069148159935
353.70476487306223
353.705755995401
353.70590507232737
353.70656814759604
353.70517278947955
353.7058331662611
353.70576762669225
353.7072437078659
353.7047857565922
353.705790560718
353.7067315724653
353.7050097756128
353.70577371566833
353.70589341188315
353.70541642566604
353.705124468961
353.7063719930411
353.7056637563692
353.7074854431594
353.7043314605362
353.7051055472184
353.7058848933775
