296.6959721038493
296.6930108043498
296.6994831939519
296.6952579501731
296.6964378592047
296.6935194088928
296.6988202859229
296.6951575953826
296.6940026530474
296.6977180443673
296.6937215130756
296.69855121373075
296.69510567353245
296.69399964027616
296.69429147162737
296.6944832789741
296.6978855746311
296.69639723757064
296.69379769260377
296.6946276274102
296.69461294041685
296.6975420313629
296.6949465571015
296.6952412510036
296.6946124792412
296.6979322839197
296.69382036406023
296.6960125436981
296.694648734534
296.69421131493255
296.6979724299508
296.69662395152955
296.6936892742651
296.6988099427999
296.6959900148904
296.6938034100949
296.69783073832514
296.6963206828732
296.69375529371973
296.69451229495826
296.69454253375443
296.69763960461205
296.6941882420033
296.69760337713524
296.6945113745496
296.696566869603
296.69406271570915
296.6979144632496
296.6964834195278
