332.6062993560845
332.60789886143084
332.61029063953265
332.60936985016997
332.609715248198
332.6096890303661
332.61162512162537
332.6096227105727
332.6099091345068
332.6084354376053
332.6133835153705
332.60797379458563
332.61267154503366
332.60765544376227
332.61258298676694
332.60748341320505
332.61261111810745
332.60736846552936
332.61266981633526
332.60731676920295
332.6127085310982
332.6073294651469
332.61271440897326
332.6073329177216
332.6127169887586
332.60733465587873
332.61271755810594
332.60733477890426
332.61271790973296
332.60733507034456
332.61271789193415
332.60733500547394
332.6127179624673
332.6073349270264
332.61271801761904
332.6073350984334
332.6127179464638
332.6073349863873
332.612717999742
332.6073350693405
332.6127179513933
332.60733504518066
332.61271795749053
332.6073351429368
