364.8204638648713
364.8237816472065
364.8253807862684
364.8258687034404
364.8261101550652
364.82706464086823
364.8269650974171
364.8268764740824
364.82590322729993
364.82809760184864
364.82801376983844
364.8261165464355
364.8262982611468
364.827189801892
364.8275046345625
364.8266525369563
364.8264934065337
364.8268377360255
364.8275146885917
364.82746752644925
364.8268765295761
364.82686653137534
364.82725884994034
364.8269700987021
364.8272321621698
364.8275920935521
364.8266973764621
364.8272354162891
364.8268179138795
364.8270835902913
364.8284049015474
364.8304103046394
364.8235542311995
364.82556288428896
364.8276655242371
364.82692879438764
364.8262158902544
364.82714126187784
364.82753751049313
364.8268428627998
