222.66012898455756
222.66004030277327
222.66012803261583
222.6600445648337
222.66012715887155
222.66004624601828
222.6601265265208
222.66004684088784
222.6601260762518
222.66004712002632
222.66012573224907
222.66004731027897
222.66012553443488
222.66004732132478
222.66012536587004
222.66004734731177
222.66012526615668
222.66004739059463
222.6601251932825
222.66004739625532
222.66012517659874
222.66004736658397
222.66012513813803
222.66004742627592
222.66012512667476
222.66004741723373
222.66012509441134
222.66004741253164
222.6601250946951
222.66004736883224
222.6601250932399
222.66004744148086
222.66012507274172
222.66004742702353
222.66012506494008
222.66004744781822
222.66012505784965
222.66004742172845
222.6601250608819
222.66004743493795
222.66012507840605
222.66004741216602
222.66012508443055
222.6600473856779
222.66012507962114
222.66004742075347
222.66012505805884
222.6600474379611
222.6601250819749
222.66004740785866
222.66012508656786
222.6600474142033
222.66012506834886
222.66004743589656
222.6601250622116
222.66004742333098
222.66012507119012
222.6600474201441
222.66012507044798
222.66004742684163
222.66012508693166
222.66004739596974
222.66012507951382
222.66004739225536
222.66012509409484
222.66004738480115
