176.2961117816376
176.29611017133357
176.29610883308942
176.29610766731093
176.29610673827938
176.29610594054702
176.29610535603842
176.29610478512404
176.2961043655323
176.296103995247
176.29610365049302
176.29610337466147
176.2961031761106
176.29610300174772
176.29610280712404
176.29610270649482
176.296102605319
176.29610249022699
176.29610240137117
176.29610234056963
176.29610231502556
176.29610222995507
176.2961022091822
176.29610216298352
176.29610216649235
176.29610211550244
176.29610207832957
176.2961020570383
176.2961020757466
176.2961020569728
176.29610205185782
176.2961020537332
176.29610203785887
176.29610202696495
176.2961020249386
176.29610200094066
176.29610202723416
176.29610200966636
176.29610201459036
176.29610200253592
176.29610199013405
176.2961020206094
176.2961019888662
176.29610202175536
176.29610201756805
176.29610199853778
176.29610196544672
176.29610200440038
176.2961020130515
176.29610196710018
176.29610201901778
176.2961019850154
176.29610196387875
176.29610198031696
176.29610200077332
176.29610197995498
176.29610198571572
176.29610199824492
176.296102003138
176.29610199943636
176.29610200129719
176.29610201077776
176.29610198153205
176.29610200074058
176.29610198000228
176.2961019837021
176.29610199112722
176.29610199632953
176.29610199325907
176.2961020230032
176.29610201147443
176.29610199068338
176.29610202733966
176.29610200530442
176.29610196818248
176.29610201049218
176.29610203194534
176.29610198867158
176.2961020233197
176.29610198680894
176.29610201221658
176.2961020269904
176.29610200978277
176.29610199080707
