79.26880256177083
79.26765804025217
79.26882251915049
79.26773190907898
79.26882989463047
79.26776161926955
79.26882132606261
79.26777640237287
79.26880626022376
79.26778584408294
79.26878865089748
79.26876945586082
79.26880542393246
79.26880126071865
79.26880387996152
79.26880079882176
79.26879466146784
79.26879074598492
79.26878377661706
79.26877901832722
79.26877192176471
79.2687669064926
79.26876081129194
79.26875531192309
79.26874987279007
79.26874437236711
79.26873946460182
79.26873406257891
79.2687134519465
79.26517586557293
79.26873569360578
79.26480811587226
79.26873005954167
79.26427640831935
79.26872338760313
79.2690725050943
79.26873745706325
79.26902585329026
79.26872934509174
79.26901819372597
79.26872923400606
79.2690231892393
79.26873159594288
79.26903205387316
79.26873461057403
79.26904061306595
79.26873753291693
79.2690496583491
79.2687401018593
79.26905687746694
79.26874248324202
79.26906264053287
79.26874460986073
79.26906884097662
79.26874648033481
79.26907357544223
79.2687481031353
79.2690779950517
79.2687498657233
79.26908116301456
79.26875093899434
79.26908521205223
79.2687521496282
79.26908737901795
79.26875345434928
79.2690900184516
79.2687544270866
79.26909227769829
79.2687553265041
79.26909369699206
79.26875608848968
79.2690962357392
79.26875686762651
79.26909755997258
79.26875745076177
79.26909853814686
79.26875807028773
79.26910046709054
79.26875868611387
79.26910145468537
79.26875914434459
79.26910263747232
79.26875955921241
79.26910319407034
79.26876013076071
79.2691042559727
79.26876028912557
79.26910549607965
79.26876090056066
79.26910593961475
79.26876103600262
79.26910677044907
79.26876157741935
79.26910671785663
79.26876181980515
79.26910740651147
79.26876178744715
79.26910769356618
79.26876225421802
79.26910847762156
79.26876213308242
79.26910864109777
79.2687623934271
79.26910933343606
79.2687625553699
79.26910963762202
79.2687627193427
79.26910970020981
79.26876286018705
79.2691097687075
79.26876315544723
79.26910990856413
79.26876313284811
79.26911025616391
79.26876319321127
79.2691107980645
79.26876337611066
79.2691110574051
79.26876334461849
79.26911154019035
79.2687635199054
79.26911152426328
79.2687636301016
79.26911141174605
79.26876356516368
79.2691117088907
79.26876369125785
79.26911186493999
79.26876359104426
79.26911183093216
79.26876381493275
79.26911165917227
79.26876409357465
79.26911163375553
79.26876397849628
79.26911179152194
79.26876392271515
79.26911208417368
79.26876401354639
79.26911222558738
79.26876410524164
79.26911202758492
79.26876406899282
79.2691121569951
79.26876404963696
79.26911252572245
79.2687643703648
79.26911239458786
79.26876437285318
79.26911187794394
79.2687642118799
79.26911257899701
79.26876388655364
79.2691127421349
79.2687641930861
79.26911257119355
79.26876412619822
79.2691127224316
79.268764260225
79.26911238622779
79.2687642431847
79.26911277320687
79.26876411416742
79.26911247195676
79.26876432797508
79.26911260393899
79.26876445871676
79.26911263251168
79.26876416609957
79.26911248830947
79.26876439726766
79.26911266984098
79.26876405408984
79.26911263557122
79.26876423214344
79.26911267115065
79.26876436970997
79.2691126323989
79.26876440027263
79.26911278916305
79.26876450418058
79.26911270641722
79.26876440185151
79.26911297157494
79.26876436832754
79.26911270164055
79.26876433589132
79.26911294033198
79.26876434075893
