49.52748849571344
49.52748946770771
49.527490417300214
49.52749123832018
49.52749217795099
49.52749303228393
49.52749379222132
49.527494644418766
49.52749537278123
49.52749616243909
49.52749691554709
49.52749756488265
49.527498282788656
49.527498923002895
49.52749956885418
49.52750024870147
49.527500833291015
49.52750147612096
49.52750201654908
49.52750266702151
49.52750315382127
49.527503681964845
49.52750418816231
49.52750473774631
49.5275052001125
49.527505760292115
49.527506114785865
49.52750669257239
49.527506973420714
49.527507526297995
49.52750788742924
49.52750838949851
49.52750866905717
49.52750916413879
49.52750940142778
49.527509869463756
49.527510180239005
49.5275105725168
49.5275108187725
49.527511307077475
49.527511464824784
49.52751191505649
49.52751205859204
49.527512513257534
49.52751266189989
49.52751304747471
49.52751325297322
49.5275135815873
49.52751380949667
49.52751405450908
49.52751431818251
49.52751453384735
49.52751474674915
49.52751504911521
49.5275151683054
49.52751549582899
49.52751557223655
49.52751590953267
49.52751598210034
49.52751628076021
49.52751636584162
49.52751665627602
49.527516769049726
49.52751699921919
49.52751707486095
49.52751731634271
49.52751743006047
49.5275176222076
49.52751777434969
49.5275179331893
49.52751805472508
49.52751817711578
49.527518397382664
49.52751846453248
49.527518709181095
49.52751867665029
49.527518911078005
49.527518939625224
49.52751913999782
49.527519228202436
49.52751933217587
49.527519432727786
49.527519587305505
49.527519625627974
49.52751979150162
49.52751983563212
49.527519958213816
49.52752004479953
49.52752010661243
49.52752024013898
49.527520287041625
49.52752039225015
49.52752046036949
49.527520594394446
49.527520629817445
49.527520721991095
49.527520785115485
49.52752085085194
49.527520911937245
49.52752099209829
49.52752107901324
49.52752112415692
49.5275212233355
49.52752120155128
49.52752128876273
49.52752135939045
49.527521384739885
49.527521532134415
49.52752152755056
49.52752162014622
49.52752158696785
49.5275217292874
49.52752171091197
49.527521783635166
49.527521836484084
49.52752187047736
49.527521957850695
49.52752188981685
49.5275220326057
49.52752202411648
49.527522109649
49.527522116333785
49.527522155536644
49.52752225030417
49.527522205338755
49.52752229764337
49.52752228404097
49.52752238719404
49.52752235169828
49.52752239555048
49.52752247107128
49.52752243416762
49.52752257926659
49.52752249052719
49.52752262086324
49.527522568096174
49.52752268902441
49.527522588161446
49.527522744110684
49.52752265174968
49.52752274072918
49.52752271468307
49.527522796628546
49.52752274820705
49.5275228631308
49.52752277563195
49.52752292256628
49.52752279181732
49.5275230135303
49.52752279317974
49.527523022736204
49.5275228481114
49.5275230330808
49.52752290491844
49.527523065880814
49.52752298402811
49.5275230907464
49.52752296347717
49.52752313147175
49.52752297994266
49.52752315469843
49.527523005283
49.52752316040096
49.52752304849855
49.52752322164815
49.52752306600996
49.52752322271772
49.52752313551537
49.52752326126756
49.52752309272364
49.52752331171905
49.52752312975463
49.52752333245917
49.527523149468834
49.52752330857038
49.52752323039567
49.52752334577963
49.52752321229855
49.52752334761681
49.52752323446839
49.52752337153106
49.52752327946655
49.52752333695935
49.5275233583252
49.527523365097295
49.527523342094355
49.52752335115292
49.52752340470215
49.52752339489962
49.52752339783183
49.527523394113814
49.52752337903439
49.527523428327186
49.52752335841615
49.527523401347935
49.527523442116944
49.527523426473635
49.52752345724184
49.52752343826796
49.52752349857292
49.52752338436221
49.527523509201274
49.52752337461061
49.527523532779014
49.52752341883206
49.527523513392225
49.52752340108418
49.52752356582096
49.52752342647909
49.52752355015946
49.527523416109034
49.52752356526071
49.52752344511282
49.527523518847374
49.52752352299285
49.527523523165655
49.52752352567768
49.52752351365234
49.52752352591415
49.52752353350115
49.52752351338677
49.52752351342315
49.52752356643941
49.52752351590607
49.52752360818522
49.52752346280795
49.52752361280727
49.52752351862728
49.5275235709687
49.52752350371338
49.527523613181984
49.52752354322001
49.52752361108651
49.52752355305347
49.52752358446378
49.52752357221834
49.527523625238246
49.52752356216661
49.527523615844984
49.527523543070856
49.527523602449946
49.5275235965928
49.52752358368525
49.52752355868142
49.5275235907211
49.527523587385076
49.52752357596546
49.5275235518493
49.52752367218636
49.527523598528205
49.527523622611625
49.527523534219654
49.52752364879416
49.527523566797754
49.52752364967455
49.52752355720804
49.527523696302524
49.52752352458265
49.52752369411246
49.527523558714165
49.52752366073037
49.527523601100256
49.52752360037266
49.527523700278834
49.527523572269274
49.527523623455636
49.527523616565304
49.5275235928857
49.52752365208653
49.527523611381184
49.5275236177913
49.52752366575805
49.52752355865232
49.527523698692676
49.527523575725354
49.52752371431052
49.52752353702817
49.5275237136193
49.52752356029305
49.527523715412826
49.52752357380086
49.52752371479073
49.52752357723875
49.52752365834749
49.52752356527708
49.5275236608104
49.52752361822786
49.527523579541594
49.52752365638662
49.527523612840014
49.5275236324851
49.527523613556696
49.527523654091056
49.52752363464606
49.527523632423254
49.52752364107437
49.527523647648195
49.52752365835113
49.52752358806538
49.52752369510927
49.527523576191015
49.52752372796749
