76.84829545401954
76.85259388660143
76.84917920308999
76.84249853502479
76.8485366642517
76.84514453244356
76.84942362575657
76.84152928912863
76.84819864801557
76.8484926026722
76.84539300543292
76.84567155731838
76.84907181399558
76.847793412383
76.84788792895506
76.84794203610454
76.84792505551559
76.8478550367281
76.84709039751488
76.8478926366588
76.84705986529298
76.84778646622544
76.84821902424937
76.84785618656679
76.84815928552052
76.84703682574491
76.84674516198083
76.84602348617955
76.84976697321781
76.8474676873393
76.84787832088296
76.84814305069904
76.84820046098412
76.84819233450798
76.84817059113084
76.84813908411161
76.84819048135796
76.84813791167562
76.84816140799012
76.84818135062505
76.84817812722031
76.84816381741803
76.84814362415273
76.84812061094453
76.84809370710173
76.84806464697431
76.84803729024134
76.84800883968637
76.84797720764982
76.847945636433
76.84791266266984
76.84787847510233
76.84784282309374
76.84780148317441
76.84775819742572
76.84770594322254
76.84695049549373
76.83819306504301
76.84741538288654
76.85083088231113
76.83952435041829
76.8478972177727
76.84101423235552
76.84697051229705
76.84677350914353
76.84673513197959
76.84639034958127
76.84645230037677
76.84693696880095
76.84707381033331
76.84927065665943
76.84849573083375
76.8422412157961
76.84811201200318
76.84773405724263
76.84671367969531
76.84777796721937
76.83952711560232
76.84808631378655
76.84723453200786
76.83749095838539
76.83912342755684
76.84417421982471
76.84779313949548
76.84804770715346
76.84766973697879
76.84644696382202
76.8463107840962
76.8473431743696
76.84614677831632
76.84166009396722
76.84721206640825
76.83651585795633
76.84823656152366
76.8481928471756
76.84773618860345
76.84656058919609
76.84675330079153
76.8469503433389
76.8497810292738
76.84888836289974
76.84804989862096
76.8469433405644
76.84367012462099
76.84734628850492
76.84132900979785
76.84710166879631
76.84775198992247
76.84706688738152
76.84787340078583
76.84722576491913
76.84828003698021
76.8480092580121
76.8467838801389
76.84759372676672
76.84681546236789
76.84760068276228
76.84683058001065
76.84769966150634
76.84006719117315
76.84816385359227
76.84773436786782
76.84646439846802
76.8460467185123
76.84571456521007
76.84666684870172
76.84039633769135
76.84789214032571
76.84796742009348
76.84677554267728
76.84750719644217
76.8465729759937
76.84652153191382
76.84817777086027
76.84727964090416
76.84713538697542
76.8404136696463
76.8479065122101
76.84798043947922
76.84678242216796
76.8475147812369
76.84657902497565
76.84652920611916
76.84818181053015
76.84728303220982
76.84707627799253
76.83590003868085
76.84588901826282
76.8466735636157
76.84884030856847
76.84784158927141
76.8467584336322
76.84741025969925
76.84623875813122
76.8425274268302
76.84635128435912
76.84555647980596
76.85161413246533
76.84864030305107
76.84795422738534
76.84672399555711
76.84726382462395
76.84554343072887
76.85151221678097
76.84859203232554
76.84180865115923
76.84792636916973
76.84663206374171
76.84688046878728
76.83939011282564
76.84742189427561
76.84775096533122
76.84646884436734
76.84599288071695
76.84510399416831
76.85130437677071
76.83957856796042
76.84715095150386
76.84705417119767
76.8480359926507
76.84667077735503
76.84702517352343
76.84325792550953
76.84664621470802
76.84479380443736
76.84979642148392
76.84623214718886
76.8482812962502
76.84800710251511
76.84672141910414
76.84724755488423
76.8454609552573
76.85106013852055
76.8408090597186
76.84698971901526
