216.04175115870657
216.04190412870958
216.04168338150157
216.04180428344716
216.0412139728196
216.04181943311232
216.0415403566958
216.04168237011072
216.04177254964907
216.04156456252622
216.04168526254307
216.041754096138
216.04128464523092
216.04175355849293
216.0413556706335
216.04168802931963
216.0417551552
216.041433670287
216.0416868220309
216.04175640141875
216.04146784242585
216.04168671653315
216.04175746119108
216.041492041104
216.04168672367632
216.04175805302293
216.04150442653372
216.04168682668205
216.0417582828668
216.04150890086567
216.04168685845252
216.04175845285135
216.04151229789204
216.04168689922335
216.04175851261243
216.04151348713094
216.0416869472665
216.04175865791694
216.04151623706457
216.04168694244436
216.04175869855862
216.04151717940113
216.04168696447778
216.0417587015636
216.041517253645
216.041686975208
216.04175873870372
216.04151787186674
216.04168698181638
216.04175858738017
216.04151470395482
216.04168692515304
216.04175872672204
216.04151762681067
216.04168696640772
216.04175859089446
216.04151500548323
216.04168697162459
216.04175872410997
216.0415175473645
216.04168695003682
216.04175863273122
216.04151579614336
216.04168694766486
216.04175867202866
216.0415165296945
216.0416869620567
216.04175874435896
