202.3156827150433
202.31568932261325
202.31569479828613
202.31569922028302
202.31570294481753
202.3157059969435
202.31570861741238
202.3157107032439
202.3157124115378
202.31571379736306
202.31571493293723
202.31571602821532
202.31571681624882
202.31571742600318
202.31571802654798
202.31571840638935
202.31571885420635
202.3157191303253
202.31571939806236
202.31571948563214
202.31571976083615
202.3157199677771
202.31572004089867
202.31572018365114
202.31572020374915
202.3157202598286
202.3157203175706
202.31572040572064
202.3157204801937
202.3157204512263
202.31572042124208
202.31572050531759
202.3157205189782
202.31572050320756
202.31572054902063
202.31572048550697
202.3157205640291
202.3157205773732
202.31572051916555
202.31572051533294
202.31572053008676
202.31572062446685
202.31572061752013
202.31572051388684
202.31572058202073
202.31572058005986
202.31572059296923
202.3157206158503
202.31572052278898
202.3157205996613
202.31572055698052
202.3157205824864
202.3157205463176
202.3157206577689
202.31572057419726
202.3157205886073
202.31572062935447
202.31572055061406
202.31572058627717
202.31572059817336
202.31572063336716
202.31572062646228
202.31572063675412
202.3157205437019
202.3157205730713
202.31572053726632
202.31572058537495
202.31572062422856
202.31572053440686
202.31572061225597
202.3157205759926
202.31572052993215
202.31572059203972
