318.8545489958533
318.85546167810753
318.8559951489178
318.85630191285327
318.8564759888359
318.8565736381843
318.85662790720926
318.8566578052378
318.85667415468924
318.85668302108206
318.8566878120382
318.8566903881565
318.85669175461953
318.8566924798197
318.8566928639211
318.85669306781165
318.85669317316933
318.8566932204849
318.8566932554004
318.8566932707181
318.856693279271
318.8566932783033
318.8566932859685
318.85669328363474
318.8566932791691
318.8566932858412
318.8566932859012
318.8566932862068
318.85669327818687
318.8566932845879
318.85669328544645
318.8566932873473
318.85669328624135
318.8566932790636
318.8566932888989
318.85669328133736
318.856693281934
318.8566932880494
318.85669328483345
318.8566932790927
318.85669328653603
318.8566932868598
318.8566932761314
318.8566932918002
318.85669328344375
318.85669328387667
