300.5734958822577
300.574474162333
300.5748505522779
300.57507541685663
300.5747169691949
300.5751739995212
300.57525338487176
300.5754407130744
300.5748337000887
300.5752504857646
300.575291830095
300.5753292500103
300.5748628576257
300.57525408428046
300.575297599411
300.5754515871322
300.57484841054975
300.5752578429383
300.5752963799896
300.5753219574581
300.57486782876003
300.5752552348531
300.57529870239705
300.57543463378715
300.57485054943754
300.5752582430341
300.57529704868284
300.57531153636046
300.5748724849327
300.5752559748835
300.57529967883966
300.57541778910127
300.5748533691585
300.575258707413
300.5752977776465
300.5753025620579
300.57487684321313
300.57525666886795
300.57530056137693
300.57540343980145
300.5748564227033
300.5752593211655
300.57529853281085
300.5752960898935
300.574880182623
300.57525726020685
300.5753013481335
300.5753943858472
