183.32199280887744
183.32199676614437
183.32200003282287
183.3220025872506
183.32200517059846
183.32200676479988
183.3220085352359
183.3220098350812
183.32201080842515
183.32201182807148
183.32201265918957
183.32201311267272
183.32201376114244
183.32201403348336
183.3220145297919
183.3220147520351
183.3220150758525
183.3220152965514
183.3220155474337
183.32201557968438
183.32201561936745
183.32201585869916
183.3220158695458
183.32201597558742
183.32201590154546
183.32201612059725
183.32201617317878
183.32201606385388
183.3220162734633
183.32201632949545
183.3220161386398
183.32201636390164
183.32201610278753
183.3220162024263
183.3220162864127
183.32201613433972
183.32201630373493
183.32201626521237
183.3220162706566
183.32201631602766
183.32201636761602
183.32201623858055
183.32201636534228
183.32201633045224
183.32201632846954
183.32201630681266
183.3220163101687
183.32201627637005
183.32201623342917
183.32201636506943
183.3220162430498
183.32201629801784
183.32201629888004
183.322016265638
183.322016400165
183.32201623820038
183.32201627673385
183.32201628606163
183.32201641409847
183.3220162270427
183.3220163572987
183.3220163846163
183.32201626234018
183.322016300408
183.3220163069309
183.3220162729558
183.322016347076
183.32201648905175
183.32201623790024
183.32201636828177
183.32201626500682
183.32201630367126
183.32201630003328
183.32201634663943
183.32201624003937
183.3220163287915
183.3220163444712
183.32201632668148
183.3220163348342
183.32201632974466
183.32201630554846
