70.20552321235391
70.20856336704583
70.20531103134817
70.20651855647702
70.20221976533412
70.20564210553948
70.21067868578302
70.21382108770194
70.20376297903658
70.19989265896129
70.19509723981537
70.20683484704841
70.2078010297455
70.1999303514176
70.20519554075418
70.20677005426205
70.20100379493852
70.23788771751606
70.20343696758027
70.20218192943048
70.20626981687565
70.19719781428375
70.2011288552485
70.2010016651684
70.17680850617035
70.21207683645571
70.20348450744223
70.2290348799952
70.20097105222703
70.18723301723458
70.20071414529866
70.18733523609535
70.20765209415458
70.2022830672986
70.20625492613999
70.20571170063249
70.18087778453173
70.18405171333961
70.21394332790896
70.20488240670784
70.20667920582764
70.20772877219588
70.20163970521571
70.20206490148666
70.20771422241432
70.20226135865232
70.20388424786142
70.20666649663508
70.20804674441388
70.19804287944862
70.20135094922989
70.2010257735019
70.19803569015312
70.2079024306222
70.20024591649235
70.20089486998586
70.19806631868596
70.20783662299436
70.20189154713626
70.20778873843119
70.20227038698067
70.20676180115515
70.20081689658764
70.19830676116908
70.20198315524067
70.20639211666094
70.20683805712906
70.20076670837807
70.19820386414176
70.2059975602624
70.19555617225342
70.20144428034837
70.19811064627538
70.20557410874426
70.20682637858954
70.19440098371342
70.20786086087173
70.20221744231458
70.20575498081416
70.20668455485429
70.20088860919896
70.19640936703763
70.2042200720025
70.205711023591
70.19541440480862
70.20122364384406
70.20261083857258
70.20685377903828
70.1959873156593
70.20895656345965
70.21085007746478
70.19899965670811
70.19976743778898
70.20581776783001
70.1980009294657
70.20655703357625
70.20098032970782
70.19889760306978
70.20293109763952
70.20558962323412
70.20658269587875
70.2043815308316
70.20526681540468
70.20338803713094
70.20107792913768
70.19949182968776
70.19619961222088
70.1995534952548
70.20689226189825
70.20579282162907
70.19828939247236
70.20843115378375
70.20014149016242
70.20708790542812
70.20985849688077
70.19929449886695
70.1940868390684
70.2072982305981
70.20079647332022
70.19719568896289
70.20566728187623
70.2012202801925
70.20298207688938
70.20596135279084
70.20027057423613
70.20240614706017
70.20669124442793
70.20578961396313
70.2066634273724
70.20438135195946
70.20947494999928
70.18683619522562
70.20173120899017
70.19313046701245
70.20832800485005
70.20162018499104
70.20140781633927
70.19778690089697
70.20458154061453
70.20574499059512
70.20667132171366
70.206170097832
70.20567984517402
70.2007431632137
70.20076992040777
70.19709796259122
70.20554188905407
70.20002638971346
70.20669175697367
70.21399761062821
70.20691686983628
70.20092685849158
70.19915597054387
70.19933333011795
70.20079255355631
70.1971431045622
70.20559386029709
70.20067080781519
70.20679755739548
70.20985879075306
70.19944210843641
70.19591453813882
70.20861582015641
70.19333972977256
70.20093366257424
70.19917680991784
70.19886649346881
70.20345338148036
70.21059947261529
70.20087664203311
70.19882471034362
70.2050021127252
70.20645802721629
70.20684430526308
70.20074412144822
70.19682070233102
70.20512299101028
70.20250615536133
70.206729766036
70.20570884299741
70.20655594321215
70.20621552276862
70.19576341148058
70.20834423262932
70.19636551237636
70.20667512492582
70.20400582056755
70.2010452887007
70.19984452438803
70.20104386747335
70.19975701547082
70.20108767630154
70.19991204770486
70.20101161580169
70.19963120498869
70.20115090129548
70.20012019665228
70.20091753848101
70.19905722491603
70.20027935001417
70.20238914862057
70.20667661646439
70.20548803765269
70.20742569250433
70.20955438807141
70.20684867302407
70.20075455341794
70.19712118223106
70.20556786856105
70.20036643291314
70.20560051848952
70.19882334431531
