240.70250073081934
240.70303084848092
240.7040132039565
240.70266095838633
240.70400306463944
240.70269433529666
240.70282504590614
240.7040075038667
240.7027899909299
240.70400357183553
240.70285986356248
240.70399769319283
240.7028877260791
240.7039974273248
240.702905269216
240.70399796284437
240.7029160111615
240.70399859791905
240.7029234693273
240.70399922278193
240.70292691189752
240.703999553818
240.7029299481328
240.70399986574193
240.70293144679454
240.70400002958922
240.7029333783339
240.7040002667727
240.70293286979722
240.70400021117166
240.70293400894843
240.70400034947852
240.70293409706755
240.70400034745217
240.70293488422976
240.70400044663438
240.70293510536249
240.7040004645787
240.70293590071014
240.70400056342805
240.70293505246445
240.704000455391
240.70293505765767
240.70400045718998
240.70293540135572
240.70400049455748
240.70293432207654
240.70400037747095
240.70293541739375
240.70400050842363
240.70293453169506
240.7040003965849
240.70293443345145
240.70400040141612
240.70293521814165
240.70400047767544
240.7029353291291
240.70400049967793
240.7029345650626
240.70400040147797
240.7029349887598
240.70400046507348
