422.3973353033143
422.4086112853429
422.41566150622293
422.41739346465965
422.41929930145216
422.4202487667553
422.4212639096613
422.41807818721827
422.41925957271997
422.41945318034595
422.42165364906396
422.4212369442339
422.4204791111897
422.41968251553226
422.42046460818165
422.4207718174948
422.4198519581205
422.42092974795924
422.41960597897014
422.4205723079376
422.42107764760476
422.4200560998979
422.4199578360476
422.4209173520121
422.41980549048276
422.42084848579543
422.4199099296111
422.42063332240286
422.41998883462657
422.4206145992466
422.4196710630349
422.41946740935964
422.4221491946919
422.42139754857635
