301.5650433537803
301.56597749540197
301.56636644399987
301.5668850348666
301.56719004713887
301.5676753605503
301.56706666539776
301.56742400819803
301.56767848165964
301.56783645352516
301.56775422717055
301.5672517951789
301.5678346152017
301.56775023153386
301.5672740743157
301.5673257364888
301.5673749473608
301.5674763726529
301.5676148350831
301.5673387879324
301.56732268660926
301.56741266449353
301.567548860683
301.56741468877226
301.5676845109574
301.56730512634385
301.56745403138666
301.5677083911032
301.56786162937715
301.5677641118873
301.5672515063616
301.5676184000058
301.56727726030294
301.5673646188825
301.56747027095116
301.56742900215613
301.56784936875556
301.56780456202796
301.5677355134758
301.5673806429295
301.5677819135635
301.5678069329806
301.56774097613015
301.5672465956741
301.56787261613135
301.5672395489819
301.5675727496928
301.56741679965126
301.5673120563479
