331.4876520588059
331.4888139255545
331.4897617837578
331.49052543989
331.4907277692564
331.49122480373717
331.49052302653763
331.4911273964826
331.49106758466587
331.4927760667306
331.49008978623533
331.49192090218094
331.49066435825625
331.4906073552738
331.49144771029205
331.49016923121235
331.4918258743619
331.4904020966296
331.49126192800213
331.4914491003983
331.4908425753183
331.4915306130624
331.4904507956362
331.4908585862049
331.48631289035984
331.49167393512107
331.49071363781877
331.4904017941317
331.4913733398662
331.49220701775084
331.49066217939253
331.49000400896693
331.49172435964283
331.4905462328461
331.4910432842662
331.49077281156497
331.4905231212033
331.4910178129103
331.49117715147077
331.4913900665306
331.49053710985027
331.49125129745516
331.4905449513899
331.49128670189384
