150.87293454115388
150.87293321151174
150.8729320654802
150.87293113104442
150.87293030897945
150.87292967352823
150.8729290667943
150.87292859366516
150.87292817759044
150.87292788084414
150.8729275619762
150.87292730301942
150.87292710537167
150.8729269205578
150.8729267528306
150.87292663734297
150.87292649280425
150.87292639735733
150.8729263370269
150.8729262378747
150.87292616609557
150.87292615264414
150.87292607692325
150.8729260407381
150.8729260115997
150.8729259829688
150.87292594218889
150.87292589764184
150.87292588632954
150.87292588732998
150.87292584046008
150.87292588402306
150.87292581948168
150.8729258182757
150.87292582463306
150.87292583251838
150.872925822634
150.8729258402982
150.87292579970926
150.8729257781506
150.872925780277
150.87292577451444
150.8729257726718
150.8729257808336
150.87292578028246
150.87292577434891
150.87292575680658
150.8729257671821
150.87292577426524
150.87292579555105
150.87292576306572
150.87292577302833
150.8729257792238
150.87292577873268
150.8729257721352
150.87292579363748
150.8729257823943
150.87292577766675
150.87292577445987
150.8729257731793
150.8729257841369
150.87292579295536
150.87292576623076
150.87292579183122
150.87292573433842
150.8729257596351
150.8729257646246
150.87292575460742
150.87292579134737
150.87292576885193
150.8729257569994
150.8729257854975
150.87292577529115
150.8729257855939
150.8729257609466
150.87292577099652
150.87292577355402
150.87292577727567
150.87292575851825
150.87292578095366
150.87292576187974
150.8729257766645
150.87292577412518
150.87292577288463
150.87292575572428
150.8729257528903
150.87292574338426
150.87292577041808
150.872925773936
150.8729257683408
150.87292577129847
150.87292575220636
150.87292574212188
150.87292577652988
150.87292579452696
150.87292575748143
150.87292577412154
150.872925769414
