281.8752026622715
281.87587110726054
281.87610420072997
281.875820358714
281.87661509288137
281.87590990408535
281.8762880246604
281.87598707324014
281.87620986111415
281.8757453522676
281.87587752571744
281.8762934809092
281.8757609719614
281.87676394057235
281.8758698503152
281.87611686284436
281.87612494525456
281.8759654480018
281.87562042712307
281.87600485410076
281.87605126267226
281.8761236356986
281.8761327555967
281.87591738804076
281.8763067466607
281.874962781194
281.87649957080066
281.87615640180957
281.87626797190933
281.8755117437413
281.87613138639244
281.8757981548697
281.87625464237317
281.87633113313495
281.8760233298508
281.87631984421205
281.87625947939887
281.876119217628
281.87591434153364
281.8763100280303
281.87586120758715
281.8773523328273
281.8759176824824
281.8762943334841
281.8758646029164
281.87671212514033
281.87565527502375
281.876111090387
281.87651873568757
281.87611836644646
281.875991193323
281.8758743284561
