281.7531865195788
281.75717262575654
281.75111980787733
281.75137431911935
281.75335307692785
281.7520787814892
281.7540186360875
281.7512901209784
281.752450384226
281.7522234498638
281.7533382335505
281.75071715467675
281.7453646920749
281.75490333359267
281.7530057453714
281.7527231396871
281.7523782966273
281.75225860806313
281.754355260131
281.75290761426186
281.7499325246845
281.7524175090475
281.75379184793564
281.75420142265466
281.75346025431827
281.75270169556643
281.7531869071736
281.75175050331563
281.7538057479942
281.75262647574164
281.7540016424973
281.75383276322646
281.75191991507927
281.7476713912565
281.7475427502104
281.7521637106547
281.7533050497441
281.7482347633031
281.75227762795475
281.74807547196724
281.74858430535096
281.7487034645019
281.7476875978282
281.75291713062325
281.75338334921616
281.75217084962424
281.7493020668153
281.7544795507638
281.752193052409
281.75182330260577
281.75299858181825
281.74941467334065
