346.704144320413
276.17436052880765
255.4408985195107
253.8447213658825
241.8624315765294
245.44253857320177
251.11773826995136
272.0673158909799
231.2577948694816
261.49793638248457
305.68346609297896
258.22765931656386
250.5518991609256
262.9155983788464
303.84645863971855
220.25508223120278
225.32160427418694
232.9704546080684
224.56276797979717
227.3766710737891
217.47418657710932
242.4252103395711
220.8239253437332
281.95939641967925
276.95987239102396
234.1845679876178
265.18688559217753
236.6336734349752
227.74751922161613
256.6687008144272
243.7768890996149
239.886392515823
238.77538333722987
230.11304760454914
217.2057740509772
191.8993467863711
236.77135316765998
267.93705858096655
242.96970439648067
254.88894518036795
215.2146901688393
252.27127424524406
224.52613892102454
228.82356984249964
202.1953168270211
227.52296785646467
228.48621052208364
217.0209435091856
278.15886714837507
239.20597655964957
221.10996155977045
263.68023028697826
239.39789348882368
256.7151153660161
244.27048716544232
214.55925457214835
241.7571242658123
241.01594548273897
208.4145910415955
243.85913512850493
233.53825334839348
284.7401112037005
253.50253447989235
270.20532818464017
244.9063493569065
270.54975981699863
272.569823783695
255.44678729672887
254.75230172149531
303.61412090135855
232.81205834633874
251.8282160287563
249.8015470674727
233.93496102045538
250.09145193956647
223.34064359251352
237.48900563552888
235.6521714765986
242.4270028451101
235.602143245942
239.34185410073042
241.5118488880762
227.7757178329266
233.76286089664427
216.89464317865713
278.1697912539312
229.9880880159326
252.41182626853697
230.8153233655139
252.69058426308766
255.9027941106433
228.04960714948902
244.3037708510019
258.37723873016876
261.2958945596947
284.27897708690216
254.35388264383437
271.55602919103694
252.11364746331674
228.7528317190081
248.31816201236143
236.69776609322798
270.26766522462276
227.13068031297007
229.06494480160836
252.92964049160946
207.50732998118474
227.7306742860419
247.21705751994887
239.01178966203952
226.04905357667303
223.21687012155235
241.40783637550703
240.69218802781688
226.2615033936563
245.03190651690966
241.41632489337644
258.7992019412668
232.25137874965367
243.23070410691798
249.040075053068
246.86283206160806
212.56979718962975
223.41344203391054
212.0882302014652
258.40853861284995
225.6942688901945
322.92666790250587
286.30331998023394
232.570748168695
232.8853536542374
229.56039024264828
214.27046057641928
292.9615960546398
232.49863666352758
274.5566953546222
244.4266959907909
238.48551674178452
284.3716117035001
259.6623532307931
215.94604759960203
274.81915572923754
270.1061539639195
234.4250378956931
226.21320981717872
237.65222128431924
241.2884395645815
201.97507234864315
276.4370429038827
256.5781561691256
245.57537159435742
233.47391907022393
245.23853520397824
244.16282259352738
253.769349781418
219.79161345359898
228.89155733283405
217.07633077714127
260.9455562164803
247.37962359283847
213.34247564265388
239.4472781113509
249.2486920017691
217.48858783131436
256.5134940582502
233.47409918322228
237.01857004755584
225.62542081718857
229.89183095314365
241.74570586099435
227.05321045753226
248.05997917139757
233.27676388865802
211.37532687528437
221.02969684665004
282.5072215934342
209.4137841370757
246.54466579802101
239.89339250543708
266.4628688434168
245.05653006838838
268.3718739880569
207.19961499312922
249.30513543358393
240.06074593387893
266.8434418302277
253.29556895680435
256.0613117133107
231.35864521614712
281.025666381669
254.57310106407385
275.17411095130956
246.39145609726256
276.9693489352576
229.84434868831886
216.66085293173091
233.0991323637718
250.43663909739553
238.96302139376348
269.5599150396665
251.2742206061157
252.156446816065
257.032196749984
216.04651020610618
214.52294450261252
223.08522358166374
247.90288871405937
266.28208119204646
248.21490829340473
238.69096846297907
278.90320357488235
246.88200834710733
247.61198490852257
231.95653048607346
240.10260012262006
300.3846718456116
219.25666478371568
285.0902830701816
231.91954706716933
269.35836389210453
236.98208481323672
254.2620740704224
248.96944159475242
245.90668689693848
237.6432047449125
241.97133866314834
232.9246770562895
242.8200665167751
285.6038096758639
220.91010961617576
243.01059760936914
217.87941335435607
243.95446849974542
256.79866544551624
235.63798972892255
219.54487025637354
250.2237817210771
244.5335717103444
276.3734347254649
228.55023255613196
233.0881168768101
232.12718678755482
227.13611261436017
252.15850856812176
208.90142858741456
234.00252845817886
291.27242372156616
261.9520110362282
231.86400866504118
232.57108846320625
227.89610889792675
256.44336795352865
247.7846177468018
261.5271262166716
217.62503044115874
240.60253422217647
248.4402223070647
199.38990446780372
265.57139424666093
210.5856177409587
239.3417369289673
241.07128420387744
260.25737164763996
296.574829620331
258.9579076759983
247.38297007916117
202.07144798801892
225.39215172933473
230.47783237556723
262.68016521827667
218.10415781657503
238.60180829829187
266.38161997184216
241.5027969412913
217.63420166356082
235.35114038757456
240.93566174407897
242.30432454831316
235.5351216812851
226.880448605094
263.4823412321566
229.87372842556215
240.64987724703678
296.7991831101681
244.10347885126248
239.26275862132024
229.48103173963318
242.65044135785138
242.9860001167399
252.69687851317576
237.6740503036126
259.76927783645806
225.01043354945432
229.13393882957462
232.43011804824346
277.419756579955
216.52964010678988
232.5159772518091
227.09923266028636
229.03918887564214
212.68233530345606
227.5724336886051
218.89140002684144
229.0096153008344
216.36444171903713
222.4017498797184
230.8598008571571
244.71922117187933
209.98708806831564
232.91577454311482
280.4364740440651
257.46276809742267
271.5748217073269
246.97148437942087
211.10557596116269
221.0529657505831
234.0757961053314
232.5360801344359
266.51595434575574
218.83258349979587
225.78327402671857
240.91097260839888
214.0980819084507
250.7697962148086
233.6702041230019
257.03296153221163
206.27940455828502
268.9822432341898
242.84306020350778
229.340086420867
251.79541087942198
260.55754541119677
214.73271456969087
234.87466384554864
217.50068418783485
228.88826031026838
243.51943238827516
213.08529367212032
210.12855275663605
232.8528620241559
254.64075697917724
228.91289735614555
271.8968314551021
221.9190671377728
243.67092618526658
233.10825697302062
309.8916780292202
242.45704907772597
271.3126242552971
233.59686870433507
265.70305203938915
258.5736915722373
250.76876466370595
225.41290209422004
246.03215004276717
222.57571398519212
221.13270296867995
240.23004073555057
224.22746034791635
265.7958030137379
241.73894520786416
251.94262091036944
244.13517954708368
233.98063049880147
259.26685844460735
223.29494487181364
247.07488434274273
257.7681473450939
245.886909609937
245.71602881341823
254.21534294566663
231.28985496867972
211.47156801151868
261.5570449472434
208.73237985743617
223.60392370537738
288.25435860019934
231.31930910491792
216.45311280454916
266.5747657967004
258.7788489194645
255.00779731801595
218.3852507970587
265.06063161449856
247.2945150614978
235.72402955888538
237.1989732864895
224.28148143354338
270.7832033746672
242.1735231918865
247.6253844464809
242.04566007373796
220.02164069389983
251.16477666467836
231.4640702829056
256.9070252895908
186.26093172861147
250.13390406314284
220.313998952377
236.6639602897776
264.6683684479067
224.43427634355612
208.043222926819
262.58060258833575
261.4813402369473
232.52733782853466
280.4750680563593
268.1537814937328
235.8783221021149
241.51710870066017
216.12497127585812
260.4158758256672
228.6234677639295
253.68997116513492
252.8385302652605
237.35548949617078
218.11114964458102
197.42415227204037
237.6070550323202
242.8821193347976
234.5820126827748
240.64265728385362
213.51130034032394
276.7595205953403
228.66061264152813
243.97375560611545
254.12491064985807
231.68568529750337
249.00576256972272
256.31972912217316
222.17906531780318
239.59297263193002
266.58592447135015
246.55690435678116
281.16005370211496
214.77570989950618
251.58420772200043
241.7107986617484
249.0977673278685
232.7298890078091
235.97016680898378
227.08673302584793
244.32789431564743
213.68832913746883
241.92585931047506
265.48042957650614
249.92740354934358
234.42558483517496
215.75202829293266
234.47408284233825
247.66691156386514
246.34984939961578
221.7762187407934
232.92953475275135
235.3077655035013
258.66795623188955
223.2575861303485
279.60800116710016
260.68759033610695
231.95991826766112
249.35737273475388
256.7325054964167
233.70337091488182
222.1903933508729
221.42557985140593
223.96120145582245
217.24594963990967
253.8464434230118
217.76754511962645
227.74776224889501
269.28628251273767
236.22817968652816
213.35154982007225
260.92262932340964
230.9293630146567
248.7114170842542
223.49393424340815
231.17630046943668
232.52812518153223
241.20023422654776
245.72969182408997
257.3635007746634
282.8543020757206
287.24386780543136
260.1831597154087
268.1127404534054
239.260007798046
234.98908212358947
269.3616172836919
222.72360184481659
224.70514341212402
261.9214472562744
293.9227173040854
261.0393636180961
199.0763014874683
248.7562211342447
227.5617606456508
208.48602947904146
261.8605094206723
217.63626464457775
247.98690384998918
237.14804385731986
229.15401625723462
232.86444488661073
252.1128756877588
250.2865778701671
271.5485295584076
244.72707233883557
240.0703654414683
253.25762920320267
278.28432039395557
196.78467290896515
236.0752007872943
244.2995971704222
228.61160504282452
258.9799739980226
215.4289471571392
251.23145625447796
262.80311637547857
245.7810090793646
227.73855923415977
284.5255968540587
291.26697048026836
228.0511093376117
251.09773000470886
235.6444391982659
231.71495270275045
216.34114984046028
242.7114846642944
261.26887306298886
230.36896093584073
228.12687294828356
210.8487998622295
259.3939967399929
236.1802551599394
230.774100959301
246.1440731931798
219.41200188927178
247.31597356633574
254.59377114701783
254.98440008387843
219.56153406610247
235.28708182511036
247.92453400808154
200.11092160994303
230.66918576139142
280.55843184591504
242.22703296568943
259.8140234548191
224.75569136382546
218.06327028895612
240.93448102197726
251.73592173235375
210.29638995448477
215.49070294134435
260.21798987101647
246.59065847835154
226.90670340348152
239.6571807381115
228.79482369773905
205.01636786412564
216.47055261136848
224.70018209132832
239.16628691536607
275.82112161125406
269.5740075146605
268.7939936982293
229.6895160555141
260.53464770139544
263.84575431927806
268.46382856403943
219.0596303867933
232.94767052459065
208.86087124815094
222.57760875474196
225.38666942267446
206.43521950166905
225.36742067016894
279.4613791605225
219.45418795582373
213.3840433115256
239.5999061333714
237.13585093669826
229.27597737745964
231.30124606491881
245.54317549514235
262.93249912545434
255.28154693258693
253.2432484953606
277.2594470051117
239.73457186252926
223.97233473529923
221.74596117818146
240.81051547420793
258.93487514628214
238.71072233034647
232.57886385649908
245.1389103634574
240.68820387872984
232.69716840365436
245.42051825003
212.58567297281115
220.2204923957761
229.98144279245753
197.6126965470321
239.02199774689507
230.8845588354743
203.83985976147233
236.03904973293538
246.47385030883015
245.2093511649873
225.2226100123371
230.76940344306058
258.00606698263437
207.8456850842049
229.37475729727885
255.1483641412342
197.91451207056525
217.7335693987552
225.62229535647202
209.10407671536086
231.3933255863376
226.78782063309336
229.59271331314812
268.1472035822517
215.2293118246307
248.87786479026545
239.03347385139205
251.66843263347982
224.913623254688
253.81423505357816
202.86860716270166
258.3663496792142
255.14587992269662
254.26144320945605
275.92604326226865
271.4184836157656
211.5178810438374
247.54822688078275
232.13573870708933
246.13791289614164
207.64188597394968
253.051611574454
236.92263451663894
261.80053481890354
241.4343769499974
274.1685660444491
252.6211035460583
219.7601361211855
229.90940748664434
245.8603830440552
235.0314864461543
209.68755276774755
254.79063391353702
263.20456773095066
246.70388067205204
255.20218644104898
241.8089592915785
197.57040157873416
210.11542089786963
242.22017838741885
247.24102893736563
211.92393453713157
242.5044632612553
236.26286155186244
233.39566814733553
247.8846831904957
253.262871582323
240.5840729510819
253.15985147590982
254.9451742497622
265.0129462488112
274.4417994549731
235.5087004529487
225.07975229696603
249.15175563222147
266.2408198140911
242.730853737914
238.0336619334994
224.50885866692988
265.1606508741388
215.98455836897483
238.78797939239303
234.19650355938938
246.68516959701083
216.167379170598
239.1034575107915
244.5544761622441
218.49016305131954
219.8521886227827
226.67206543736393
221.5525938520732
243.50302831718
248.69488024376915
247.09294187565683
210.5659607493726
238.5838900753879
234.75262457481585
263.29589144312195
236.9954608924454
223.26940178280347
214.62755817529978
214.9935763590329
198.61740361107513
238.96016994316597
228.8178056780016
226.90242553284043
217.2584147329908
239.81603540680953
206.99742365663406
246.1732398974127
259.7671172640403
274.27854671218665
242.78551345915184
259.6155115656147
258.3421771520516
259.8573773088283
227.41612053316203
237.71968111683964
219.00797323626466
257.3969930668827
234.48444525632658
255.75430316579877
240.32741006839206
255.98871062189573
225.1951151935791
244.8571477268124
221.46318746040924
214.53755272869603
246.66866268467857
229.17439863446634
236.30819361127215
223.1565012432984
223.08946881940938
238.45347787698847
230.04475104849553
262.2646118529374
280.3655043915205
240.45066022497485
220.96723621929414
220.71139692718862
246.14772761851782
237.2032857654558
232.65871041527134
228.5964770251885
271.27472701546503
247.34985706373118
286.9252356038196
227.09931300248718
244.13735133383307
224.69577451152145
226.41115282350802
236.47969948951504
202.79267043611617
229.72720816268702
255.09117410730687
209.72926229325822
210.7272453434707
242.6388896125718
238.62920611942536
303.4450860665238
241.0118697412836
232.24173669406446
241.4876920170209
267.9038341745036
246.0682084664877
212.94919345580274
268.4027471835434
265.53043597372016
256.03118451463524
208.34153423822136
227.17235978954704
242.84149126833654
269.7258195771137
250.62436243260163
216.29548188264016
241.22317110234872
226.7255375170207
228.59130485673086
237.4470176169416
254.11128080094932
217.06858543632552
235.16256279067602
236.55366364232032
235.68381681555184
250.5715930966544
199.867953578796
226.8553605550842
238.66898491504253
242.92311433440773
229.42363465341623
231.51499720170978
281.5934257306217
255.80745959535125
237.50881562390714
234.5561410676164
241.1728030667873
235.45945099845994
231.24257231591037
247.2891436763748
273.9857300029835
249.91048487267108
252.35061669768766
239.36617978071445
266.63043153478066
225.30081093515037
237.9930016702274
258.52168177010026
257.9842923015822
244.79104178404668
238.76486518996535
238.64405171878752
240.91319543877034
247.05019515214371
279.2348005421518
252.32835110326414
251.27940369790304
218.39002397214063
250.8109421133995
204.19310668445542
245.91814704349963
226.54347176887677
256.9099145742657
241.55665845092153
270.72773728184984
230.65283372852718
225.76683735393453
272.67655252982513
262.3802881640149
228.09454411972547
249.09659509477206
261.02751998681924
256.7075091104198
278.2706508836418
232.7907917513512
228.08138334637624
297.22692112840014
224.72325924574398
228.65493462167797
230.62652450418682
276.4288629880175
237.82231271386263
262.9387577175512
243.74386027199216
236.0862966804125
232.52901584713254
231.02390429907246
235.59305412048707
222.94218660559272
234.66772475649486
230.29163121344754
228.32979642023565
261.6299098562449
265.75997385627124
245.68578899564454
223.3068613873329
270.9941877637175
245.136482560687
250.65538572633523
265.2214422117104
240.33167507394683
243.7994991231244
235.17044764271122
236.5950642916432
242.00285154522862
235.554039824754
234.48472214961657
243.26221010403242
213.0867892311071
247.45742986837286
230.76808515863377
248.60445574051118
229.77177689704695
243.4534350237809
235.1297279787832
301.7597430412716
224.20925380534027
249.0035494941112
268.36363727613934
234.33934175537433
255.7728473113675
271.9830688055954
243.06846035612398
217.1806719005108
252.49228275413043
251.2610070980736
216.46019555890234
220.54874925731565
268.9208461786329
260.7121169832244
273.48936181754107
205.64228479377925
228.3452155360137
248.4745573719556
244.48335348724504
264.714492987463
224.62258778847172
223.8683014337148
219.88548116604215
278.9213311827916
214.74722723165178
210.03381203860044
269.00514367359574
298.7575446527044
276.1699804996024
229.76465039030882
254.83137976625585
260.36431273215567
261.65769636732875
203.47535899834475
273.00532345706597
254.62513089043205
228.0232500359416
265.9041733627964
241.6400754119095
265.24762797672884
267.91475210749195
237.7386521588487
270.84271830981015
228.37347168533597
234.1206343851809
254.45176824336522
241.05695918932906
192.45669981956598
224.724308693083
216.18689273454947
264.2240928345127
257.43166859581834
276.7513056547614
238.5550572385837
280.71130799883395
233.3253305751714
254.33876837513526
243.7791010584042
233.31693238954176
252.9743231800967
226.22391946002608
254.2184873520746
226.49651509788237
223.13016385753872
219.91313237830764
223.30430148044252
290.8132588287408
253.72519520652713
227.19839689636137
222.07154927999363
243.817025953118
227.55558561644284
242.673577763082
232.21075113094412
254.54199553866056
225.53466237772955
277.52057144610444
251.70992438384565
234.6100148637779
258.1670860084123
257.8261319298472
256.21330474794377
265.99020014182315
243.11884923354955
238.08310230687493
250.06138511982863
207.3729409755033
227.54347010381753
224.147707178141
262.55623425217345
252.90202674196917
221.5767118826334
249.77055086367182
277.3933694830048
241.64042863456416
251.55212894725264
200.93026545934845
236.27702681923984
236.07481548987562
217.5635429857648
244.1606215359934
220.41697089822264
216.1851871755207
227.7981201800867
238.02856303795124
208.46469228694332
247.52640835754573
282.3794093207398
217.45901935035363
287.6278577130288
241.15621221097535
231.44885181766585
209.51697812447674
240.41870847038808
194.61517755690147
237.4885897829081
249.5168299487559
225.04774965468096
256.8325338985305
232.92036087615998
249.87097875899053
247.38523902228917
258.3054881544085
227.2386283063679
261.3786997575953
235.2776070330874
215.94437682288117
197.20218328523333
275.1878650242288
269.0657428584818
211.2442613323219
226.77555434478563
246.18421058068634
242.2250557699008
227.63224022235954
214.35414462396875
227.508326171519
226.15558069615508
215.79802726753405
250.3949140291661
232.16692260830314
248.1266976572515
230.33473447689903
228.6097005600459
231.59038098232122
223.61703195550945
248.87399699928937
199.07769864037982
239.99982762811123
242.87003429458127
216.15874160916428
248.48614693788113
241.953530050494
210.9071552042733
270.3278719347727
233.60793747197022
234.25982352838037
225.03180944666383
213.84907630764064
242.96582472219598
254.52186989030452
247.84504264831776
207.73552945430856
218.86615921510383
230.17249540876946
240.70942297278089
223.04427570439293
247.6081839062099
272.1206039491517
262.6409656768956
221.17788563409704
229.27248496864922
289.28788609130424
240.4544442226761
256.36399943963625
233.50702450750396
210.40800849025254
235.19347034860402
303.78202357990085
290.29611528574605
256.0598358200514
255.9455352453515
256.0447172098502
234.62558281898964
212.3086422526976
259.0141144838126
223.80743271668325
233.68697919079568
226.63301498771762
223.53527972620213
256.10803058714373
239.20540328588686
235.65507169542252
272.7720988592482
233.5733292917139
255.13812906731619
221.9420313066803
245.81833427984384
249.36470355742495
239.52916935141548
213.79683862620732
240.83426021429477
249.62535269596265
238.96084791512112
217.19497251472785
236.96203947684262
260.3187561115774
252.24242400674848
246.06597943790257
255.54392044767155
252.5800710321637
247.27815119479783
235.43277823372046
228.27281348168617
253.38346219749656
260.71043097769143
214.06469745148206
261.1562162261689
251.80459240602795
259.5468054966768
232.51448633830296
293.25807755137794
290.96662101423135
202.7830042009009
252.09752272476908
245.29713610938052
202.74383761687204
238.47463609813713
256.90407336410135
269.47203355899546
268.0064610473346
221.8187317229458
241.65843487391248
275.3665508280974
209.38751255261013
221.13762393203797
230.47016602871008
244.40702430269448
234.395320325566
273.72755198949017
217.10687995608896
224.64366426254855
276.5989124109037
249.04739291057922
222.04136249347357
252.25600779853994
249.05028122127987
235.95489229087252
219.65465449169278
263.3151328235399
259.1747512005386
231.84811491402797
266.2470442285994
222.8066656481824
232.5090017161565
262.7627490098239
292.6454676774447
246.32214656838914
211.04931239772122
215.65514287602855
215.14264129498042
268.4488890473731
217.05565327766817
250.29481277888408
222.56421659851912
237.3075318125193
233.28832684195368
277.65764055016916
288.740702744748
225.6706572312396
238.38778570271097
220.16653337638127
229.50904539081967
240.61696506862063
237.3121974709793
235.20505947852507
251.52390486502554
265.3989596531028
235.77135113975964
250.49107977980748
222.14069159136852
261.4243754259078
243.97643226501532
222.7121475819149
262.9499168850016
222.92779956705635
197.466548250115
229.21032527083298
218.30412249313667
275.6014462651219
217.8857848496409
309.23727667093044
248.41034067911096
260.60682728345273
242.78569373989012
245.4242924800492
263.4614616446779
255.20709223672748
229.72919409227325
218.41409458615817
247.19096013752278
224.14958849846153
226.48180124920327
271.9789988421253
226.51860442815814
246.66670046118088
240.10874711396173
233.30076727893902
269.5190590774291
259.3247215844458
225.36803874082398
241.00817140605068
199.8022112325998
278.2050681049586
252.79371498455293
274.05636915389914
223.83512388903182
305.24354862456676
252.44263232516823
262.4498343167361
217.74339339113794
237.53187554352917
240.00980734388577
222.8215487546986
217.10832532623317
265.234136855579
255.49266471515875
217.07269671739778
229.96616647962946
257.6400378086255
282.6842461092165
261.15653548407136
276.2870052806684
245.675367378979
223.21545382210752
260.9115612026653
255.28689127700636
269.15372274431866
258.1303832756239
232.39141886879224
235.109787577705
244.25681018311298
217.14606551005272
246.43978183018044
252.38237620366272
190.49154296185588
245.7193867226597
232.3459915026324
251.19733744108817
267.9505782085471
253.3671734611853
270.08056074235355
233.61643860675395
200.98036838229746
234.81070858228486
273.3454175607185
215.25707585451892
247.35978130460717
223.21847042266745
235.88566042936873
226.41537742788205
260.5636277796002
242.79152071592398
256.8395540517522
252.5976989052724
223.2963920298498
253.88575669727288
244.15040039195446
230.8884074431262
245.14960470580263
237.40257167292293
229.7523810598068
242.84333061153302
257.1138837332837
203.01176157552982
217.3786932467483
266.1054058384034
259.83924569247756
243.982687077194
219.26616789452964
242.0124791173148
259.6983035560115
217.08568719448522
219.60690567019628
249.5747496401891
270.9036819607136
231.06187964219134
247.02266224380583
226.97455824178178
239.52830262837233
265.7473007978406
263.2005480773514
232.45228556118673
197.5940344540868
217.36067029443802
240.00427292630775
248.42450566543266
212.48731371632311
236.8677627997822
265.6119210642646
233.7347517904709
229.26177521515638
250.7493458603858
229.4955707390327
244.27151299174875
247.02220072824275
232.37577983480878
211.68407513335114
230.9167057769955
209.64181975857355
233.00162643921794
261.36451761540957
236.27934378560167
231.36334104614798
244.8974340032437
220.8313472683658
236.92433773295488
216.2724100422929
246.00722294853767
252.9626293113688
203.67446331930114
212.57442382047884
240.43150317342952
225.15219475113554
184.00967700965703
242.11101991136093
236.92914280941477
235.04219186800765
238.1800351405982
252.04111841326812
242.16864322690526
232.0733194577624
254.33841760258656
257.5363640880096
244.97626573371235
218.93588623672258
239.90941344184102
230.36778810503893
236.20139911148
218.3911345548695
229.8812206630828
282.6895894656773
250.12446220312268
223.42224141658517
258.4533344323281
258.74415866914205
231.485426463536
259.7387495106668
236.86475305608474
255.78674001106992
230.3846937538474
228.46326504822355
233.64075173030142
215.93413443793543
279.1957074114471
232.93071738345316
252.26343471970176
219.59587558486965
247.13179653091356
238.87311078433413
271.63957809261046
253.76200902299024
264.82374142162735
248.57765835215105
207.74765490274876
223.0753087606281
254.36768339050468
271.8426961734658
242.8855487712426
236.0807522283867
216.69645394029794
271.24604290834395
234.70555417402647
229.74022408365272
236.2547439810005
251.14398755942238
283.22147424932336
240.90275754965842
219.62959458422847
259.15959420480067
222.91824434901355
228.326541288523
222.53341167944018
208.67939707293408
229.89580838155234
224.9389608236961
242.54936409328366
238.91297425312223
296.84181092190556
236.2674152656109
240.12699223088566
227.89413533819607
221.68136541370768
221.79242391715525
275.21242460916983
240.32922035746742
244.53914031828754
218.6106453379616
233.57290327147348
216.60807184828445
240.78282956586918
199.88247465068707
259.89756038284395
201.57391996897059
264.52889141777996
258.62190510093933
246.59368963324232
273.28570278792176
244.3484915868612
268.5613609323045
252.5137176232529
218.77549900772283
231.69106571224984
263.76197683555074
219.87653998844326
227.6391979275504
282.0290990045178
270.2671958284918
240.96684401237871
255.92122632550308
253.17161362501793
250.65771067497553
267.41560425795615
266.6645047197235
219.87272423849208
267.3425763249397
247.25838184828172
232.23450937098823
253.58377951628063
249.77265217195963
246.12435928737978
252.80899262434104
241.90340553363785
242.95808231359115
265.27355915738735
253.50324390502647
247.57915400271304
253.75931395048974
265.93404924467904
264.79364429292036
244.27169025852345
237.93954461655812
223.37226482550614
239.85383647866547
230.39838155073812
277.97648012597347
218.98029597924324
242.5911943441024
225.4638797584921
259.07430232455954
252.16505402635084
217.85514697944745
222.10193003166933
239.74299554008758
249.7554065406439
225.33419321256224
254.93093708821107
237.6268710102304
205.87020838877652
248.5691276222351
252.20251197490143
226.03694659442408
242.42345992592163
213.5315607120865
238.19852212967817
226.75730849878164
228.00484265503474
267.1367581926752
236.7955542819691
247.88743882317794
225.90570818964625
246.5670219019521
267.72188694390934
251.52784770546714
231.83498742850497
229.12689246982336
227.5960067601991
272.58138332824456
256.6584979071049
250.4225451608072
256.8485390417045
247.74682564812247
245.8754132455215
243.54901356669143
217.90741127211368
233.10296941484557
259.96050961042056
228.62904003047151
235.26336802454898
240.83254466939252
211.42172108293744
252.845390638744
247.03588785370812
237.31231374084018
241.5300686780247
219.5751738556428
227.6227490946767
234.96062393905595
257.8088587009115
228.44667821773328
255.34704149147728
253.3482884686673
243.62936253327643
246.28984913305612
238.43689007748617
219.32656023895834
231.46314681693912
243.24934087484144
219.43223351374036
248.11288397031603
253.292681012128
294.2201569255558
289.2576204603538
248.88490039738826
247.82516056660097
227.1551616601646
247.0192069261102
253.8375428164727
218.71820198727073
229.7575337915914
227.51467516017146
267.3658484366606
240.20592178183142
247.99616946163587
267.3586809586268
214.59766905155266
258.91188363858964
222.6956555970246
245.12985201214906
257.89132738806074
245.04700857767602
257.0873574248981
240.95370059926063
243.1319438131759
243.12674281862564
235.99450066883583
212.6453395691351
221.34779571631225
236.83259441243717
248.69042509439168
241.62258194683818
242.77188882342307
213.6852251229575
248.28004922694527
233.01013358705677
239.2459958649124
241.21236417029286
244.11558944830904
220.87044837832218
209.48666163097369
220.1160883384291
229.58162680995883
216.378379843547
224.08391368063167
272.65152508590836
309.1119363445905
257.2270412227954
240.42811741417972
238.88555254013045
208.0387486278196
259.55356329493225
249.6924199288478
228.40932901401538
243.24168012611335
254.59782330389135
276.26177159592044
234.48307491547894
256.5784551720717
235.94701553572668
237.62444918742403
265.8557804960292
224.69678877742263
279.83163697837153
250.83023826562567
259.4018411136349
255.4976769842906
249.59725776250707
237.89061431516893
278.61477569892304
273.02223814092577
233.88671841361793
258.79935019125696
261.88288983440725
277.80854879139224
239.95845567889046
209.56536707479972
233.5564445098862
225.17852442676667
234.62648825586075
226.08372130297357
221.86559242621297
212.6050952343503
251.00416595785646
248.00678855297156
240.35290714347502
238.52830649365205
210.03906413528603
276.11242164322175
247.0520410379977
220.02411141910125
235.7076741574565
239.28610641672276
249.61291992355837
223.80662910389947
254.96276507299626
245.03257124719676
258.43777704559034
208.58496032009134
219.20225216593826
227.4854254371603
230.89241845888318
234.6874643196934
224.48298014036845
207.47599809418898
234.86935483355774
240.7665126225329
227.20847281551687
251.18375678465236
222.32450915052323
223.28583494381746
241.57234828412766
248.9040350561263
251.30851546966005
249.06454279343598
247.0893921016832
278.5054690592806
228.14383027493022
309.1890551352408
246.29824591276702
238.9276659770985
253.4168334589922
249.27313602232607
293.52790232852567
234.54280304716667
250.19101343862712
260.4486179726664
242.40081174840452
238.9553646731074
260.6835073262919
209.87024293484865
228.47348116448848
269.7618547374732
232.69494022947038
229.00069124111906
238.9207994082244
266.2202097803238
238.4991030463134
247.3100968428771
255.4484726600931
257.87786684767343
267.56327692541527
236.5373052060604
260.7945358999423
224.65521014883416
260.17590795544675
274.65280950808665
258.0201628328068
238.7156416423386
238.59074824268464
243.15238052996574
271.09893988096155
249.78558260726277
241.58295630436623
249.05680230510188
259.63520847220207
224.18385870102793
241.48176789243007
233.6327706152806
261.8554352502688
235.84048721910222
229.5702089924598
227.33769469865365
246.2707388352719
224.75588210910792
253.51268416579114
273.6797589836642
235.4179626943078
260.00853999186074
237.62049521546578
228.36526430246886
218.64960099739255
226.8917682011379
287.35207661951426
271.4394527726108
236.35411550221033
244.35532005567802
223.74567189620575
225.57499106094474
228.791287416243
262.09485295414925
248.3482548687025
253.1856397986412
245.72048486798303
241.23050585895544
253.61303939460777
228.0003711830359
267.8874421249493
274.1783208613633
221.37158682750305
207.40278721321374
232.65207151236245
266.3866069664364
270.2795709942584
233.78502244444098
245.60447087784996
267.7769787617726
260.9079305845662
257.05453197215684
263.49805436242605
225.5022458775784
255.1878919271403
236.11993184499443
240.01942955312552
264.1331640491262
291.7354578213417
222.8652799023548
286.1617385551799
225.82361988787306
234.59491202177014
233.41796024993528
252.0532244426431
235.86631177237723
262.24815893900814
275.0648782176431
259.62117956910515
213.501579584321
255.64397517603356
202.01129991014022
228.52471795276506
249.37603924440918
225.02219096099725
214.0668496399303
253.7749185176217
225.3228175645345
229.78066303837113
228.23810466914438
230.31290839490248
235.1005493737175
256.84480751957744
214.87053149787243
253.5104029797949
238.3048427606118
247.27405666734558
215.0757880854071
237.5153583958745
275.81572844367474
274.4079961811658
250.29228963528294
268.7747371282894
249.64100096549373
249.50584231794346
227.68974773725495
288.8732924401993
249.7493098252453
249.66839882615022
209.59074986045016
253.8133311055717
265.3413618725608
278.91951486846665
244.7440527836443
255.9338592265849
230.58938623667927
250.04296610713936
262.31718038761755
240.71910920052323
287.6251142435358
288.9120642420603
252.23036333342316
249.5268505368731
249.03310781891923
239.49224525882164
208.69335820199922
212.08981946570566
280.3389674008358
248.95612628833624
254.567136775353
247.66935944341822
254.5605850709835
210.59596808959031
222.3614084708388
208.12030903168488
262.53136772848666
230.74060792307137
257.699999809789
215.76337556773797
222.59912099462235
271.62657362391474
216.46686290076468
250.1192152837175
242.56570838106563
285.21238893305417
273.57487756962655
231.2797752978513
234.88813944754656
265.08598780905595
244.23829608166125
269.1880867065047
274.45714950817637
250.01108577655395
250.56156917335466
264.3983907853835
227.66605567588704
267.749916917237
233.27839045680594
234.844257141056
255.72536342858803
262.0462125625927
242.15493420447456
230.81710244627902
207.2890498410561
234.98002706910484
238.4242781897774
221.3229703187826
249.48320428014267
220.04215277044568
225.90453608636744
214.25405213353224
239.4176991758868
225.8777916113031
252.50127243436873
228.86393723025685
242.81613439094508
198.00578053714707
226.24597972014453
262.3220791151398
241.4520046802354
222.4367847800604
236.30253868969157
236.8645543399034
233.08676783094415
262.157165843586
230.84562458493747
241.0066220497829
211.67352826037677
260.82945545203984
243.43482609005878
245.2686971668736
239.75274563924177
235.21321586240083
250.64184260903858
253.05180531519
244.95252696663374
286.65907912817784
268.8117707782076
222.6599449661444
234.81012459896738
232.57045176898828
214.26198968908284
244.3614042099798
266.63583336304873
222.37033348198747
228.85505708673736
243.67545401392272
268.3733946289867
256.2681727129384
209.97514808666892
228.6028025614214
243.2367258045124
237.87580253818305
214.72067678783787
251.03458049532492
255.21841829665937
226.49313926923787
237.38992689503357
324.7717214070144
263.991750604182
248.65161203074967
244.14189613674534
259.1437927700463
246.44856927677756
271.18441016599536
268.33725418371614
184.44079512316966
247.68844590400113
269.6274872448412
245.97104146552738
263.1370141102816
257.4021117077791
220.2747643442126
211.49288887158036
254.75244771433063
231.49835849087685
225.98151359753683
225.64629898034036
260.1973371039494
202.24867437040666
219.87481450260384
254.5707569292863
265.0818097452866
231.23870538087795
235.91798875131644
253.92989426938584
273.1344087938778
283.22196281841025
229.30634484719485
244.3317539418931
247.96336072380655
237.26133979245787
214.60100368375424
225.9819454223034
250.12105055863503
228.66322984948056
234.41140268940944
211.4892484829179
221.4610832625185
238.4574261129601
213.39812093094224
210.79142148635583
199.66987291304395
230.22419791290304
226.01145260804333
202.52491052035475
291.1016099450062
238.75927478884114
238.90375724609476
264.14731762034353
252.26025845028926
216.30562076269416
214.35707958077546
239.40980658557964
262.7359057148569
219.62432926113252
253.8769498092588
257.1388142708456
253.68907360779122
252.40168011607602
273.7690047224751
233.5313898077584
262.5012849214836
217.87606585101457
240.04354415822309
222.3707660990185
261.26820523198694
251.1866149402922
281.4867536020465
234.48005582235055
258.3085966994404
233.50590427423595
265.3564971386222
256.48728620784823
261.5944075391744
279.69250123098027
279.3622974039754
269.49316576647107
200.8635487263673
265.5764282270102
268.1044125095359
224.26701223663986
235.98543296847492
239.3729418835137
248.20020898565417
238.949383088795
235.76149506756337
222.5703501738608
235.1334300885792
239.13651629746892
215.2660078087938
225.04605467920192
238.99913541047135
242.158876318892
282.0607811608934
246.27430566807743
217.92602547863498
287.903082937235
262.96803504246054
275.1434171423316
258.91228424414294
244.49149852996925
232.5615093028755
259.8524596526986
234.61396550928475
231.79094109643484
219.4155668723397
277.677564549027
269.0135971274576
255.36747497494798
247.87281893537147
238.14846800628584
226.38595596689265
233.2350343601429
245.44263702532044
195.49537515756674
240.31857380829751
210.4600102585391
242.9841933537391
222.42709869117243
202.54824026220012
227.5896359224571
230.4305290398188
231.44916565268068
236.97065657033818
203.1223670670297
255.83850044274004
240.84834527241765
252.5617857791367
228.57471487281146
249.67023506265832
240.51891375234118
225.69064508168958
254.3375430344604
235.04692556359805
246.49976175575284
248.5903667822131
259.4713281391305
209.98935872752918
219.94496803544462
248.1683514759061
294.79692985338625
251.45378259918652
245.31424020428676
235.85659697744995
273.3533088960685
230.79778528003953
209.03711128793657
252.53507742175134
220.71458612178685
251.09709300356917
235.48214994865702
221.0081945732818
269.43717541574733
228.0979153405642
201.902529831219
226.53103907685727
288.32052750041476
234.42876651702682
254.39439208019758
232.60740885301493
238.73929170361953
225.99945141468197
223.92656628252007
250.74344410013873
219.41288028017152
229.63820079294965
214.6698174046469
276.4013313082978
234.61236447142437
251.28126397513552
225.22243045264622
227.2860530683538
244.46897925116355
239.16566258686362
192.23396449245047
234.14901406335412
247.55528586893342
226.90917012328282
220.64894089859445
222.0253138297703
267.07892502489267
239.19358519109664
245.8495182970073
234.5244431446772
232.90380274690688
240.8193020715844
245.204362876073
222.22137517249212
231.72492175537627
231.242377927294
240.57863921741955
250.36979629466077
263.2682942542597
223.59335347346496
286.01061365456553
236.2625802681432
223.59227539598942
255.71938392921584
254.86434350255877
242.1603354557301
232.38518143486
257.47655096143717
249.59245679940796
284.64900051936274
215.10626561235404
246.79181587212952
239.54921274882508
240.33002413110808
255.35367229836993
211.11312175140483
243.6296401381842
230.23306192021118
247.6338711216813
252.93238748173462
243.99361494352343
228.12283602991374
234.2134800751228
247.36929905880243
259.88477796537336
254.99522361770505
199.35263695416506
214.30060480255634
234.2277457076707
249.91448300221236
261.98358650814043
253.12508363928646
232.3438418499427
220.3480623504729
223.55471694585867
248.24690873239888
257.86305858782725
208.51151831867173
196.51903860084713
263.5004017249448
242.12492555758217
241.11904485471314
227.6275845094351
254.94359631667612
253.02796087117167
265.2824977997225
216.2444559126743
261.3315117150778
230.71119839622406
238.24561289005214
222.49197740870295
244.05132027511718
257.2840551689733
285.4300111119519
268.59846625314094
240.28608405700652
248.26464092364768
251.65008775366005
220.9954381402349
226.1123920918326
258.7819620955852
265.4151157162851
234.79992420901544
270.32854114449583
201.0275874179788
221.12483744311612
230.86667749570915
210.68736398394685
213.38699584349524
224.89239187876228
248.1463312874548
234.2175501328893
227.9539645111654
240.50310523924418
226.6234344681725
219.0777167674387
219.3285596515052
224.04532972036395
252.7641207423294
254.27366612153128
224.18144343141466
206.15646853396902
233.99371052271454
233.9299737965921
239.01672732376028
233.13684639509302
269.18165281577967
230.036395164032
227.46457541693235
198.92324116901727
258.166480109212
198.0671061729081
250.52912672638195
206.69120522850426
225.17775059858104
306.0108986152336
216.56272518989863
216.61194319231436
250.02033419290092
264.654415323399
253.55477646685904
254.41303363116458
277.8810810718569
241.2384358010022
247.1608400916448
231.95171589992242
233.33434469922213
240.36172630015062
246.54865637153853
224.9006143421866
232.4286691241432
264.84240729699377
245.34537934686523
227.23508606560063
212.96323414536892
224.75857373554027
242.90648852783488
268.1930227394332
229.9774211635813
230.7951523081283
271.17655593686504
225.54677288368111
231.4578014893923
246.73619658086682
235.5855206089327
253.1207803741563
270.7354975179187
299.4833739186288
264.8214962494094
209.15981392905815
208.8949220480863
235.6976820928976
228.33701426512562
225.17200546280947
234.0253997624386
251.99852375744376
247.69837648572866
272.0642756653251
252.99677850387525
224.03180628607515
270.8644217828987
238.55937579076272
219.05354106030427
244.1046171770431
272.3283332179999
258.43673535983544
227.49065043905284
232.47066352632828
236.2864797427319
244.12692946533207
248.48254110000562
265.4045857822057
239.7935928312363
251.20803292968776
237.3769480290357
227.33886939368676
204.35382568638306
270.3460372638656
238.5772614888847
250.9459166834131
281.7897485004505
235.58443578192964
221.821198428981
271.17739899875596
250.5011000385275
221.46314264647663
194.0948715553386
220.11958537250757
252.78845994453877
263.67923568340484
208.20558144291863
227.21190820343327
233.16467147646472
236.28326981363352
224.11154404119588
235.87050032045227
253.99207768798806
251.6814941316843
221.53704925591592
243.44031271443237
227.22636913415045
216.6983666017186
213.2220550716156
248.6569604971446
252.93273719446734
283.5164253672119
222.5544398103375
279.1680493634194
207.49758973973803
259.718359190505
251.4874416446546
233.10019725037273
194.61109852488153
240.90524777770042
227.29645535326563
210.8096640490694
271.27340846916195
255.84782496711705
251.52350573288277
250.1235488880193
214.0472773653455
233.61062978452537
265.5580942183733
244.97181191295385
245.98525255999994
282.25443906581495
236.71037367579993
227.30470851960126
262.8066326112021
229.9618491224246
257.34129731403664
234.8538526907796
228.05650228098966
246.63721474981867
287.40862023294903
217.5004308547359
271.87375598517247
230.60655520111322
229.701575230225
229.03311417496298
290.23334855458234
252.36662114446517
246.92320788803045
255.32813308166806
241.38249620050192
244.40897695941385
250.64869519148488
258.59823186777066
266.7672034923453
238.78229957656004
275.39689112384804
258.0236009680666
213.56967964954674
226.07313885109033
215.9653095480753
233.53528996556997
212.06208967545535
232.14735174411908
247.60417924809735
268.0400629306678
267.55131349456497
230.45159053173847
274.74699000339024
252.08255564095452
217.87127498688642
252.48117288469803
220.12766578281298
222.89541190420277
261.9121677058283
231.59334510110784
256.03325952449813
225.1700365137076
227.4665028724121
232.10619452781975
242.084554985282
245.21185821609106
243.1549711819971
257.8982713256264
243.47159073653165
249.54661418579053
241.38270395225845
255.33868741989136
220.35773989534937
222.31971606472507
252.57871564326342
232.74696283310186
239.05452314950526
250.61343096138444
246.77010914043058
236.81251158600207
230.09618055599276
204.08212536538485
249.4667455498129
255.857167556067
260.89005918067414
214.09341154096182
241.81541989336256
232.50826151040383
223.7611590664601
228.71126057347283
305.44758879067376
204.40504348813556
220.99183714285027
234.7764939836925
274.65053253469523
260.3702182630077
224.93111541774124
212.25797506782692
244.01968944258988
246.7393520573387
245.23572521912865
218.79593705700245
230.03841352660675
245.5369492993923
236.75530956697185
233.70488668174949
233.0986252721632
249.4821408612188
246.1674382967176
217.56504992500413
220.60213863139506
201.8016040904913
264.2606683932245
237.69312359252945
229.76823060307652
227.940264082863
247.75312757818028
251.73860564397182
250.59776032553054
208.70646147069056
224.9999224266503
236.85780171561055
277.05683192936704
255.82497700152453
225.16260000609327
229.55433130648453
244.1152235044865
272.7677055243403
225.30748390767258
211.38058818865102
241.86403498321306
238.61831279145554
227.79787402739748
249.5932141462108
233.69940329913516
314.7722046953859
242.34496727527585
217.73435836681165
255.42155617056414
207.82603300502524
253.1831169821089
280.40336374752223
224.35001199354883
244.0858565121889
265.2399323824793
227.09315846976824
279.8494829982519
235.377891439246
224.96139226399828
232.53799724462442
212.98802796157543
245.2638279888779
250.72288859146647
232.03349495353177
239.8817863680888
244.38491603336297
279.562994379201
234.47217691678088
229.72784211381804
234.25368040904868
254.28281156427693
216.5183162331814
233.412639518152
219.3875358494697
263.58126027940307
272.9638163631316
268.73637598438654
212.7960238335654
223.38512419140898
250.68185865913983
250.25604360119905
256.4620034121908
231.80898602155503
259.1342591267312
229.73880025697872
226.10345407912973
214.30923381506
244.97198518482037
250.95883680414408
251.95688393618912
225.88812256441452
235.0643101594178
222.8562226089416
251.47419164027087
283.00650958763435
204.71841063245665
258.0643041607691
249.87042670242954
236.79408196127042
226.16286643280182
253.9326936575817
231.111692741164
272.92910654004663
285.6796874011634
221.9678791851038
257.70071164448746
248.71538106165826
253.42994395806454
212.12893515336327
244.5601007193327
241.02666986978147
229.44808457198087
237.99948196893092
237.69860064517707
236.53182739659678
250.28055719146505
223.37260714010336
237.95676483528223
251.0230731406482
208.31444061745424
233.980641244445
207.73428017192055
244.2847421396291
237.27556506206747
247.97914054454304
242.68608223390765
197.3092000838369
251.60000615741592
237.29446381120943
220.3389388899086
262.472091748612
273.9639540944481
224.50180568313226
236.35982424148824
222.50854905240703
230.22881182050332
250.1274653399596
239.75695533747785
217.31890526216011
231.48203955369536
284.23519568820484
230.0872901888797
267.78309153357986
250.56882839649916
248.897246647859
265.02122515870724
234.90976208774373
237.03901570884045
255.61724560242146
257.0725045030704
280.50060380029026
262.2379075557692
251.2388994678622
244.57953377394006
211.74773755553178
234.72453973069787
234.34948161477223
228.2256092885509
248.35604007868096
259.6753712671343
285.38024055666756
260.1996572923381
212.57548285310622
248.6357393563958
219.26512451213785
215.39757291809656
275.566425827099
243.85858372238
228.23169785027858
244.00650442612823
256.26057370367926
238.60220382851548
271.32150387356523
233.36260067706462
217.03614821122028
241.66531102964655
235.38161468761973
210.94693759875372
260.91281152970623
259.49850757652894
250.45861286157742
246.94505881285295
210.86989671131596
258.0123572052689
259.80129699851386
215.30513063818216
204.75245337723754
263.8967142055044
232.90308334678411
242.34428517590277
231.18421827279963
227.24184805317782
201.079556075274
241.82275987393223
281.15859267208725
236.9895915419329
225.2982706419425
251.48634847113863
243.22774536709767
225.6181725016795
221.2509359382093
283.1207917246502
247.36288675514515
225.9524976212997
222.59369306266308
245.39252288581338
232.70993049931712
249.88907258911058
264.9247998652281
227.83658134110738
231.18646728491876
265.6075868746266
224.20742625021376
247.4395429135766
247.68527868238743
215.3358786602039
225.5449903102126
249.2186369955307
270.63215101591777
223.4341749617597
243.02995412028395
228.82392567396164
258.3226591265993
198.72033518645912
248.61816822877154
220.74074394116178
227.48112319444772
221.44942683679983
254.19971340789925
229.53338841558434
256.1564643965103
249.81418754381593
259.75609611719847
220.6890074099647
282.7135782378027
274.02283637900837
261.78937254427
239.93494749255478
222.3748747673817
263.106219776324
251.879064338631
226.222386739566
231.41860379115678
281.8437745833071
224.34180303302128
238.57679912028834
243.1124498648569
244.78020831383765
232.9543343639234
226.02509131468832
227.26344096439425
219.6100364041049
197.61955200624652
220.47466082521714
235.28315228933934
288.8277967751492
223.87361744849477
269.31472467421554
279.1593703276012
214.0281288352562
248.17335123370867
217.17416605330072
237.75107784383
234.03058721742127
250.66267228114884
239.15574017725885
226.44168702571187
245.49182852730155
228.9115318801487
219.70741493417881
252.18359680334106
257.96750328713097
219.59450641064905
258.65742885961663
275.3954992595827
242.0788225455908
242.79719338926952
246.64965249947272
258.5007474090671
266.0377190435538
255.04785049997736
248.46762576000765
220.3451195236994
254.60284389730077
266.8297953114379
275.4970059839543
242.40103841328528
270.2331459617708
238.66334438952617
245.8732522049686
245.21527232578956
240.76729636569507
259.9457624485949
251.25245167769026
252.6413389093941
226.81540365761612
220.48784631327726
227.3911396608455
229.8917560762493
240.6542861216003
218.3240370794665
228.41846003127284
265.2572874312755
236.1903755737003
235.64092902233824
226.7213827475207
217.79100509604905
276.50203462678473
226.12966286879964
229.3999532808084
231.59838764881715
238.14402008370962
220.63671929121483
267.1729465601966
244.41822636895813
230.0810390241677
270.6994237494655
250.21549496788066
255.13234587712213
236.2420380570693
234.60063759365585
241.18075106374454
255.63309383636806
272.3561332069803
279.44835228915326
243.5084514101036
236.98762607877143
244.3124295056332
216.44446342322044
217.93007384159137
219.2244184697047
225.59943984716665
255.5552944688825
257.06772471941076
219.04628280678298
224.18849847256206
250.88528479321394
209.13170316175092
261.55213057319634
231.53276411094703
233.04547276243102
237.26043943106197
252.42107142845634
254.6862848738674
224.32533342309762
233.79341500089504
228.70718880055938
243.52581276232377
234.93396639672574
233.4431370589882
217.0896128291497
239.27606843819376
234.65317534992937
224.51448916306254
243.57429775921628
261.2624768818496
245.30557163979392
256.5351527048042
285.80052518076263
249.57615333923604
241.48824589478318
256.86640220007394
287.18737326026894
211.36703237949405
243.49584083177615
238.80941369920038
226.6722521018237
243.74705676583108
246.1397835033713
260.65550410712603
223.40884684433695
235.42704852111638
206.85268007882405
226.49393057695124
227.81859215022996
281.21727436897345
220.58304395608138
249.10216205997858
238.6633300173562
221.3337642851984
239.13764454226475
230.46289047773462
233.30515510798432
233.41311891318765
219.3268238013843
227.5311850727303
212.7670703730546
214.8806931040017
267.13211545790546
239.279204445309
288.63965072564315
235.07373366469983
253.19864871702157
245.62334612593986
239.28415384399705
270.68028747907374
292.8718070194591
244.62286787608173
212.83702179731335
275.37121036520693
267.90223122399766
255.8930991756497
267.4013223903021
245.7954609831795
227.03435834217817
232.45967175718397
221.23487634118646
281.3905017876532
270.89037008490413
229.55459894554224
227.0507944256533
226.1856158785522
222.58360309607815
230.8271631039679
234.03553753357846
234.5943916622782
210.08431727904826
296.15225027757697
268.4958209360484
253.3685274637537
237.50134581292514
234.52388692693785
244.72462393157184
259.4192695003003
203.6251961751841
253.02728048269637
239.99181793804746
273.9636452761479
265.84277679398656
236.47623169713188
228.19284125196282
235.97627036168706
260.4986220537685
231.80524516582955
222.58604132314213
210.24481992714573
278.2020017328905
233.7941901179729
233.70362875028513
208.58516145311296
237.33632816176396
228.97447897936217
224.61556480522268
251.77455279638525
264.4725719926646
217.72354778042063
226.21720613446087
218.8191535230726
252.80872281920165
248.04511113383342
249.20178213575855
250.58188744389918
262.1555728020612
226.93484876397997
271.3626736254664
242.56360051012598
250.20408872468397
235.69126196356956
226.8793245839188
245.85912042984273
256.3332145884633
236.62019595096353
260.27390078327153
251.62955954729114
264.89841846516356
245.71843578538392
253.75711812265217
270.1507595399162
285.1067347326316
245.97737534018233
250.4429657306755
222.1127717407653
218.31820187193807
269.54073916596826
206.68094770703465
230.5459714125609
227.2315387193812
231.68758668890223
217.9490726273507
217.44081973738503
254.77436894993298
233.0286056973273
206.42780168785248
276.0726311772596
249.08186180645134
251.93721224961337
255.9633381179301
253.45447300199885
253.47154823876917
243.0146361052757
248.3288606548449
244.46132200898137
251.56133817206137
216.6950503269909
207.44027830648702
235.2472715722397
236.96090649650432
261.3612022676971
224.9280787933385
252.90767709177453
225.68818368122447
208.5721191399498
213.7843962634215
235.12325961107854
218.64197547582444
248.59111246163957
227.72629489330575
211.68223877134733
251.298388881376
236.48179360898212
228.73949810978957
241.50610392272938
268.5219605633756
203.68228359695058
247.23050208983477
248.74074565130286
239.95155439595692
208.5896346847294
282.6062000062084
240.9760484524304
212.09032821666915
240.72263691201806
249.98316789860837
222.89214748085942
226.2370070546167
219.63783190550748
250.6035254872404
222.50873404706363
279.01296977640595
245.86454718071036
260.6621031978866
240.42065964697395
222.45278357481584
232.3983524395153
271.929506877088
256.54947910644114
234.92485908675008
244.61159547790885
280.0202241349034
246.11128968908451
237.7474893705221
204.37203368882183
262.1065495130606
255.0350147424033
242.3196311747888
231.7399239508668
210.52833910146728
230.73103787610307
240.0528855357552
241.23396100685932
264.59109403949697
261.3077652192442
245.35172673256602
246.9636864591157
270.6352554237237
255.86071677226573
233.72172977391165
253.51114303874783
256.2637715918245
231.3713669612771
273.5469302870333
238.4887398444116
284.9829893754795
288.31396896613296
255.02734972466715
249.4709234603215
241.9964146678103
226.18459049472585
276.44611982046627
278.5373321232619
251.7118912418373
246.21548420528416
220.74820577574428
210.58860382379498
237.26506604545284
270.1589054421056
249.72245577548165
247.87278795673046
234.76499959779903
233.45456960704178
250.4968778976472
280.92199466074817
247.40505630918778
204.33466078562196
239.58526576554868
234.99817907670513
239.07737105956767
219.9429639838636
245.34735203546006
251.1572479075985
244.41716916521545
251.44627732795198
226.50487327901646
241.59389006497804
258.860606970964
239.41339313890785
220.300272568129
221.88449505262543
215.3142987197498
271.633374384488
234.7966013845289
252.60257571050897
194.58459682075772
240.65309425187297
270.91153853642754
291.77621663711034
276.1529116126476
311.59330814226996
238.86041234445293
256.3799290920142
248.89328333560843
281.1948818003293
240.84208648791537
292.1820535667939
219.52519643458072
214.68727928760927
227.09462722553872
208.76264428673312
212.31322530063335
248.58847375540063
220.8075394675834
260.57720735669136
234.39505116874352
243.0627577508567
243.68059234402608
222.41322241502348
280.2656216166215
245.68211736425292
222.10405927849934
249.81041288678534
231.638998669805
245.67982804914936
261.66693229367957
240.48611223010812
271.25831956381444
227.5011993154185
234.44711605692282
228.66665840905625
248.6504893967649
215.05701093852986
239.68099934537895
232.72300677758176
269.03279546950944
228.77132609311957
250.48785524838604
215.69592370279133
225.9023407306522
221.3497957616346
243.22880249889567
225.45649949705694
242.00530336261727
261.428068226669
246.28240759996697
286.4097768124193
254.40864719392266
251.21718803374097
223.55839289259166
254.9689456608612
267.92546916904394
251.72919397661462
224.58053552126512
235.2072686131578
250.508166513755
241.5982273555128
249.9998595759971
263.68565198010765
234.10592750331853
275.6105689792894
242.32475388841704
222.93270201748237
263.02990223048255
246.38717667595483
304.52191131329164
203.15344647841994
292.2893665296724
231.45781043427996
246.05358394095674
313.20947670855094
246.2107916001696
226.14704294118565
275.2215075660497
264.35071867285296
281.16948570136447
239.0693272902863
249.97421193064656
211.1682431313675
212.7160512197297
240.91310554766096
223.50466568628326
247.0795465868432
223.97801435971633
265.01816568977665
255.3558863149956
238.42185898462776
290.55231542431284
261.08958127722144
261.26463268708903
268.0538884330308
242.8824039766332
261.72286459465977
250.84830860677175
226.1176325903507
258.2649640010204
236.77515649970155
243.31164770165924
214.9144558768021
253.5767188478494
289.0601837070426
269.8968881558394
229.40289972687606
262.4382422417402
211.63221612561028
259.0860732080182
241.4084697747603
253.54802840866614
246.81647880398668
249.2012457959354
201.05649513041135
245.54204242653213
242.4490537343081
233.33752249600366
233.68434637610335
212.63241776940413
241.35010831686668
255.25405766046606
248.63501979899593
255.42257018759847
280.947082774248
248.2004113640869
244.07078653713688
209.88618549599778
236.87915278668515
282.1259584594518
277.8317533400841
215.80049198993947
242.33713327464648
206.8802237220807
279.719731235411
230.5338223904837
222.19829181733076
238.18322961661033
226.34332665603142
232.94110763352364
251.94457850721665
222.83393101440743
228.52322059951257
239.60091879207175
217.71367667103186
247.63141072518192
227.05603431456257
225.89284448162653
229.5402080216445
239.4335387214087
228.2563616471598
238.10839225980453
231.50623375410214
277.99561222293414
234.47689241508488
219.91230170801282
274.34806210303213
269.8911362924846
234.01983112399466
244.8174979761243
223.71919231815264
245.28888451424427
277.1035200387705
243.13973053183872
221.77018330374267
236.84679933439475
245.43396301660687
235.4580784579739
244.4396630761912
239.70666314137634
271.8243891497841
276.7503504072083
242.48903816600796
226.7104887815658
221.38602553855162
268.0188308538636
251.8146940403385
230.82030945119914
246.8520469777286
247.43105149408802
223.26662021048833
244.3763704287121
244.82075740862638
207.9855982165318
242.9971517814556
296.34435986250173
207.79989451251458
236.59825745993294
256.4361234216485
247.85375325777568
275.9739556531422
219.48526517534629
237.58460020658094
252.28648177196737
257.43506922142114
253.46726468892302
232.64531523059122
229.0949843255803
231.53742069669534
243.69576006394345
240.23885165189859
247.22896359942388
232.45850442629308
237.96729778521694
210.99230923026334
206.22110372188035
210.87286762020085
229.25537050375715
264.76564214145765
194.5380250182934
214.40208615583833
231.4254807047546
247.95124483760446
214.15228598285466
236.31416150333825
252.318551823264
218.7369691466447
237.05541336233728
256.87210000958294
270.3735167500563
243.9503332633758
216.65444117039442
259.2378743260633
286.35766371467616
247.87532376591116
280.07136685284786
231.1678810515441
260.38034320180304
269.0581926231971
228.49227042356506
231.75212816370185
238.97941440355498
261.1068146479083
260.66568021895364
232.2187485633185
232.49201051343698
269.24742556305137
264.25918385887053
217.27546432125382
243.63293293991592
272.0382968172198
246.50160952634178
265.41371720389
251.88339922390878
247.66529350786004
275.56033818935975
199.8052347340854
235.46366217825562
241.13893902185373
210.90608475159388
234.5943887118483
237.6235323062865
219.35329954791814
293.0398043212481
241.29312760732137
231.4538124917308
263.87921885435935
254.32254092721269
318.67100014619064
249.8199706466403
249.79223568784073
241.89452234690543
223.5167293479899
244.0042294121813
257.2289830225054
241.883233809378
252.10380853584502
244.42513891973067
230.55336699436884
263.778697972768
240.0170464569237
244.11733840941451
236.58656959224027
255.52325119951274
275.5157268225448
264.85730780113954
245.4077276153257
220.58238159806933
224.85977243667003
225.33989561453927
206.9084545620717
210.9723219636362
267.8792450686451
211.1823016864946
235.28283190890215
249.19335690932348
247.0761992132757
296.6778776283609
283.57603300595656
251.32378099439666
276.49186731572263
211.07323489093687
224.35295690782368
266.25610337988473
254.3498759730719
237.00041355227586
259.36642800772097
253.21949981641956
287.50470933294855
232.88610212947242
251.7769330390729
235.37811022868846
229.43532191950362
232.9635012743529
262.255898718955
251.07930368196685
262.7995591611834
249.17826346086804
232.25271250715014
264.62511765933596
234.59916409058496
225.48244947311468
235.58723101008218
208.6280997133581
274.462782593444
275.4854198319372
234.0327581660822
238.11111067200545
218.34912221704144
222.26200330839492
244.80406004970428
270.4470683246618
244.64729266776703
279.1174641203834
208.65482842293568
218.25267077004537
229.13791197317187
264.5783297390444
247.10956590634305
261.4038589322008
250.0084255746333
237.9272545108106
245.33295118215028
252.3521506388206
220.0841460262891
225.29873753257561
237.74277017870918
270.1952382910531
240.01680415694136
277.71599479578435
253.90752684010658
251.81888985564
220.13237139000557
239.46971967152786
240.24815864872653
232.97285329096485
279.2739377536345
252.65526409738231
222.61797750741243
210.17942042893264
249.89165767119266
252.89327463891823
259.9453999319812
246.86829228990246
272.74919982254505
218.96087871922646
218.95796101749875
260.0243787707295
212.67638084315695
229.43083753727842
232.8350722969044
226.24468560423702
242.13017408235464
233.79980674746912
239.16437823837623
222.33946527866647
262.3329846801935
228.74551595246885
234.9473635056056
288.56866088160314
245.39134771726094
220.1604113538051
227.2190116305137
220.5311774215661
217.74856316461228
206.1398370921379
242.27205895329826
219.4774647426093
253.39775302249473
245.05723569577094
249.12951143132523
251.46996652695816
224.4508177607786
252.5929289086489
257.69968150625937
239.33493530831765
211.85839035350364
225.9161640648963
258.0057899187086
266.7575239299331
236.70964332320727
242.06365171191283
255.4683082366828
252.8017698553158
257.06627597636543
234.7921114495257
248.52376252540853
225.61363508098293
230.3321628945414
219.2447031304473
244.1769318486331
225.69111145590432
248.09530128503684
236.60078244598117
262.8454047811683
251.61683214607183
215.11348252987955
257.840497453697
233.15812653605826
209.53073611401487
224.78934919752646
239.44221438386012
208.72642181103583
209.88297124148812
231.85110626660753
227.70363717293367
225.2484175420832
213.34059871605132
264.5679669036763
230.23563988879323
255.18569613748696
224.89655107993167
238.36969346157275
248.08943066676147
254.9386220856104
203.3641826506937
261.8662645954173
245.57230786443688
226.12680358998477
252.98642591258977
213.80925292195752
240.91601683432236
221.90373803232796
266.04906619363464
290.44108794245403
282.7563927199226
198.56681803963147
218.15473289065994
221.97879866650328
244.91045428800862
248.47391317482106
242.76033264840953
223.9879307455849
235.86859353561886
226.13721431302838
223.1517964625964
236.69136971537955
246.03784276009537
230.74023508257233
260.88579625973944
244.9658732371172
229.96312721970025
250.98264978616498
243.99586940498557
248.16811393620446
246.79290844791103
246.30652576789726
224.3860701114172
265.57617030711845
218.52517502149567
218.28420336090494
232.58293950860389
236.97802648565266
240.19821893854532
231.45034481515177
237.42508377006743
297.48396275308914
222.67867132113315
233.71052807138767
225.8724648145726
232.0374280422693
212.44787007616833
238.79907317995094
233.90085395227652
223.5023099143291
203.45136348390952
257.9973515078891
227.6125951630529
226.52758847211953
199.63533640711103
235.85432451684028
286.25283087289426
232.73813196807168
238.48125589755364
232.1580314859748
228.89071603724733
234.6268922276795
231.88460265134927
286.5483027496375
245.11589092260692
247.51892485062126
235.89278184983414
251.9229203108698
247.41686719714198
233.78315987368114
269.1007490189513
239.16969827131834
213.96862644667272
224.25026761670597
240.18738182773814
254.07563836325426
246.9619533403311
220.5860746805556
219.7313712098403
217.82458957156632
207.97508048510645
240.3427403671667
228.08068862685468
224.57352545752656
244.09586971753743
214.99183937779162
236.23310217726976
238.7379518848611
224.90924508520402
287.9409802474547
233.8741493972484
233.14843498461414
243.1848315706011
270.73467486468144
228.26507095771376
261.7982607035665
268.4423982874723
241.74014572391752
241.05182963539846
289.1711919971276
250.0155062432168
248.70356231101323
278.7310607683612
260.507751557976
239.3932432642905
252.1731010004878
229.7238645547768
266.6419027299853
207.98785265674815
211.38651548372582
266.9531397240935
271.3900341481203
250.30368038453162
236.49647255952004
226.948711107485
238.3860194113804
254.73308457806706
252.90112711593974
233.85773474688176
273.42419161391445
233.36197380465455
224.21155173052102
245.0063155865064
222.43430686648935
203.35987255047075
220.7699077510042
203.1858462060336
247.26573539711535
225.3549965574639
224.0214311237214
222.3051365984138
211.9193743482465
220.37151441595051
253.8396275867708
239.76002515410073
283.18084371252917
244.5334411074873
227.46729995927308
232.0891920964932
274.3859934093198
238.3659601022955
248.64814276923425
252.20505736686755
248.76799752621446
227.29522303165868
247.87735323258676
210.9923590220278
239.4453874968458
230.9338190680137
202.1538513470441
230.0598434342537
201.86410832346883
247.31127026386093
269.89475079777185
216.57306070509367
223.27263615175616
277.35173804382794
254.3113205684349
242.33498533582315
241.15133347641677
233.12387217988726
251.9170902032638
282.05836739356164
246.68137033167295
255.80941356311087
243.5715776933357
229.83213270793203
233.08356078597717
236.0301870343974
221.18575279635843
236.0054142527515
254.97839414863847
247.16622289747465
253.255911682616
258.01987804088276
263.5046310153557
252.07363490806893
221.347950815456
249.14447407785337
261.0534449800616
254.90881335840095
244.1187849023845
239.48417610814795
234.35471409128513
236.40951232088264
220.82860350667033
239.23207137722056
237.78510784963146
212.0425588086946
244.8429016704904
248.23071517900098
267.9550150560681
249.95639308390673
239.0294502233155
235.20478227722924
239.8575380030088
256.66452140000183
233.71625393722206
252.81066429486964
237.95007028465625
236.14246177661698
221.32585440704133
251.85092923394404
253.2335738730617
243.06424737535417
243.8537881007651
234.39541396673303
241.15138295502402
237.22864480514545
181.99860525724944
233.51659489946906
237.59393541910686
205.8057870712364
265.2693368596956
250.82873266818933
228.9851574327331
279.3901993606705
280.6907898809295
230.3314860491082
231.7201554623898
222.17804262565915
235.23195200494956
256.0359125614632
246.34878283308353
225.67473437823355
227.43056558910757
227.47949101997074
212.4596483912319
250.8136780912755
271.1373279070249
215.98183809767943
222.87459587550256
253.85902415344026
208.65845752763562
264.49489596346393
234.32763893634547
249.28404877276625
239.01183103688527
205.8422482087044
244.07470592064783
241.01865491713397
231.88074683910236
230.8433047621511
249.15605121536646
247.66943690855987
240.02939042786602
260.96964002144523
235.27428887807764
225.15543694782536
233.75925414438825
225.734977135784
212.10172942257486
229.6602287928108
279.7583934501745
278.4186946779955
228.52002821851056
253.28795644827187
258.362923217006
220.7141677645268
286.74605433887336
222.46243366005365
212.58680628263392
205.6802172390744
258.1743470247602
251.50047222035937
218.87505522836
226.31480234418996
219.08532496111002
243.7943227274809
254.19322394998744
218.135305103031
244.63698357576504
241.49455329717603
254.89328845764976
245.82739851204678
200.13552508701105
229.09403651638422
219.26515005517285
240.61186148796696
243.86671570094768
250.44616788520943
270.61676413740497
219.60289284575265
231.0898312588688
282.48585568368435
234.57375805813354
253.02314736472908
233.0572656962322
260.6738501592772
276.1418565204367
232.69537296821363
240.57874332740903
224.57061422185507
250.68067086895462
247.26826769916806
246.42773110896815
275.0827739663655
252.46135965536814
247.93532038468402
219.12203476764262
247.78653308132198
264.07337218057364
212.55993979168124
224.88503663474694
213.9479369818
238.46909492847044
290.04804833664093
220.5232727928087
251.92610448389314
258.42986111028586
245.84721068688668
248.88234039628878
240.59540179150645
257.4047793415375
237.61461018945556
230.3925386928022
254.35447531705722
275.7934067285387
255.34410626150202
257.83878902555443
250.24677001289092
247.2657665531151
258.0081365193473
262.11322490661405
229.30691777938046
276.54807809274644
216.86996185127646
279.93962882226333
247.83974783332087
234.0373256924795
242.67173975263722
269.6753451912664
238.50719348923303
269.4952205099398
266.3154663044261
287.9141757944599
272.6513072323287
239.69321426644456
255.08185006771237
223.25297275010962
244.91328176832758
246.49221632734407
252.93094157520682
226.60517810250167
256.6861941955285
200.16689594241325
210.80311024200637
251.5666468765121
240.51834083918948
238.955251368694
252.247449919465
256.80206813674886
222.92166478943545
247.28438738221303
234.31570853386074
259.4770559074823
249.25227678590454
221.33983917196747
248.8709140124265
224.18054278590716
246.47251931077335
237.98827123851515
216.23309721797705
250.11617227236275
223.7965419550892
232.91376894363202
254.01088085363153
213.10414853831753
233.1889440951636
223.75337556260638
234.40744285914116
245.56149334076326
253.1148239162285
254.2155768185621
254.83522055542562
210.1924651125446
241.74453493137844
249.14311067131348
251.74477120453957
273.51737168827094
247.191471188562
255.6510256092297
220.59576431347523
257.8336741940584
219.5285405026516
262.341878388077
243.0094728867989
247.88147218048107
249.09948715439532
264.711545141181
252.133634819882
239.4838708200259
244.92945500847418
241.97596928535495
235.74760954803787
216.6019100516569
235.3077672221698
219.30722412175965
261.6408313791035
263.55634606955573
255.88168833008967
237.04562265134882
253.1644249263918
244.1821048061829
226.79416764213238
245.0791358196875
213.5152271068655
247.1802283070283
216.83876639558002
256.3745866640238
207.65066457830835
266.3270503813401
267.14933143684175
231.01648975140415
235.05229649029206
216.16396460472606
263.37298545253
257.89730141777545
214.21228844090365
241.49544874962885
234.40068161580712
221.28082214167807
203.21508926304523
256.855343132047
230.56114735384472
227.3880932511529
267.328524255543
261.01233522896655
236.68790023750626
251.44420748681296
218.40051628334913
242.40399189095479
240.74621634790674
263.0207383703673
308.76987460511737
245.4249334273627
246.16790409048554
233.13215416437015
241.55302648071665
210.5250300100306
233.59375329245813
226.20278524130117
232.18164199427702
235.6615466939984
251.56541079003364
230.11257223028224
217.697400918114
272.6018779333681
215.52013372944202
247.2175807020394
257.3047742692288
212.2653226427501
240.46149620227516
235.766859004274
209.91549026733264
222.80526481452398
253.43462619639467
266.69433140615
223.59307483804878
228.9380367732374
268.8446967685595
255.51053623785265
230.39323245058767
226.2034115975257
267.15934961265884
233.7504994017072
237.74603576154914
238.06109257612843
238.92969983874355
205.38386647135485
233.28430092171766
225.32659716217313
239.76464856334496
272.64649874239694
224.7303621462779
243.29265064827632
227.09526014397852
207.12465397652704
176.8139116561506
237.43960175232496
294.7111120405607
253.1519372734474
236.25674778525718
226.11100219294894
216.84817909321282
232.55555552162696
218.6940022186609
265.4990752154263
201.62176654150244
272.0174042286817
245.57168956450187
231.32940399320796
266.33613022847567
240.18756753974594
212.42208188900258
242.74362383235712
227.63101820053998
222.2799878376536
250.73998174234293
242.28377510420978
286.06487636547536
272.87433590448927
230.69514347228687
239.315593388048
241.3482429786818
265.8558714889223
253.7519396287389
248.8194728816161
284.7295259104576
244.28882889193483
222.19944095867686
228.9963657259941
236.67034481663723
259.1352390079992
250.02542373526376
231.51085304934531
227.7733831848018
217.66227347764652
222.8968219012022
270.4039756472921
215.38370251422748
239.78102886781562
262.21419484948274
276.3728815189097
236.55963598936796
236.80783985357266
244.84210184635594
241.8773327593226
228.866630090517
259.44465347146615
238.04332713538315
204.38522552209906
225.71438535512425
236.8838999737054
254.92422852979507
224.41608937003184
243.86549678212032
252.5384396277368
261.344964814838
254.2861813090276
221.4388724352466
226.29379912198056
236.7693881642772
262.6616115226643
234.408731304924
226.75197898084298
249.20241398119833
238.87935120449401
246.30153130274266
214.59579590975773
238.16855105641298
261.26372247573454
225.8044723798521
240.59516316850204
254.83930614881683
244.81165772036184
259.148185259779
222.10445835022256
239.93341770244297
212.82048374961596
244.21920092473738
219.7248562456807
238.28065144945867
252.1592831040034
235.98354312649462
232.11151141347364
225.5150854389649
236.0198362475494
261.90583036490716
238.3340799055295
225.71699504938442
235.19255953340326
235.8676909179194
236.81991684704553
236.56741941766813
240.5246743618045
257.39534776622895
211.62966745172162
227.709082076326
238.19130610127468
256.14911969180685
259.33124330150895
228.46420818194747
242.67209318710957
245.0438810418127
276.63867941801436
250.81237047864124
246.95162522653118
245.33113753970247
248.22206796577666
239.25384905387182
231.04038105777
234.50606022635475
228.22612157533877
234.61350415006746
216.78622991021257
222.3371978123905
235.82019746443257
226.92312290333211
241.08362947695423
213.51846991898492
253.2035416495055
221.85947046079673
241.8898060321808
247.17062827770133
274.0617663610028
235.0555979005294
214.09464558248874
291.1643063084921
216.33011351374444
252.72405156958848
241.93298223020975
266.8857887961203
236.84680584690068
244.09534587152302
255.22605955565814
227.186258464586
233.13758950785268
259.8202795180259
211.27019095257856
269.7736684344709
244.30042599583976
230.47264690115117
249.09141403296962
273.1289695019368
227.36801792832557
250.01879970764276
233.3552317749709
247.04589229624253
245.24093001394067
210.89536405191757
245.3547341489466
253.12096403748728
230.83703387051355
262.3037842180347
233.252635439625
221.60810248553753
199.11986635637004
260.7542748536216
264.341325749876
244.56635599362198
258.4801996725146
259.1320707729319
229.63469931297004
251.13591107272077
257.8822494625347
231.56193750433158
271.8454659964191
236.80251626856625
236.52321931929328
225.28734914946835
244.33693721180316
230.53518169547897
248.88449300732464
219.68547732941806
245.1537918971153
229.98977844486944
239.3017204659991
265.72845363791566
222.4825758463703
224.7974786887644
243.04630629485473
240.11597916146275
265.1649250430055
240.17092442326248
226.675356261665
231.31767405709252
248.46971838083118
222.6688010249054
240.18132228706963
204.29504133423325
242.400227977545
224.15172489755787
247.92680385825224
231.61151179415174
323.93401484715287
243.97200513235293
246.7381000154419
290.83952526550274
220.93954187107738
246.67724103445653
234.55443386477418
248.07226370531134
243.16968807857484
265.0545079174917
252.645040213014
266.8345297132619
246.5248818261316
259.2274566813139
242.55002612434328
240.8045349260792
222.43479241686873
216.15691147989128
234.99024080857635
231.8287158398889
257.3621810635086
211.72613347589504
235.046290416969
236.8679268406704
252.68557013955433
217.36715289205313
212.86805754969828
258.304701485089
235.88248604896944
223.105784263229
236.21334083774127
246.16430613398552
242.18992900801823
265.56570759473834
232.08040080114733
214.84237579174805
242.7435676023597
228.76107484044041
208.49469394958578
210.5084705252666
268.5882844919106
242.01586183917243
220.5977437456604
235.03361883049365
230.76460048940498
216.8170256803278
215.94622154161334
271.6120542397257
238.65224796242546
251.60989601095207
214.04965621524025
219.22147585067432
248.67324562254362
224.7022288433509
234.63646091811825
238.61026865267195
249.56170164374635
215.01802496646997
260.0354412101442
255.92212070245296
243.70272009284236
279.7362497491995
211.9465057356283
256.2631178814918
229.19484884571284
281.86125402280595
248.49530051928014
250.88469756930135
232.3372083111899
234.16205411904957
262.728702323162
254.54256560490467
276.0876380330883
260.30314352479763
272.54966604267247
220.88001836335752
208.24653000885155
261.8171973716235
245.72523297159933
210.7040122266626
216.6773772148881
225.88292452588212
208.14707612025086
263.8170510674827
245.68740279693156
225.0454345701728
201.53177948738448
222.85246989678126
244.56468405027408
239.82860505743884
246.4453577909153
246.44855328078847
250.17207462899387
259.04028010414913
246.55801156745292
222.08717079251073
212.56191540125292
214.34492261090782
238.35363686678465
225.83896796475165
219.86951317777857
243.32935506140348
240.96635795815382
271.23973086476326
252.22317067498807
246.77457627805416
254.03483037033584
247.584107324481
232.66813592344988
243.1547060617013
258.2866030068835
253.70394798158668
233.2714573557023
249.27960919530597
245.06864167319145
233.47690576303285
246.9312470613513
