319.8195196780972
273.4176738061698
262.02045875869464
246.87972572414174
254.8438701786124
244.72539312642175
228.21592112186227
248.84598204595318
243.49696783932814
235.8493436911017
240.52323220921744
248.22883911051258
245.6195565909602
243.16132410863656
244.6049438528721
232.86287841447802
245.98073478870674
237.50562741226895
248.23685344737078
228.2459083679314
236.03601911881015
247.73126819823028
243.8077370245528
239.59038987823806
240.582325873449
244.77060748572876
244.37492790590568
233.70315886907792
240.8869228902513
250.17676742084132
238.30959862730288
247.53698357545818
240.14263460231632
234.56825051559917
245.24558547818742
231.66793149898695
235.39132833240183
251.2619329996578
245.07580170948677
227.1264127193699
247.9111847668919
253.44214777641173
230.82275234848748
246.45761383531135
250.28874635740067
243.58665579574154
252.4279637509553
251.9653482060603
233.9372199821555
227.49839837762738
244.1309534263819
234.46787012732239
248.964433146175
252.44116075979218
250.29346798397637
243.52598926244536
234.0161383738432
254.0280531734752
245.19815648640906
232.54887564154888
243.59764348223507
235.87462210910053
234.0791565692798
231.35884194801292
240.5485248617406
255.29543632962668
238.31231559505795
247.50684265924974
247.43657315408564
238.53905091003617
241.85141187354384
245.8127229100828
242.2355656107502
249.30216287003714
243.9127337916434
244.08070028670045
236.8135352557656
228.4476158734069
244.80562539076345
249.7728968555857
240.19588958964232
251.83747004915858
239.90068265480295
252.57851034622945
233.90693632585317
234.69868572107953
248.01457441049206
235.4131830802944
250.690715960558
235.16614261273935
237.9628667026409
242.13349777021722
256.5167688280744
246.74379968468565
249.37956783558184
248.42159016582445
243.71637079073844
241.5059563066461
249.75986303578247
239.71136179978203
236.99698763806737
248.38893165394256
246.0024663432814
253.89650656488084
242.3759051500565
248.54345195123096
243.713536776595
248.45574686918917
241.67429231057395
249.3822223171628
237.36754136400123
245.76007670996114
244.43191099475007
253.08477662945006
235.98482472656178
231.5720301379988
241.8668331647459
235.50979504565112
240.7117522697008
235.86266328540296
233.51009417707974
238.660151145712
243.04638417494425
247.14211458268983
248.80571700898145
238.80115824975292
251.83684797902242
251.61509433603715
235.07769890897907
258.7501451083008
241.1985170856242
249.13248149286665
244.6255399538677
267.0914298787866
227.74193155477406
238.72437077462382
246.85455073235062
231.1651466280382
241.95295752424863
272.4000743548386
254.9392797891196
247.07684102885105
242.3487743953665
251.08079802610882
244.35615734678868
242.20608477723
237.30111641791882
244.8309879250737
250.49124056469736
239.62658026500867
244.24837805568677
245.03878525095206
226.29607623949414
243.42070412556495
247.1163356841571
248.543474268321
251.83720257545792
247.22512160960468
253.38379063773027
244.6689280659848
253.42707326307573
233.9770088730147
256.9598704833843
252.76625694635004
252.41481006797403
237.79519263737893
237.81468668649177
260.3185003946928
249.31877648225782
242.83928419378935
245.00354181345756
249.05931914910616
252.2121257555482
237.52319090692617
251.5621555070029
252.20030976834096
242.16730005091085
243.91102648355445
234.96480918180168
240.76173279691284
242.96775510915904
261.65582916885614
238.81913656424877
249.64775038185326
235.04173054984858
227.116607579017
237.8315242066019
236.00825145556882
247.7321309503095
239.06782586473855
244.32427205322165
242.5404762930266
234.32445048485533
246.2049321702798
245.15808617978473
244.10505287231354
238.4196397604028
245.61336219455552
250.67716563160502
244.02656549905078
239.0290041711487
241.38505246728892
248.46459847613005
242.86289886680606
246.58360268139222
235.35414024699276
254.3525490339307
242.2663471403357
233.03619472434366
245.5904442698229
240.66258768313855
240.8868080280663
250.47432094313262
240.61689148851292
245.53311540914
247.75184670297313
235.52556856634328
247.67455477648764
252.7733132130743
244.1839009095347
248.04071514083626
229.068495837324
228.33789278053882
227.35500128278363
241.66545533308818
251.30686828133912
243.57641521238838
247.82867873139185
252.45598693682405
245.2384768720076
239.01001779201033
235.9738314809656
246.6367519574269
244.94187007173605
253.63271203345357
259.64479761134135
248.42233853117796
250.17127762222663
247.21167015464016
254.14712830341887
245.41882473256555
241.41302450314106
244.24790970816684
248.13751796123688
246.49528694659966
240.6016636268032
246.77145068628306
238.35472249456507
253.75728479805548
260.6531986159389
239.50568473044405
239.13584576018184
261.35252232208586
254.6221178429987
230.47627455893962
240.64865230907162
241.8301166731908
245.58031083208334
244.24404957138904
243.46685444338073
238.5049842028384
245.07411070731177
250.39371147377824
244.96029782260302
274.15750511157967
246.38280552066135
246.23582661975524
255.02912653781095
243.86838496640848
234.170150424834
248.34301402060373
241.0709881085786
245.56939606904052
243.04029447842913
243.26930206388352
248.6499189648166
253.36098610961926
236.10510773892747
245.0891349783924
242.5941134149325
246.24072310893098
255.65521812668885
238.90559924204717
238.06187957436487
239.33252318728773
239.76502047746908
238.49494034983218
230.91860920743784
243.00157918095647
234.662750378091
239.71988327402505
245.16873624110303
241.11170778264932
243.03665674185322
251.3979304984532
234.90014339071058
254.79856473271502
245.48677678449894
242.55978078870976
242.84157316447818
247.89695704416954
255.90323581721168
240.8470273862913
242.01716267084703
249.75245690345764
247.56117878721852
243.35932068889088
258.2939807067596
240.3249328626407
262.3260024938063
247.5565664661408
244.71194860994
242.6199396299926
244.78481013685814
243.53490057814633
251.8402308041841
245.74149987469718
246.1720491603628
250.95625084468338
243.1237394282216
235.03778660808166
246.01071705693903
258.8232416835963
244.4609803987987
249.4765274765523
254.37644235642802
241.11409234711027
242.47450791952724
239.24592330561427
244.9196121418645
238.73769955533498
254.8090607611084
232.53376394693623
249.67684456525603
231.60032910556765
245.5527300669928
252.87479805127077
246.27073982270667
246.38123168464517
250.74253614031477
247.41522011334018
232.99038803756412
240.84876709991659
243.02448944331263
262.5147142447822
239.46718476155365
241.42552654795873
253.91946941422066
253.580570193546
234.64115776043036
244.91845363973698
244.68379034198006
248.0452102930285
235.17648048092087
237.40578412894683
230.77855730391457
234.15665672409523
251.29269635042874
247.28134541850886
240.27787357461057
250.6994427738682
244.59468324629415
237.57311364202178
246.81136161285394
243.98838657716988
244.26266327596386
238.7000609619572
253.60189315106254
227.66290313495847
244.29853964691574
249.29889001599804
242.40323030744912
235.580077803912
244.8694434465433
248.37564314504561
230.8881652980781
245.47003301532823
241.97734469473653
246.9725671250344
250.39554902276723
242.4577575276635
246.90304852715053
240.65071364138566
248.1628279126162
230.18584329390433
229.53839870775118
236.84118180577934
241.3278006487817
231.31919393665157
231.79514723482134
247.07696875813417
243.50722088730254
246.38880622040597
257.28406036701926
237.9332404864108
245.0728054050851
255.15687590786547
251.83723032574926
236.58752542435832
247.427340184091
252.57217340086936
237.71520235549542
233.48708787835494
245.36929591202352
240.76343676283432
239.66490374343994
242.633012874634
239.6374107539741
235.21263769603684
235.54361665032047
235.25530059558514
230.39136439113645
241.72418370548985
244.1799172420142
245.62103839371412
232.291245403394
237.00734030197782
225.4678182619682
234.9576758206822
247.01857733195357
235.24714452923217
257.63935912851593
249.67426885393797
246.7424790168443
229.23149933293462
238.30652189062675
240.58993722044397
267.7234165899572
249.25936820171773
251.41605187638197
251.20935264145373
238.8116293950152
246.51871286860842
246.0714779477421
247.9877080333681
248.804778200516
232.1545464584924
238.35360604523157
254.4684886916366
251.52441740626819
237.90231460804353
248.59752523092902
237.35145836848824
247.6982242144004
241.84414244481013
236.78494608898473
242.99817628890742
250.07043021127174
246.78385800449178
239.04329975777364
242.90314780561312
243.51730810120353
245.76501188467955
243.22846219303028
241.69514021932264
239.429370268801
239.72759490610042
250.2176226178126
261.6339047049987
234.55215205224522
234.55290782458906
249.68853542377474
242.6977093963651
233.87525757616095
246.64393111948448
248.4624639357644
240.14113342143537
248.38067453933763
235.19374210736714
234.48578841306153
245.56029011891223
236.498513308994
239.9366511556873
255.68646428157808
243.16625769194798
245.72758030623663
241.29658658921835
246.88110450415115
234.3052187076828
239.5592437220621
233.55321624752833
241.45322930670227
230.0332462733495
231.05690853550914
239.42376524527208
248.64214892587916
243.7318383261154
249.9461183968815
238.30378241889412
246.99459822107747
246.98565098154359
241.03350424858218
233.4992036925978
244.02217939251568
236.82553919387283
235.2670371132117
242.14528758157394
254.18924835365033
240.25372970211902
238.5500163910474
237.58899047816521
238.50931097318244
244.2850615837233
246.36453659206745
243.91404821153264
247.3306256501819
244.2153360897064
254.24882320173492
240.58013993846544
240.22300260128395
239.52898134729185
243.6669832571206
250.76015407124942
239.66316651894886
245.59056889405474
254.62400715678814
252.73516281515185
248.06899341999087
242.2695934165531
249.90257922648743
234.69019142746401
234.62526495924976
241.3619728046324
250.18595932504104
229.5146832277096
244.24881521280622
243.8489531597006
249.56767192242842
239.76652505318634
240.56623178599693
244.59406890968967
250.8512532740715
239.01959934397019
247.77359600855561
239.57200479133462
241.35897838954406
251.0096646183083
237.40994001844956
254.18126748740906
235.35856586205773
235.51669845887227
248.17567181715276
241.36601366117247
237.9196924402204
238.5296468702727
245.4691324432788
252.91135250378284
251.41288217940019
243.4398286411597
240.22297239655745
243.1300881736388
239.96052203624276
244.48095227353042
243.48420354051632
246.88825347501552
238.59253881132463
256.805982606631
246.7068094536953
251.48391709363204
232.13798066333402
265.87051092641195
238.19268123764778
242.80009718614747
262.1157814414182
241.06537518536788
232.7504344713234
241.06166770108393
252.53441554191522
247.95176959090168
231.8990596992371
233.98186432974762
250.13571475748904
244.13142369466368
252.61877315101447
233.5883900357294
247.87739122720086
232.03339060541475
247.54619743290823
245.39235037055914
254.78157636668766
241.08609316757065
248.04263773423736
246.78221550097805
236.1955336916726
241.30634557284066
241.74266891099978
244.33807747557876
249.0534506854019
243.56453800413874
238.43433173003723
238.35084651285433
238.5963947439741
245.66437487717485
246.7948198285012
254.2552964609058
235.40615228793467
231.10056192416232
249.23556793571333
236.27988959022332
230.8953153891489
247.49175453436328
249.38655341856065
257.22828394258977
244.71058462903602
236.8122832958761
245.33726213037153
239.81370688599418
240.81868063609
243.561847025092
240.3296418170794
233.8447225377895
252.00221456147847
242.811254639033
249.4071522373124
240.78303965216037
231.91616044554394
233.11727536527906
232.3025414882868
243.47590126411524
250.03467512651696
243.67905643355334
259.77690581581555
245.8000571905868
250.16484124938142
252.7316201403446
250.87097778031603
234.4711187647481
240.19140337829595
229.76483644303516
239.35321699254564
241.99217929213773
243.20927849746658
241.5230273405905
250.33288428612286
247.33886724014883
245.61463246162748
246.33230374430423
247.19969180156477
254.69598739387584
238.25999607538688
237.00955836250796
245.61175153168733
226.9607263295038
242.66412279143697
249.87288455973612
239.46186912598205
232.95442526275292
247.05289507226553
243.8193935753079
254.1038683076913
250.3731696800096
249.5997044762771
250.14704198896652
239.76184603138245
237.83648914613877
259.34842320441385
236.56278920196928
245.70862624963047
246.54350835617515
246.67885878044763
237.69795094701112
249.5865728406934
238.14469752609148
243.6713529942208
241.75388661088073
249.35497253882932
256.4985475403082
237.7732123825117
236.48734559456352
235.06721594603732
243.36662171277567
254.58830671926262
255.88069396206993
250.41320193765569
243.58002907893388
246.65937696024776
255.68382436881075
249.66154209244996
230.76307758540497
244.2095051817887
240.79770761009422
243.35316691512708
244.13606087557855
248.8681093538471
252.89737329576747
250.56159883039072
251.7632938171737
235.47758581698872
242.4193710658583
243.96630595446914
236.9458832782111
233.61382549779955
254.0164769028197
240.0685713730927
250.36998756049434
248.63694545664475
242.0148271471262
254.70134338905336
241.10537873904104
254.9302207043511
248.24649614584632
245.16717413513106
245.9444488726731
243.31172207082273
238.7729865151632
239.94646994647337
242.54974851332372
241.9107504011481
231.15986112190876
254.57542749488493
243.6962283286266
237.41545505367685
240.64277790943743
230.17538820084883
234.88286233876715
247.00957068550633
251.46389048697893
248.77967990841717
250.65497677706298
237.05114883591887
246.76477892120602
243.0917088034621
257.36671587085584
249.01260308970814
253.74423425918212
244.1787815367279
242.1387781027006
243.1352698993287
234.82094858188066
246.1382697185618
244.47987383473082
243.90493630984565
247.63248082253267
238.11840952714556
253.00292490486754
250.67761690123007
239.77397983075934
247.84471779395244
232.36392719030846
258.14656762062805
234.99909450073028
238.7239821665571
234.5192421049287
228.3911014875921
239.45669601199916
248.07087763602613
254.57485836479464
231.32815769989975
254.63073928593076
241.88524620077806
244.502864476206
246.14926070033107
243.20821554076974
244.6962965115672
238.1746822121786
229.0690825173515
251.2965475670935
245.67146582630812
236.57596202142304
237.0829539957631
238.8435946884565
246.55528236200917
244.49069559390773
245.0172671963519
231.50743816103204
246.5580364598718
245.52747980659478
246.30061000285787
246.7306249558751
244.5750995266717
246.71905846506706
247.8989738089149
248.10631948921946
243.66813146445202
244.51767471371568
241.87705497877323
241.76832496197312
248.59908007498598
250.40261031500995
248.0681913223525
243.8720556680637
252.94362410786562
248.1558701217582
252.54296335301478
236.30217555823037
245.54657662773388
245.4079375496367
232.03786224126816
244.92736670511658
241.0460577784106
236.85451006452786
246.01486810372444
230.3193279443076
245.65302459153463
252.2867435295775
255.6611462320143
247.23907922877697
253.69005401723552
246.60210399667267
243.2846743122791
242.96450626046862
235.7774637246912
247.20641655175132
245.01464673381997
248.55654609401245
246.42778301762883
242.0038322789187
247.71629314357415
243.35237791153486
236.89425166120054
244.4658953154285
261.2712530854915
237.27285114050028
247.22203021126916
253.71187102328986
235.74206714975298
241.6393586092745
248.54284983925754
248.14631482286495
240.97946771769784
254.31432620171108
235.84266839610063
234.78120144613786
242.89966469909996
255.2482884702913
250.4859401928552
235.33901129764854
246.21729706868064
250.59656414200435
247.14713113685139
247.37063118463266
254.84985340863932
257.0480642837356
238.7854196819826
251.0887865787663
246.88523125604843
238.12099731445778
235.51666847468005
240.02541961710085
251.47818054407253
234.17590945467236
251.46667339175474
247.13708084708196
237.9927664482384
246.84786239778623
247.11214993413887
248.91378661914496
237.94364945279085
239.78372674342245
255.7991749610228
246.26555502071278
241.04545389604755
244.52365142983035
241.98767530117766
239.80233560234774
241.19028116035042
244.970385760098
249.37632893532282
240.5474014529027
248.42899094347376
237.53835467982572
250.7206436752458
239.95889926693053
241.4207082449866
251.1166826261615
236.23613500906504
235.9206559744198
236.11068989388878
242.5857622025651
243.48336775344796
235.66524743728223
245.34513491185498
245.74180949328002
246.35567349390476
239.77245371756726
250.9392848397256
249.08022503677057
247.45481883746106
245.60287947693723
246.87033705585054
240.8698431965895
242.53530546589172
258.10593123643775
245.96694167581154
246.83971643194673
240.99355573707726
250.1837052743649
258.29545261277235
236.5210085074068
243.01560549307032
248.4564333492308
245.44920662010554
247.50677037320565
237.6671764443454
243.84939276915975
242.10045525652822
239.51256836869288
241.12159565315233
243.41189237704384
230.51039708493045
243.45914099315996
238.50826953042997
235.7229552428762
250.80675194776268
254.1252745189413
251.93351369092125
248.1251817708835
240.01385725507862
242.67114353133366
240.87513504878734
251.6461429228366
254.07356396663818
243.05154872819548
244.30622488376684
242.59870779552148
240.8414892159053
254.74135763687082
241.12685045736725
244.10934919284773
245.31765556463506
247.8097498761781
245.3347982163541
242.59087698499206
248.71464755601482
257.70348132940126
234.52594776262413
231.04697778844275
250.00738050145446
234.68803438727628
240.9451506526384
244.22632916798466
251.8122887715581
245.79589241163922
236.7417164935032
241.2727349762572
243.0678255702951
248.36940696596866
254.36749332444742
246.43915225099772
240.9603616053355
250.56628681757138
243.5033102685411
261.9573020354728
262.7917824011529
249.0682266971562
246.01613694056869
243.80206555398763
254.87983821917442
251.02318356870092
247.6692162483523
246.84934926702408
251.57816435271525
237.03489733173046
243.58050306155928
242.32770958924084
243.53082645477843
248.18555500431103
239.31928115076153
242.48649925988866
255.39525323646376
253.73561670226627
251.21232950981357
231.97345841597416
241.57403889810666
251.4930242834962
241.5817556947004
251.94473539144383
247.3335408025887
241.26272437773878
233.57292703833082
236.91583007763256
242.85246613190975
235.22478921423317
242.55057684503845
252.42040827663732
244.05876896734117
240.2735283272923
260.4177427290415
250.0626453475561
240.3663776688336
251.72878109582234
250.80217468104092
244.03210891378694
240.4555235496955
243.3836862995813
230.93379166323575
245.01498029040522
240.65319301642012
239.44622010967578
242.1854761746945
237.43952412248473
234.4113965157594
237.51669741788646
238.05481845114264
240.61960713687586
245.1428492324485
240.9500459234987
238.92931757707265
265.2114892413083
250.85996683701524
237.8831835919991
247.10236746552982
236.29586253419984
245.6298291355779
256.22821037410176
259.35410946965567
241.56366465779138
242.1895110682526
242.13711892045103
238.4391836769646
238.94564562125015
239.3404822399898
249.8544455280644
249.72697227052413
242.54634984521545
245.54298818623647
247.95598641686956
237.3714519062778
248.0383640403452
249.32094439331559
235.9754831569444
242.8800826179213
256.1106504013587
233.4438721970946
239.88979288985138
250.20753775307094
240.66601497287047
247.7764858470182
243.8394310279691
240.35516842806828
243.0950532843126
239.55395604963996
240.651500144304
230.6090093459934
245.48789114155807
241.61828080532723
238.7479600002407
239.11463237938005
247.22927610384068
249.47665561625035
245.63434941406013
240.6330476885778
241.61555792865693
245.28602653034613
234.8854671564477
243.82226267104852
238.66006445031962
251.0889378064603
246.50364459733828
256.04287341528106
244.8617335120216
242.34230849141022
239.83769753645174
245.85955186205683
238.41289888933534
244.01567244168837
249.08106243799557
246.87404879415408
243.60579843309824
248.18654570204671
247.4786943079671
230.60332950242446
244.6766977706866
239.70994310433161
246.87192174754455
239.1702494903002
253.81979113267153
242.3296662189532
239.49457410053583
236.47223031692556
243.97822107493994
234.95751885382924
253.08448827458778
248.0638068416156
238.73025336262072
237.84172824618872
228.6203705672524
232.06343072920572
242.90479028166737
243.99151762056863
245.9988125236705
247.93269661988597
244.37599830830004
238.50342090736376
248.0535572116496
243.57315260684118
238.18717511818977
234.01375670544803
246.05142230459023
244.77048381749773
241.49444936931832
239.80198385339463
230.41333327826578
238.6265267636627
238.24759014847223
236.30506672768388
239.97391474602045
252.78034995903727
239.30020042392425
248.26408695441205
245.58173331141006
242.61888335814
241.29877071792725
239.69879252178362
239.07015256857267
243.26079332566587
240.4071004501311
247.11084729951108
230.3119527285453
247.44697104755323
240.99901812023018
257.002066619636
243.0615286526736
237.56259580299957
241.17388309369562
238.30593525670702
238.05522725102492
252.4380430993624
238.45810369669925
245.81208256992977
251.29191844520392
240.5078567469027
248.6099165409687
247.8668328228523
242.3584324863623
233.23367239942309
248.31196214695228
241.8316264844034
233.88900645251852
232.95092857658165
244.8747533718706
242.9816387332976
250.90910947247175
229.78367469576187
248.8053392226575
242.81311279081274
237.91569556243485
250.0831770839868
240.54869072692236
244.95175620517693
249.5313718470279
240.2596282461891
253.1256320811226
257.5058820305276
252.17312475456856
235.80358120519668
265.0867630519788
246.5039700291818
245.2733488282538
243.37446025159443
230.25377722195117
243.24557066569105
243.78625016624574
233.5473319502198
259.58758305659285
234.90971037792042
247.40043955482543
250.0489991083159
241.16057601431385
229.50310588476714
243.80079551116796
255.97232711623656
246.109785229899
235.79784275812563
243.39916588680353
237.91139626695076
225.14308883418562
244.37051405879902
240.7459032559418
240.99753441876965
239.98300467827357
245.4843042580178
235.3824628816801
250.16491844097618
242.90746530139586
248.8320751831052
238.95672372973058
254.6739106825553
240.84875842102338
238.69112253049389
242.99187798023922
254.5903782963287
234.4542116553057
234.44603925204137
241.65769613557495
242.3731550477096
240.6126157179824
243.14296776696574
252.36116147204302
258.17247390007833
251.875288844225
255.65389828191837
230.4908320013201
244.22978913615225
247.5768875729991
231.74232102406677
237.56955561891664
238.8287560887984
244.35093426750973
237.4569738978753
233.30253015609924
240.594425547868
238.623608461814
243.57311177626252
240.36950654443353
239.84936270816252
258.65587772766594
238.87825928087113
236.94066826620838
240.5510405297391
234.99269808392273
237.50985303334892
240.67315489804605
228.44806050462648
238.94687704287935
240.60089076356962
236.99266526271822
240.89739293587627
244.67511750699487
240.15572709660046
238.75733261602
253.62205455388175
249.58249455416808
255.03933230339317
245.29170337412506
226.174013359705
251.90283936966443
248.11601032421459
253.82754998491146
246.27330569626065
235.57963855512207
246.3050820909557
249.30936549580656
257.97743461694336
246.34469328966225
249.1136479410925
228.8228920151014
241.00075882312376
253.45606594299898
231.33953135629417
247.17478827154264
257.89696992735844
254.331321338017
260.0309536800487
235.1939615975134
245.17809447989566
237.47873587958748
246.16449507395737
246.8254096112214
244.39100188418524
247.04111475864192
262.4806373976171
253.76911363744875
242.80214142391924
238.71464144799393
234.36880812532036
244.0255284695304
235.45197914534947
251.43253219668986
245.96753888501553
243.18801264383364
239.16421890218044
232.7951129465946
254.4630001974292
230.6923641905305
234.55929726437898
241.49369592266157
238.58645854418864
227.30743134464137
241.033785989217
238.48254301492125
242.06053349125432
234.62327964109136
235.12895648594713
233.334879888047
243.67702346952865
248.91938777273754
234.44396878354019
246.78756170067936
248.10373964364408
238.4524378530332
235.67522580968216
243.0068004784407
237.10504153254442
244.80360572680365
233.38710805797018
249.4119036680786
244.28686927614035
246.65001180529362
237.8071396565647
246.13347132626222
239.31882304052124
242.75078302418115
250.28961911064107
245.61880919727264
239.8239666474401
234.43785722681787
244.08762325387215
237.96426534780767
246.2811959933606
248.13240291783586
241.9053643188672
234.86126460699597
244.9708285148954
244.87116976891411
243.28440098435385
237.8575434652157
243.86296911665704
258.37038388621295
252.77018712664722
242.12768734287238
242.78106176358415
240.8275350072072
240.6635798587813
230.6636573113501
241.7384511785349
250.46952181204688
240.77491559361806
247.66318437614245
241.11470873537473
260.17163492855616
241.7155079540098
250.651826137444
247.26650838652859
251.1645437918487
248.2064478051616
253.13589348836103
234.72703917941544
245.99744161276612
252.05841754743597
239.89151748880977
240.82123186602257
252.94510455947602
235.13244960905286
238.1127192284912
245.8359234657837
246.3669516943046
236.62370851496235
240.46501718036598
235.96293562965002
242.75434047955787
239.60551148996456
236.32281733956188
236.01260044239461
230.42101300129434
243.97053233266342
248.45168525993358
234.71038278663764
236.8051141354954
246.95895654900232
239.11915839317953
260.00259217096027
248.07995578093687
237.6755794341443
237.09304565214552
238.07469209260307
236.1682650829316
241.84570595715195
238.53221626090817
241.57982581557008
249.69412858464057
252.2216049587587
239.4210112026194
240.70622600626666
240.6819656857988
248.21206651278771
249.94952509197174
241.21387192531256
241.15751196601195
244.660023348697
242.9675893127569
233.49825101695023
237.45625403459417
239.05918694508728
243.27218468731735
239.15754990291316
239.78535973030375
239.03195338021033
254.27119534288067
241.0633342572255
244.64657167292899
247.88659008702962
246.4555806296994
243.5111163300462
247.315790261433
246.69337600108702
254.24374464293942
239.86909020628082
239.0212536820327
229.1487635722151
243.88527236762457
227.44721539551392
249.42170283052837
253.13247381697875
248.46105686674127
247.26126607425977
238.46015671628993
242.77053102641366
248.64629414118826
241.46342094556894
241.51373228081502
228.87818846123992
240.0819374244893
247.07880190893775
239.8941985210986
244.93715105281444
248.91182454652153
240.1280119550065
242.1762205804116
241.72478295414476
255.78551161295036
251.23174697742797
235.99785147380317
249.9780993052991
246.42866759130266
248.85706287663197
255.70695432357024
250.93304202862782
240.87194455153076
238.4087653098395
252.31213356542867
248.13887870812323
238.59004366170848
241.92623783554882
244.49195590236923
236.2667624776368
241.36464983195765
244.42454096424626
233.6727479250403
244.41208454209846
238.88239868474193
249.47224306268618
238.33185003849212
242.79644577740692
245.2000196740264
253.8878944645403
257.332762731181
247.30401506193448
244.0529272762942
252.47399896313436
240.70707797864452
236.4693940638681
243.36487550864695
241.19760326785035
245.72663399000885
243.23195654305164
245.7454489285592
245.51146977033932
233.4629507685313
240.01012414990691
246.03446825104766
239.00950208649738
232.83649126888486
248.75135956314625
256.9694741247804
244.58557835384272
241.0737421165686
241.08609278540825
244.96749382314738
247.62932630529394
240.60423684015404
231.68838977714768
244.51478976517683
241.9584056364256
251.53753165592207
244.86581271409523
233.30512478901073
236.77951113908784
238.1373499467154
247.49473955016583
250.97147975699045
247.20987625786802
243.45507478591753
256.90450444450835
248.16521737037692
240.9395302630146
252.15742153051542
233.2183964230935
257.60048769856803
239.4992619198747
246.16092524281703
243.18327931908425
249.71668908116408
247.81248192681232
239.96842915762682
246.89736104180338
246.29449838487199
239.6248139316449
243.19691080617486
245.81306195567595
243.18086630362086
228.51607753965072
241.02019329497125
257.84245886188
239.4459283836768
240.76067003823118
239.472500671749
248.20242454187246
260.7792449394474
234.95671713794582
233.81572234083433
245.93656139064115
237.7666489582043
252.5345182340825
242.53253349958686
245.00489835825283
252.504176248156
244.25324322661618
235.81827586941654
238.32974464789731
249.40384521294618
237.00283500313526
255.0217017904506
256.4536558443797
247.86324556398904
253.5467751371907
249.31718624400673
236.50485353614204
246.32328631682321
247.3215922601521
240.49190513353096
245.38159605371766
247.22205006016884
240.1814094154397
258.7117459534202
237.04257560748374
249.9277780058328
242.4734145035618
233.98238552053226
248.74259540083585
237.48521478910698
242.14584858663147
240.21435933565954
235.5227741995477
236.7673341035843
246.7220356000471
234.90900865895674
238.7469786584261
251.05817561777076
232.76519990328234
244.6866113875294
235.87601159891346
240.51430683891522
240.36168525990797
243.8599735525786
242.76925292640226
239.26274178741733
245.62261790584307
233.45909206662327
235.19518399477238
252.01650354079902
255.09235183161218
236.4515143680619
255.04950006486615
243.46663385408465
241.68559035414364
249.70381328102667
250.448227701243
243.13444499205798
231.0392243161332
239.1480762034771
242.8045828884351
234.06765955407172
247.1900029485696
244.95221673860215
251.36112765967846
257.87838954210747
244.4524450287572
250.81953998090466
243.21497690217802
244.7046576582361
234.56796956446487
252.44968230061932
244.41464754688786
242.92773366032634
249.12793951423373
251.46665731165558
255.03265290125273
246.19011502090143
240.30935234838398
254.7272455978091
248.60319103323855
239.15313079371117
252.65517959732097
234.67893871100387
238.24740913673304
243.03440573462285
259.696876331931
248.725464610965
237.51803177013062
231.61487270804355
250.4033519719378
247.67708372185007
232.1062917150557
244.0152355969767
236.06861337670125
240.71298601315357
249.4719646999729
236.51259772415506
253.68807673151605
250.7806611750857
231.28492390929023
237.24011678918032
239.41540043940768
240.79058566939784
257.76863008592045
233.0869925332372
248.0220399472746
249.2802291556145
239.90482171141775
246.94591965258587
251.77626459574094
234.07308844814543
239.43635335355066
239.53088179707993
249.97081857011653
239.19900446018437
236.02888991654618
231.7078038728796
237.50097203446785
254.28296408202732
244.04477792885154
256.09084067319054
249.64424750220496
235.81660103145987
253.60863080836134
254.55577083840035
239.6146041211905
231.33795085933525
243.40860570111545
246.39250054891454
241.9971958809765
236.7027582200244
236.95725354517344
239.3905908499728
254.80544015584746
260.52818399557145
243.87862050830154
241.60374800290447
243.99147109349724
236.0477559324354
261.6341037066304
247.81909155799076
262.13851312513
244.26848186651478
248.64203701377846
238.15558861277532
247.28356469847495
251.26249102829024
250.64744052483002
235.27287014178
240.72881133062765
229.76456458307803
242.31751196691766
245.68170652381377
237.73188761074562
239.9425107044517
239.97234719945118
245.74848502507666
242.5142716196715
238.19313746655826
244.6723172685015
248.9697011426906
247.38151788682444
233.55383473512484
227.8193638343946
249.6189020233578
241.37574132077862
240.2872756095603
240.60610546841053
259.830682494794
241.77458334947005
245.1838653991581
257.4755968390382
239.45906524785096
249.62020271999063
253.18265080091078
234.69523003551876
239.91175686666975
237.32367018342484
238.98807955899974
232.83465118153254
231.07105929683894
236.84020775347017
232.9927633930929
243.01312301971484
241.47244166902965
239.88260892155813
240.74215326400008
237.6569966583629
246.56404566246783
247.61654786480358
247.62591193366097
230.52106810035184
235.64562741451664
240.40234940563096
248.17866748187225
239.10023207886843
236.46677894506138
239.10562250867952
248.69836773118004
248.97279785200953
239.9037253349088
235.73495100205764
245.90746447985293
238.74920467514312
240.72666002978804
242.7324483798584
232.54186345875496
243.98640863102628
243.8808717544307
235.82186494837515
238.94476162292995
241.96936271514278
249.65436354785925
237.9913990693749
229.89463387738215
242.1515672134119
243.13181648834143
238.94514137331862
237.87501247238833
239.17411769693717
243.24443862203043
256.9074985109619
242.11423778394237
246.56255785148824
251.22238524263958
249.63328396173893
256.3445242771413
241.9035711569013
249.6788678127923
238.25619663321413
251.23652267409489
245.3176389132277
259.2912069046288
247.52090845926432
244.95087390521076
249.1522226834204
235.6862042451976
251.40286863257643
236.67651037755422
241.33587462926516
245.58529635844752
244.53114932234166
242.03130491706543
234.94711758306948
236.6504425102612
248.32697208289756
243.56563449214445
245.18950799893355
244.7098148294026
241.23090867622523
246.13525636546547
245.1207426341134
241.3967969569494
248.87017844169168
246.28798806865234
242.9900202177232
238.6401549130096
242.22644744446734
236.28485254762927
244.96328046359122
239.1696560336859
250.08958380843978
261.14510335354134
238.65287700702902
244.73965073295403
238.39371505688177
252.39895163028268
239.83814668055857
237.27124878321774
237.50139772007242
242.32148892828263
241.59912699484266
231.12331393384375
240.50374818668934
254.92832398350583
235.54114155168645
226.82224764087005
240.23175116453785
248.4429293180583
232.69468251720537
238.41260185599094
259.0800773803494
234.4207877870649
244.58247467019828
235.96965965814888
239.9790377561003
254.80034372443333
236.1684849766898
245.68186635512393
240.74876857787604
247.71079289971385
241.70159861061256
260.6658267554594
244.21023359172978
248.25924457464134
237.7766084758914
241.3516972163925
243.01235118100885
253.4405453807558
256.1090209913673
251.08941450656857
241.74016750219744
244.02176643762505
239.56381142127793
242.75489719235338
246.3653056899784
258.1204156432068
236.69240586733213
251.47267921216553
245.2615123311407
257.2331343842088
237.89935238478938
241.88066546496702
243.73103115946287
243.2630852382281
244.3574856444029
239.1299620749196
235.24688086559763
237.15987445163773
253.48376940918388
248.74733441707212
247.63647863734514
233.54114781221142
252.95751480577746
254.32206539041363
261.6782574975514
235.66017355647637
242.20972356607672
240.999623062904
233.7467996625346
239.13514264894184
249.14495199895464
239.22391019319184
241.84280398179544
241.60096516855992
236.52038605080452
245.93855624151183
230.86232521291822
247.90716015780345
249.9836228377535
238.63726414897246
239.15268417523475
238.30672883766238
243.72651707276236
243.57499336160254
246.99073721666355
245.03043846826768
240.01477046590298
254.11074939370155
255.41412845865125
242.1670235025813
238.1609586069244
251.23018742649583
240.98126543674152
241.10740861442173
250.41247784899315
255.11343321664026
247.32875831937417
233.19287886313396
253.43215996853542
243.04487774329027
245.3860752643668
256.7331771735335
248.87611201161053
250.369634559087
243.93496463348856
243.16933221538784
241.98543897084892
234.44318503781687
248.4152012442937
255.54721492144745
233.00189299252816
249.1256631804863
252.62534147623228
239.9629976232536
254.21617047698237
240.67671003990108
245.63917894597398
251.53556421870599
244.8905369977001
250.20824427716434
244.89585714420537
239.46330038952874
235.4028916657553
250.4756164031569
240.3797245847527
244.37356224859832
241.5055029951618
232.96639954985585
250.16809912450844
238.34225715271896
244.08017774653854
248.5164384978707
245.37362744036363
252.39363617787603
242.2375998015632
248.6003021755605
246.60940144467168
248.49237852991791
248.70939972542692
235.90571326715872
239.10608508152654
230.99045278312406
241.6697008148767
235.43191067216685
244.11430388857843
247.63521436875453
243.94669888942735
240.74077870324254
252.29919723572675
239.51142629794776
238.564027606335
247.7766461619176
240.17180372361327
241.82867445109878
238.74601070967037
258.0764149990864
246.81353138241684
255.00193011347437
231.18409140681615
247.53540330252144
241.75026827608235
250.30241625086637
243.87979307031492
235.81081649818225
234.86824403889477
242.60438553517452
236.8995298660593
244.2445892643882
237.69243381120032
253.72525810578372
247.49701046949485
249.9224976656842
247.14378116972512
252.1626521970029
241.94794000312686
254.64392698707525
235.61802884167992
247.6618375001126
241.4936757630785
247.92053250892786
245.20565930427983
243.3882933515706
237.90631623525405
240.62847586983116
242.1154093593941
237.15577771194512
255.01603189186426
241.27527411351912
236.7164207919268
249.60725859174272
249.35670324147213
229.47946125082672
236.12677542230813
242.07552261376986
240.3692018695292
248.19177146378206
248.7484525932814
254.26266814547125
251.43521904660156
240.23882017901633
245.16084762528772
239.06041625823127
238.73502285574796
243.63945643021725
248.5578819437651
236.46430195256835
245.93593894015066
236.7448857637355
243.91572769498453
243.93249862419907
244.7084526126273
250.22739143145736
232.83042620372726
262.60374688514275
250.57798684528098
238.12107829825254
248.56890609586844
247.72462074138457
241.91415580635658
241.17916173947742
241.63549617072567
243.59537805384025
234.9204304635059
242.43155032786308
257.52760506473714
241.60529319226043
244.57786623912398
234.85563198203454
237.39409651327878
238.72216064558597
252.02878373413114
231.43555186729645
248.37568325706525
243.01124240329955
239.18606168520637
248.54474821308395
242.34126454248326
238.8733945529675
239.59817889216356
241.71438076382037
245.18686386576155
231.33502290875185
245.89970656606602
242.56483752978966
246.7810454753344
251.91615735174855
242.15111919021
250.338928316487
249.4678297410137
237.20078170357738
244.75350560358493
241.8181996428757
254.13471523905173
257.1643209665199
257.3170542399166
248.34853805875173
231.27940075891092
237.3784421920427
243.0438982740743
240.29549677413888
239.25691450288286
247.91364279249683
244.92365463316673
241.0340944941272
258.530276823265
241.5059951369767
227.97822892968543
246.71164171927376
252.7602068555425
235.67107453377685
254.05098969553364
245.94133558264002
250.91596019797726
243.3415368644637
250.37424082972575
245.35690060583875
246.51189707190497
253.2913647798705
242.25962982245255
249.57700600964017
249.95376856520306
232.00698328745784
245.1504410324851
238.71470764675178
239.21180599427316
238.53194063645788
243.63394330249866
250.34150923846755
246.67777350533288
240.10546504723607
240.9510354505037
241.62414882460143
244.66228989505908
246.41357449174393
249.15501386119286
249.8106362936087
251.75552902230993
234.8295983079006
243.13807742134668
240.79762749752263
245.72878373169806
235.89106329309288
253.26014153653523
251.77860770135885
236.8875004159636
243.11233917763457
255.68277302675415
246.56445125682512
242.1563705680892
246.98770011938177
239.7853395298589
247.38844832626637
243.01448165246984
245.93954140075948
245.26176312257303
243.82383756065974
242.23129946738482
248.240541910287
255.84103981190128
239.42959993949626
235.7753157193656
254.0665754751535
250.26607222115854
240.35003049258376
236.505646693171
238.35539886233164
238.82872389419936
237.79550728650065
244.14088019781047
241.47158072312595
236.3219577119453
253.19631410902366
240.6711977784871
246.80112698039738
236.92965120100416
239.96634654491208
243.89201345737092
251.98734306183178
234.40587898599915
254.68941444263328
247.15664078271948
247.4977439097711
233.69519550458062
227.9344872427173
235.7938652842422
255.58823086024495
250.96407128922874
248.30065953341546
236.46164735668572
245.88091481872834
240.17947715288028
249.87606993381632
246.72992375306785
243.07299067889107
239.30296454462223
245.20496503461618
258.2272711311234
241.276050501212
246.21850542811444
249.40109030838357
252.8921416955418
239.22616930195363
242.83535888575716
240.21128202980617
247.29037447005976
253.840111468744
232.60798420297215
235.55583184189163
241.0675811622641
239.41008368722396
243.27093313314253
248.14006419770885
243.04354188323487
238.4200584560167
236.0955169830122
230.45112915942445
239.9855262011406
236.33091368171154
234.30446976289386
246.55163809971418
239.30833753274055
245.91086046979763
239.58640141959768
257.3051363877603
247.010455669777
240.4542187160696
241.7544597479282
245.815177453449
239.786855063634
248.25988220830914
245.95515159762
232.74698988127057
243.18047110619955
246.1745255376445
236.0797250145115
244.59101245959755
236.83765446546022
245.0832855750341
243.90452734741848
239.8736287447391
245.7604378523538
257.60522588703316
239.57597340340726
247.61306188709568
246.66548386076465
249.4477332222741
247.16603494621813
251.91046847298276
242.98265757691115
259.6831207065843
238.01809483405668
232.45630365575198
239.27398335316684
244.8567661831621
256.2017416282324
258.65500156057533
236.71993004041724
240.70953325752635
244.14423673134297
241.47509868058842
242.201606363873
236.79886447102763
252.1656522557605
236.43070398969576
235.29462147923186
240.39078325929586
249.825064853183
244.47937688208185
252.13723874266725
248.9670958588831
246.83476234658156
245.171268463484
250.7170374954585
245.1201573618455
254.44523474446032
232.58888189971913
245.94611215346958
243.33020011719782
240.00981875543948
243.63564963452518
244.87811130820774
248.59306423633825
256.301906045177
242.01294921024237
245.3339422561694
236.083256951184
249.89291943015996
249.59390716371126
249.51061147043947
245.35173070803285
233.52374725218397
244.37600676971488
239.07662046700716
237.21393750875723
258.07641473563854
248.8589497790672
245.67080591444392
227.9313262910582
244.45373475528322
232.56578529416583
232.02534229378216
237.2551320620114
244.67751488089561
258.1527526937425
247.32868509099353
237.60632263927255
260.01150137989316
243.7972171115689
235.48615000140853
239.59017874358688
238.69258889299817
245.95380687061697
243.49079020135105
240.00474870787002
245.17014565621503
249.25237662217114
251.19638021755964
240.54908912349492
249.90285425249022
247.70543779595755
231.13046738668345
244.3673950182274
239.70687728759367
251.15841702977195
233.53267107356805
257.4716265988536
237.58870820666198
256.54767870891374
246.1087683646474
254.64387726795394
249.54690393724013
259.2771897952771
248.8193918657489
245.85080827458296
229.72566845384426
242.76313996734098
253.0774896524381
248.2687766875606
245.38004515192006
249.51105299638584
232.9011771621881
254.42544879647903
243.7469472840894
248.41207239311188
245.40934895456303
245.49156039347872
248.11679453391116
244.38932843448129
239.45972458366305
240.72191914799623
242.6490455645835
244.04374966945034
241.49750687577762
250.1488474147627
258.6833862537751
238.4231491468381
236.72658446780406
236.8558478198247
236.647903174744
248.56977807090152
237.77680629689712
238.62007070612162
248.5547382811783
240.36971941706724
240.37261870142538
259.9115905286744
235.16490354482085
240.51176075881813
249.98976072575897
245.48429534723982
244.1057543293573
253.458205878851
238.9514692251105
238.37241807754617
250.9556035604328
246.7992902941769
243.79542003455572
238.70326381130144
235.55394987156615
243.75046713661868
245.22364153375383
245.3092508353293
249.3014010511106
247.81123749236576
243.13901899463963
249.39580523781478
234.602036750759
248.05864315165672
247.0823783860542
248.20623813662678
251.44899258308578
245.33316578215454
257.6422472841805
243.54342373588588
245.4829041432822
242.4922301650513
241.1690166281769
253.7471529126633
240.2037413326325
249.38062773575075
255.05653025093488
256.56536161643453
249.81949775700923
244.2339884196408
237.22589464765042
244.39521107962355
254.18925616075285
247.37624529993627
253.34573398996145
231.993701808271
242.30849794473033
237.845335262944
233.8320163274184
240.9472562886076
243.72718342079315
249.18510450492613
246.07642294385005
244.33554523205385
245.6100881244056
239.86975124373566
239.39340799325146
240.10026275005657
242.13770888117142
234.870649104123
251.11167881905567
233.228312392137
246.73078589793295
248.29354389663786
245.15331661491655
241.45986942155287
251.398501876276
247.40814503235742
242.39783551567234
228.27011476049665
234.6482869121246
242.3327226539841
247.20373555924743
246.29635234526359
255.13232759933453
240.55739181756508
254.86570691433735
240.11807381920516
243.44113556435332
233.84848515491467
245.61539612722117
242.1578643011162
244.99360690428875
251.18969237979036
241.78498106379993
250.0603864522418
236.39393279794604
239.58559202007018
236.17778044566512
238.62218206981197
236.8328627414303
241.4641879760893
251.47176695195958
248.09786105144303
253.01952320500277
247.50455280439928
249.11911124060862
236.10705034038983
242.46218364406377
240.80144037585706
242.84926085430197
233.8760828836821
257.3959749469068
235.89451020164415
241.74525737471413
255.53232642286457
243.55519410036504
246.8132441159105
254.4798504220089
257.4324763135519
232.99527164758183
246.89871276402846
244.46560287941247
252.00475926406216
247.02908689668402
245.2730115414597
242.7061302328948
235.60869316000026
242.90314644062892
243.338971006684
246.05047620134428
235.02370544720907
244.45473072200548
245.07880021468736
240.1358719599666
238.21880763664376
223.97191511222627
228.51894299406558
247.53996387019288
229.43889881065115
244.11257614707574
239.64317022892646
243.77339953323826
246.99352620029822
248.64744715054985
244.90447590418626
236.87288328562863
245.78492951299995
247.35736496187747
229.6699636291014
247.9052632781677
253.93177698575892
237.96656104945578
234.53290400886908
248.13308533700183
249.24059238529298
232.83846983104013
243.77428018930368
243.17629383364692
254.66823723737616
242.96285405440722
249.05891460482962
243.54255546361674
243.9602184703108
248.17287217045669
249.79234473756514
237.39491200610064
247.38197339116596
247.62901738274377
239.6763546403963
239.06431408587378
261.3281912805978
237.5445516500622
253.0022485984955
246.61130293051247
223.59101396391634
245.77411557757296
258.03950131929014
260.95235439715907
245.20604830048978
238.2461820698809
247.84848942770623
239.12022885424085
248.7423777434742
248.51441781187896
242.39698497322388
247.6286285672104
250.41986801836174
234.5540828104131
249.41481176193338
231.16615282231942
231.2988230260089
241.8705768599175
256.2853026440134
253.4437180525856
249.63270294573158
244.82947249687277
248.33442160254344
243.30334612110164
255.8517984256614
247.6258855224587
246.6014687283896
240.227536190534
253.39789650868624
254.14012192632072
248.29339787061326
242.72256082005333
246.08599775610492
242.5989996031858
241.54105626815
241.5462165151257
255.33371519378852
250.29093274113256
251.8624834023649
243.23460161639377
239.9652355283033
244.23552651703358
244.5116533486871
250.81908702128567
258.093014864251
245.69069803424645
251.26758709887508
242.12666323641315
229.15099804429337
243.40865653089713
240.42910357448272
247.40585776045918
262.11505918041803
248.37597817287315
245.05482894193847
235.31292826018762
245.56733763229568
239.66287154552992
234.8163670975482
251.23362097912468
242.7417803176213
246.13311888836324
236.39208155253436
230.12767070229165
244.39409184688702
239.41524004656821
240.30999811028596
238.64089469530154
231.07119013916235
250.48941599822138
244.12975656997878
238.04598374222405
236.67075479403138
246.72170428512618
228.1262418224942
243.8889992525801
239.36749320558738
244.14426213596016
246.03191936865915
237.45653557102196
241.6878035546979
236.94996445358265
246.7030344097875
230.55708810023498
246.32967882486992
246.82135197124444
252.39779792528134
246.52758723055013
242.30419185804203
254.20351094193757
241.97845126851462
245.84313924843445
251.3992490794044
253.66786635713652
262.6769945278065
249.0437315213494
244.74859687220305
250.0496781595284
250.23696836084127
251.11624083924107
250.47658324532676
243.55616415129043
230.68887522513978
239.20371622324456
239.8939830933232
236.93097296531778
229.50735966558568
245.6998602449894
237.07622388005257
247.2471327650128
249.91481129010208
245.49821077729575
248.08301976823714
233.779316690634
243.82715677283704
235.05682643456385
242.4074895613594
245.0728993244702
246.43662803759798
247.30393884470686
244.09815157821868
247.94686960079707
245.74695238098502
245.31472985143773
239.1147506632842
254.30112618161365
257.2768179581035
248.20947319432162
239.88442061364185
249.14709452621173
232.94519158720504
246.41219934658147
262.54801857145503
247.05764635838568
246.9447041671956
239.13731761823874
242.1723540358944
239.98895035183523
243.24972409929615
236.76282583666034
257.01149868639186
246.76528330740985
242.23731884430163
231.80186656233855
231.83042812370695
243.48583761486225
237.8448920669034
245.58340292726643
244.74561813194305
247.656060987385
248.9167025911156
246.56834390736185
232.70214904251043
241.84884275856894
244.91071349778213
247.29213179845829
239.20708261861
238.58982572273817
248.0258996693883
245.30101090366952
235.75230701256078
234.983843024238
255.00788979174104
229.52721635135822
238.15442531416193
240.80225008307025
242.49724569660611
250.47926594794262
242.0492874828633
249.65982280753087
245.4927366715856
248.52304617885966
252.62610677303746
237.0718607661547
251.5129500317853
242.65125933522359
249.17971827590372
249.97348942502867
244.94805781776085
248.67870523419697
250.528978729737
252.3020825232379
231.48210766748525
246.41604065836873
248.92423630366102
243.22926328494214
244.78349040355533
244.64704102021642
236.38267327705398
237.78473964950535
235.73678590275813
246.6567828671541
240.57446189620532
236.7234938868787
251.2200193698518
259.71319198666606
248.13627490971703
244.5937226577662
232.33249452803284
256.8910094596213
251.97189852327574
239.38484327169135
242.94530544080772
242.28793082665652
255.8259209006792
240.92483376036398
229.78202509484254
238.3320022909902
240.46151510393247
247.8769436563598
252.30934111599345
242.50620941142552
241.75637350452598
256.5453032985097
238.6737626568647
254.9128344785422
233.33155879646074
242.58717281394638
237.47022483451292
243.85029951494653
245.4549749046564
241.10026947886217
244.0581816090271
243.6264361954527
237.9293592723552
243.093656432
236.2503454242833
231.18942720175255
239.08023616031278
246.80647428554948
238.75019040924963
240.35821040940937
239.3096292617265
258.2063715258846
247.55768715392333
252.49656499747653
258.18966759054456
247.8800988025032
236.69957417203113
249.77672675962094
243.79409302852582
243.6719123707153
257.06355320394505
248.3873087282991
264.16103066003416
249.02160414797254
239.02480854885653
255.1281671845354
240.26090815034695
235.42051583831199
239.76690227806102
249.05650934251025
239.4907208934892
248.98600788763724
242.04118762700818
256.31989650439937
233.87034286209382
253.47274199023377
251.98625177505892
267.0707497764379
249.67801115487237
243.20242203003727
237.40408115508035
227.79985936556477
233.09832420258317
239.33067518554162
253.47351370984688
239.6553873210214
256.1461185567314
239.47149967367295
239.00320032448508
234.15194931719452
237.43954223778564
246.1865129347425
244.45938270329498
234.9658264761092
244.17014126980212
242.04355621826835
248.5894736769842
260.8436806759564
249.12423506530467
242.5128054539673
254.87938374676742
245.61748932430055
248.88120888208505
237.5546384175541
236.61450876423623
254.16030751296785
237.23594731325284
254.79842956748325
240.68233988748398
244.67498722707387
235.821584325633
239.49646426888648
237.63423217844684
262.6939382138662
240.49588541220874
249.31122232985217
244.95844393235166
233.01491720601916
243.68788145901635
244.92885896889493
244.58417597040534
248.88205263321288
236.5101656547049
255.11051170516293
246.98344029462896
252.21390282153152
249.72999691742007
252.18890511454083
262.9097530255094
246.84918063122313
243.50370736885816
247.42927333246917
242.38329149060883
238.24225884489715
241.80585959600285
231.29659884772263
251.88593547942583
248.03549481602386
248.76550342224073
235.44464075379074
249.8891617115587
250.6375966485357
234.48143594735302
246.15891421504784
241.50775053014513
242.00128602189943
241.81300676590763
255.37925838923547
239.13416129606776
231.08341132977512
243.490055482951
234.85426950105466
241.82329845719505
247.73440659593325
249.10680197097827
245.82545145694166
237.99121013120748
247.15870965539943
243.9386939740507
241.7057149616303
236.82207042933442
253.61488759331405
243.71538077597506
245.51617012138013
234.17804266465828
236.4428905765526
247.78667508764192
256.6314621970523
236.2658337742323
239.18357184063643
233.93947417405434
251.0077032063855
234.02770681399852
248.71836750605144
231.78763897717
236.90899956249632
247.216384835192
245.81906061293557
232.96722588967532
241.3672482672846
244.15380099078175
250.08494177414104
253.01261035050265
246.44495433790144
246.86705510062166
235.00137436308432
243.26831692678388
231.85843362950254
246.29616703779902
246.47589237370994
253.55205063417088
246.96742678130977
248.30736861762125
243.6438823606586
247.45247759937774
237.12330414087046
229.913275463623
249.21302098035812
246.60201225616038
233.76898918615188
239.1225805656286
237.42489890998695
243.21427094680257
249.38991093588993
230.25587201863527
240.90120597020723
233.7873295788886
254.13219680648763
239.82794036041014
243.26776038634125
249.2832950357115
244.61052146356087
237.74394153815228
247.1444954740582
244.47238508681767
232.28849972132593
254.39796632912476
244.5401274341857
244.15827678027563
250.00650581019
244.9070353358984
252.23363104474265
255.86892714421265
240.08073060924653
238.8482962870039
243.88044428487774
248.897757782368
247.07911046792287
252.0963655365631
244.12769355415367
242.96099976159167
241.66762258205563
240.32055304164533
237.86951555439737
242.3891059922753
243.63424582616426
237.02376768749673
241.84285288362298
248.425090963603
247.22794227837585
241.94411563605536
253.49845144641586
259.48402429535054
248.34299087454565
245.51893942570314
250.0868122059619
254.22786082676612
237.88578798098024
250.08319675410166
232.7880771632772
243.1129615776008
237.90890401229262
245.29007793439087
244.0195406373823
239.9972286656266
251.7836896906374
238.55636169586796
238.78730779129546
244.71011888748035
241.15196458878927
253.3252205637982
263.05407571210526
245.84796413581353
243.71440022066236
252.749468920636
233.88760509120766
243.05237347062211
252.40841318655293
251.17822071374394
243.5124267579522
250.6623414910864
238.23286267218646
250.05697067431174
244.11449348996393
247.47199113853276
245.58792918431573
244.66113561904058
248.32392466906458
244.0544712493429
257.9186634835787
252.98814184928779
238.30531725019682
254.2316580178449
243.08467157545965
228.49083604395855
252.6715633466374
250.79340128938202
239.4703653601464
257.28264540969394
248.0972731630318
240.95422568859067
245.72642038506456
248.8525857605273
240.86770337901544
238.98006062710192
240.59103080339264
245.52443438430782
252.54886026412714
238.67724616266787
248.08412906818558
246.404506078572
235.1658739791019
241.28552443068475
248.2744163093157
256.37012914707884
247.6104902132647
248.07901463168673
239.70404664007947
244.02638022252358
257.8682499360293
253.6438621690031
244.7079463902628
245.4337251422694
244.31773311796132
236.55617086938582
240.6212680095341
244.0495397474151
236.63163720013108
247.90721970330924
237.38156371365767
250.20458491670433
232.76566900673788
242.50251743698027
239.58163109060843
238.49842817522585
247.01672782341484
237.33292901469395
238.3656270785723
253.98191647429485
241.7823730648961
240.8705382964108
245.08840324007906
248.31615301035345
243.20104573201388
246.21023487776984
254.5237462319201
242.78204531245865
252.20593371603172
240.95372636406682
237.49669981433544
244.60495710233226
247.64303289959207
247.30776329291984
246.5458675486734
235.57336055429187
244.3442574571818
250.2170419174945
238.00587444019038
243.97190684988163
246.5115614880342
237.90228846250102
252.83518329937942
245.70673998922575
240.0347417407902
242.76325887523126
229.84022963559255
240.54179378331173
233.55044464906678
243.55143087124452
242.03216864028946
239.51514878158923
247.33832258055918
236.53638936684
235.8098310814239
237.08998987090308
245.69953470258042
238.96750680392142
254.52925087301992
254.25868298928253
238.82490736083128
238.71657363697886
251.4512294230517
238.28716821828857
246.18022377917077
253.7483450542204
238.60346505860798
231.03789520671126
237.43012569553684
243.52085719059687
245.68796410923824
252.53716710966546
239.14951268699951
241.51179928006604
252.73987319588196
243.6767936461838
249.31660146953072
243.66974563128315
242.0329295822885
246.36216743651312
245.2648362078471
248.62415116257034
248.54273840645328
237.01193584140856
242.44101892667823
238.94403682393022
251.2591626921203
246.49905419512652
235.36495256971102
235.66503893700428
241.24057233135682
250.03385787608568
245.94032271765172
252.12580084381625
245.9445562910987
224.2596073577879
232.32377015263774
245.9351271088235
246.74350428930484
251.41014824958984
235.21562136744615
253.52325400651898
244.32132642366923
248.22688672109507
248.99335970974062
259.4765176301589
257.5871693366207
235.255193268531
230.4757569996873
246.3482694795821
247.82085157127585
246.55856716108974
252.55630775296595
238.90409092069604
251.31485758873168
245.4363680019742
231.5961159459548
255.22470591857564
238.85633020487148
239.74575671413913
257.8273653140059
244.4658212577924
241.28692390373908
234.32481045264285
242.84569139720406
242.12076923332643
242.90144798508845
240.8191539356485
241.28198390023317
235.03329438588116
249.48911223269533
260.10385859548114
252.17794164281804
248.0677269945154
245.52622660412453
242.4243253854802
248.73043837223668
242.13601752056275
248.5501301935874
250.56293830496725
250.56548635684885
233.21508721576538
255.60238372872118
244.697592182667
239.97144850401673
241.2559236686211
251.59905951237306
233.21091263904236
238.99025528063066
242.1163942052517
254.16672322247177
246.0874533270253
247.4465532480972
247.2236307951389
246.09251528419554
246.41414516803343
262.69217126839794
243.6331226073671
236.3641306925565
236.2114877938293
240.5137389996089
250.26808617985807
240.97517277183942
237.79318618786056
237.5735555064166
253.59028354042675
248.33219635288697
248.83111596351955
249.18302289943676
240.24368439102545
264.9324005981907
253.61251348408405
248.92941476544365
238.20394960255362
234.05043319473043
252.0442770407535
248.69929904025048
252.26113305962645
240.9939707883168
249.52897793322336
238.78684263676405
249.43035470845643
240.23888956266455
244.89728840603493
244.87593097507488
250.16043691767845
244.8897369528422
256.34473188908305
254.52249297185335
240.08909828949254
242.25747416855302
245.57202482840512
235.72083272144664
242.1305604520021
244.47000254807062
238.2232533628121
247.66979132336564
244.3341848423006
243.07341205014382
249.55431589740328
245.9589703945676
241.5103586704936
256.2819569631247
237.04694099421613
241.95915789168794
249.75808299251366
247.80825156078208
242.97606672695838
241.07368324615527
247.76493831630796
227.2480218175333
246.92091629398055
244.82686060888227
235.73899027495645
242.35959406383336
246.2958215707913
237.36525958706625
248.09768112259917
244.78605415706988
230.209245618782
252.4177027621772
246.15713325724937
250.812804778805
229.39324782416224
237.88272141641937
244.62314691592474
241.9787947939476
250.01814772328362
234.48828621348366
252.709869466722
242.277898310218
243.17907032347284
239.05239902285393
238.6992370947264
248.1458147931844
249.451673905598
248.46577666222584
230.54357716126833
247.35900539101567
246.93855203792918
234.55345930811018
251.41165142436512
250.23795519268606
254.36438144894782
247.26789715490304
238.91681508673355
246.96580581611488
248.1949084784137
233.84105815330986
245.34638209431432
239.18951745831873
236.48401126894169
246.26134178729262
232.97861577593721
251.77007832750678
232.38659312017262
239.66964753170032
246.331654904061
225.33225773181766
241.86587595846504
234.47228989738505
243.5272697111359
242.23016554815695
245.12043830181938
245.19894142157864
245.07183770136908
249.31733181292657
247.95427639235277
246.13611859828234
248.67832451255526
248.36738930514548
245.34604406531435
261.352137758513
252.3877138310345
235.47620190819725
265.8601518124342
245.45749756507576
251.40179427352268
233.83849359338637
231.3925893844571
247.5358417427633
236.9010651485296
241.2302786569344
238.73820146371145
243.98949396819808
252.00855740753468
252.89646189066116
243.44795232662
245.52127577620558
237.36396947188769
245.5715350426035
243.96327251044568
243.30579151387792
246.81200019421522
235.88571733271237
237.0813483928796
230.08889858261682
240.5581276663579
238.4104065130232
226.82475116022397
237.72185964579694
235.13575896027032
233.49712383630686
250.90448530076537
246.18308992218226
242.18669005157426
249.88082508090883
246.52764522074722
244.69624294294044
239.02676963014528
248.18861645634752
240.69302858330775
238.1058846397791
240.75635924143717
239.02025418786798
247.27994783082977
250.14793973427732
249.85788769449573
262.574438074138
235.88023593474645
237.14643271709792
240.0276609804714
235.86517076403834
254.1397519550519
257.1181850794237
258.03200461831875
246.0044315586565
246.8936274315929
247.02672839455772
239.67613747005817
232.9290684653679
243.54105221992359
244.73141748539638
255.50487056875136
236.33626941370312
253.0878034007037
238.70291851647198
247.93395917466842
238.4376241125865
239.15265395480674
256.7367636979325
251.20564960339107
242.00929711014032
234.92236467357725
230.8096958086826
244.07864058436826
244.8232832311187
251.5514444190776
248.1694451974472
240.00847173505463
244.5497957804473
253.8646881392924
236.68347796413582
255.89429735019803
253.4112452507252
249.03058101260103
240.49512515659444
238.82451144512743
241.66053089639172
247.50273513922002
240.89146619138774
250.06937579007354
243.49067816196475
243.88513759931084
240.25043589354027
237.5705974663142
247.04331218230072
238.27581965958234
241.5343538854504
246.877743949648
245.00508163543418
244.1439116842812
246.98540925455745
238.57790906878654
243.57765357964672
239.58719936327543
239.33668635925278
237.82617080234922
239.25508584070485
251.2684312578058
243.07489024451934
246.89865822542924
238.81983535632025
228.31639081437606
234.21896560688037
244.55216045572888
239.9266933829058
238.87875960185193
254.7590287530329
245.56693365762476
240.861191116157
246.49221829115413
234.7390946826199
242.47917084675282
244.7409864506917
251.15983478573617
253.8585192571627
251.28515852673445
241.82837759552058
241.58995291637257
237.6719999964116
233.83598165551666
237.39428850647528
242.9193288203096
253.0336586732883
250.32786507927813
242.41891913325526
239.6095628150506
245.17718738119584
260.28629965125583
247.20665667392313
249.8765471408842
236.18629569734912
247.99428557581268
239.45595893869177
240.6061457179021
244.4309443916427
239.96073760068975
237.99746621854138
247.78064126323443
237.0628724519629
241.63049902278
238.63525710674003
266.59325377165806
248.26368316973094
263.10946106363554
257.39680428954307
247.41333436989225
235.0707648602547
241.59946608683094
256.11095246567857
247.23748619516846
247.23572349408641
256.25700619316194
242.65731830894947
250.8855856488226
236.46148994681425
234.93342140875757
239.24409929080866
244.79775462124962
239.68945942632854
241.74442675476894
239.5189770689467
244.23211273923516
226.64872192055918
232.59361971635371
250.52724917652085
242.44575806206558
245.36942369642202
254.1939974714769
237.871488065226
243.46550209482666
237.08971170836594
237.971139467787
245.7850433603162
228.34799223404843
243.7646209616214
246.20503663423005
244.42156584525947
245.22338702669367
232.63795094098896
240.61506693612318
230.93156702746637
241.31241806130856
242.05430651130155
241.99661169282626
241.53165322879795
238.5334921971662
249.08160467399284
229.14647204056382
261.4973658891395
248.19866150978487
247.91374603437725
250.26372637879103
246.7852864008164
238.17331235751044
248.09465816128068
260.2796028451994
245.9666368351318
235.55452727526426
250.08516337245237
244.12267810676713
247.93938169023022
246.71656391432043
247.26313158660196
260.42484691832215
243.3297860902967
244.10685217473656
237.25083264836576
242.12909677845892
238.0086728153983
228.57083250628784
246.6109142882051
244.06977475166786
240.21681294834707
249.61757460108493
241.7533979548607
251.83760161674581
252.13941452116705
233.50449779408518
239.16523247631267
240.58169940300286
243.0426485298667
240.9807569234399
251.39563606574666
231.10781075560953
248.54758797225077
235.65384906798135
240.30044041364454
237.63106341962703
246.1987528806785
246.65197498293128
231.79156925692223
248.91157277917955
233.06665138539393
247.19734956114553
247.8291334998794
248.30744119919837
243.44948392233346
234.84131055593025
244.47729465947486
234.2176097028423
243.15873351076152
255.1582735806005
248.55498856538907
251.18424319662154
249.0772727811709
241.71863908006344
239.90046631987207
247.6914538478013
242.03116480458993
241.90021096158307
241.7837898846483
256.2494819400599
239.56992187083233
252.18987197231036
252.84285492729396
254.3038518197136
244.08280186366756
245.1029081036104
244.61773235490546
233.13967126980424
236.63308340124786
236.2141999497544
241.81906093109865
243.89668752334546
237.41871116589755
244.86219621810596
247.31027487653773
243.01728913816623
237.79005171300378
237.56492030248046
242.09376966720447
245.2868384779431
241.2228813978145
241.71733710356057
240.12153544509783
229.7540316497907
245.80817346193362
255.87250433699228
243.2593589500757
253.66534805705305
252.5771842194954
245.4062088910723
241.62453212123364
240.28771747543942
244.0101630288409
253.06842422892805
236.5179474215256
247.6506045537535
235.06906389677897
223.52623079612385
248.97947434068192
253.477187762619
244.34284270601347
247.86529679002706
246.70732087024953
240.81247315043584
243.14859593682922
247.51591942377854
234.11850689572748
240.96057508687954
254.24100634048227
239.3710335000651
241.934817433008
247.01482480438426
238.36049085936975
242.9196657082066
241.02842103678267
235.12469385378063
238.32506346178707
225.53580853552558
239.36316923703998
230.17328735184856
247.27266242110636
242.72029348358046
231.27458314271644
234.26692124130204
237.57826019299682
252.10421808320098
241.39896941394545
233.01886303536594
253.85216927004512
238.33677203254774
230.64249356696382
240.24294119526166
247.68143922451418
241.86165589268785
244.15559059975203
235.79364261950832
238.90773324586917
240.70825455372687
235.98087797837798
251.49844779679552
245.46964876400307
247.23497866059188
250.35240177391097
258.4443266853923
245.14691844955087
243.78941439348273
236.67212387209293
245.9202833570307
239.38979994819965
257.26852085324936
248.36831904796418
248.21138289303053
242.75367396115325
222.4848616977688
244.56489678658545
248.54940986773
246.09834944247268
242.73155248071998
250.8325414765859
245.91994225163944
242.83659532421734
242.3098302813014
239.92313420656137
241.0697136996314
242.36971324973274
240.41000483860262
251.39638798718806
243.00620179844555
246.14309473440517
251.81575852597598
238.75778234913014
242.38948058499955
251.63058974279556
256.61221924377605
230.7105542619247
227.32599076384213
240.17782433505636
250.31004520063289
250.85560989566147
248.35961664281785
237.47317526408006
241.81972871755715
236.42009257280733
251.77357443340588
252.43247173260897
244.19391891825944
238.44132307753898
244.71987957472447
240.1586626417702
245.55744677735493
242.99146451090928
248.985710964771
239.77810454787686
257.58307581348345
240.93851055880077
243.39149221184198
250.19825187069364
241.2221411233768
247.50997167627793
241.49660975649022
239.54455226578284
251.46565398585517
246.6807395174401
235.33437682082877
242.35624606884085
240.77330363099463
242.18489182775375
244.0583139383234
237.38842369418126
236.67266040830873
249.01479735283647
240.67563702585176
252.5594049443025
248.979371277499
247.61462076741736
244.55265265970957
257.87390286906157
248.42298585618846
239.5057042678818
236.09335834591184
236.1998352931114
240.18275237665512
241.42443424463272
248.1958959851181
251.30623862275388
248.47616049065255
236.04585865244735
255.57977532490622
239.3264964550035
243.58976795955095
239.13874085608404
243.68239378836006
245.72407736454625
247.406942184316
251.65375210833736
231.4404268610524
256.25545368611347
243.06516396265943
230.42276428453624
234.6314107463695
235.70052151195705
231.4695485823322
233.86256806273013
237.85509772528894
255.65067813626956
241.0169361610897
250.88912920688745
243.70607120601926
249.1403213083977
262.8988818738144
239.98678409226704
245.6810662461212
235.72903471672907
236.9092906860169
251.80764910264406
245.65715426881798
249.66995454754215
247.1432450604625
243.06635341851506
248.1215800611535
235.06791050639004
230.85975522140507
235.11647992557846
257.313016424072
251.264663045411
242.5113782978151
242.770230805967
243.19369784055743
241.5298099759966
247.46256189513952
247.41774630802684
259.73079585202504
245.86725531052798
243.69908197107725
250.8164462953573
241.5469730939949
242.95934196317103
245.0351933077909
246.8063022340648
248.25018760736566
256.17604103300255
246.02345758350566
240.09078746917658
245.96674620197155
248.56843002373353
245.06097243819386
236.87601820693817
249.80321185430512
243.07878312584944
254.52136656781659
240.78349827311467
229.4145217903424
250.16631206660531
247.79940011538565
239.70854742859956
247.89738808583934
242.2759841075167
241.5681339657167
228.98664001224097
256.39692850376014
246.28635199007113
247.81568763719406
253.20451240905095
226.43420086242259
246.29316652112175
252.15224051871337
241.11014193471055
237.51136164169293
242.1306259810226
235.39735992113128
241.61913430865388
244.07816984632518
243.4973438992165
236.8064905978972
246.16367777006235
238.2377690266585
247.6618573013693
247.79794924869202
245.00772530236281
245.39280227792915
233.2542774794856
245.67817482328974
247.86093915638048
229.51068947080057
236.971307142172
242.2950455142418
254.5010285967728
239.21951037482359
249.31752575957216
256.0798311670078
238.47148813481908
255.40813862206414
239.0182864035014
251.39357565669343
241.6210236698389
235.1207029094221
241.44827939441893
240.21552491688635
241.68808864755556
242.04374857072253
245.70052818011027
245.53500459971838
238.96027577703353
244.45569889689796
252.69391474849544
251.56428107828833
238.5561207488645
234.32114133122377
251.300956276129
246.40328053419944
246.91565276612528
240.50823753362056
248.48107298614923
261.0825083999662
250.7114468580112
238.5520274147857
250.25457487942185
248.78780954668764
244.05935752857476
251.42783000110649
248.45698096149135
237.85172668180894
248.46428378659766
243.12549727538135
245.95608085452113
247.2249139426276
234.75869680184405
242.74698233918753
240.10897723177914
243.1584004543256
247.13231809041463
237.5261581072118
237.1753060146002
240.5751346721081
248.98132726794574
250.80016526696272
262.15027854568325
244.0484283141559
243.41252828889992
238.46982114564162
239.4000251989346
241.99817301088478
239.54324028838892
260.5267849660013
242.64626124780625
249.01936192589346
239.53107635083143
240.65767450258136
254.45193658967037
235.76030747406185
242.65420506359078
244.78154477174394
241.5874233354116
232.96241810545325
235.58366642927285
258.4811760173179
248.80545373272616
251.37735986651387
246.82296932477038
245.4978243294172
249.90968446433544
242.4751080010319
246.04824616282713
245.64010922634043
245.19204845605418
248.8014672723366
242.2601431378862
231.81166755442973
256.40003226255067
254.22154316923115
242.40553056518547
255.5652174402494
237.77300328412093
243.09502547350712
251.0585526137147
245.05554353015032
246.97140649147332
251.61647670622915
234.60551866982132
252.5287295692833
241.0962175966706
235.66353907517623
242.36070260766428
231.78066100925207
236.99660663329996
249.45422607217915
245.28168741776608
246.6501387472963
245.93511248461436
251.36242886749096
238.9172046771273
253.02234163705725
244.42447434784845
247.29917839204427
249.13544859085232
237.26979009457864
250.48329070827458
248.63341347151436
234.33220072078984
246.55083655240014
247.91426978970412
239.00478878233116
237.4329956729198
240.11683589976747
250.91549877950456
245.07270352507476
240.2573735639453
241.76464000355918
238.43118835112546
245.35148637508973
243.58840285474434
233.96488546358887
244.24004119005986
240.62752905138768
233.2987374345539
246.08402058796491
237.6611742284149
244.54353433125652
249.4820567885181
262.3574104026193
242.77827488142066
242.16837405832484
236.7794137665769
237.52718719211407
245.34302531986032
257.79960571660195
251.5357644923497
243.64738896558993
252.75405224098358
244.4345962202642
247.90314208518248
248.5971926652128
250.14275734196417
241.11762563989032
228.87326578283682
242.48901266534813
240.27247516124044
242.63249748398084
241.62191256787628
242.3858791628154
241.89909241511486
241.90010730514769
247.71171638229862
239.81795303651597
244.94840548175853
242.74720003642142
239.62082074594218
254.7276824337896
246.5533340087859
240.29644388949964
246.9471834063297
251.3880010029534
237.82914405560587
239.19033426395617
244.88873079628684
237.36229316983372
245.68896627239883
243.1593617904
242.82011347461957
246.23186396539677
257.79516769351903
245.44792496529408
232.4515404390404
240.60807861201465
255.66252147057094
238.74825824680738
248.35525832383428
243.8947970350273
238.88341740425676
249.2739175169263
251.3851564306533
247.4374328070553
247.9188119835453
250.9203093528049
235.7904207984684
248.3774915864924
239.76675673748832
259.7398722077487
240.7616237651091
247.0173179822741
242.20204256754369
249.98865669511724
251.23038948723115
239.05458923324477
239.70327033975627
246.38651343178935
254.70216888352297
238.74050747032743
253.02009311527945
258.3095000302419
249.90809740952682
244.99991925805807
231.17358909070026
242.08119601977523
233.38356913556345
249.56479786639102
228.8538442318095
255.60770846984815
265.23426493851
248.59571470634546
239.47209720907267
248.52903131605126
235.26797676435672
243.12780097487848
245.8942755718017
240.27067612414248
255.60497525334358
237.65449169604108
249.92692059278488
249.74055615998805
245.921319256071
254.49746811529621
244.60887428396381
249.9041210245341
238.71847210743
237.55093542090617
245.69852003711276
241.79720122227445
239.3764861279633
243.20064311672468
245.72236172959674
253.13642480876297
271.78821931162383
245.50131661095656
236.97888559265994
249.00171547289938
251.13914247241337
241.04633996775374
243.29685832140967
248.12940009566955
246.9321885042591
242.88185478700325
250.62266667129006
256.25757491379045
247.73603378690314
249.7809766374994
243.10523270850535
255.62920983415097
242.7836729249684
232.86442477907985
245.49071541382
244.331787346513
241.84904124366585
238.51255691889673
243.29122756782454
247.24971546512097
238.29194897110574
248.191671440145
247.68878125492483
236.38772435218561
240.29037401801907
248.69741096999496
237.5890494097257
250.59535139449872
243.64963730983436
249.57713498687372
224.7818474973319
243.3575485527981
245.36919222783763
232.55262012802996
237.8038190427469
235.56632009800524
245.8401644024998
235.8974547368707
238.34630343527533
241.26510845148005
227.42262325051706
249.712030910654
239.39426194585394
238.76909593620803
240.66634585370775
243.3510815538466
244.69263271370437
241.32127190264873
247.94891227933113
231.8311619615415
251.76894660375547
243.66103028715588
246.6550577741582
250.06885600974783
239.46810639393516
242.86053352127783
238.77469997713342
247.11288795655128
228.77354748605285
237.058783824672
244.802365797339
265.9022723893868
242.38610352855176
253.13524800608866
237.75946284795646
246.3276906791143
240.3965583719546
247.3447908203816
241.93129297927953
240.95104964007623
242.5701636786107
251.45954194222577
243.14920694660395
247.01224120159168
253.69807712174952
253.82196669455152
238.8464853457408
255.76792155229487
240.09902636811603
249.96178573032375
235.31326548592187
232.16332246281672
231.22625224594958
248.53032419271767
250.2627066662535
230.3941344837658
252.73261152533814
246.17389068205375
245.8760309945792
254.27789388038218
232.83690576523077
244.19739859271795
237.41374341142364
248.45030974503607
247.22339746018406
237.58111113565974
246.9925085484283
240.2402246433776
249.9031324116513
236.22831072064582
239.55212921870407
244.84350760944653
232.58707277511712
259.75991316500586
231.3378220628947
249.44750740320887
246.53285839851014
244.6375780471135
236.0092289331369
232.95083417126443
251.94794672855642
254.34656763076782
245.58910655637737
251.5448145782575
239.361212048796
