293.894750906642
264.6809066436666
262.9653689910607
256.0049266154965
253.60773539509864
254.28996108530555
255.71884822112975
249.82060882363157
253.24971419044232
253.45036522896862
254.3689724320393
255.0431703163913
255.27362474919846
256.62222859351687
255.62444780750957
253.08885955049755
253.13226789517284
255.633090404649
253.2864693212132
255.7735289268776
253.27884666826776
254.3262398610732
251.01778914950228
255.05529496149848
252.21713099578938
257.25846684187763
255.83592586735995
253.24130854914893
255.22841868483283
255.56459670580898
253.0054991734305
251.2927154840636
252.55075567242966
253.1153752612645
252.8015374125098
253.77786097115313
254.73459589980848
250.1648798670285
249.36559685894645
252.7726288770591
251.32480158986436
254.53471708144207
256.43262381232125
248.58357174212324
253.578397886542
252.01522026133352
254.55539790443981
252.17044911665653
256.88273852715247
254.7804002124576
253.4289024718837
255.95417009845005
254.96464565397764
251.5230176115092
256.62611877153176
255.35732827974607
253.38629239213878
253.9515748296053
251.83575385204313
252.68828597058928
254.12189423395648
250.60410629149374
257.3926614525117
256.5886350605324
250.99795887318396
249.9403430061575
255.13087867421928
255.4360919149949
253.53690438136982
252.56840400865622
256.1224145198539
253.7218193467961
253.61031988014656
251.89026553904114
254.00010584550182
253.89151322913676
256.59181786204135
254.5978615082604
255.8621024275526
250.2373567501454
257.61296046973075
254.7032763162024
251.13002618572864
256.54730060122165
253.9918845248867
253.268635275399
251.860889882646
252.7833093701047
252.14387663407615
254.91066611559654
250.56839627865338
251.43695586621834
255.74074703357837
254.42680216659937
254.5156778157252
252.12505947258978
258.74350621875783
257.0252386351822
252.161341538158
256.1214553856589
251.37661721551922
251.49706502962
251.7517015030462
255.93997974603917
254.69295612531278
255.4478160680228
255.86018788186266
250.42321335582892
257.1708852570373
253.17190733170355
255.88617817827253
252.54230531238863
252.47464174311608
254.76481737855283
255.5451549292411
256.4756843330979
250.54492315582684
253.98996674759474
255.1483497962654
252.5937318958786
251.88919977150363
251.23216181843236
255.93133479950848
250.53669204840844
256.6695266108836
252.13295731388644
252.88166969651502
250.26937368049767
254.7950428130207
253.63806589111482
254.090146732422
255.02227426740137
257.37149387925456
253.3164850078756
251.62128477822262
251.75679686135845
251.03923054024926
251.95788537653425
252.0886067655738
249.68873253733182
255.8265879972605
253.11726944238762
252.1892318701648
255.15189104830642
255.35769828658522
253.52414735002822
251.92023733543465
254.17849435020617
256.59777560778457
251.18398448382504
257.74739381900145
250.37199099830468
253.2517273679041
254.08399990540784
256.6043516821301
253.83730560625554
250.85660964414274
250.86219170870027
251.68764280229516
253.69198461595806
254.73047071360634
254.65764381406188
253.76062275495497
252.60776720245485
256.2178295702688
251.15180871950724
257.3302409005264
252.92917530433624
252.54956766291434
254.21136631647823
254.08894091586262
253.51706912999362
259.1760211064757
253.238142385635
252.53770998544496
253.80930499094393
247.36888275849924
255.26241706586734
256.03019158448296
254.47393954492145
250.0344033372603
256.22012470538175
250.54939434074913
254.92467916004534
252.41039878292213
253.68973999708396
252.44337756933965
254.59674304776854
253.71495968104136
255.97524887057807
255.63237646494963
258.1730519604462
253.50139357182343
252.7809871024656
257.3049156968482
255.52713414717437
255.87893914948654
253.35556330605323
256.53731608446105
255.75753581152094
252.3305010455515
253.52293072239263
253.84737647903967
251.43496464713826
253.931139823173
253.4543140734022
258.28224318231514
251.5452157343534
250.86850200316985
249.89947982699232
252.41512172198418
253.1257052117653
252.39591819536872
256.8081542559885
254.19500888448965
259.258604283772
252.50753371169412
253.62261686804413
253.53202462766058
253.30792363097862
253.78680622335378
252.39319030085608
251.67125988066982
252.5018439166306
254.5775252234016
257.18419576228916
251.40536117761076
251.82386381935794
251.94335076804418
254.9180061421648
253.89047502580797
255.08700306707033
254.17836442164116
255.103801397825
250.28595594615035
248.08358534528816
256.0688825523248
251.01007696094894
252.30916756158695
255.42384104627854
251.16426625914028
255.7788716500727
258.5568247286137
253.4184465024373
255.18532841540582
255.95962426343613
252.33280909447785
255.44379757700517
251.02589978466858
252.2204109041486
255.15028964129306
249.1991192248097
254.44849834385968
255.48687587968743
253.6126788622787
255.98151138938556
251.4852126557962
254.127078651989
253.12739751805202
253.96919764722406
248.79298539934098
256.0622424854955
254.10053395728755
254.30978372337995
255.7190940012224
254.5426144017838
254.06729710113723
255.37399689697486
255.6444920062204
257.3231797633198
254.55648668539652
254.57757219857012
250.03646466914506
252.82234217361838
255.72084766182525
254.50573175610043
253.14422531879973
253.5878994743398
256.22501152007317
253.56958807112824
251.88861893526337
252.00112262064067
256.21734637733607
255.3561776541901
255.68516812633607
248.5006363059074
253.3835174806154
251.19620324090647
255.10468425917497
253.78507395998167
251.54220214905217
253.0036628478556
252.87025856434775
254.67145759517734
253.3564439194306
252.83028203735012
255.64594818855403
255.9456398387556
254.76434845564654
253.44825954630505
255.10937449066842
252.13437529622752
253.09772610092477
256.2479498792818
253.9721363375138
250.44331917745876
254.6332586912322
254.57900076103397
251.50927193449752
251.92634292213188
255.89322587678907
257.9039165633876
257.8757752809033
253.12339463917306
257.20183808900765
259.2739438570861
253.7024913119676
253.2196148012299
253.55959019702277
257.0549867099471
256.2884613037604
251.53896945065935
253.28207884865697
253.54782965609047
255.64063485075894
247.73418104815937
253.7093310990167
257.42266106991156
254.6940574013861
254.49566990580934
252.35824246935954
253.54480666859308
252.04731813709077
253.96297848290124
249.50987957378675
252.56921879436413
255.95298318751156
256.11448368549463
252.92795394960558
254.7512196819589
256.52876682508213
252.28827849123627
253.04249418116524
255.42930898684426
253.74625105012092
252.65101008555212
251.91534719264018
253.1725502031477
249.88748096882773
256.50798825935635
253.2521389244066
253.43953113617317
252.6694712426688
253.5797147640842
257.57005467740237
254.29019654043077
254.62948675065127
255.21250837335538
252.3824313015648
252.55392590352858
252.97808376827743
255.7824460852571
254.90585976337024
255.75727476194152
250.44719579319644
257.22328969558293
254.74906759732403
254.02645328514336
253.71331034279137
254.32753313763533
254.05226229813707
253.2595270844613
251.41037056341884
252.6783380851266
250.0568109383603
254.1242494340695
253.34740943314682
254.63947080283833
251.759440411377
255.15033481206046
252.9463967062038
255.66791916028887
255.11813625659852
255.44269338685262
256.0349039751454
254.9178088974877
251.54314578109188
252.95797457783192
252.04543298660428
254.77159433731867
251.92341095095617
253.79366343613947
249.39501852946705
253.50585205109383
249.9093449710199
254.1916062359087
252.21653236501152
255.56704389862716
252.26176195326843
257.5733596662758
255.41836956024054
251.39371286578535
259.6375673269504
255.45358749288425
251.7792946245463
255.08281245581747
254.95069419835636
252.21638979241834
256.94400812320237
252.81480124307564
256.93960762248025
253.81981713604182
253.74891860212665
255.30959577212343
253.04141192280804
253.5111904706282
252.97437427233672
252.0604979389318
255.3107895697176
252.43027367674222
254.88343960278144
253.66682852695521
252.57333856500918
255.3319206408487
255.21467061726435
257.62177175881516
255.79813189356355
252.98161392084148
253.6581380783755
253.88291882256453
254.27735212705738
255.19053685270774
252.5021618779865
254.578133306597
253.2009187930089
248.42655627847125
256.1035473441152
255.0500988799322
251.3796283413103
251.1341899074905
252.33280357372132
254.9463325823017
253.43212672350637
253.03596452638158
253.01473943312885
252.84321273646492
257.4231825381721
254.35186084525776
253.8977943323407
253.69831247442926
254.79474511096487
253.51601334979932
253.42377407188178
249.0817315319582
254.70582967679366
252.27263157280686
258.5923949594144
253.0144563470385
249.58344829104317
254.5346535598801
256.6156935508916
252.1071046032157
253.199533703606
255.08488780158223
252.96871869762253
255.26546993345255
254.9461429804942
256.4178862705594
250.44336547434796
254.15578111386276
255.8602908378234
253.86253642995143
254.12435062728764
252.61460293619893
256.6985564905335
253.98107726158923
252.94943220661662
256.63470340319327
254.52930446060782
251.56174542114604
257.1057615774189
252.43675952032208
254.93936236125592
250.28635366630624
251.01734217483317
252.7135330781166
252.8288826190983
251.10029355630104
255.3856777875626
252.42729421678814
251.03745349602832
251.36430465927697
253.04738346939848
250.556278447737
251.03736142204434
252.35374692671758
253.91766296769492
247.74972551024985
254.2221176467865
258.8528030751622
251.81251394338324
252.21264121810964
252.05911043313972
253.89203692912997
249.96466290054377
254.76908685961098
254.29368723645166
252.21555049753806
253.0075178703264
254.33556652039988
253.70450874231756
250.83326543903968
257.00207229806983
254.09375396554242
250.80020022769168
256.2099363557645
254.20621013620985
255.86915377539117
255.38143811791088
250.8648370691517
253.3661969503155
250.80800983370864
253.21014884801116
248.84667828754755
256.4209620033798
253.95863054221263
254.2616081481392
251.65915059356485
256.00147084891796
254.74045973375905
252.5251170649426
252.37774612841895
251.50861822470324
255.1549786767573
254.6180497429159
255.1067672225472
250.7553793412808
253.43742718276917
253.65742821490858
255.11867261398584
254.24581567116547
253.6247898885631
251.44684270827565
254.2558658364287
256.86468613918987
255.5812960464682
253.69536195657565
256.5084321217146
254.47194021841278
254.0062498440384
252.43075585653423
252.62508314903243
255.53476128180046
252.56068083216087
256.69427028356586
255.1640412703273
251.97742871637456
257.33978051354643
256.91335765612894
256.3617602211016
257.661088481982
256.51343006722163
253.70340649975697
252.58184303800226
256.13048457948025
252.87446885393
254.32277100696228
253.47123458629358
254.83711104895337
254.2563343566144
250.66954719930072
254.61805196772912
250.36864434264135
252.40516680644942
256.39596285577863
255.36823117471067
253.39448493169039
253.02127102788654
254.35951845010277
250.91965333849657
258.2430527167744
253.7377911894
255.65613531670533
253.2906998497201
252.4347182411584
253.69976184231928
255.38665191733162
252.68163348850794
252.82251656899462
253.71915915198042
257.6799432542757
253.18860726378625
251.5725617762655
250.60210512578487
255.4231740910909
254.73650953834294
254.1645967552031
255.86195941106416
254.1374381671485
253.82417725850246
255.35868765809573
253.66635412853793
250.36322481068783
252.99488811549963
257.1214452579734
253.29975779980305
257.3581215236045
253.44778292012052
257.4095903406851
250.9426592819218
261.78229669382563
255.73764378560008
254.3598591297632
256.42535882335505
252.04691226803698
257.0309529751539
253.77535619746777
254.0449433036265
254.43072018388193
251.69309477947536
251.75228087845608
254.4498654915078
256.52902589249425
255.56613979872782
254.4903246143367
251.12740359574673
255.8110439145239
253.3415364648099
253.75566496758256
256.57134151423816
251.5928589317482
250.3424064516148
252.66010226204526
252.11680041017826
253.26536118175136
251.84032826544717
254.58416795745143
254.61577881034464
254.9248015479243
253.63951355894096
255.1563957380713
255.22571947347024
256.7898277884233
255.1862583050679
252.46366516235867
254.07022085043718
253.21160645986674
255.10840660115355
253.75326106781722
254.27272669394733
254.103720009909
254.20274235121906
251.9773801433621
252.0836922522576
251.69586474949028
256.09711836485076
252.4608115015144
254.2584329203819
253.31004038630635
257.6909758875263
255.2536028663162
252.41693775480962
250.682082225685
254.73699362119078
253.78114064221154
250.36808157875203
254.15848599464516
252.23425617269822
253.38361767071183
249.87281176215038
251.88252366520464
255.13328239368275
252.65931386096054
255.25447889851057
256.2120374563092
253.69095409972942
257.46169592885417
250.72026422605268
256.64684628127725
254.11811727902386
252.99930092634168
256.4306592408393
253.3796997379104
251.59666754462523
254.82049635850126
258.9733147571387
252.9239873912593
250.76925310998922
252.62052549331565
252.562814349978
253.03349565714598
255.22745562184718
251.4991399438295
252.4331275994191
252.34130821880535
253.0079533160315
256.12954759495915
248.38174372946378
256.71576194043155
253.3472853276471
254.16256760325632
255.77276714731124
253.19822172727436
250.87977655726718
253.7836162908934
252.12057424272643
253.77309950778726
251.64332715785713
254.07817500052624
255.47665507160127
249.2679308228835
253.21976308748708
253.35763533602585
255.487513788481
254.50470375607256
255.79717048883322
255.96463449075236
253.87015610648086
253.7235888366704
253.2282518649008
256.4986062271346
258.3870637563814
251.36743979837047
258.34413051768206
254.6318021386105
256.56873273363453
251.56291905674152
253.4759528527211
252.2144928452326
254.0971972651896
254.17013825126924
257.0883889425604
254.48241645650705
254.12257626926294
249.99100662759156
255.63763806369388
250.59778666807688
253.05980388843454
251.34516115565202
257.46092157805106
252.7667728109518
253.52769600469037
251.8241017254186
253.28371358657023
252.82835472322768
253.33797101469827
258.4384267908172
254.96539624102297
250.3636581422179
250.78123994011548
256.2481509510253
256.67709736619145
250.2498706203478
252.9615886482352
252.06738077790942
253.72722044668626
255.7456855441851
254.75182993660565
257.4568700288073
254.95353038277244
253.34795948371175
256.7068500920723
254.31664970729616
252.7539527673507
250.0160069601261
256.29349040193483
250.57507044100203
255.32855633483268
253.4768976518826
254.11230064110714
250.89575070689898
253.13386918924516
254.10911764431512
253.26681813912
252.37949574398226
257.35431785782566
250.33390247038915
255.71237645146903
252.46514501667116
251.6512055452913
252.0811310953286
258.50481425828184
255.36434156654286
251.21563502494246
254.2801784114854
252.31956426161923
252.86219449169585
255.5023076669895
256.8747295466019
253.05677251148154
254.2162608015933
250.87346468030591
253.1282537735824
257.22953879571287
253.65441652783193
253.68570072980947
255.18267374887364
253.39521559729474
255.87924185523298
254.29332903859904
254.31676771177445
255.26126509168535
253.18984969999292
252.38149267999688
252.21892873256002
252.13197763141943
254.53009906117222
252.12960765670869
255.89951117150486
253.14594897342613
259.0380507611553
251.394443497702
253.3413000649598
254.75101090964745
253.03672760460177
255.79398043450783
255.21497787119006
251.39289820662816
252.56972719816258
252.60947780578863
257.56892123114085
253.46910137115628
254.77518659489579
256.60652795335045
250.8950573692273
254.98184385432978
257.03780073154485
252.9854548884614
251.4302091432619
253.61875124738435
253.9847387682821
255.34969955674023
251.22498186523444
255.90879476279952
252.15254689194262
255.2826630496129
251.4277597615437
253.98848144427757
253.56341315247118
251.87155619286932
254.08269535657018
250.92741270695115
252.9121410055377
252.40450780373067
254.23079477620195
254.33041142014554
255.22669504777878
252.1717888544954
254.03881736684707
252.73372435074998
253.60359311162028
254.1634520837979
249.14178945875028
255.59132499384577
251.8935748898948
256.3870951193676
251.81469525853754
251.59591377348988
253.958356825402
253.34948689420708
252.15041872524307
253.83121285075322
255.18430148993502
253.82997986735427
252.4082748280489
256.2786578000232
251.35153210136923
254.82807721276185
251.28325344377663
253.75520453267382
255.0662799818092
254.04642525702366
253.40984219347592
251.95803714037174
257.30654682483873
254.9814659419353
257.6521201947762
253.674902138795
255.07203127563116
253.46066821162822
256.306872719666
252.11038264734088
256.03619868820533
253.13642612480908
253.7076854214538
256.58011867359164
250.84715341302217
253.76233752063126
249.41073654222419
256.03155367152067
253.99950504745357
253.64965920799295
251.58274226653157
252.74305952133727
253.21335150214145
254.22237206125283
251.84925551025663
258.9297805680544
250.22629341646098
251.62613988481462
255.92724242265103
257.08864304155577
252.01611665499513
253.31116557010682
252.50044685855391
255.50813945225673
253.20997626005556
254.14701502391836
252.44180703756865
255.4353099304717
254.06687095717643
256.97398811992025
252.93682927219197
254.39548779043253
255.1679647009878
255.2210246870527
249.22137695134734
251.44376715298858
252.81086697563296
249.49009749499965
252.58092232557829
251.17444382800022
251.06926094606752
256.61655503709335
254.75545136467554
253.30037240855745
252.4446745714231
255.14486603662954
253.5365942758217
255.95117358202697
255.6217549930152
252.56920484255534
253.16653228746145
252.57905511636636
253.0201288119424
253.90625465288758
256.81524203316076
252.42523042080575
255.99643915260094
256.9028455275693
260.956199345208
254.53729906704393
252.18801261487533
256.0826140739955
254.2627464235993
252.67556168543524
254.13405332848197
249.94147970815538
253.77561083846376
250.36666867797612
253.96942626021337
248.861779482977
252.83005030979984
252.34129951210343
256.46974278625567
252.8927916637913
256.05666404328076
254.21369824605063
254.5149361140211
254.02358554996317
253.8942169888178
253.78677603873075
251.77766553330002
256.02012448973255
253.31108636085992
255.35598226331058
252.2001076595625
252.56033019701135
253.7838914533786
253.18104298505932
252.33566573727876
254.279087758885
251.7741817199567
254.09449618606595
254.28312767739408
252.64987371923053
257.0876290904125
251.4106875632424
257.45379584361217
254.2420754795603
255.48672368066036
253.4631457963551
252.80108476959867
253.88303946252563
254.36821620425326
252.373014946701
255.11699945837609
254.28341196200927
252.74192381373723
251.77921754165436
253.69322871035547
254.55655032373033
253.55250931560295
257.4985936713638
254.22745937446598
253.9706122839416
252.97631830061437
255.36118614743464
253.9945889536466
251.5580340003071
252.23117085374543
255.4455027625081
253.09687651437707
254.99741900808294
255.55274052661844
254.6873423984507
254.8383070048876
253.84959157090634
252.5170565287117
252.84161331149517
253.40722260685288
255.98898324996117
255.24807044683257
255.30849071071134
254.65781245703693
257.0695255745377
255.92404327608529
249.89142315930803
255.3724014472391
255.44466642430052
253.18932663384476
250.6206517513201
255.24045660637785
252.28357815468917
251.44040296578896
252.20106483975542
251.33209856267786
252.84813973482233
255.47087326127803
249.8718068759481
251.8553540589346
252.60413100474398
251.66243381111417
256.02270619093906
252.48966615373502
253.42424905131338
257.30514699051855
255.1869673721958
253.50133768480737
252.8514800032135
255.6627984259976
255.8375790930004
253.43130775843747
252.19404949236196
254.30336698284373
255.56336448370712
251.4568185749231
252.61652956157923
253.16124709829455
255.14906887209509
251.72823483048705
256.0660014124005
251.68288707063766
249.50680359301623
252.4984647675301
253.91359249933157
254.0075270914822
250.76521467062412
253.58941031887662
255.3610484600067
251.31511408824008
252.85656762105646
253.28880923084216
252.89982045127545
251.91521223407472
256.79613667784724
250.25256375520257
251.00971738272347
251.82363897468895
255.98921111802338
256.25216836086474
251.43630064302124
250.2013093046844
252.49963048519567
252.15609973511891
251.31665020389482
252.3610089205904
253.66395638062386
252.82815476390533
253.97744828974828
249.6421021905262
253.30213232856477
254.95055131945992
254.10656277713133
252.16566748172045
252.46979228692362
253.75319427117938
252.87129413650837
253.35597010829952
254.36391024111072
252.649269823567
252.77195138437673
253.9344584751525
251.65932594129117
255.12107628252124
255.04439955577254
257.11424878722755
254.62617134815082
253.24503849155735
255.20612760115182
253.31655776395928
253.7370814496535
252.23488989996258
250.23250720486976
254.9570835675695
254.0081775780418
251.34690209146356
253.8231580617139
252.61400372436037
253.98919135442702
253.28922546940157
253.1791031397297
252.26594530325383
254.92845418007346
250.87704683095217
252.49469397088978
249.35944151127478
252.79643566953018
253.9985935029108
253.28274544182932
255.56629607372452
253.96251890895655
249.8929222979932
252.1210509237717
252.7154683615081
254.7022464798647
257.2203611920704
252.78419306350406
253.24038066604408
256.80031790200155
252.8333051597001
251.8911334432196
252.04391792119714
254.52942552656168
255.07498271908844
257.098158481298
251.82710291992407
250.52117285697022
255.49540217930917
255.14962959330296
253.79292765818536
254.99934157490497
256.2265382105834
251.66146146331448
253.00560677371686
250.8187264165026
254.00021295028273
256.2248278638581
255.7015732654836
254.0584731613053
251.2896599585656
252.41124076233245
255.6889404944959
255.07799720123876
252.1183590014116
253.75468872918282
252.90938459825702
255.55212201876566
253.11821149731986
255.48100931855151
259.230157280399
251.5699629104929
253.6178170091589
254.6073673880892
255.76169095258228
252.97980358853238
255.26694801391568
254.5147799322731
252.4210394267575
255.30215727095492
253.9630310786306
253.83820667956024
254.4761273188633
252.0275354515179
254.76806383917574
253.62188350618817
252.08780661493074
255.60938383534085
255.30428019235842
253.73201949056238
251.75333059264813
254.87301083438797
254.35993350157514
252.7981767951278
257.7695886726724
250.7585683062207
248.82661257107975
256.11456817243015
253.51119905972155
254.4838193344185
255.02960178488865
252.47340805537533
256.1922356358846
253.87160663108807
252.06870968732983
250.16855170961935
248.48082532425178
254.39595302951057
254.58662594360067
255.44851948239375
253.8181271009962
252.38145423156675
251.91929298074683
254.11330254242057
253.59183718584245
255.17070970783243
255.59068086760817
253.55729054531548
252.35241741180653
252.8469739338616
252.33138143765973
254.90859619586263
251.36907050188165
251.88780091755325
254.66495878482237
252.10359802597668
252.1465152890887
250.56780991866253
253.4147936088848
253.66561115789227
253.04830724693602
250.19746744487202
255.697021891654
252.6218635039404
255.0949428852764
256.1238983083749
252.86380488233408
252.65947455679998
252.26564484706614
252.41244914429262
255.08340122713707
254.42816010594834
253.30570705392165
251.42763738438953
254.96171676187078
254.46918340731645
251.99340234638657
251.6508661271655
252.93731229699915
255.19510120427003
252.886047095526
251.7619084091857
255.77330212621018
256.48880615405506
253.27460722683463
249.94861316145398
252.9328187398496
253.1404907637625
249.69401282677427
253.91452577576274
255.4540997039294
255.15054645744385
254.0727530498989
253.48696290387306
253.88934529881226
249.80770442797802
256.87938805116573
254.33454489993164
251.0774296722957
253.8856265792274
254.18356626533205
254.4563549348386
255.1673899590969
253.31753344036406
253.90437853412004
256.5893413934973
255.04994737007655
254.3712844257243
250.3888781068381
256.38556888810126
253.95563748583663
252.83979468996404
253.90264569560532
249.271250628517
252.1240341856028
254.22451157402247
254.40620151953772
252.9011798640131
253.61865826422581
253.3658015227993
254.9258376325597
253.07239278423367
255.27215312275803
251.6071152643999
252.90285188669804
252.99236274621217
253.3813123537111
252.69372594216838
254.10886253596982
251.83752525766613
255.7968459246913
251.76107913814485
252.35171410103794
253.36709182168124
250.78341691190144
253.28982377570355
254.5488427419914
254.4098459345987
255.8022191899945
252.70725137385307
249.77470541541697
251.55711387388874
250.85135529754916
253.18354361772072
253.89028092997614
252.6950324505451
253.62612188601634
253.01260729215574
253.69094018131727
255.9436203072546
254.44054366543423
251.4512808001018
256.3008192880661
253.92808892921312
257.70784277195344
255.67114257172216
252.10997141699772
255.83478237647796
260.4889491596259
254.9096041105804
252.63832887413446
252.32496129529318
256.25635173660703
250.50607648538426
253.02938012313098
257.10011707706144
253.32637368649011
253.88641917449422
251.40683135436848
253.55875960557023
249.96987547492608
253.0454110155697
252.18321784195723
249.01727714581648
253.70881677779835
257.748163454351
253.28726852784166
256.3719700324582
252.1907243268215
252.18372295086738
253.29449909710092
256.1322834530147
254.1873615825898
254.17818636930315
254.82211317209294
254.17977377894567
253.13615262060193
253.1780536636361
249.99961852584966
253.0471813387121
253.14900918543572
252.88774642441422
251.69447399070486
255.5243997128564
255.6506746269879
253.21306233480573
256.2911423970363
253.46847174112918
257.1168683395372
253.84117278689519
255.4353705078829
252.75036001973785
255.2493155322736
251.2891004269477
252.68941843492212
253.66386765928473
257.0386980216135
252.7570289717405
252.44437979179202
250.18833904032363
253.1328590628109
254.85465452971403
255.31205088546267
251.26289963984163
255.6051824580063
255.72346558218123
251.21045533928555
250.62777207262116
255.8499757926329
255.84855666483054
251.69066269113682
253.10669012041762
253.16310389648424
251.33620057668304
257.01932893606136
251.4418903196929
253.87357960880036
254.12739241233794
254.60094004316488
256.233082817751
253.82397667953046
252.9113250343944
250.2590458941413
254.40666520845843
251.5323202110594
255.03348198602907
256.4333252698998
249.35148993233452
253.94177574157948
254.27311256714165
253.2164612096385
252.70380860334262
249.37874736503
253.1776904654107
252.51771382289007
256.4946878045448
248.83019093243638
254.54961566923885
251.3485592509387
250.9272634742083
255.5823930511251
258.29640204570023
256.60026366251986
254.69708389800508
251.88214932207484
251.4126477012178
252.59731450781692
254.06222730508307
253.3749708335381
253.20636988349725
249.72881298995344
252.81229990319116
252.59314366715262
251.96600210299948
250.9404245853657
256.07542910717893
254.53825175360544
256.0775909573422
253.5593875857885
256.4687555535347
253.65557882998837
253.24572928296402
256.0803350750357
251.09954864531755
252.98216783354292
250.2061108116759
255.14951415528776
252.52277448476525
254.92284289078088
254.39519780065166
253.9380423584953
253.0880238035461
250.89899275789503
257.5069601836731
251.19329003081657
253.6781605782453
255.74567932327045
253.8537521107355
252.15424073155737
254.1501107092481
252.45332513249014
253.81200688175159
251.89543460664572
255.16230491379974
251.14935198816238
254.16134015086573
254.0759294218733
253.24528521997854
254.26840175851248
257.77107468241593
253.72152748523513
255.75749155093217
250.72464108740678
252.87043491116492
252.85208917612908
251.4067197148106
257.1993785248487
253.30698736646445
253.2176957942429
254.46542967943242
249.97563730634283
259.7951691902126
252.10569894319633
252.98291906469967
253.55673543491866
255.96916212764336
254.1245427648537
254.19928198400885
251.2675881263567
252.11302580521442
252.07815430755727
256.10403273272095
251.34735026489943
253.59179536352167
252.3476816447219
252.0945536303334
252.1054187961854
251.65971352002816
252.27991131617455
254.39096854190575
254.26957054203376
252.52744757418986
250.51497555174865
252.64586085721385
254.02429293241585
252.81231332779862
253.22668868419714
253.64815438858932
255.94235272082733
248.6854148528073
250.7070399260847
253.6783973061829
253.06806747219525
252.76517162862
255.8585021630861
256.64836064056726
254.7244863443775
253.7960968876141
252.00348038773518
255.09792529145489
255.69704596116208
251.6529742119601
251.3282310446957
256.45390915696044
256.53278656792827
254.47946812555892
252.73886506992858
253.1607467373251
255.43046259292169
255.5353488267283
255.79577870562207
255.15060826716945
254.15459121979075
256.08521502517397
255.21908375638304
252.12586441735039
252.34140897967154
258.50138539477484
250.15100823633838
248.3280226464267
251.4306529755704
253.0075484685949
252.01148978009587
251.45867746166186
250.9900847399258
249.29763892223127
255.08751961647067
248.250432584784
253.08983065467328
255.269977493037
256.80118760705227
257.54612707562046
250.57276172051206
254.5421890905709
255.35968068236252
254.0235143825994
252.14432619849686
252.9839370289119
250.20538995455718
251.75588765973225
253.62624602665892
255.14317204308463
253.60151463287184
254.31124510068912
251.46507334389025
254.98506313038524
252.16390805039555
253.74820697295945
257.46046831592685
252.84354928083485
252.65620550344465
251.17450102313887
253.88834118918749
252.73321944021154
254.1377572999918
254.55154962051893
252.55576044862391
253.08293890953064
252.94779298087815
256.13416026294
254.90334164496744
252.80428546876647
256.18377079907805
254.57353160448838
252.97424347570632
256.42393232579343
248.74856220156653
256.29901086667087
255.5499371731421
251.60864870151272
252.90029707469512
253.7249781054561
254.69485836150125
249.91419016115833
256.18812823388726
253.36376812669914
251.79337590484647
254.62244163569994
252.63604581687832
255.14343071274925
252.266509840847
250.61192051996477
251.6349410074763
253.70108452858403
249.09417884616414
254.64467537548626
251.2847327606869
256.20917205075966
252.3962776187691
253.6971509156283
253.44474413321586
251.78386163542746
257.6079747615149
249.17302129638847
253.00766475492856
255.6683621496777
256.0931341763935
255.97192175034434
252.69845639931737
256.49006440502126
254.51584363274742
252.78438852907857
252.26895959104877
256.1247063080664
258.2055299769854
254.53104249661556
251.4155754800886
257.0368812048109
254.99856810393976
251.85074083151994
252.40437189873774
255.4983822274953
254.67634726985125
249.41936526540667
250.44783507549437
256.7915563893039
249.60429718304658
254.0968724047416
253.8782481473172
250.34450542670675
250.14457817119546
253.37613121047616
250.8109955120599
251.73390712222317
251.50718218152178
255.89149008929962
254.6940569645376
253.62522643065313
253.98494464514079
252.63134237425402
255.2564450292848
252.17992563347798
252.06232298963005
252.1307708416134
252.85633598052664
255.90997298964066
251.024444800918
253.1568299398641
253.0384294152609
252.9680547490134
253.70657672610832
256.7697357541183
251.5717755794758
254.8448101246613
252.87797332764603
254.90573277219664
254.6449359448161
252.4506219945033
254.07199485728052
253.07004560070345
257.87936104647815
250.52844284358434
252.18495241529308
254.8662970638834
252.25814188999357
256.5647999245557
250.5175179525395
259.31032870488707
251.2846522690961
252.14882567542372
252.4172497105901
254.02393924287753
249.1254185202415
258.48284072912065
253.79359333985485
256.12574450758984
253.71697339729872
253.7548081537825
254.44183519738726
255.0681603566627
250.55981485539814
253.0697465001722
256.0122103776084
254.04566090903245
251.65546609769808
257.436276578228
249.1952897508163
254.47565018455498
254.68708785722265
254.51696545083541
254.644296573475
254.6051280882093
252.72525213932386
252.68531010329025
250.14336160285166
253.91934716468677
251.23435330134816
252.91908814525232
254.07065811613575
254.7244528111769
253.71780903142644
250.2662337552174
253.12528655224014
251.86664324550657
253.2805930103641
254.79657626739936
251.80548659851775
250.37172824639129
253.38432605139678
255.4508213074878
251.80040832597297
256.726585589
250.9400955174351
253.68935141107067
257.4932081924053
252.14231444895267
252.00781178713078
254.20540827314835
254.2111974027357
252.69064662477467
254.30344299937133
250.89771047898103
256.9395154394442
253.5877510634018
259.4554747187067
254.2499777356279
251.66370506491512
254.35719598358264
253.74551397486357
252.5988878288772
256.0770567647414
253.65256760653574
253.20878287457163
251.6198463475448
252.22072961361846
253.18546453339513
251.99084966728697
257.4514251713408
255.65749891364248
254.84218338353094
255.63754988572327
254.56871624971973
253.28856323787477
256.3119487739168
256.0804830768611
254.8895660507842
256.8651295361342
258.3089327402413
255.3914017099887
254.51898348500254
254.5841811496648
254.12047279503895
256.00601070112316
253.4630817483412
253.20158394239843
255.0305339806946
256.50167864590185
253.0180278517655
253.44213085516822
253.64771030202974
252.04523660446284
256.14756035327446
255.58427169977222
257.7626456255093
250.9898642958724
255.51804944715695
254.50434718868928
254.48474921134766
255.53477139561437
253.29098167235497
253.9056639811024
250.12900332262507
254.70843592321035
251.90620030631544
249.69324410666013
255.25417558586923
253.28020013059722
252.53735560545465
252.6927527631051
251.81340501946397
252.15978710213676
254.98502473707777
253.54794553492684
253.54287178005325
252.4546659849002
253.17155317915604
251.21864422032377
255.03649926179787
253.88238750089658
251.83617766812677
251.32420084049227
253.1936218185001
253.45165460417047
251.44990666111698
248.75890847103437
251.352573144075
252.7896239007241
252.55986390041653
253.93202107783873
252.20783422281966
253.77438861795235
252.65026255493285
254.80036993970862
254.23183822981082
253.37576066050678
255.44957495096605
254.02007306338055
253.0224775458919
255.1418825503206
254.69302697840612
252.44918282912113
252.82799547922332
254.60587249754462
253.44406047899975
255.9412560352357
255.7197236373322
251.77523835137254
252.68067685945425
253.29281120415544
251.68193852115655
254.13992536778096
251.99470555165317
255.36346373346169
256.54903606150765
253.1298636450665
252.08746136073023
257.53527253336506
253.66326070087962
253.84617276967037
254.0528138122172
254.50020862586098
253.49158357770648
254.63431921892334
253.7452845784719
252.59733873815276
255.64004977437435
251.06153252895456
258.21642684022663
254.5091230958933
255.81726267613703
253.24537033063825
255.618884750118
257.084782656224
249.62730389647186
256.1048976415768
251.04938591620885
254.5979485156131
254.9242591795046
253.49462801992195
253.24786603072425
251.21803943498526
255.56441328598885
252.5849223047844
255.25754300458357
251.92649717413587
254.24266891810112
249.3999717347324
252.0432131976704
255.47415931912838
252.76742987369653
256.06226657296065
256.81537812162424
258.6719066160731
253.91948050551582
252.16500072181225
253.201171648514
255.8191461347742
252.84054051083513
253.34806209028466
250.74347392260097
253.20779444865184
254.54630254209042
254.81545261177234
254.7496777974302
254.62281493277987
254.6158179611666
251.42039127455791
253.63335389067652
252.9739332529134
256.4223801748012
252.61530687712366
253.08902506448794
254.5925413009245
251.43476604070747
255.268195130222
250.84141548530897
255.35603614716092
256.37530903948937
252.26955855824053
251.082163382438
255.78386477939785
253.25783861993114
253.76502920227358
253.61464527697535
252.64015665149782
256.9348785139737
254.83567129500443
252.01135816954775
253.47438487579348
253.08510970685165
252.55094604101032
254.09092004288686
255.72487577790162
255.4909052028088
253.74158064235235
255.91386663756566
252.18675986444578
254.15939132339554
250.40422305173706
253.00904654624173
252.18759145546937
253.36370263900608
253.87544486002298
251.95445511490107
249.38746458635433
254.9924901491613
256.38244636706077
250.06484842009377
255.09902713709744
250.86132048472064
251.0056143462425
253.00453107024077
252.32860516977962
253.31587255361956
252.41630860010628
254.79734335787361
255.54994999838527
253.42135831387714
253.8030655334005
253.27932096197037
254.751236639102
252.00380189955467
256.8248985322425
252.55232282652287
252.80181234679185
253.4728631002945
252.88878352643223
250.00565885286778
254.3218048689887
250.86557977175107
257.20682687708177
255.36964711919427
255.17579157766886
255.89793034485774
255.34143596468493
253.89799126167782
254.10712093184702
253.5058514039265
251.84516025707126
254.7573617985472
256.8251773073571
253.7319831760833
249.72201079997467
253.53387577133253
254.8768168039387
255.74346994195366
252.8695635946351
254.00713297759648
252.2657937888871
254.61234416585648
255.87407791474834
254.38001630397048
254.26043837377802
252.81035721173976
251.33153477392625
253.76693344075466
254.0839366208529
256.5780362326186
254.82368245185353
252.16091042064363
253.13918909046333
253.9184387854766
253.32902414776618
254.3979635355645
249.81524324271595
254.36865037237294
256.5228428966948
255.3770498551312
253.31720514188055
253.39523572981125
258.1956855918979
255.10330088215414
256.41157679480966
255.75464875705075
255.92629014060367
255.48318195302272
254.2763045016909
251.6652526302496
255.98653832409764
253.1333863781765
254.63757129345322
255.64539944933495
255.33473100030096
250.44118689466268
255.06316302879713
252.8018321476411
252.71233929385198
255.72224014799576
252.578053381294
252.4367756402935
252.93736482725944
253.64072085131193
256.3465473369579
254.23585062054917
257.38596561865415
257.72479382302845
253.6515478741494
254.0145205113804
255.01431089668768
251.38048683048692
251.07876253448194
258.02855663676746
251.31634140008828
255.60897556348937
254.74669807829196
255.69852186995558
251.57953469234053
259.3971424832707
250.4908984056674
251.58510032878257
254.34382527816342
253.01749770971946
252.7087062280625
254.4031724045053
255.34472204413032
256.18505478830775
256.3358713462367
255.92660815251293
255.4819713839679
253.2616809202009
252.14115823159227
252.37327484466368
255.43688893318176
250.48688886675518
255.60378670686623
253.76445700781187
257.6262039290741
254.041777223174
251.76657519716537
251.16506652045064
258.9175311286235
251.740975835477
249.9967649935861
251.58352151553845
254.33912292058812
251.78264715551632
256.0557729479624
254.4613609794178
253.15190828830237
252.82348597620148
253.97562628646847
250.60072351252893
257.1833222215646
254.7845263914205
254.6115134730353
254.1858177826507
252.47249191085575
248.6275456091971
251.72817989363102
252.71625067910645
251.66470529942308
252.07269504258875
251.1063613293809
257.29347061220324
256.388767003722
251.73527337308042
253.3735064654611
251.7731512564933
252.16898474097252
250.99946884787641
252.03841559810098
250.7057880931534
253.097636961611
254.80430259252898
250.36549409781583
254.69236044143327
252.1075219225604
252.3710633330047
255.66069080494344
254.58714087842964
253.91891406988725
252.2988909186097
253.96072071860544
253.85109744267538
253.9451152549591
256.4603181114653
252.62573853693902
252.51465816411655
253.27813124563545
253.30127229029313
257.5595354953548
253.78536184609402
251.50731802359223
253.53279429348186
254.72217355691828
253.42557396611664
251.00231475697365
250.8714198169764
254.58323380770162
253.0118905454874
251.81804843840655
254.54381653282326
251.4090714046033
256.1625046263216
255.23057612217963
251.9648259715177
253.0154328251956
254.0461082890397
252.92313955305144
255.1777435381664
253.93966400367208
256.0225970237516
253.6376940482296
255.0653329109773
253.11902828572784
253.1423666771734
251.72881473810412
255.90732554742135
256.8488158431137
254.5647494281875
253.8601400378393
253.15629108028952
254.62089996947907
255.85973683360498
256.922109618783
255.6205883823568
256.5774759654887
254.90085388917942
254.6420415446628
254.4381639326457
252.79687519930303
253.900846032775
254.46659568953328
254.20506248425227
254.379432373913
251.6147637568647
252.61288104124833
251.33191657159477
253.61763233109377
259.45713417453226
250.94680420751683
252.48062359774485
251.2262879043119
252.9169832415646
256.1510553081753
254.1277680901112
252.30185760953464
252.51935299357865
250.0211079363944
255.3078846965218
253.5668748569442
254.12667803710792
253.65147601487115
254.71930458256975
254.34922543668654
256.3218257082626
254.40365314867813
252.30918954359367
254.69293024064973
254.02962676319294
253.34530297713354
252.64606713841204
253.39286034961697
255.51850212702993
252.04239091626368
253.20436016866006
253.0476183204446
254.53892212500796
252.4880082916934
255.51936362835113
254.61909167154226
252.12122204643674
256.100523632369
252.50288767460734
256.44831798563246
254.4732235756237
256.26911694637965
254.0769817311084
251.37436328583863
255.99548768252134
254.4956417880021
255.36655890929978
253.89420414587948
252.5940483752638
257.0588500407757
254.9357177624479
255.05433469056152
