168.97943141557244
168.97949924152817
168.97916212368818
168.97990468335956
168.97955208621352
168.979499936484
168.97916113038355
168.97932721211964
168.97949118003544
168.9791634480107
168.97943462056628
168.97950008506996
168.97916069542043
168.97955617900607
168.9794988683716
168.9791623300025
168.97973803173954
168.97977897552573
168.9794829298471
168.97925853781635
168.9794975786699
168.97915046123853
168.97949889786287
168.97916216248814
168.97961292190666
168.97948436798288
168.97922114747598
168.9795010681264
168.9791511686617
168.97949930591312
168.9791617366991
168.9790019604643
168.97916610224274
168.97955942363842
168.97955350772463
168.97929933028718
168.97950194564328
168.97915252943858
168.97950003125698
168.97916066985817
168.97955704510787
168.97949981866805
168.9791611708115
168.97931289617372
168.97900734631367
168.97985956069897
168.9794817246384
168.97922405349163
168.97950237594887
168.97850642437515
168.97900735462645
168.97985572705875
168.9794821541127
168.97922670597836
168.9791609251606
168.97928471536216
168.9795990784878
168.97946767174653
168.9794993103078
168.97916175135833
168.97900065608337
168.9792172168145
168.9794854169977
168.97949921703184
168.97916187856026
168.9789916071568
168.9795074785925
168.97915599827684
168.97950167197996
168.97915423290033
168.9795008504516
168.9791576388161
168.9795023822553
168.9784909495247
168.97948871993503
168.97925803464386
168.97950045355174
168.97851366916439
168.97901006745815
168.9791931773907
168.97950476444385
168.97916243603322
168.97930389139583
168.97887799367527
168.97949662484825
168.97915432120135
168.97950088535435
168.97915754777205
