68.50772378572674
68.53047013733067
68.53747383965583
68.53809741062378
68.53835066479041
68.53881094467306
68.53991904341183
68.54235463269924
68.54609392237217
68.5501805625363
68.55173180896054
68.55118890185531
68.55121780290938
68.55093235149616
68.55078257503556
68.55053368643439
68.55038963109928
68.55017953141942
68.54999968105767
68.54980719502691
68.54961300107334
68.54940396516577
68.54921675140486
68.54904784707196
68.54885857507088
68.54869077346666
68.54848347585721
68.54829074883673
68.54811653497927
68.54793611475816
68.54776138070883
68.54757620449072
68.54737921142896
68.54718619698997
68.54699489565883
68.54681420925226
68.54662492778607
68.54643467575534
68.5462196477456
68.54601395904501
68.54581793073248
68.54559539552065
68.54537978791996
68.54515381366036
68.54490184730184
68.54462680631968
68.54434344476704
68.54402562206087
68.54367761743197
68.54326272679282
68.54276444178504
68.54215438430401
68.5413212021449
68.5400482151199
68.53772596672752
68.52156291327265
68.53073096284061
68.48658589243496
68.50483103636361
68.51347790051295
68.52156766596818
68.52674339815349
68.6328551179522
68.43508636045226
68.49434312405901
68.51060277956822
68.51852395248534
68.52976551938445
68.51757046759849
68.52722225073376
68.52937250027207
68.5344500640349
68.44191899729776
68.5306124527724
68.51617611776601
68.52366678784347
68.52826936310703
68.51459651552796
68.51999091654034
68.53387439887956
68.4440704606659
68.43253392295264
68.44373493720741
68.47834942376721
68.48973444851981
68.49566592779229
68.502360387105
68.50956989992301
68.51677433918303
68.52549824407288
68.53065077645988
68.54301421052514
68.5423132564556
68.54058697256369
68.5378662236435
68.52083187728385
68.53312249605187
68.45781954334416
68.46340607469938
68.48110872183315
68.49688830152081
68.50349532028304
68.51041346076636
68.51732094662111
68.52638902783656
68.53071505906155
68.52054771936128
68.52762626367803
68.5196039431612
68.52641694999511
68.53001905945166
68.52490222672714
68.53573248989596
68.6318989340325
68.43590376803331
68.49560729903533
68.44354746479439
68.45057420721605
68.46466457387942
68.48083179065543
68.49567040214606
68.50186105347893
68.50841089053756
68.51518962282171
68.52198343044256
68.53616358342151
68.53858140447846
68.54291889677734
68.53784515941152
68.52989411504495
68.53418389601029
68.43747791856549
68.43930396273208
68.68071609431536
68.58962588352006
68.44230190432245
68.52778723148549
68.51894715436902
68.52907422295357
68.52944544477214
68.53121903295323
68.51734938299705
68.52438313451421
68.53892519775945
68.68709790301364
68.59076184182777
68.44392625516411
68.53010397219441
68.5391844868609
68.5366827230282
68.54331758865919
68.54224086691465
68.5402304480358
68.53573093263549
68.51645006125545
68.52256241747091
68.53627476162546
68.5374716778606
68.52403249159943
68.5351069084918
68.51369135790083
68.52107911250278
68.53848984267643
69.45975505353817
68.54826409975976
68.5441714322842
68.54174592950221
68.53940938915548
68.52673527635125
68.49753705365583
68.53373979798198
68.44522703005714
68.75971791548
68.59352419548668
68.43765947444263
68.48978476882985
68.51124366632939
68.5179154624675
68.52732001609911
68.52667518556336
68.53161373376133
68.51357297614959
68.51948025412275
68.53116189481443
68.51329573108887
68.51921696638601
68.53081685803045
68.51659386603933
68.5229362575119
68.53635409193157
68.53663780668285
68.5180855044564
68.52558626838072
68.5286548921249
68.52063404528599
68.5321575802518
68.64246872114381
68.58430911918185
68.43497621060669
66.96936865763928
68.35377034438352
68.49588621934163
68.6051618689853
68.57625028646362
68.42953856558597
68.45979430389343
68.47596890468776
68.47335203254625
68.47868041413676
68.48486922627126
68.50336905988297
68.51006030383724
68.51660077921406
68.52393515794392
68.54210552770746
68.53740798575745
68.5251854336966
68.53412437338193
