364.9891148580291
364.99156282336753
364.9939425058983
364.99435837455803
364.9949412575734
364.9949983923043
364.995175116268
364.9954200240363
364.9948873078847
364.9949934566157
364.99556406090596
364.9955169994264
364.99495749759444
364.99530493631573
364.9951254076823
364.99528208391166
364.99511293985415
364.99527878513254
364.99523670663984
364.99511229928794
364.99516124042384
364.9952162200061
364.9954506431204
364.9942795987172
364.9967304473412
364.99482401225214
364.99512929140474
364.9953424886953
364.99530712471096
364.99509429760474
364.99521333030316
364.99534299588413
364.99526141791284
364.9952197146631
364.99535066020326
364.9952466600407
364.99530476521977
364.9951589089869
364.99530858382786
364.9950906318809
