270.71896321960776
270.71908757759775
270.7192138148839
270.71932151764304
270.71952101500483
270.7198587912362
270.71944912218987
270.7193703740986
270.71945442706783
270.71939800623295
270.7192059306535
270.71942836829203
270.7194407579609
270.71948365129356
270.71944217351665
270.7194568714949
270.719428599401
270.7194666530231
270.71936734652445
270.71931966513876
270.71947509620804
270.719406376742
270.7194739106326
270.7194238858301
270.71946958170884
270.71936028889286
270.7194799042554
270.7194999081239
270.71944999330844
270.71941260259155
270.719466378172
270.7194129291656
270.71948157521183
270.7194174712131
270.7199269967605
270.7194850405285
270.71960313474665
270.7194929812231
270.7194283983208
270.71946029529136
270.71957711874893
270.7193982916724
270.7194659104098
270.7194036568435
270.7194020769639
270.71957146935165
270.7196477288453
270.7194538641779
270.71943631455724
270.7194453705233
270.71945154497007
270.71944781257116
270.71945933813913
270.719466923405
270.7194899444221
