320.625441886923
320.62632449857483
320.6271281713234
320.62741669387106
320.62754155374114
320.6276224524581
320.6277628034268
320.6277985153474
320.6276598462355
320.6271701515652
320.62812075804504
320.6277570293223
320.6278517370283
320.6280162728235
320.62757592784146
320.62800082860304
320.62764699963554
320.6278317426495
320.62780931498673
320.62804440744367
320.6276547803445
320.6276642324083
320.6276397597758
320.6278512251465
320.6282400105083
320.62759648695464
320.62753359403723
320.62782784941555
320.6277134626962
320.62746283274646
320.62746569456795
320.6278706874
320.62787647714686
320.62796076759514
320.62792997295946
320.62767663773775
320.6274402963354
320.6279189196248
320.62772754339676
320.6281256734219
320.62762363633374
320.6276827166548
320.6279473506729
320.62769588705123
320.6280373093505
