186.8958785071236
186.89514147554019
186.8958455955417
186.89588849706524
186.89522870887777
186.8955094607054
186.89562277789628
186.89568145935937
186.89576931697775
186.89515917472363
186.8945571521872
186.89585322995845
186.89577451152218
186.89507477140887
186.8947909511553
186.8957738647905
186.89507427449007
186.8947732019824
186.89582217585667
186.89577865744832
186.89516215531148
186.895860589937
186.89516003813333
186.89475432323525
186.89586943665927
186.89516093018028
186.8940219784581
186.89577732989892
186.89516214409196
186.89586116600185
186.89516023143005
186.8947567516061
186.89558032611967
186.89576993908304
186.89515923881117
186.89458074562026
186.8957738905665
186.89506666380294
186.8948484475859
186.89584666192968
186.8958734302414
186.89516162953623
186.89568807029173
186.89576898586347
186.895163551093
186.89287976412197
186.895912475773
186.895857094245
186.89516293845918
186.89568917816723
186.895726063869
186.8957716129571
186.89516359856862
186.89308266220542
186.89577973021915
186.89516171037576
186.89590714441147
186.8955809853869
186.89577002062833
186.8951592182584
186.8945846521874
186.8957733431671
186.8952188880612
186.89571416797116
186.89581678634204
186.8957796750401
186.89516179921338
186.8959146256093
186.8958633211805
186.89516077078588
186.89476283024487
186.89521929023977
186.89571589405023
186.8956419845308
186.8951566906253
186.895149320153
186.89387855477617
186.89577760040265
186.8951621498054
