211.5698278688933
211.5708039370602
211.57041141189893
211.57068730995525
211.56726708045608
211.57164644071418
211.56381353998313
211.57135943305366
211.57825352308464
211.57847673717515
211.57800341790607
211.57847546195444
211.57801001864027
211.5784745361998
211.57802872760658
211.57840532104638
211.57812451466452
211.57892789113066
211.5783129963438
211.56764872467284
211.57162070445156
211.56701994019932
211.57152791061162
211.5670302450908
211.57152400708583
211.56705335142215
211.5715179173294
211.56706207518073
211.57151816881742
211.56706705105898
211.57151396791778
211.5670747647073
211.5715132407713
211.56707718995312
211.57151290712318
211.56709002595016
211.57151414525651
211.5670815595804
211.57151035879542
211.5670934927457
211.57151446836724
211.56708624825114
211.57151201859415
211.56708280967723
211.5715116374322
211.5670850175211
211.5715122365982
211.5670835047913
211.57150774070942
211.56708940896715
211.57151086707563
211.56708878090285
211.5715109310877
211.5670830477793
211.5715113100232
211.56707874013955
211.57150907936375
211.56709025480814
211.57151339883785
211.56709422394488
211.5715145389113
211.56708819821142
211.5715134445054
211.56709099884392
211.57151397199414
211.56709209589462
211.57151231013268
211.5670913537797
211.57151178808272
211.56708992965287
