188.44735179072995
188.44735511858744
188.44735785365538
188.4473600953288
188.44736197011844
188.44736354496672
188.44736487908267
188.4473658804136
188.44736677297806
188.44736747244497
188.44736814251792
188.44736858837769
188.44736903272042
188.44736938622918
188.4473696623545
188.44736992763046
188.44737011761936
188.44737023271045
188.44737044208705
188.44737052906748
188.44737061994056
188.44737069125767
188.44737080426967
188.44737080459163
188.44737083415203
188.4473708819187
188.44737095242272
188.44737094667835
188.4473709872018
188.4473709641734
188.44737102334875
188.44737103547595
188.44737103214902
188.44737101643295
188.4473710754537
188.44737105007334
188.44737104082196
188.44737107376022
188.44737106436878
188.44737107989022
188.44737103996886
188.44737109424204
188.4473710468883
188.4473710649745
188.4473710610382
188.4473710888924
188.44737104661908
188.44737107641959
188.44737108061054
188.447371050117
188.44737112229996
188.44737112276925
188.44737106803768
188.44737107771107
188.4473710400689
188.4473710829625
188.44737107833134
188.44737110750975
188.44737104730484
188.44737107634865
188.4473710626262
188.4473710772836
188.44737105897366
188.4473710622442
188.44737109324706
188.44737103796433
188.44737107984474
188.44737111141148
188.4473710572347
188.44737110739516
188.44737106067623
188.44737103997613
188.44737105463355
188.44737108797926
188.44737107791298
188.44737108172922
188.4473710753955
188.44737100911516
188.44737106694083
