206.0317977200557
206.03623737402995
206.03577857489654
206.03206941109602
206.03294986857145
206.03165666260702
206.03291046620689
206.03174280860003
206.0317546349006
206.03019433139707
206.03139804411876
206.03401171762198
206.03164547571032
206.01822343232925
206.03168443630875
206.03657265624497
206.03447440235504
206.03414343883196
206.0346793938279
206.02687951488588
206.0304182196196
206.0350613537721
206.03369950160777
206.03225024551284
206.0248012986849
206.03176888004782
206.03137916057312
206.03562943406723
206.02549840916254
206.03140829429685
206.03383493839465
206.0319853346955
206.02720507900085
206.03036042683743
206.03510827181344
206.02253728003416
206.03326638464023
206.0319824649232
206.02984187445145
206.03036896208323
206.03449259111403
206.0341240421385
206.03398656695572
206.0351692166969
206.02261713312328
206.03322930398645
206.0319680105913
206.03410398477536
206.0317662168054
206.0310990260259
206.03653238721745
206.03457066805095
206.0222861119073
206.0333565012752
206.03187728884586
206.0332108190305
206.0317587081081
206.0340366724049
206.03531760158876
206.03410034705666
206.03175971714154
206.03198036830508
206.03288733776208
206.03158587636062
206.03647892139998
206.03436792955836
206.034077472239
206.03400204428544
206.03447068353853
206.03411999562377
206.03400896422318
206.03381271281614
