333.14670942766224
333.1478705633426
333.1485334232548
333.14890468038175
333.14910940511527
333.149220834498
333.14928081317794
333.1493127720041
333.1493296442186
333.1493384944288
333.1493430854189
333.1493454588235
333.14934668007663
333.14934729581546
333.14934760913457
333.1493477664262
333.14934784147226
333.1493478889606
333.14934790189363
333.14934791396627
333.1493479148485
333.1493479159817
333.1493479228793
333.14934791932865
333.14934791979977
333.1493479197834
333.1493479217006
333.14934792194254
333.1493479167857
333.14934792307395
333.14934791941414
333.14934792338136
333.14934791575433
333.14934792070926
333.149347925184
333.1493479170422
333.149347921586
333.1493479205674
333.1493479206365
333.1493479234159
333.149347916049
333.14934792165513
333.14934792103304
333.1493479180608
