388.3288224761527
388.32905076384395
388.32901747761116
388.32881136899596
388.3287904335775
388.3289224673099
388.32898673607997
388.32877344397093
388.3290438373424
388.32893039932424
388.32935833010015
388.32867443649775
388.32888163518874
388.3287273510505
388.32875115411844
388.3287569984368
388.3287559595192
388.32875612434873
388.3287560936442
388.3287560825647
388.3287560858025
388.32875607642563
388.32875606894413
388.328756065348
388.3287560744593
388.3287560595454
388.3287560603476
388.3287560867502
388.3287560624485
388.32875608116956
388.32875607375536
388.3287560599747
388.3287560731769
388.3287560562312
388.3287560694698
388.3287560654644
388.3287560777644
388.3287560566059
