122.36970431031204
122.36966023708828
122.3696218852856
122.36958788303764
122.36955754158953
122.36953082599302
122.36950685125066
122.36948549640056
122.36946645375156
122.36944913896514
122.3694338725436
122.36942022794392
122.36940774339018
122.36939644069753
122.36938657762494
122.36937745484283
122.3693692820716
122.36936203524783
122.36935516964513
122.36934925435799
122.3693438882583
122.36933896336905
122.36933439302538
122.36933042562669
122.36932673951014
122.36932347772381
122.36932064248322
122.36931787546382
122.36931551476664
122.36931327791171
122.36931129441291
122.36930927072353
122.36930773714812
122.36930638953345
122.36930483498509
122.36930356170888
122.36930251120975
122.36930141200719
122.36930053338438
122.36929970907477
122.36929915032124
122.36929836064701
122.36929772020085
122.36929717492603
122.36929677816806
122.36929618757858
122.36929584582322
122.36929539015
122.36929509008769
122.36929475115721
122.36929434434023
122.36929420044362
122.369293951906
122.3692936894331
122.36929342974327
122.36929338970367
122.36929317649083
122.36929315251291
122.3692929358549
122.36929295612754
122.3692927306729
122.36929264573155
122.36929263046477
122.36929266788502
122.36929250070898
122.36929233321462
122.36929221855826
122.36929225856147
122.36929229183079
122.36929228661029
122.36929211532879
122.36929224905543
122.36929203854743
122.36929197228892
122.3692916998807
122.3692921111633
122.36929190097362
122.36929184424844
122.3692918913166
122.3692919090845
122.36929168130519
122.36929193283686
122.36929178396713
122.36929182278982
122.36929183241227
122.369291941337
122.36929177139791
122.36929168864663
122.36929178682658
122.36929170486655
122.3692917885528
122.36929170800977
122.3692917263088
122.36929171184602
122.36929182331369
122.36929172752934
122.36929169458745
122.36929173953104
122.36929166671689
122.36929182989479
122.36929155212783
122.3692916944201
122.36929172427699
122.36929172204691
122.3692917581975
122.36929165416586
122.36929165754555
122.36929177631828
122.36929182100357
122.36929180475272
122.36929187599162
122.36929165580295
122.36929182102176
122.36929174320903
122.3692918286215
122.36929169101131
122.3692918030647
122.36929168815186
122.36929169922587
122.36929185179179
122.36929165623587
122.36929168381175
