409.25887441020313
409.49570331985433
411.0047373600428
410.17550550600754
409.98115319129647
409.8791207309914
409.955752498121
409.5383213710011
409.5050632067487
409.2479507355547
409.42768526434156
409.772042247454
409.7976722955955
409.72505893441485
409.8295905472569
409.5103225268267
409.6939816031754
409.6567083731006
409.3619945747687
409.12879885295297
409.2822352401636
409.16117112100073
409.4426484187006
409.3606521375168
409.28130108846744
409.2536687465472
409.5741993165593
409.895677512206
409.8749194845477
409.6262166843626
409.5797190779376
409.1841745734928
409.6807548577708
409.6510788697524
409.69134014356314
