184.25091508304286
184.2509169013647
184.25091863223042
184.2509196762394
184.25092103335646
184.25092153846344
184.25092205827787
184.25092272653728
184.25092306722854
184.2509238568473
184.2509231240956
184.2509240071986
184.2509242606975
184.25092482004038
184.2509248464121
184.25092459578173
184.2509247790049
184.25092462395878
184.2509251679221
184.25092484187917
184.25092467476134
184.25092484657762
184.25092501098516
184.25092508792113
184.25092497818332
184.25092536905322
184.250925931472
184.25092563902763
184.25092590572058
184.25092518347628
184.250925495111
184.25092598519404
184.25092518989004
184.25092572126232
184.25092508784655
184.25092543885512
184.25092546384258
184.25092532963936
184.2509256985959
184.25092589345513
184.25092522446903
184.25092534069336
184.25092608178238
184.25092582537945
184.2509249360919
184.2509256609028
184.25092522236628
184.2509256564408
184.25092571113782
184.2509251241736
184.2509254794022
184.2509254124725
184.25092517210578
184.25092527975175
184.25092511971525
184.25092536864577
184.25092573927395
184.2509252365362
184.25092490144198
184.2509260018669
184.25092558245524
184.25092569069966
184.2509256425219
184.25092564212173
184.25092631335065
184.25092540148762
184.2509251876436
184.2509255552177
184.25092506278816
184.2509259026374
184.25092516660152
184.2509248602837
184.25092511903495
184.25092524546562
184.25092513714844
184.2509250049079
184.2509254529905
184.25092554954608
184.25092583879814
184.25092523728745
