183.12882993284438
183.12882947187427
183.12882911330325
183.12882881833684
183.12882858515604
183.12882836513563
183.12882820679897
183.12882808207814
183.12882795203677
183.12882785572583
183.12882778587118
183.12882771507975
183.12882766863913
183.1288276327523
183.128827606939
183.12882756514864
183.1288275357865
183.1288275312254
183.1288275074494
183.12882748165248
183.1288274845374
183.1288274685976
183.12882747222284
183.12882746769174
183.1288274574963
183.12882744926537
183.128827454344
183.12882744762464
183.1288274365561
183.1288274496237
183.12882744506896
183.1288274423805
183.12882743499722
183.12882744189483
183.12882743535738
183.1288274328399
183.12882742807233
183.12882744226044
183.12882744559283
183.1288274478011
183.1288274387207
183.12882743827322
183.128827447792
183.12882743887167
183.12882743824048
183.12882744121998
183.12882742808506
183.12882745037678
183.12882743870978
183.12882743038972
183.12882743664886
183.1288274305407
183.1288274370727
183.12882744229682
183.12882744070885
183.1288274253293
183.1288274194976
183.12882741554859
183.12882744535273
183.12882742780312
183.12882743800947
183.12882743163573
183.12882742859074
183.12882743353475
183.12882744700983
183.1288274246872
183.12882742329384
183.12882744619128
183.12882744304807
183.12882743595037
183.12882744348462
183.12882743227237
183.12882743869704
183.12882744665694
183.1288274360486
183.12882744321178
183.12882744363014
183.12882742751754
183.12882742051806
183.1288274310682
183.12882742857255
