137.56580757927532
137.56624331201056
137.5660411245144
137.56504242899882
137.5657108245141
137.56602800513338
137.56580328837026
137.56630077519367
137.56585412732602
137.56620833097622
137.56599238544368
137.56566282886888
137.56568891960524
137.56594718588167
137.56602500505505
137.56580327629763
137.56630221192972
137.565856708743
137.56635968889714
137.5662251762369
137.56580384924928
137.56628686347813
137.5658419678157
137.56515834281345
137.56527442460174
137.56586039602917
137.5654886432785
137.56605602480886
137.56580122987907
137.5663147170235
137.56572105625855
137.56567782628008
137.5658505032643
137.56612687836787
137.56632488631476
137.56580296020002
137.56633291380422
137.5663130391622
137.56620933803788
137.56613766215196
137.56605679883432
137.56580086484792
137.5663198992679
137.5658502610113
137.5657882908672
137.56571812608672
137.56537569255852
137.56580284778647
137.56657995618662
137.56634809853313
137.56580364429647
137.56629365892513
137.565845703597
137.56606213645864
137.56567835748683
137.56586328816775
137.56583037998098
137.56656076058243
137.56663242001014
137.56620496950563
137.56575237181096
137.56592030139836
137.5662413987775
137.56584800171913
137.5657970468783
137.5661402268779
137.5665673203548
137.56657991411157
137.56562117274734
137.5663426348492
137.56580341257177
137.56629971998882
137.56585199590518
137.56627657477293
137.56567599868322
137.56584998750986
137.56585286833615
137.56653795631064
137.56636398428236
137.56580384653353
137.56628736872153
137.56584248436593
137.5656052296581
137.56639706518763
137.5658619568312
137.5658467738358
137.5665343467299
137.56633680957748
137.56580310118807
137.5663056995836
137.5658632301056
137.56593679056823
137.56581993227155
137.56634457989276
137.5658034961889
137.56629763692763
137.56585128388906
137.5660513635121
137.56588229638874
137.5654105220783
137.56634274764292
137.56580340250366
137.56629996150514
137.56585263751185
137.56655300729108
137.56633735235664
137.56580311998187
137.56630554643198
