109.24499021236988
109.24496143963279
109.2449359039465
109.24491244130968
109.24489039955915
109.24487058849536
109.24485206440022
109.2448354373555
109.24482028892362
109.24480580027284
109.24479247002455
109.24478057383749
109.24477009905058
109.24476010738908
109.24475099358915
109.24474291060687
109.24473476095136
109.24472777800929
109.2447215327029
109.24471595257819
109.24471059332427
109.24470569904497
109.24470128945723
109.24469699653582
109.24469354289977
109.24469017558567
109.24468706328753
109.2446838945707
109.24468120019446
109.24467936708243
109.24467709301462
109.24467535010626
109.24467320132135
109.24467159811502
109.24466983005732
109.24466853560625
109.24466757449045
109.24466664821739
109.24466549127465
109.24466409252454
109.24466386133463
109.24466319508974
109.24466158597897
109.24466152544301
109.24466103893792
109.24465995473474
109.24465987629083
109.24465955030973
109.24465849366788
109.24465894377863
109.2446580481901
109.24465750237505
109.24465733757825
109.24465754274934
109.2446573209927
109.24465668183802
109.24465641895222
109.24465610306652
109.24465593033347
109.24465577358023
109.24465597221752
109.24465612022686
109.24465539131415
109.24465521003367
109.24465572869667
109.24465550555396
109.24465532210343
109.24465531463102
109.24465575430258
109.24465512651477
109.2446547030031
109.24465501791747
109.2446549676497
109.24465493964817
109.24465487332418
109.24465479361425
109.24465492296622
109.24465504204272
109.24465434720332
109.24465471687472
109.24465465728099
109.24465450704702
109.24465462819353
109.24465424342088
109.24465458480154
109.24465479906758
109.24465473189048
109.2446545523926
109.24465430906093
109.24465463958586
109.24465436833088
109.24465426481038
109.24465386098746
109.24465446435534
109.24465460008105
109.24465420470733
109.24465450877142
109.24465408716605
109.24465390737532
109.24465452431468
109.24465421358946
109.24465393750143
109.24465440720996
109.24465404467992
109.2446545346611
109.24465485816836
109.24465454674646
109.24465460539068
109.24465432267243
109.24465431727731
109.2446539001794
109.24465460589636
109.24465465733374
109.24465459116254
109.24465478145066
109.24465419904664
109.24465461611908
109.24465410480843
109.24465439803316
109.24465432660145
109.24465455942482
109.24465460991996
109.24465422970388
109.24465452431468
109.24465500211954
109.24465439164851
109.24465484594839
109.24465465168396
109.2446537491669
109.24465429979318
109.24465417920874
109.24465475812394
109.24465422454159
109.24465377532033
109.24465474300086
109.24465442845758
109.2446543476035
