367.73948979918714
367.7395054671906
367.73951764872254
367.73952707557055
367.73953440297646
367.7395400501555
367.73954445678464
367.73954776401115
367.73955033907987
367.73955236884467
367.7395538696892
367.7395551064965
367.73955597945496
367.7395566777868
367.7395572686273
367.7395577102179
367.73955801087686
367.7395582306508
367.7395584878541
367.73955857044166
367.7395585984232
367.73955874456806
367.7395587883657
367.7395588681866
367.73955894125356
367.7395589099069
367.73955896402185
367.7395589903372
367.7395589495336
367.73955901692534
367.73955901056434
367.7395590526903
367.73955903256865
367.73955904918694
367.7395590510205
367.73955903992464
367.7395589892658
367.7395589519765
367.73955902897796
