202.90213269797368
202.90213357648736
202.90213429530922
202.90213490295992
202.90213538348962
202.90213577021314
202.90213610270075
202.90213637089528
202.90213655917523
202.90213674868482
202.90213687829964
202.90213699798096
202.90213709988802
202.90213716154267
202.90213723057423
202.90213727771607
202.90213733691962
202.90213735272482
202.9021373748128
202.9021374097847
202.9021374077056
202.90213744673383
202.9021374487147
202.90213745337678
202.90213746368136
202.90213748035785
202.90213746709196
202.90213748256792
202.90213748311726
202.90213748120186
202.90213749107897
202.90213748476526
202.90213749146278
202.9021374865788
202.9021374969434
202.90213749382383
202.90213749836948
202.902137492596
202.9021375044813
202.90213748904898
202.9021375011598
202.90213750157454
202.90213749506984
202.90213751063675
202.90213749607756
202.90213749667237
202.90213748611131
202.90213750038674
202.90213749856048
202.9021375046359
202.90213749699979
202.90213750024122
202.90213750135626
202.90213749759096
202.90213749403847
202.90213749320174
202.90213750008115
202.9021375039265
202.9021374984768
202.9021374969925
202.90213749491522
202.90213749849136
202.90213750292241
202.90213749766917
202.90213749600298
202.9021374974509
202.90213749111717
202.90213748154565
202.90213750632756
202.90213749905888
202.9021374953627
202.90213749263057
202.90213751118063
