401.65208591057126
401.66404205167964
401.65333838311744
401.6619200162668
401.65885009494104
401.66389161242023
401.6614541101753
401.6647764875506
401.6621857446153
401.6650476429422
401.66235314411097
401.66512033865365
401.66239124411914
401.6651384120887
401.6623997983861
401.6651426352237
401.66240168239165
401.66514356584776
401.66240201288565
401.66514377857493
401.66240207617375
401.6651438355675
401.6624021908574
401.66514380387343
401.6624021108855
401.6651438107474
401.6624022029373
401.6651438289464
401.6624021526022
401.66514379957516
401.66240219890824
401.6651438284207
401.6624021411517
401.6651437858782
401.66240225317233
401.6651438100489
401.6624020840318
