377.8839140109194
377.88872861003256
377.8914017378156
377.8931010914266
377.89283300273564
377.8936509387531
377.89477771358816
377.89403416849655
377.8941695630019
377.89420769594653
377.8944692716468
377.8940843600685
377.8942820342909
377.89454446525815
377.89419876100874
377.8947788620353
377.8937265098466
377.8948953583604
377.89568587632675
377.89181621849275
377.8966671482176
377.8914307694831
377.8946314892255
377.8932050840813
377.8941335736199
377.89637664224574
377.89183628816136
377.894674162495
377.89329444687246
377.89422746767923
377.8942209071938
377.8941570234092
377.89412359598646
377.8945388306238
377.8946895791378
377.8938372063858
377.8942309835729
377.89394904774235
377.894681558475
