199.3574174242258
199.35737239224
199.3573405688703
199.3573177316939
199.35730065046937
199.35728814035429
199.35727888909696
199.35727175612647
199.35726621754566
199.35726192860966
199.35725855289638
199.3572559639906
199.35725397052283
199.357252156271
199.3572508728821
199.3572495663002
199.3572488238915
199.35724801389915
199.35724731455775
199.35724683140688
199.35724652050885
199.35724609922
199.35724569759986
199.35724548009603
199.35724531168125
199.35724518727875
199.3572449270414
199.35724487399784
199.35724476274845
199.3572447254901
199.35724451527494
199.35724441339335
199.35724436142118
199.35724444074913
199.35724432421375
199.35724424058208
199.35724413801472
199.3572441203869
199.35724418461723
199.35724415497498
199.35724412298805
199.35724415392906
199.3572441505894
199.35724408027818
199.35724409964678
199.3572441527249
199.35724410968032
199.3572441356664
199.3572441123306
199.3572441450906
199.35724409764043
199.357244060644
199.35724407536873
199.35724410108742
199.3572441034903
199.35724393901546
199.35724403602944
199.35724411383126
199.35724405803194
199.35724416941594
199.3572439614436
199.3572440958269
199.35724403048516
199.35724417948222
199.35724416749872
199.35724401458356
199.35724409611794
199.35724404549183
199.35724402236156
199.3572440795724
199.35724400487015
199.35724416115045
199.35724412069612
199.3572441860997
