1035.579946090741
391.2969942356549
431.9863122003703
284.7399973876313
257.49717544987516
733.709997235409
492.10345981792534
1182.676984114742
570.8678281985049
410.65886728225087
1127.228949511913
918.4647008076563
273.5111790944866
702.919326057282
384.98652390349525
1423.9364298692853
544.197213797439
599.9280114606136
562.809811496043
1093.1219396520355
539.622069204388
814.7354032982494
760.4760037853339
729.6415360038336
629.4884407072914
390.6203587757809
513.5239597212203
525.9490097504568
826.1846729067729
561.9811009668811
635.0788672574563
747.294518240069
1005.9585270890166
427.25611070884406
505.48193596428246
967.6806448336247
726.6306336596172
457.3222419210979
629.4326830936334
1055.1339912389376
671.2649210203454
1384.9272359764436
447.2971263880063
457.320611573723
714.0273843699069
450.5127823971525
999.6159967776839
377.65609093790044
396.0726205293977
907.1540245991127
502.5764713479148
444.07983197543945
479.47202953277883
425.37338661443937
416.32893993629114
779.1882307589331
498.43693424612866
519.3119098709794
385.7040117558063
1020.126799648242
485.3745322188697
400.13217739646643
297.78777057396655
637.779775748153
756.543350819491
719.9031238723837
258.36521982848353
304.3155374766502
320.77787978786364
810.4853449510556
493.90325461483735
891.5348888546359
887.1965320935706
1185.4095938380415
633.9019012152567
778.3457787026564
753.5427761440296
651.7989014017003
611.0133497871429
1115.7961629737329
1209.9847615235267
680.2870553544999
621.6386189061304
778.0373801204187
427.5984452908742
463.8515111786837
598.0735118970988
518.2405273547483
574.2322932337265
299.93699939051294
235.9628491656622
448.1689305481923
695.2577841661841
500.0841826847027
469.08416856561234
837.6625886983602
320.73545307607856
813.5090589463143
571.8189013295487
872.7326289901175
1356.4162937549554
532.206252457705
433.5191968342697
292.6565435826342
492.02944657999615
349.22227883609594
630.2755328664061
780.4979549729032
619.3418504723231
611.1367277253885
1062.7207815688598
793.7421384519985
896.6733872464974
493.129514984219
855.1191507220065
1057.9636932354915
513.2921468686691
348.82515343460545
865.0488867664681
524.1019505601143
313.355242406411
385.90035454290046
623.3671809596563
550.760746492524
741.8023966074397
754.7370528858883
779.6232413064135
700.1747758946876
335.99902827409096
355.89311291200283
496.98367929502274
816.141524707491
367.12814747657103
331.10406156721
567.6228628992249
456.0886246903683
547.9327083036042
652.6967020938027
424.8260103335924
439.92840498637815
521.3146007843025
593.2416567350592
425.62368423040607
485.96297312373645
360.6992370054795
525.2437944215053
392.2234606254351
455.5690764629544
380.51252047886373
759.8422754661733
370.54391081343056
812.6887821013224
1024.3616576688364
492.0263391024928
544.0487982621707
1234.8925192251336
499.2596226860769
819.091820251997
517.4649282217288
367.1947640373546
411.2585466831224
1273.435355116555
845.6618101642816
624.4913878646767
1314.145017403789
543.6306506414403
689.5162429688644
325.3890410672466
992.3456305069703
361.918943728233
1180.8557382267172
613.3160604225559
922.8045490277436
594.6715754077595
288.35337966596126
738.2804548317654
502.7271269913035
347.85621764240204
683.7666574031173
1115.3817436206737
546.8437106058846
1107.8678909791925
1245.0908460612409
883.1244515165745
780.381044991911
564.9050559330499
457.11744561843807
526.3649921157339
442.07172462878225
465.0146413445909
1386.2936967465503
306.50054056778026
408.2420177949389
812.8755064989091
1225.0337818401458
578.7590994937491
458.6257198050298
972.0581619100849
618.7824602471956
383.407417776034
300.2644878770516
337.39825863916485
341.8514505960047
325.41811168821005
310.7057302742469
1281.391537378353
854.5437010016758
563.2718397369899
446.3946648284036
896.0617612288916
306.33219241714687
382.28043493270525
590.6673740833066
1106.7846698203357
376.49816998647293
754.2158258561976
425.68790984374937
356.23875267175026
497.0736656219524
459.6410852975969
674.4047621457721
592.501416182
796.668753081176
698.6646438913303
620.0690275237139
663.9414255174343
444.54307519472786
613.7799344202213
328.54350884311134
870.6032228900003
389.0897620432661
1095.4782710118743
592.8075770321593
537.2067886016448
882.9701610211632
524.9433570558031
511.1312780996668
912.3928377288976
380.0140765570104
797.1538748092717
380.7514151718642
490.40679891681066
603.3460830443655
424.07707408064744
475.1369755776541
563.3759464784234
1243.1020355389337
734.3127180539013
409.5302997242543
904.0070903127489
318.86319644525065
305.3101526777318
610.0497317975387
1431.6994158610178
860.1182303377718
551.5406992830976
546.9047296381323
655.4740399256407
839.0547104809957
471.1128402587783
667.5699380670267
686.3765134007554
464.75877955555916
858.9371639710735
1021.252885117603
467.52847497549374
325.8564711458457
641.8066798040818
430.3771922029264
938.3642624015629
437.5950051714899
953.1548836395668
1176.0572063660074
1128.3525054995262
524.7648443499056
1442.4979543971422
511.40371671839966
509.0759580966551
411.6278763843875
624.4103710283816
994.254809277656
525.4851275614055
384.08263571208226
785.2961058517685
791.3153850737435
551.1943141163792
415.6501189286646
576.731924979249
937.9689005342952
577.4910876919166
341.4265276111837
1020.0527550954721
1018.9439748159784
696.6360672365699
1125.0028546885587
899.6776908113388
612.6978038218513
1009.2297082101286
901.8597449962981
966.2846995865402
695.7571762423613
421.47304346133024
642.2268987707794
1181.9479857301922
865.7744847559952
596.7811444405233
516.1601441293897
624.434107560839
629.6485461850534
761.0414923140488
743.3187224862049
766.5693297917023
695.7943234461418
906.2530085364706
1219.5895045875804
769.9215156816645
593.4616368340794
335.40560540399747
635.7233090755471
708.0380853347597
555.4081256910576
793.0408001893375
678.5966893840232
411.6556063773169
991.8408674542152
575.0558723927243
984.6871705156227
519.8050886599522
1043.5188158304954
529.5811308192497
361.8109811655886
384.54947279492626
478.7333525052818
637.9673916116008
564.7755018313474
578.1024910213891
494.68762181099737
814.5145402263443
649.9690950778895
760.2589982505306
403.42477602197323
482.786307299335
709.4753145784489
301.1693903481646
420.54239487307495
363.10167457864736
797.5669443062507
92.08828264754266
354.5577059124189
289.5112393993768
470.8384050121822
518.2576724368846
427.55048778743367
824.6965934263426
722.8365036220057
551.9746778585541
289.3424241167377
440.38840352813713
302.37694381855545
424.18909037380945
1112.133583037241
569.8397925977479
741.4056728983996
851.6463222028688
505.09061779791955
1095.6199881072098
414.22193571930984
772.2900818088092
1108.3400224359357
285.9947747918486
343.02275423993706
909.2695078508696
415.821018140472
517.746143746539
940.6879732876259
469.9472278835601
384.83260051649995
874.2097030562873
771.734256185533
770.3066014282231
895.9600190164056
881.4573132416699
626.9125988275628
354.30991608151817
445.0614455930772
1006.2179027161619
643.1222890881763
595.8458939586999
638.4535568419669
290.14907622456667
545.6248373318522
372.8024696841894
391.2245594297128
318.68564237331157
1002.5787579044118
541.644083389896
439.1924929828965
917.4226354869606
418.12575773266144
1028.3566265160916
529.5634460488218
446.81415735409246
692.8949803103751
519.3680880279571
531.9185017930286
1057.1750039823528
480.5866972327058
402.8964626721281
502.7481884486915
419.28985686207307
463.65672306431225
404.1515239974251
297.4485786270816
1629.5762669359683
518.9731042358908
487.2025355306687
566.4715068380465
360.10480223433115
432.1202257464174
812.1364384125336
656.9011856581201
504.51219403668074
899.8092269893968
1136.0198298559408
393.7031760237296
607.2111511896364
393.6916657703696
1020.2379665721674
420.6121953949332
865.7691191766644
777.8962884064531
683.1814869118389
419.28088086127536
550.3214270452736
722.7242605551146
378.3387311397819
363.69732918741647
354.03078048862517
443.0062237526872
649.6373083136277
520.7566972979112
714.745454567601
362.91826675471384
659.268451459764
841.9175539734424
633.0760883850744
615.5236761826673
846.8662931934814
437.17862953891745
1289.8215031666914
679.9196283344063
970.0757884735358
882.2420122235199
339.71147329942323
279.44020913890563
326.4466959266574
1184.770041527925
293.38914711464895
706.3551157645998
454.7054340845789
577.8328647409799
806.0424812394776
969.8039352601045
752.3796125368099
739.8472323367023
359.52851187915076
727.8380841943435
688.4281443536165
667.9689751592232
267.5448877005838
1251.9998645980959
474.03950363968033
978.0634916935232
887.209818707779
447.6188304045936
1405.694967494579
493.0099592555198
421.23975326959044
752.2930825272924
1413.3270631512278
530.4326381550636
852.4634685442434
366.0718358894228
435.300302689604
248.74739781272365
809.319027885911
279.8099476824864
326.50309959816514
1178.6116585585405
322.5598788232892
371.6561719942256
553.2508634117548
529.8906700392254
604.1580133293173
615.7608180594398
557.532898067846
314.91488168778596
327.3158347024
840.5886435396387
519.2718532120343
1366.991795477632
275.3470688756206
470.77358075469965
410.41578189085703
612.1229124699021
947.7244867961854
314.9479230327415
291.38563538488233
663.2957774928655
476.55153427954065
1520.6673029876547
368.6732517059427
557.001096610562
800.6285609573824
885.7911902205087
360.7539541783626
1134.452149500139
1109.5287117406842
955.8998198470799
739.4144780664938
532.9955733129755
667.6962369916146
316.5405481529888
334.67905873799464
518.9886097072158
467.17230495094554
570.8267471476574
619.664804869215
751.8323099706322
495.8008578705485
749.0293611820671
424.78563931270037
300.17172227887204
1042.0186109225615
829.9231655324111
454.04890942265047
435.0396309858188
444.1276604483137
215.67211947828764
395.5880055560265
988.9562095761066
544.3939658548916
1071.8289296992589
705.2267266746494
324.6718288202537
1046.0883299186826
893.7834618680063
402.13679329887964
871.9043348034611
765.349559763039
836.1741067077965
360.8518839593744
697.4671317944885
368.30743396264734
441.9529784496408
675.9484064169228
519.7416307391832
907.0399479050539
390.88586538960226
898.9226829602849
300.7265168634476
281.6709026445751
994.3702667487669
454.3516187304049
459.0977696017362
568.8703514524386
316.25702153809834
1206.0412443415262
436.5944667348522
921.1383454793831
772.7387545850361
307.1476759056095
773.8103415091755
683.431791121955
581.1082840302261
623.3573577275383
410.35083682806
1073.7493262094795
710.9494315490592
538.8505005610059
787.9902232284076
773.9501645233831
948.0425238823518
331.8634239883395
573.5651044510305
400.26840249984525
281.1028814043384
423.8592254271498
260.4617197216721
430.2473974505556
334.8466069694841
734.9302248328459
1270.4627766034682
724.3298613133375
646.265677342657
422.3899667400983
1081.3043319191202
560.6564561066916
324.06225725088734
349.3102414253517
482.2404324868112
805.7321319351904
561.1784836612642
950.8842972669518
455.9870485616266
576.8609831386129
925.8432762849261
997.9753179855761
365.02560827258276
1033.8549054142204
700.4796112294425
731.2109110993333
974.6124709783471
773.3905921895639
1408.844337602728
494.66672782215755
637.4485392827191
298.50569280062336
292.0321145086782
338.92080418980913
1461.233577956271
462.01400934776757
341.14470610790886
285.6589873069315
1039.953477246745
1128.8849924485548
887.3908682902693
963.8834522162797
310.0458312985138
355.2234731398639
564.1563210982131
272.331643371901
630.7647773025674
561.1373926394153
713.3750112567213
319.18209255178226
386.5567563936929
406.4299373885151
699.9320478590671
340.6413265876472
645.010214571259
1083.846585275489
386.3316083353129
418.3748540863744
779.7490916748066
814.7556180661195
871.8574927212903
562.0286968030268
328.05472827795893
420.10577045415994
492.68070592026925
594.310904195183
510.2367066795123
478.3475557786296
646.2946567049366
546.5613936739392
732.2697491873987
598.615105834615
742.9684864694136
500.80884903419064
865.7141188058304
682.8814124633791
744.4383986996836
812.454452029313
814.7664989095647
297.30698488780763
583.8757145390264
478.61731958022574
352.85866749839624
1421.5678915719036
389.19921036605956
1043.0574249366764
504.79420670313993
394.70414550736314
1176.00749818224
544.8381804272649
597.2287024453981
277.11155790416524
564.5302188110072
681.3670481806621
321.8120888073463
323.29169612401165
757.3661498560687
895.1488089612103
466.3007802385255
1348.4508985807188
645.2154520972981
267.29350006213645
954.3964354390046
729.2759502629633
655.7735121783335
804.4608793589869
367.96572497853776
568.9376913544256
617.4876968643512
370.0820740412455
1370.3488518320955
694.2402805116144
713.608279330947
1029.3633044450544
951.9152991471929
731.6627951233531
454.6273362187203
448.64018536679214
551.3313575037173
466.5466805776232
974.604275909136
533.5862035574974
558.3305722273653
350.15483074466465
710.8909736309433
1288.3986620294163
313.30812197970226
386.5264287396567
281.8800185966538
1516.7631760232616
688.9826392639661
475.15528593672207
847.0587893332122
1092.6678364120307
475.52425359468907
328.4597948627779
682.8864316184772
1176.6628309102962
483.63707051827805
535.9523835528526
546.5115223998437
1397.1646890191478
1501.364688394824
488.6934464778169
1251.4947845611023
608.2299039872596
815.7843775344663
428.1826682050014
576.6358307853807
893.4920536827995
714.0853576494264
448.397221185267
689.6835840396816
468.0906445669825
406.76403462997405
410.36572829732904
476.3738766905735
292.33957604010357
409.3879595845938
1514.4480549833388
431.6279042257229
1262.9731714596273
430.69672901841113
281.88097003952134
825.7003140781308
490.30890824412927
310.8010725033819
685.9536689727684
688.1747057050234
503.567195766489
300.68865059426753
577.2243627605494
1031.6543766024988
392.9912891908316
486.5167602279689
871.1386800308828
748.046541280637
691.5011316051241
1105.729354614392
902.9801767780446
727.2766251072753
402.3937165127718
1307.6098508505384
892.3295409892453
398.8344911466702
455.4682565376279
458.67357763281325
639.2648137941724
307.1989760370343
426.78379530110396
752.1193605774897
1064.0162570974207
332.65837730892235
348.92769129155204
949.9531242910889
400.5523658733582
1026.3608921557898
1245.1955215413473
667.0341771584935
547.3365078471252
718.1670027552173
800.4510792357614
864.6229049255489
1647.0982821342768
389.6754492256441
1021.2068337340024
1370.3672305068467
726.1240563252941
665.8315685205744
662.6008107433445
514.4661260872963
303.7813255583169
437.76494287268724
430.5639143125154
1187.3684035770711
543.9954179224442
1174.8052326831967
924.3905829767464
503.05977910442743
310.6845335732214
767.9532020826009
849.8778517259052
585.8038469858584
970.3936982951127
295.84147655026754
434.2843396292301
476.1783039208967
918.5490634789458
627.2982117539505
375.4642911342671
668.0161404998507
455.29949479864445
620.6775781757897
1665.0905998138478
1235.4545312300324
862.5926762939198
336.44073620496783
306.8688332302263
351.1689152152976
376.3404094678117
406.56354279245716
760.3303086824017
421.2165597983403
706.2323587412247
590.158394054044
392.6230042021489
442.59477142302785
377.4681565264473
547.377234491636
435.8139727789676
482.6252436025534
1171.1509861262748
529.4752261020476
616.3429405491333
333.5420157207409
428.63484650384635
643.3462094106944
504.92781909380574
415.27611970575526
448.8243241891032
586.4134251716314
595.2664057974471
296.2456580568105
228.0731314966688
651.0333428209415
1175.0496361718979
665.3732197581558
767.2339494321495
892.3066519089043
784.4836312711705
720.8816059654346
577.742968206061
492.3879729961045
589.178399999626
440.6516855668742
873.8053878289647
346.2064849843737
706.7965022047283
598.5196866146289
918.4343204617035
768.8110154049937
339.2455417232122
762.2155253572855
701.3403258471517
368.29274434933905
751.392976348754
566.2040428059408
1298.6887709748698
301.6465516766766
569.6816933067748
411.5367213472491
830.6390214276034
331.47380103031173
421.2002968972083
722.2350723330164
678.3638731961837
645.7970151110785
756.1585686708568
1274.928727864637
344.8691426910227
559.324434348382
596.9271922148764
337.64963169116527
419.5510254307883
608.7713358901674
1152.446824101964
806.9475075606024
596.2109657718102
927.6455951601965
474.4582702225307
306.554758310318
562.7018252295675
370.2234458477469
389.14716805133503
623.3487319377018
1176.8847313455772
392.05818053369876
403.58557892625686
369.2787592555396
361.0353885493241
1257.1073984445538
952.3061266572913
370.4277216461487
1165.8172557037324
522.8913554361789
1274.527026669588
1109.4245951301418
517.8853914469946
800.388740842347
883.8278085184284
466.6813506545732
385.87901356932707
512.6698096835753
601.1718997254502
1000.2130085345125
363.0323453898309
1052.0973876108183
736.1842252085917
368.0603627830278
332.3336130741518
425.85806430259254
1098.8427320022602
671.6157945198938
956.1272120163776
481.78476041869726
442.5979647677159
497.5126053451095
636.6476070773788
412.6725055195857
655.3022137865191
744.1397907239152
667.5333206227515
445.57356642175
286.00869892619085
919.1784048882546
438.2311118703801
466.791835651733
564.3726706412854
1301.46805668273
628.6697431789944
795.0488893238362
429.92734546854626
1133.7753957126988
853.9553019773448
864.3625883774366
337.3273016405292
465.21283572213724
555.0560589079978
801.318541332148
1011.7093306882307
821.8889868790284
1019.6506998982513
578.9917022912996
1247.682570576435
508.6777596792672
592.9168644164456
827.1798953502439
532.5136173469946
911.8926011362346
451.6698512888979
707.1815949234879
424.73816234688275
625.5490760186221
816.8489257921465
1305.480442895554
310.4818722254131
965.7896456992021
354.8528872077586
405.28815196757205
275.1344178012805
319.3683023825288
430.43605804326944
919.0162855840754
745.0812492494006
405.62449465552345
671.8455449381145
404.0576479471056
303.66991244792007
976.2553159700474
399.71640086884145
420.65083723375574
333.91745555389207
242.15577520488296
1004.883328792057
650.9592843304854
964.6132241254672
684.4704474802129
488.33418892126065
965.9935961221345
295.181438855594
700.7130209009629
272.52127501694486
1107.6284674883354
317.12881261622533
435.86977472063154
1068.1227026963606
679.7539179559099
333.42054641549475
800.6459026222583
306.9723363026278
322.58393091207836
253.37965738994535
312.3056487888098
622.4663637463236
909.4689688857179
622.540497234324
514.9133646686096
390.1766714231344
608.6982833518414
592.9904258522438
532.5552597910864
733.2065219889628
541.4145649400307
523.761845880188
448.56517888221424
267.4244717458496
818.9265899418388
587.8482474437915
813.8176643986953
646.7833890174516
536.182852205704
661.8828755457653
383.00251613836735
605.4980999566615
591.3288366382476
493.55951385525987
877.7557056614896
1439.0531440114137
1092.8398218732327
579.1227471438469
388.8621241610963
381.70342345535755
871.9579267472727
656.1184598631226
1003.2303142428864
582.0293781758519
451.21897199517116
846.3042147759115
1183.6613634185633
987.7525197122013
740.4994342774153
461.2329124691896
439.18994372559246
470.00519639020786
1136.4388121708762
952.4761166091776
457.72374766657595
374.1269055168377
906.8014318591449
313.86568557517603
633.9738578868564
353.37350565427914
289.6126643026946
517.258168901084
473.31262234039605
945.1339395327959
530.3994550950592
429.6509608934866
1008.4897301025921
372.0322835299885
389.2850637041265
991.5235810683807
944.1923284360673
545.0721276691183
1039.8582503237994
590.8635728991358
446.62389837228693
351.51876217033714
296.4067863628734
608.0529970963253
600.5412299885647
332.4132926587481
486.9225209772121
690.7739774270449
919.7480281628668
1004.3503527729772
722.6740437991684
749.6158063249895
498.98276817961596
935.8193009801907
529.9458400731673
667.268420003471
1123.5765597255668
467.8126243024599
435.72696302388795
746.8774797144579
917.2136730882339
976.5572095542448
303.19076927914284
771.4623203877127
1000.6456620026147
293.7353896740824
411.8237665425986
528.8942324181553
973.4638298733626
518.961451263167
698.2638314204523
354.97056162077934
403.3423914932646
744.0994153773645
411.7240859505255
1141.539376162691
522.9150765019003
427.36100517609157
1248.589002062101
425.3067174355965
362.562267653062
773.4031332019949
324.12486137310043
606.1918147822144
597.1985582564957
426.31547303532716
691.1815762675833
1145.241168027278
543.2675925438525
1047.724471917376
567.3251514442964
1083.3403956420952
340.4810936312424
492.66772337362636
496.14794317109045
738.3304690127261
992.4204565059626
560.9049078120152
618.0444338768721
452.2289485069923
377.9427509030793
832.9757212620461
791.0097281030612
1279.6037573140347
340.9146657100646
432.53000412427355
556.3390186232282
818.1942389992764
1038.1042911097175
306.30504988727625
367.9473710813327
366.23835733602755
501.88313987699803
317.52253325958736
962.5858962056227
1041.076151897665
425.2432633137796
562.9423116695834
791.6884127203375
1007.0876792076742
399.55083864205517
416.1686626023147
412.39438440371305
360.4589148341911
497.8364783930592
427.5792119653197
605.4239297306631
407.26793562353123
646.3607015004382
547.1616922870744
502.96672501729336
1116.1494678689633
404.61378951056395
420.9916465928545
709.4429483761778
514.2712248839671
1280.1058062904049
451.06174249155447
757.1026248775888
1226.849518693518
494.16398836963344
813.2495373471174
546.6447272181977
1266.588948110817
421.45826473622583
628.2069182535633
417.84659485903103
354.6836075212341
1365.8306307807798
695.7035195830977
1276.3871211495716
850.4927970352583
629.7437235681573
959.1543624559417
688.4163626052905
416.19934596540406
334.1068319028709
464.0355806397274
891.7494447717909
491.6562913247617
206.10137995879631
357.76686053490266
838.0054839621298
363.9432565342868
280.1344323626254
282.46049581072293
755.4149344977923
1189.2664549653418
920.1497967363102
533.098724486772
1016.1886064810678
1150.452350235195
20.419662407715805
305.5604792977683
328.8294670153409
290.9329100759933
423.7641449290095
350.62221581756603
1071.7394675277174
1214.2092432964128
306.61784988164436
394.14557181706186
598.5968531251419
982.9719099692302
744.0587832226884
583.1401792725082
392.0798962091794
982.1933132861741
1395.531673221616
1066.246480525704
400.51310620398726
902.7948096393375
574.8159744061995
452.94043605029583
1184.6118907328928
405.30800109461416
975.9900764728663
739.232011447195
793.0330499871634
1114.1096543326275
1031.7772480745334
968.432885169168
446.6266697157407
402.4171683394816
537.638978185947
659.2155886368128
369.8471133575076
231.90575217851438
955.9959388818825
668.7469044080935
467.6259548529051
382.18433433561586
688.1815777282463
760.8941111412132
594.8578496811679
1019.38286451553
1354.0672680566786
551.5657878691563
616.101244516205
331.03644267085474
940.5228944168193
1117.2369402343174
864.9654790896457
1194.1729726846097
338.9418824155582
617.0485533358296
273.59727802162524
1936.8348505349131
888.0641923412913
261.2828715824289
983.2087336612167
621.4741954030469
992.2550263829762
402.1044426993467
294.93911416246556
582.3154338453896
333.22538755182177
268.9495335194515
783.9837989893276
911.3403875416843
600.5736725549214
438.37801039638
475.6541374826338
531.8740704999072
614.0286352139665
518.7966849305667
569.6354515326675
453.38800673990045
743.6262781708501
605.2664170364151
1113.3260365254246
777.0620778391603
471.89557332440745
934.3447794630192
346.78471420460846
923.4086269700201
604.0419209714746
459.1491002155235
937.9502242063172
311.1691708085127
918.1340525959386
1342.5852597185876
1572.066081317491
503.91049859230407
842.1440615378087
1213.3848765598377
509.016653285129
624.9102343096165
941.7091723014601
804.0383057567524
399.8336724890396
666.0775909499498
550.1793432137929
415.0049470483791
484.0309276460903
331.60628599789925
467.8664663035888
828.2538739691954
345.80875043198466
439.4593238513917
750.5090465408284
546.9668528082548
525.6413323807064
722.8763594585471
785.6469460575609
717.8899655569112
316.58826091629453
522.9678021476138
343.76052699505817
655.5074037039885
600.9054993449245
773.1906424779445
365.86340149643365
470.23734995373525
639.9866598316003
895.6590214341413
1081.6344185441267
771.5951600674307
599.2366371160606
472.6109154887963
910.8401811496587
295.13574607588816
479.6941512142075
1114.601844013203
812.0448288557818
481.13752625277266
454.01365384773817
1067.802191088209
438.07452578109223
1550.8885960006155
475.65323254163377
644.6385851406958
770.1580206471262
750.1470365056302
587.8265746316174
1021.4301416459493
471.6317223405931
904.3971372676315
498.2995820904616
1048.8814829385374
592.2481932784431
277.24044072884135
705.2594426538562
578.1212761317147
306.90662035986315
460.9707450014539
793.2513840852771
1315.3268882747507
351.2880641150987
503.0157464524964
490.80923193483613
462.0770112737082
432.991343553178
757.1735829468817
324.0883171794703
833.236561780679
521.7768709576922
975.1770727633266
483.7434906155104
849.1413458040915
956.9565534238936
481.17362186685205
824.6320690119173
983.7875257910928
374.6956492867321
669.5791851731483
407.9864606432384
560.4791087892372
369.03698832390364
560.9478841115488
561.3831895664334
778.2544939742656
756.644317985978
263.8757889244007
507.15621080156416
366.9370519880904
508.53440194169525
1331.3457176905358
1632.2693303532433
447.2769032770302
483.76280241727363
870.4231543586357
309.61761752015445
289.4202328432584
351.7496991781518
749.2128797955811
476.8026325860992
821.5041773575358
402.49286653718445
566.375939423684
1070.8372330230195
610.065507200663
692.8479702429613
997.7147914516972
253.83361099497415
880.9905722340336
870.1190351765836
694.716691361391
625.7151895908173
582.9391258262331
401.1757613935042
751.3711651269114
326.65891383436974
851.1814373446396
608.4397394943517
280.2187420699047
544.6933081705356
542.0924180973088
365.2691871233983
646.1618374164682
923.3802939949092
472.7179024453508
1245.2273324850248
267.55045687477104
1111.55032311182
717.207844716846
953.3959020409966
650.9467447153293
418.5009762154659
549.5702404923504
614.5988865580875
719.093270433601
397.8717616186477
556.1033740509301
486.45453787920997
372.54117059509736
734.6432936436031
796.4585394924507
307.7857816637261
603.112878772663
1002.697895437479
483.2702865913743
367.5107638174668
1027.9695054731565
700.8345357336802
265.22656853764784
504.037328080507
432.35271722776815
664.9835497102467
493.034117420204
1301.0307299327105
379.0579588302644
773.854836154962
390.1183846438071
680.7618804634549
767.124890913954
872.6981982423458
308.14412932051346
766.1913471788866
413.6499672527425
480.9504551605787
437.4381823040312
517.7698211619863
585.6807472791988
851.1497966713505
591.9903402107302
318.62836751376744
730.4765535970218
1014.8129370317329
586.1175371321151
575.1718718901975
601.4237977287266
1140.1633808978368
814.8492017196259
545.4705578900175
473.5295588558074
402.41805637348443
900.6184844529489
1388.0125568299554
974.8965787244961
869.431572819245
293.37918536609504
737.2678345495369
676.8260987780523
1188.1967949658865
970.9123326075496
409.8166147900047
538.21880231658
553.5106193725951
528.8998224885436
415.74326957622543
623.2222741988953
437.220061783446
399.46620923420414
1100.0006764875725
585.0556303407066
695.7846875741379
737.1593815381639
482.3718229489168
1020.410959500121
484.4467428114731
665.9504278465174
1943.3856347496621
886.1887857174734
300.834476392949
1013.9177574274363
642.6426374712028
554.8793162717484
786.3430476626381
595.7121241085697
342.3166767503135
814.5728573930683
603.055616837577
356.8954935859656
309.6901020342484
628.1473619788885
590.5985013035825
403.47551363683306
575.6339740429539
518.5667168059153
984.8232266250998
686.9023827707861
1034.9372838005656
674.3497875937028
911.5820430392632
581.8064933973365
567.3502248823643
496.4350053269882
358.9237715920899
648.8080180208199
806.586277767783
749.5848149749218
535.5256475955248
414.284363267594
437.17100227449555
442.74445934733376
618.2440525770653
1005.0756411759648
476.2554063175339
855.2784843520494
1315.667280150461
342.22144684556406
