297.4418046825949
297.44234523170144
297.44268217381614
297.4427932755989
297.44304258731427
297.44295006226275
297.4428039061049
297.44306269564913
297.44325090329494
297.4429918092037
297.4432094055828
297.4430509220547
297.4425915946704
297.4433256525517
297.4432158657546
297.4432673732681
297.44304828533313
297.4425815933282
297.4432886328759
297.44305863881164
297.4431889676707
297.44372395303617
297.44212350519047
297.442900591941
297.4433286782205
297.44303957226657
297.44327909730964
297.4430001241726
297.4429880474054
297.4431233308478
297.4430551490241
297.4427575934187
297.44261918105803
297.4429594748035
297.4433047019611
297.4433181296972
297.4430967392236
297.44308996877226
297.44327855087977
297.44302149653595
297.443263996709
297.4429760164967
297.44327365168283
297.4430463804929
297.4429974682862
297.4430579398904
297.44321512046736
297.4430558523818
297.4427500445672
