411.157363255983
411.17344729956585
411.17543049279175
411.18078548511767
411.1707947948871
411.1944679567723
411.1818858559691
411.187677838152
411.17750731212254
411.1928028973489
411.1853606514542
411.1784623613421
411.1893037724076
411.17859178190884
411.1885557497608
411.1820548447613
411.1846609762997
411.18327029998545
411.1820018018734
411.1832087135499
411.17876946049364
411.1761196090192
411.1839961697824
411.1824990420446
411.1743025668002
411.1910981746041
411.184935408397
411.17830097009573
411.1890792842423
411.17861059512506
411.189474250139
411.1758912589212
411.1995056242522
411.1913258548411
411.1864716305681
411.18424672363835
