280.6562122853902
280.65647913120756
280.65654423006526
280.65667977791054
280.6566635324825
280.6567490806492
280.6567040950995
280.65677191804025
280.6567173762669
280.65677917932135
280.6567216123658
280.6567814218233
280.65672293493117
280.6567820927503
280.6567233433998
280.65678229927653
280.65672346497377
280.6567823541627
280.65672350286513
280.65678237340035
280.6567235128405
280.6567823751375
280.6567235172424
280.6567823729947
280.6567235200564
280.65678236886197
280.6567235218554
280.6567823743062
280.65672352039473
280.6567823731857
280.6567235201219
280.6567823717851
280.65672352116417
280.6567823719997
280.6567235200928
280.65678237402244
280.6567235204384
280.65678237726934
280.6567235194743
280.65678237997236
280.65672351880494
280.65678237497195
280.6567235188886
280.65678237717657
280.65672352104593
280.6567823723599
280.6567235195398
280.6567823716068
280.656723523025
280.65678236816166
280.65672352178444
280.6567823743753
