223.48909029718925
223.4846832928315
223.47727136093
223.48904511661203
223.47789076062145
223.48559993484469
223.48887568858117
223.48314012742594
223.48173277022852
223.48405663429185
223.48836921936072
223.48396151066572
223.48839821023194
223.48397894991467
223.4884402673888
223.48383570714213
223.48747858699426
223.48561650685951
223.48826994181945
223.4870633332739
223.48469879015101
223.4880414050367
223.4837523020051
223.4883728545301
223.48399923573197
223.4891612384854
223.48691284003144
223.48293531744093
223.48225119296694
223.48383429366731
223.4882089603907
223.4847252656582
223.4884681626645
223.47649387343517
223.48867354788126
223.48400612238584
223.48915316935745
223.48691424733624
223.48291157554013
223.48233546687334
223.48377649206304
223.4879905283069
223.48414729426258
223.48559364747962
223.48778462272094
223.4790158113974
223.48891259362426
223.48333275991536
223.47911813014434
223.48889859164956
223.48353419602245
223.48759795827937
223.48145991099227
223.4836849835956
223.4768612430089
223.48866691164585
223.48384310816618
223.4885140925544
223.48809818910377
223.48514806790263
223.48849747643908
223.48816161171635
223.48706556277466
223.4846849692185
223.48802554275971
223.4835637115939
