191.77750779174403
191.77745576709458
191.7774096765088
191.7773691818229
191.77733359177
191.77730225739197
191.7772747566587
191.77725043274222
191.77722885670937
191.77721020546778
191.77719373388754
191.7771793979109
191.7771665760083
191.77715533680384
191.77714553420446
191.7771369790944
191.77712929295194
191.77712275966223
191.77711659079068
191.77711180134065
191.7771070936633
191.77710313891475
191.77709967911505
191.77709693209
191.77709410056195
191.77709189263624
191.77708983864068
191.7770882124023
191.77708649507076
191.77708505252122
191.77708391755004
191.77708299877304
191.77708185344818
191.7770809579015
191.7770805256023
191.77707969107723
191.7770792804422
191.77707872696737
191.77707828180428
191.77707794281014
191.77707774964802
191.77707722644845
191.77707698233644
191.77707677928993
191.77707654849655
191.7770762838427
191.7770764228644
191.77707606465447
191.7770760223484
191.77707593285413
191.77707566106983
191.7770758499537
191.7770756368136
191.77707575177737
191.77707568851474
191.77707572516374
191.77707574498527
191.7770753428831
191.77707534973706
191.77707570387793
191.77707543968427
191.77707532788554
191.77707553231085
191.77707533389548
191.7770753043551
191.77707537428432
191.7770752313554
191.77707531968917
191.77707517955787
191.77707523489153
191.77707533066132
191.77707533099237
191.77707542922508
191.77707513881978
191.7770752728684
191.77707522190758
191.77707522654964
