218.17091160020937
218.17145622457429
218.17094072386863
218.1724787339026
218.1727584568198
218.17138125251495
218.17094745132908
218.17087265040664
218.1726306106093
218.1713957840575
218.17092657704688
218.17088885879366
218.17093634854155
218.17093034620393
218.1714084091209
218.17093906344599
218.1727698311206
218.17140046673558
218.17094662253658
218.1707242896282
218.17146910575684
218.1709278370563
218.17141393475322
218.1709333369672
218.1725660556167
218.1709311799823
218.17258031988422
218.17293500670712
218.17144778288457
218.17087956360956
218.17150620200664
218.17186699953345
218.17261077825242
218.1714235831023
218.17089211017264
218.17146828828663
218.1709336772892
218.1709490630874
218.17143255242627
218.1709056912332
218.17142957693977
218.17091426033585
218.17138600016006
218.17091867883028
218.17151811649092
218.1726825321657
218.1724421141662
218.17092118180153
218.17151013088733
218.17211659862915
218.17152582818017
218.17114938844315
218.1727729529066
218.17142814556064
218.17087099141645
218.17148322744106
218.17091796213208
218.1714814548468
218.17092007375322
218.17149479729778
218.1729774392079
218.1714018313396
218.17090716441453
218.1709437939353
218.17074081575993
218.17079266022483
218.17150919892447
218.17208002150437
