88.21800468426385
70.446585362152
61.27929830895192
76.13043624009663
60.971833284324134
68.72073079614279
112.66455805664452
112.45821268569307
85.57265058255405
73.17605557386082
106.28953412412727
68.12771161797639
120.89672531527071
192.73544569453998
76.23385398260143
153.76563583268126
84.07519147886751
92.69312425854378
72.17697911822074
48.363119884242224
111.20810078188515
135.24561460029554
95.70017075191481
81.71178044098588
65.9564554835174
92.05265116263217
219.53849460773108
175.13374592321634
144.48756945401146
160.1561830887881
97.73063965545725
118.58900426919399
91.04876120945846
119.36277781533136
73.02213550025044
125.30110841042688
160.48893614596818
151.77526283488214
80.85634126555124
91.39364636217306
121.41122517057192
133.3831534936553
77.27410162708475
157.26369697325026
129.90753642670916
102.74369436279085
56.98572432338551
151.57104309861734
76.371561515748
132.76799324012518
260.94301161696603
148.79657373729515
170.64159931205722
140.87601363992235
112.52201335886275
83.90435690878712
200.06163687168282
119.71306824529347
64.18204282155875
82.47707489012737
137.47822483680193
67.3048902433693
77.67947329336857
97.06745722766846
79.57647092626667
103.13137687200742
78.41054785975211
145.64139415114732
49.946659980066215
227.22475131846022
63.896661725802915
62.230496813635
87.81892617999165
155.81753263890096
105.70056228338944
145.37897041682845
77.3280003031723
164.539116545051
128.9012520350061
161.68319298969436
212.75529181418642
153.0270698851673
47.28453041979992
97.6328954885139
313.21925826075676
71.56482137910461
138.61732647838835
99.19978024506418
97.29864898618871
260.8011586295361
114.6914025478527
182.14969057416602
115.59874577681512
142.97929842415215
132.26203745027487
125.88556330072424
122.63050164718334
111.73166329889136
123.16221318159296
108.09993223920537
83.07399746042393
71.24457873422216
172.57034305433808
84.95754718234457
129.53867827092108
191.84584562064265
93.40918045573017
81.2110350451112
104.77425753918214
75.07216789289487
86.19959506227133
128.6358393090104
132.1908455566754
78.6661222651037
106.31216962838516
82.8503998358683
82.72935922469514
68.79280442700474
164.7917525123903
109.43336465934772
83.34468935399855
108.35139768984118
173.3824093105668
168.56797039931917
81.02543512834018
129.35429443159228
67.2201137191314
217.27485338346014
108.49539661120252
54.527754444574384
148.76465560351244
167.32795072040062
119.31243850941792
56.64808954056571
60.40480934544212
81.12121992623906
74.77662226433131
147.9523699231704
122.2992191506346
91.65820029475617
84.38440959568288
71.78391681158246
179.4639516282059
193.80297631558278
65.77206487752119
72.78261976658177
191.63896520576964
106.2995193127208
134.66331358093885
138.47524917678675
89.22808610999346
91.18664744584748
257.90415835922613
110.5131795973466
56.22747064140276
140.32922959925781
141.28166147224692
90.51536958087308
114.3403899988698
141.95746503279224
92.36508747409607
74.55407481850852
217.55931391552076
61.117572309125535
100.5660934492189
80.89219609486463
118.39928119948672
58.81157750484999
165.7965030141313
96.92758176576899
96.90388452242405
72.54145043598328
85.69712311588955
122.67658406440023
90.99664100534937
246.87006681913408
88.12875250287834
105.60181989504781
183.5520404497438
99.19656896551896
109.85028761336434
101.03665039088446
92.1398318618667
134.06296074201236
144.7565381537861
168.72899207400042
68.83131495754424
129.16933439223794
122.13962256969535
159.95899941124298
154.07461574177069
90.02982892239015
165.5257905951985
226.73168654906112
74.95970316682724
169.50834239631513
102.76044368042858
121.88994101965363
64.75052557489471
111.59907577506237
56.37349654998252
81.50639057356238
55.61632663558703
120.63178304521352
141.16350682940902
183.19491218045732
218.90478277488364
78.39583578285601
79.27830857820663
190.51701104540916
81.59485095074342
128.41571069248675
98.24621582939653
113.25810338046358
118.89889526605111
77.46206127374535
62.670007578381046
98.56717603495053
105.80637629626654
298.5614825945122
145.16840568683983
63.60625978466851
200.1128482586828
123.02737489025458
115.80345683106862
57.63788321177708
82.01732553354668
86.75792168454791
210.40418571891132
77.16258748779728
248.59411469750194
203.5439212533056
100.40908656396641
105.20472484419224
159.904644575352
76.07259562835316
111.35214233742226
91.93351158473888
85.62407658100346
49.74507169671415
108.26194441988628
104.29618944429603
132.2197111537498
58.38553695950759
149.7385198842676
89.31258278121459
95.05142057600096
56.598355439338775
72.81692998968356
171.0473808329043
75.82777230165448
132.09362028283067
136.25764561161486
112.31517072156566
64.11722103047941
159.10095873751925
64.07835678110496
150.0074246171789
83.2063467593689
143.45747867662794
113.48858957037373
103.44047434160166
98.76459447036177
157.90965760791005
107.06769256335247
81.52688429990667
71.68634234698402
193.2021398685174
60.018812979618815
59.75087950998568
200.89596351758155
202.6844566729269
104.09931004721147
102.0324168426996
106.54945370876521
78.87874537140306
126.21025427086352
112.24155851742398
130.35447065088738
265.1099501656572
136.1322734274654
158.1224028365832
135.19685462918278
90.49702368818544
272.9358994947979
68.25203514521127
95.76107308293285
124.50395752347686
68.194492185743
86.47218142525526
171.53707255859626
89.07267919399601
124.84845296265121
125.48028486493422
126.33405625526939
83.1808503606153
85.47707367392286
136.2213000659831
147.14369552197604
66.64113228859787
115.72009327172418
121.08306355697277
138.02930497985653
100.10032197780674
66.00497802234895
92.11861060657975
86.57537888317893
183.5924949649052
131.01321338155685
182.98091595232108
137.42102441081806
77.13972854788153
101.05077054200228
155.774523006221
59.52186512284243
122.44024083065597
59.3623895718556
119.8254054737481
66.29730934745021
133.81130260481586
160.58478879873292
117.19614627543342
186.04138734475418
85.52949060809624
79.46626208773523
124.36818221343128
86.02691779740417
145.5833006163375
99.39853607562691
130.51154801742814
186.8636264040033
64.50471889794426
114.71274601988262
100.2629668825466
167.62779841232987
63.20133993121999
54.653517735307105
80.72560766506649
136.73298391944263
75.60699699428369
106.1213539503151
374.7592187694754
121.40432820253045
57.91312462035421
246.88088100482128
88.99417433410417
96.67849963392655
97.39833520910906
100.9729109294276
165.20630262349732
100.95125715494942
169.34544551024737
102.45863507501781
94.52149613194342
100.9120146057976
90.63308056060487
63.20591569707176
97.34522909311636
218.36059012365877
125.8985109618734
113.3722707270208
134.6445315985111
153.62719085232675
97.26811668053415
100.16910131244367
94.40551851045166
62.34253518813057
181.21111806026602
131.29685828628135
152.174936866395
122.95492922412814
51.47080684453249
237.77135202343197
207.49196582900913
51.6096704689553
96.78641140127002
170.38611920774565
174.78562362784578
186.1742364700185
138.73845671244635
59.15789581774152
87.73040657633828
126.41474275614019
75.43847236624424
58.828192323373514
191.12372399510787
185.62595299685927
79.42972019887384
125.49429450081516
92.30142013014847
82.8593288054908
54.627347022156755
201.27037182259664
79.34975853907235
131.97962924629974
52.64996764239186
158.10252056247555
119.66457694878773
80.19501631804451
167.7066278864586
97.60833908836503
81.09213606541744
150.6599015259635
140.40044163495622
95.36486769576732
104.84017330443749
74.58116736895317
311.9626272175883
77.59989535371278
122.21398399242753
156.54582960178232
104.25994198804983
292.6144341876934
88.49552957292326
104.98427569680644
71.79843140365847
114.40221966965328
91.63939435937937
117.46852551746997
181.86753767446498
163.02505195045524
134.45637127263763
94.18155107142229
126.95484680228401
100.14019563930924
139.21122315642424
258.8668949084822
114.77442547801911
131.767488182355
61.745355096209096
53.580390256982355
79.3701405525062
90.69698017615156
154.2976557695365
94.18358299138345
134.01970697216893
79.15622909292142
91.03231019480154
98.58167208226223
121.29644167865627
100.19606685057079
88.70378894019814
81.8032886328001
263.1056225497741
94.86312364931655
196.22802767159737
95.60462386121071
206.5900992996685
202.14089998199051
38.002654118557984
140.58335764541698
120.03522009256267
72.94613312666479
95.12815546039928
149.9153026484273
84.19946352705301
146.35800013064
65.54729592100193
79.55526341671066
51.09047266050038
122.83672017457866
111.90575251507835
106.15723537471058
138.08584820750548
225.18229136927403
87.47253014887247
129.8918576819342
65.29636337270495
96.09632469494682
78.3270033994122
279.4318104620543
113.19644901035645
225.21419946767855
149.60160678035754
101.09227606184868
71.32847911665885
178.75923956044426
84.51124113534024
196.16005807431793
90.10229744547541
115.48849909005366
48.663076030570664
133.02309920206608
113.52920432551036
92.34695951057802
109.39859162639914
241.15073250292335
139.80458520336106
108.36798487998749
79.89095162643935
119.40112753154244
128.70897410681937
122.98133579636487
148.13250783226977
109.0419873802166
82.28787380409631
97.46694753675547
97.07354912162555
97.70694105399161
57.906571843574056
168.2489448428314
72.51223591330927
113.12011537409853
79.48057705417887
86.7974771356603
131.62550407699018
153.0940212896312
84.78015388827043
90.30611248881178
96.26821321503667
99.60280452915322
153.17337069436326
101.762607520257
55.24166777046048
193.28781836375128
104.7932664451946
153.47493756024778
106.83884433127241
78.7594908699466
98.16621598473284
156.58433709359815
126.34254502487602
131.80894233420986
152.86390163700707
83.05059556442575
112.39185562022612
127.70172372162779
63.82733199409995
42.8693860677231
74.93673034988024
183.21386988870654
93.98065188773035
127.24657912629482
160.1496638035096
178.2901964455159
97.33748545268463
48.495164930784085
141.39054289646447
179.81935476693616
91.42313346502488
116.85762796168274
235.17126575316797
92.16534866240545
74.88202133530285
47.71078731148009
102.08831591900525
97.59762950449658
207.71324424052
185.19937957083312
70.34624277218245
87.03942825568811
119.488264452164
64.84326059040177
95.3173081362911
153.3592743765621
142.0680463231547
143.68614248360973
107.68773913598852
98.14351764482853
112.00636327100801
56.683270590539905
124.35747972138051
150.91393256968877
118.76373405427148
52.39122027318808
158.79797307393164
142.97980697269668
57.9722992015013
79.45575534286036
140.5462644192594
149.95009314593335
120.28751314373221
116.41962854207668
80.9747380905319
162.60401850451308
211.22918340942124
143.19403783226153
137.25910617424233
75.96521228380152
137.50186673674034
49.00438926809875
86.76096678349131
81.69193662639009
97.01289191529213
84.03326221450698
79.31158324042917
149.30459874874214
102.76539059750212
65.9208332834678
85.39873160120624
86.69156458877842
66.25752548775927
146.93837981611432
115.91557649328024
285.7938912864629
160.32252186794358
198.97600011179748
173.09836439271749
110.37960871132964
99.04991057196457
148.9265332085488
99.53396058749058
125.1768862882891
75.84571691643214
113.757999715599
150.26596327712468
102.44788555175182
74.07202730992867
89.8406668236712
171.83650714808027
190.99929966127092
81.16795705381082
120.5450664015516
252.7230439636187
123.40832513272471
217.67594817373902
65.47325903382443
67.22703909240954
113.51426596088277
122.86498553602723
78.3801070398622
195.62993594682484
133.6853952309175
82.78887107341143
111.24856100637408
88.18708710590727
134.76634001189086
80.93290385160071
97.16062098796829
82.97580821420706
102.32328597427113
183.9179812259972
72.35661588021321
79.96025121833372
95.14906123347464
318.7303994733229
91.65372040068905
96.21757437894121
75.23327417383553
104.83879549040284
61.14623740724346
90.13961572629341
135.88522358925547
38.553366028296296
154.0794992512965
83.97481146083737
120.68085312961193
102.71632359770592
178.46605350599566
157.8120393763238
143.15151618908567
230.1180727640167
126.57496905747394
130.0303295859194
86.26844950915256
94.13992453001265
112.9620323288691
88.14079920458607
98.54891651371145
93.8687256736157
193.08436484151753
91.30573274967901
147.24468656498357
167.58155856527446
84.83251966230455
173.38398488513485
82.6641672366386
107.1562224047666
323.4952097611822
107.58427816815674
103.8190534991445
74.57849221212382
73.57224097510334
108.23943916392454
139.5576982343773
95.87279296162887
122.08533071829879
125.47301422423334
97.87733669225418
99.33088529745874
94.53805163147626
114.85897165333154
83.9146232168423
144.29223969980376
81.51206576300319
66.4030574203789
81.66612748752232
178.5558585064282
86.21812415585737
96.72805464109115
77.59130189624557
112.14832192128233
93.09447197488043
78.45392182643991
74.31824111808965
66.49538897228194
192.96177553592133
200.9668423787516
206.46495093777776
81.99570810297155
286.44444738025777
101.34379563538823
112.8343095623859
167.39439571222465
191.53652034561674
136.82326846927754
164.6318053797586
143.44538691980415
61.79787021812808
69.48269748775056
104.82504504795361
84.59247801745369
140.64313784193655
88.40907914920535
94.66769196781388
62.65972660090483
132.04270842797996
122.8324784655124
299.7904624726507
107.48479112458881
78.39416372809501
112.61179135348357
70.63839930802351
101.16832285240525
118.83043009848916
65.1335306254623
81.9175048975303
139.3997909586178
83.90788675428485
128.8964675180614
151.3289743632049
77.73871189341298
75.47190986179339
101.08259809657466
63.163219046007725
134.5152501987468
170.02019654367177
338.6440948768577
91.21352819640015
144.07970606228628
117.32959656567255
70.89206148366793
152.28854551681434
99.46849067148287
88.28049111347354
204.54220495460322
69.84557100763777
145.53721025226696
76.4596697819361
109.76437314967916
189.3461497721728
211.29518787066627
85.22141103695321
70.75140400209057
67.51253492471005
167.63720815056877
156.32087106902327
103.08255632150394
63.11606584828405
104.99820345779881
135.09190005269193
216.17250187812897
122.7654591139435
58.019481436669594
67.21957553556422
90.40301379517769
133.46947200453724
226.33127075787343
143.78352460675524
62.66696651857637
213.69062802384724
108.31092967197765
157.1840406749834
117.42136615475465
110.87214705656515
197.24602034025884
46.049483917915495
129.09536168052
125.05696839737357
190.13994906382868
100.60079342624522
136.080450747133
116.2706763236929
132.29022028978216
148.10406883992255
166.36516288992425
98.3120086916897
105.97091940358223
172.42866412058356
75.28268296903116
117.52058276341995
137.16705383032968
72.81105004993151
175.28552134567872
105.45243002886127
74.91981714057329
89.99219541023194
129.6987724776409
76.83454711271042
82.87971885035222
79.94339044329536
194.35200547985733
86.91781897642068
79.62308878610202
151.70381496311165
118.05592071551655
82.91606470664556
92.68571913252526
104.61074537341483
77.65350666531594
71.40741104897461
92.44450647738995
55.120479136676295
70.80927032443287
71.80060278282326
164.968647788628
144.26069035188993
159.98718288945383
136.7702633375884
101.94903151325707
163.71702870896843
90.17674854157667
55.82562692167994
132.2261935313145
134.19794099491264
48.4042234611552
152.7163541098853
255.18548559719056
58.266596458721324
136.82916735277104
99.64494252765144
121.57080927980132
75.36131880673929
85.44828845765733
186.08476512705965
294.3127084115549
272.71783002486336
131.08751973697508
48.87261817396211
123.96368362018256
67.02704999498383
69.5838289312087
103.82970673097589
81.89984199238825
193.117616794887
112.74279815997579
113.61710186561686
89.45034029411909
126.64172155529377
99.32857435152982
131.87417370350158
109.39799445621611
78.21999165862508
142.00117217126535
127.69516843135352
54.10331804577436
136.47478171852708
85.75634771164914
170.48555950049195
109.76485119530116
329.38505089463433
76.87128829742142
118.05401158785389
116.00324003704009
42.615954385342775
120.5724911862053
62.702565213054186
101.58702710353828
117.95782433095155
71.34603690718359
133.87358111504
64.56097480394237
73.93670260134968
67.12144599681778
106.06528853820055
178.68842563538055
108.68812181128305
91.51770507369656
60.073676940606674
236.93021751145716
58.271875993392314
167.00414933616412
79.60001613077475
124.94678699235374
97.54971948638558
91.18092033213179
130.34351235641225
91.13576116797049
128.66563835665875
64.33815720575512
137.5398939463921
88.78375754061562
91.80105428071693
117.77794422309671
166.42869360501936
61.10236783532309
97.40753288358974
110.11427604373603
64.82714710352593
151.5875391249283
83.85370885832526
357.5743190068606
152.82952619520074
82.4069847389037
125.96600541826047
115.50813498842763
127.59974788904947
81.32987092857365
111.30646320755477
97.63414456251485
103.22661024529953
96.75481210592261
114.37739646423142
115.6569945718802
206.7625708347623
97.82456999199349
146.57172714905755
119.82598287252767
43.28768512151146
82.29561475022638
81.2005345581565
87.38007174617087
97.21908158095903
94.91389479546342
135.26386870811984
231.19628114909574
85.73864574487379
191.33901401185722
153.76407950147404
181.19814200059045
111.69422487240809
120.50444946429343
89.17416495525686
310.2905978235358
63.73440860451956
154.45544571672508
87.06111229307135
113.1225298569916
126.04676066695538
71.44686147717584
79.78492952993838
71.25483368003916
83.90735622636566
147.25418300378078
105.04893490204995
84.54809769328858
73.86007753908052
137.8309907957737
116.08793256786885
145.14943086785206
116.84431281940488
116.08165160068893
60.91014402099245
166.74222800864663
178.78138451342238
140.83162860335142
97.5400970774208
59.853212070273
77.71964821434813
102.71689776105632
84.79841463862977
113.863413827974
166.57367603883904
70.21412466742913
68.94747817568714
111.87164904539532
104.9606678509299
158.83749561867444
98.50235180117306
177.84517459696508
154.0456829181494
54.03198985560448
93.32480728019436
121.17714679842175
159.33997342489602
99.91180915832228
115.9101725697983
161.7992798963678
92.25328350150085
161.77308510581497
70.86341583858302
76.9732144982554
231.31541249575093
139.90374339757545
198.78091182572825
199.25396820303285
113.03678574092919
53.35009076807182
109.38446793223557
108.40025003949995
122.16234361920215
77.85302281547047
141.49636992289743
223.3626752338314
129.521648287875
101.75673825155536
263.5359039215691
79.65600146231009
160.0836438227998
161.111405656251
76.42183574281808
97.87163153981965
109.8938868999976
137.4241690007766
55.311268286866834
59.50234564335551
65.88586945703719
94.4817589680024
189.04339882927889
75.4892346108827
108.01509754058497
117.91972331950092
68.8850041473197
66.40038061240921
93.82918951670581
63.76480193155294
202.99314835984842
120.24610161372402
139.63768275961047
101.85271148500033
131.72864278576162
94.74679559111246
95.6146829395293
96.85459865677694
160.5411657018849
89.68219236544974
164.6000500937953
121.81951667935937
136.0756768570718
289.48506032112346
159.36673491274996
132.01021476119058
100.79928254605329
143.02475077618146
118.0947963316139
56.6351322728151
122.51492622791557
123.12613924272591
99.4787819894118
170.43840382865164
102.30817125517933
100.52058301908255
116.18432947993279
109.48317487385066
98.06208148751466
131.4678428665502
75.60955392837059
85.24679427988303
116.79324768290098
88.30949739154312
109.00073011596396
354.50304119415523
161.73918385432626
99.49435579929559
85.33598396985326
161.8087635980046
69.20832283709024
103.43566203903174
135.2639926592965
130.49852984152676
211.43055823743634
67.6071718804451
109.79519526280637
103.97401566429471
80.11455608875258
149.0806672932231
228.37876560277073
69.05698746087728
72.43707088577503
109.8480668211414
80.76303494400054
152.04837785472046
56.019247273536166
69.86292465240695
180.09861819146317
154.324409670342
109.55636224010959
58.12074831961945
144.18123760617163
87.33969561378763
85.66895779434708
56.445672747373465
88.76602981466567
94.76769235602114
66.92736988005345
135.0977225398674
135.0708444150514
131.5589991783345
95.24156825308455
93.1901438630448
105.42990200332133
116.68949169517145
84.774141934613
91.68804127744806
59.21726760880847
75.46456659211253
57.97797334069037
83.5596808554692
77.82861244484957
93.91639078197477
149.03023144218605
92.20553557248786
79.20046933714184
104.40368620670051
133.77832779852906
86.01781808371015
59.548007088335
85.85264480825572
71.27926833306265
140.25153604734805
137.11314431671053
125.74905406212201
126.03014568454819
76.21336055124993
140.57462040358223
116.83632332875277
143.03930044334265
239.48599420205574
147.7540189154097
66.7319643550436
71.56675047395402
103.36561967394664
101.48712097361567
196.01284632191528
74.94909255838138
167.28145042300457
105.98333398997784
113.7229557481769
70.20208845019806
72.58639922505245
106.84072783621377
143.9907764068921
144.6049869695853
195.85165785162826
175.75216385442764
98.03011924240855
119.30847179883858
104.40093220764538
114.34936978653423
106.04636588128051
88.98071154890931
149.63528304893407
80.41292638663435
73.82625072167139
63.85965842346195
114.40284151581
112.68768513030955
100.66439531435026
106.24751689858385
62.94349353690632
174.83607263548765
112.21670599366189
106.62472498739953
123.51574553607497
264.50479498764616
53.43366539361887
66.1881586368836
115.48653770145029
70.77966955245938
77.75068473437568
155.18886870582355
322.9436405202141
69.16422934486764
109.3294087969989
102.46560118047637
353.7878699518624
212.23135579188238
129.3428007043549
107.43995403245208
160.08596831629984
70.4594249620568
111.30332031694707
238.27958157873945
97.55021896914695
244.53790377589758
107.94816269210423
126.02693683770485
160.306688916462
86.01662525787833
98.41873767977813
155.7024384624965
47.62245422741398
109.90461029755534
88.87191336482647
125.17218172564753
161.1958008617803
175.40283620590344
58.10853505684645
103.87892902258318
104.13815007227822
93.67579550831579
92.05833748739678
230.69028915883973
129.6553562731715
218.63147222614498
112.82544760243036
142.643753486278
168.60961164836772
98.82195635163225
89.61473849401227
111.72377963425242
70.66529423580505
124.41456366603961
171.25536836625542
120.00578427527216
102.17320649547037
87.89899992084247
43.06439633847913
107.87302212615032
99.40137721193605
84.4896458228759
83.46721611119574
70.93833319531404
85.98452480862034
67.14294051475008
148.30461312952684
113.20621969387867
120.58443077039556
124.58809597438085
143.49044469677028
190.16355990542797
99.39279850031016
114.71114405183471
198.50117501497152
106.48841595815611
130.8258866481774
132.62386893629446
128.98245138840866
143.5276131858409
68.33053620430292
102.03974162539816
88.72509274905315
148.35210559822735
105.92107547825435
67.16469447649433
104.12560919302632
71.09831790672615
140.38021284231218
117.42008129239548
63.86631502423552
116.94419453755836
194.46453329225187
87.7862371399533
104.94550121005159
108.69689090549946
92.31617329848814
75.43117999189417
186.11193087874562
83.33823890570784
138.11198572209105
209.4510985207453
70.59445139742456
148.83531553976354
93.28380385774653
131.76486675208434
68.82789183277055
123.48527570662554
111.28484031383414
168.3180192761065
69.47917911331751
174.71535870683147
107.06543934511137
70.91370261050179
79.64300981370616
285.17246487390366
146.76417314523133
107.56733627192443
139.22416272602277
171.1952121182694
185.9678476729605
56.29980265154154
89.21700086977216
175.69816538598388
57.68822580034612
67.04445220212801
92.25270353900851
84.82913956631091
56.505563105572946
142.21605469999486
113.18392961350037
146.70027709568967
204.7660971104633
131.32378389657242
76.03668855855358
60.39803072839277
157.1768255586212
61.43376354663633
147.10067028578487
90.86668430856662
107.87022193233133
105.58739568965393
120.39720707881497
81.06029058946297
215.86166986185708
81.73117079513031
78.7997530704015
114.93449444923317
62.9988629569998
96.78153820178704
166.57828574068844
78.40111586730927
130.49241846692166
292.1773824071279
71.11975331304711
113.07580781145953
86.93460903826053
115.13913210114697
75.43016406553215
84.72113560303114
76.4593724066508
129.15519985416904
112.41674177959794
146.3005216739839
102.5546211458859
56.03104826572235
58.435736093641026
136.55940377464867
101.79931795783341
113.85768265006482
102.3701255186752
98.21503789664712
53.660745509463595
83.34554354721331
149.88389883071068
64.49255075652036
98.13352237804793
115.86419770249631
77.0534818097949
128.59783613152103
142.9859213855234
80.26647497393424
118.25566214692662
194.30679529320332
101.44785033151857
140.74644442240242
130.0057071771589
81.17474418779602
63.84197072999086
131.4920815534424
289.9456841557112
65.15480131993536
63.23180557531305
111.79312512883916
136.21013190291706
354.1611892489309
130.33714105346007
91.08977750048507
71.62870569512597
200.67603091182536
42.30321525406907
88.06718133523827
57.030881524900906
125.83290416112868
173.7349717116158
98.16645927674836
94.94646790777915
149.53656246923492
94.58674742557923
66.86925023849471
114.72699983121129
163.4090413938975
186.20299261476612
133.74832553451415
149.1991298434441
183.24747158496757
65.71460171128274
58.65097264832002
154.63624498006538
84.64043438684894
168.77300376445055
84.36674600694096
114.94560608381289
75.28187708026962
91.43854250811273
73.39242688904051
108.69573312616558
260.50803585516405
102.59889086338808
96.30020181805594
151.5708754674124
118.65203018419561
88.17635304966825
47.51559035581886
78.49940505056293
239.96580377419014
171.08351665223017
146.58715498875245
86.52277314075036
80.18843351301621
103.99360013799742
100.51498371188063
257.21942715800833
75.02509313766495
68.5933209270006
81.62590433700825
106.70974988196394
78.5551965716586
74.23699114617193
105.93879648781149
155.33339837077074
70.51281844786718
294.22367835624027
137.21450213264325
46.10849232127657
148.61245651508216
90.04267613546108
130.74003166289185
89.98880320219905
137.5720062123437
111.79219258803641
108.38809605795541
121.16126198307029
98.48219943974982
77.185302576283
79.54157137419679
169.21724725913373
87.8838508305198
93.93024095735746
127.9442416652746
63.13015069163521
116.18563789420296
87.64303180156276
90.64387614064617
111.26368474055198
188.77942034992157
50.39446490604314
137.63789274805458
167.3299633738643
111.24691216729116
65.06119658987154
210.83040386610082
96.50578093490913
250.08499856191338
94.137042377115
67.65500192291802
92.9247138450155
155.70738777515362
169.1796942431829
50.323335068358574
81.97973583257408
162.88102899838123
118.89428802698967
114.1412589699321
246.2458695396199
100.39941701616044
150.8700616900751
92.07353930434329
128.8612085689383
66.1685446575284
83.34791792405304
177.29343296738807
101.78063147564535
116.63303455917048
73.3757873410068
64.42597094469238
108.59703758251271
102.78313150026952
81.34926911309594
184.3819839018397
109.87816290036426
100.67094342183555
156.01228421003907
75.65044120771927
82.56844671673025
69.31250889736111
88.3932671022485
67.93103411604534
87.01398483494995
141.31016634151456
253.16771651493036
176.82730439916486
72.334386415896
92.68436802076758
106.08107452854165
133.5701137740689
133.4256542554649
119.90231501197559
222.14112847219803
69.3731097636919
139.32689191037207
153.05869556567632
127.69380527065368
116.32880051687243
103.16256778658135
96.37019647299894
39.62114344508154
65.39052634619293
291.82453437303775
92.8224529470317
70.79299518137123
124.17381024934002
104.94005768120405
51.48494148833561
70.67914726876188
90.69799262160086
76.6423969749303
220.84326397959376
81.38416341610719
162.90532956871903
134.11476343745016
123.7565236868686
224.67578854208114
85.06537163304165
143.7134017846547
102.39014482367202
102.52846335724462
90.93777640510234
105.67481312213931
101.62746350374073
71.39643817566684
101.11234112671809
133.51159470176208
67.03487071377458
93.6839585643902
85.45478678672225
100.09984606664511
247.11647812629235
130.91918630112195
134.5473381197662
69.18769915023586
53.32052117155399
89.91342906659702
71.75732270386652
138.42292690376053
99.62248844030546
71.62374717142666
196.43366286638775
120.80509444238851
100.06999089932651
76.86944091663463
95.28656604886055
100.82161669433117
238.83502725083963
81.218825687567
110.8724962612032
94.3459383128793
132.74430486230995
160.60791862322367
224.04282708265237
193.8729538511543
166.15902696421836
87.42518851073692
162.46207756490912
124.95357971341582
86.89315613219514
105.56007058094838
86.65756164080813
94.49217703565955
136.3994287897367
138.1013799191278
87.79939663686673
72.65641439903993
92.27770950319245
135.0126355420216
120.87498699122807
109.81957225565566
73.54090132829151
80.92085166892502
66.48251077119494
101.397301842866
118.28185623101308
150.5835002453532
119.49077403190313
94.70457974320743
179.56436125928303
148.85728681227192
126.495412182383
104.69957573598367
67.97995012666797
106.74962745027733
255.60023451503366
94.32739476396819
68.96722226365819
74.03334881790215
87.34448764682747
184.92074337456143
136.69590900282492
120.50300205650274
345.29247161047533
79.51394328055903
150.37509911612142
145.55602317210287
208.38235866330797
65.09903865729575
61.379334797587944
147.57384912561974
228.41890950649395
141.5630480136606
93.06312836828874
79.16930552001577
92.19409409104264
134.976123725879
93.81605763672269
242.52864918927662
98.97623809319339
108.36906637021457
146.961670544988
32.1256911320379
43.50984398834407
78.92569761484629
103.76677100273082
78.87966462527402
183.66190411298885
94.57869368768297
116.9767135635193
133.82354556766222
87.01330199171207
129.2528136462497
139.15121359203476
122.04702710593119
91.50067644033697
83.26315804634942
66.69761145868688
113.74157217418542
152.50297505798517
73.75800648261793
107.38584004426957
147.30801213599625
111.00096344106714
88.31922620363184
107.14407611417118
88.91142508253688
100.10572659430909
87.64853177699842
45.26057367256726
56.22570418991381
112.2116011842154
101.31276720931055
57.2656793439528
136.39601128309732
91.02966640732484
222.27791461205925
119.10488091560546
91.63093961030245
84.1949011105753
140.0982102646376
69.36979998968309
199.8915779896197
103.20378389683901
95.33032889620517
159.13665650700568
117.21178283469635
285.53414931875886
85.39095192495733
93.02318786160322
98.50881595813553
75.43756797839887
131.1654978329898
114.99025610569515
113.84156258162693
121.77464889123803
117.65469026568462
52.19169211862027
152.90034393331734
80.09845745647908
99.0879241094226
105.02043186372612
85.54415307834279
128.90188065366237
167.20859153562924
83.0505426179734
128.10346004235907
169.35451436022413
138.96995632356266
67.18781933755963
295.478819457232
99.42818540878943
57.60474682439235
74.13585304023582
109.413785716868
108.43294103819062
82.61844702574308
134.39370172846247
83.1087304810062
107.1572505501099
147.7508518937393
123.87218943529297
84.7402094277495
186.4360151825531
76.20236813928932
72.46884791314369
69.6357269763248
115.73396763516939
65.34121772588696
106.31855417790939
112.69238482165383
204.89348664978752
132.108216129418
123.51790127033019
89.96176623299834
107.31895415918552
54.590673368627904
178.1137183943647
129.70575144627946
155.15959376539104
223.2742650815635
105.45649584758212
132.5199783850112
64.42631749127759
88.88434011192294
94.59050814577495
