193.74644061478284
193.7458947917612
193.74641791954218
193.7459007234438
193.74643837028816
193.74590835433355
193.74643764963002
193.7460468290883
193.7464716061886
193.74582531762553
193.74627617444366
193.7460769093932
193.7464795899341
193.74645754389348
193.74590778453603
193.7464314032577
193.74604970309247
193.7464795682572
193.74645949023397
193.74590716995044
193.746430552128
193.74604994494257
193.74647974417712
193.74646027137715
193.74590680172332
193.74646240633592
193.74590438525956
193.7464625629509
193.74590415096827
193.74646256497726
193.74590422975962
193.7464626214205
193.74590428760348
193.74646255498192
193.745904319072
193.746462687237
193.74590420838467
193.74646257335553
193.74590436863764
193.74646257131099
193.74590435741266
193.74646261374255
193.7459043985
193.74646254180698
193.74590432610967
193.74646269691038
193.74590411995996
193.74646262244278
193.74590433870435
193.74646254095387
193.74590444254136
193.7464625295579
193.7459044701718
193.74646246872726
193.74590449369862
193.74646271558413
193.74590411815007
193.7464626456058
193.74590428386364
193.74646258219946
193.7459043873714
193.74646256809137
193.74590425920178
193.74646264106923
193.74590420358072
193.74646266149648
193.74590423972768
193.74646258938446
193.74590436300423
193.74646253867468
193.74590438669475
193.74646278843647
193.74590415215425
193.74646257425047
193.74590428767988
193.74646261184535
193.74590421914763
