192.3418749858347
192.3444645811478
192.34444618182533
192.34594144447783
192.3417795476089
192.345646095966
192.3454243218821
192.34489209243657
192.34585924197108
192.34630676478264
192.34512198511675
192.34585189156041
192.34516059521047
192.34585214558956
192.3451629940264
192.34585223982322
192.34516364542196
192.34585231927485
192.34516423478817
192.34585235240775
192.34516440629523
192.34585237577267
192.34516464373155
192.34585240176602
192.3451648041555
192.3458524429243
192.34516513767994
192.3458524369089
192.34516505406282
192.34585243626498
192.34516508962588
192.34585243828042
192.34516505250576
192.34585245524795
192.3451651358464
192.34585245234666
192.34516509263813
192.34585244524897
192.34516512803202
192.34585245474227
192.34516510670073
192.34585244619302
192.3451650098632
192.3458524543803
192.34516515476753
192.3458524575708
192.34516517865632
192.3458524441685
192.34516503808663
192.34585245693233
192.34516519967838
192.3458524556645
192.34516512697337
192.34585244493974
192.34516513092967
192.34585244377558
192.3451650899715
192.3458524712605
192.34516526773405
192.34585244861591
192.3451650160132
192.3458524553389
192.34516512298433
192.34585245627386
192.3451650622228
192.34585245818016
192.34516516595977
192.3458524595262
192.34516516454096
192.34585245506605
192.34516514560164
192.345852457438
192.34516511402035
192.34585246104325
192.34516512463597
192.3458524574562
192.34516514110874
