277.27141357894016
277.2714747940463
277.2719971763536
277.2717930350527
277.2721831342824
277.27188851142273
277.2722489426533
277.27191301365474
277.272135443769
277.2716331738284
277.2721109041395
277.27186390358656
277.2722219883035
277.27197211397834
277.27219044339836
277.27196203844323
277.272195051115
277.27196478519727
277.27219350530504
277.2719634572604
277.27219450907796
277.2719642327429
277.27219381621217
277.2719636876318
277.2721942452481
277.2719640354135
277.27219394094755
277.2719637920345
277.27219413391686
277.2719639474908
277.2721939861094
277.2719638271392
277.27219406484255
277.27196389167875
277.2721940341671
277.2719638707749
277.27219404198877
277.2719638775616
277.2721940512329
277.2719638831113
277.27219404558855
277.27196387846925
277.27219405882715
277.27196388680386
277.27219404908465
277.27196388315497
277.2721940486481
277.2719638810231
277.2721940465235
277.27196387920776
277.2721940355914
277.27196386947617
277.2721940359479
