338.4683198692078
238.92809974935324
283.5425987264198
231.86694440562826
235.8341142868826
207.3711344159576
244.09798664342634
231.0907073130236
195.51655509750822
226.82300786958194
266.25392227670864
206.54864433031753
239.0782796904473
235.37824121967697
231.53231623841657
250.1252492212584
222.8328942979747
233.78782131544494
235.68132975996014
236.74884094161825
285.9872941830372
266.7152062733494
219.52875696635783
239.37929171748965
225.80757404559972
218.14150776400402
206.60437338144038
234.96940877207726
237.10355994777
208.07657721340365
231.18845201662134
225.44008810735704
234.8726987904165
225.16827930741056
233.91384017557357
256.91631749650696
219.99907345102656
265.7667635330472
253.36148638407394
244.71614214720466
225.9562041631907
207.5525017765467
200.27544738421238
205.2183071282634
207.0580457213964
240.51262821080672
241.23456630130568
252.09286423412595
217.55747518753378
239.03561798817645
227.90165183471254
252.64223618090182
265.0861824160056
218.4963724374902
344.22855720803636
229.0134629532913
240.9604931151316
248.082265243831
204.66674566768415
207.40178740490774
207.24400774868627
221.7558748519641
222.25487107863228
263.2009186214691
231.75289994509149
239.1903788740201
238.75482958338398
257.9661911425683
237.4012263765926
247.08149215468256
227.18117958496077
253.89709228951324
267.4031819619413
274.3547984579345
250.93207810271633
218.88680643079715
220.73459197376724
249.15394986675165
234.63688946549155
234.93563109946626
236.83333241356013
266.0021198520153
322.8792887796408
217.9049296558187
254.80347044203154
209.44370090454322
257.27462654225747
209.29966846443494
256.466554031078
280.77869435516186
292.9713219730438
215.0988481496861
256.3719967474899
233.77722245860423
219.5615214460704
251.97133974090684
210.71086971562545
233.6406099081214
237.038479023744
211.5112588582233
219.9683175247519
243.63468716887292
194.83117447393306
218.24192002335258
236.0772624484198
249.55206267314134
234.35443523836875
227.66389363041526
239.59647022400532
263.973062900237
211.1744304549975
224.66057106788867
235.56398112032912
273.0194025574965
222.33718991732894
256.50704688266705
241.37442150843708
222.69016913557425
209.90918405033517
223.13289932017142
229.320497233919
230.64516620775612
242.79869914942537
224.63325330139196
219.30281680178814
244.39129120293728
282.7085314326505
221.06835691654123
305.80524800267085
279.35280693089226
212.44724670584765
250.28745338193403
230.76097719143945
210.75056106032207
202.4688586898883
240.35217622710843
249.11470214395376
277.38577438052016
251.29705624638154
224.22860249967198
277.28521651968185
267.25361947693455
246.72713803211082
230.9558745489485
217.61060927206563
243.08836394717218
251.3031789459128
225.85893642588053
237.9411125851766
232.83317945273302
240.75835295103025
229.60707668198302
244.45579501060274
235.3725050003559
235.2755595424751
237.13360908008326
229.29044557269663
268.4860235452579
228.22435102884629
213.60657481973612
203.73247918522975
282.0983690645371
229.15253115598898
263.61789258183853
230.88210301339132
254.20321331694868
206.29975662699871
219.272476360602
224.3359383951174
218.20299463360425
226.88850351212022
212.5684582494796
229.43586760955077
235.69566245536407
232.50594482604356
239.43211645896372
248.3517415594324
209.77745813372167
269.2100019828067
249.78713922733732
241.44974509916938
234.5236072492553
238.37125591302174
246.93022426702373
265.45195865145797
245.7599956024933
244.5607541270656
217.8811746647043
285.4439274097531
252.05570568319672
219.4326663403117
214.8151112445339
205.58223516306316
257.15228828835825
215.70609909711493
233.5429412718513
224.37972874493425
225.27905972989538
250.7360146191495
227.13611432567996
206.19065947541822
246.4503594321286
268.5266199899779
239.43920057882497
209.88722170188703
232.89361850061687
270.0994867062909
234.8292786262973
221.92438468668115
231.16758229241532
237.917098812919
245.99794058030966
219.99690416447993
218.18654237120063
237.69676212687773
217.95843588537537
228.32578119667596
200.76850137116708
240.67539193324774
225.53056424197712
233.19693679088232
239.6004243038915
252.93582204636186
242.32182124249084
262.4240692681342
220.704206797418
210.18987621104316
250.04226407412352
234.72803809456673
210.31003806921944
235.92750076299853
225.78997060264373
231.34654609929567
263.759196337247
242.99789099128247
243.58636583235784
224.59039118447254
229.71715896768728
260.10502967635693
232.38747585778765
249.70869178411522
229.61094175641483
225.4834163766791
205.72366230397893
224.38768970258388
231.30374463110638
207.48644814814907
236.21563030260586
244.131778618088
268.06807658194157
271.01303309229115
238.0026608313492
223.90084475171898
226.80171951493685
258.2674633794959
227.58379333153425
234.8385188093307
240.90164080206887
214.1974912579317
235.78518067535333
249.46908186603105
198.88700454885839
258.14644773566397
234.98035273836285
236.88899069561012
273.0116841834242
238.64243552839616
273.82450600052107
260.79845501044474
246.23783079526038
241.4621269219424
237.8515796939173
208.550726601934
233.14097245440644
270.5128521441875
221.62091320583568
233.53313245829486
218.46131872729165
201.88194248643413
215.39371493474755
217.4271451270033
227.5538624131441
241.52172554029676
241.27528584114043
244.29837454935478
234.01148403185653
220.59078456179122
217.61248294099641
224.3670110075036
242.7059907954972
234.72002541678376
223.92046711778676
231.0139183384017
222.97040533328254
263.68567633919884
215.6454677428119
234.4599232874607
196.07835722132586
225.0336670596298
210.5461851075961
230.2687605186802
222.9355303972261
250.98803660862905
249.4567187084176
201.08597965897934
203.4856852825469
212.8474735294294
304.58389610682207
241.573109522913
220.19795992030413
255.50905216447427
238.9459044476971
240.47511045384454
207.29333744535688
228.8410691358731
219.81348413416708
286.97673881344963
258.61808953245054
237.80852746790333
224.11600756777625
244.73247812058253
228.09477472124854
250.62913060362916
208.45918407427962
240.92063831543783
236.24318089387089
225.0762737171317
233.17800801235717
228.17851713999698
204.04947106904
268.15925760810205
263.33044954286015
245.68605148693314
284.33178466362006
215.12183405012183
240.1580041290872
217.69699265385862
216.4492662732082
227.13121935607342
249.98118363594403
220.6022398601781
250.49238195562793
264.42382359052135
243.88466261478607
227.1455899973953
236.3526135798893
222.64610277376778
226.91958835297555
239.37387627414137
227.00312175307772
258.0005027746811
256.6371521583642
206.66460647186614
227.03677495071315
222.60573202511296
255.23133812610467
213.8546019904461
206.88013289654918
224.95321471209172
198.09739706381515
237.32751121206093
221.76850737475615
209.1220269772748
226.39787261404854
219.6008794092195
191.99627096146287
243.1267345900851
263.3661437165574
259.12398800872325
245.61835370802146
253.8752240853646
252.26351971019176
222.48599290630955
217.1169339651533
225.61308109841775
265.5829715827567
204.98474623331276
222.94205655482074
217.03398046267102
222.55982051594765
225.66932067260495
218.29616388985596
253.48838423813868
282.3976854906796
238.7430459428724
263.81049955665367
229.13110834940744
213.31696214602562
222.3521336993581
215.71037338851602
215.0190653380705
212.26087674873997
215.63058606038976
243.57224899624998
225.3888538043102
212.94109605209087
175.05238713764993
225.6845168548316
211.9661932080635
197.8291698617104
228.48432457305898
192.2150776941562
279.25603396847146
243.50910111174744
183.79529751223163
260.08571594941895
260.87058033110225
223.80914920257055
292.6672477870743
216.62265693975496
218.7226460299862
245.89299989466963
264.2249123491347
210.13255734421546
250.82030524795118
223.01406305620912
276.5230136760656
253.90006669527793
272.431816984521
224.4286911655945
204.87191804195754
221.9735987437598
223.431642268406
283.00114293032675
262.2811174058879
264.9726535777154
232.65735902221058
255.6872820155986
245.608433446454
228.54674139397684
255.12983956956305
258.2744206114294
242.4183188903262
235.91767646085646
253.15794459085737
217.27219635284564
203.18439962121192
244.8103814121714
248.6846710750542
212.03660126587783
251.15394779965573
244.78868473628245
243.5650346581824
229.88364036550047
210.16874457724043
224.39500714172027
235.5351356677129
240.58718141597637
215.9246309484879
206.1120862391981
228.27291270733986
237.82617914347793
240.36728231306188
219.5907757140667
221.6109206317342
274.7779781274003
293.1392036515317
246.61798275107867
215.63341327731905
209.59439020502032
243.94632831189665
232.20739582841634
219.05394166316546
214.40253322949866
192.95354742064956
208.65231469049468
219.50209492680733
241.7404325917305
255.7812817930244
241.45464911863382
234.34690589683305
271.86224864369433
250.71313680510502
209.76029355212813
242.5499043113523
222.0596493918856
235.1727791106241
223.05013560521184
302.37761216564104
217.1343790970568
210.82897442596732
254.376112887403
239.31491777850897
213.03863954175904
258.3429580164666
238.7252850816585
240.49291204109613
262.2940032180486
217.30631219338102
237.78632368500985
231.37361019420496
237.30774956484674
211.10218967535184
222.26896779234812
213.99835751811042
210.5135704485583
253.68372252346308
235.50886108205304
243.8461658050801
264.8833439092705
197.077040350865
230.75458515279752
223.65868878415495
214.26630334059882
197.69138267051312
238.4166532047093
265.58383401569154
232.27012220989855
239.1036802402814
281.9594240376173
275.24228942654736
226.8684018189233
232.8741755336232
210.91822189553932
241.76189065596554
200.43500642337312
221.1382691503968
230.00943223304057
249.26091883171466
235.8067772982613
246.02355404054106
260.46143919332826
216.62889864458703
252.62164624230354
209.29639440194296
255.1100897207798
239.3337217293447
217.9984047339094
187.66888731362997
254.9963464812463
188.5367833757191
237.31318115445902
234.58428026505862
202.3445874533645
251.8174381609133
207.63674152888416
210.96843067269947
242.57781865551078
211.31698017643066
277.046484933162
216.74805517014465
243.40998914338707
235.3425557805749
216.55436172334885
216.3424054895586
252.06889565411257
218.47907492409286
193.83065974294732
248.55335928966815
222.708478787099
251.00745171731978
246.71769235408283
251.9265310785122
212.01551429460233
189.83430347045942
231.95373779041984
247.9970000389294
221.20178131235298
227.6277240603231
226.43155359316734
214.67691094457405
219.35232519506826
209.2835057018383
221.41048663231777
207.67117679925286
285.5796173933777
239.45782620614045
213.71149443573086
218.60489150552894
248.80727980355732
222.56547688358114
280.54554560405086
240.72905984849785
249.57097594509833
230.2040776843205
222.7603393199679
252.8050844782556
229.9442532605608
230.98057025502203
268.0735626614187
238.71878834668314
264.20784343220294
259.0505399892281
210.99580019013956
195.06999451652518
230.20971420200658
206.5192871222098
222.06106922851177
234.10100103032892
223.7078184277052
217.29880579723977
250.18940757907694
206.7837754218781
222.84947273973376
200.4897274042014
206.14925751576084
227.4722595718049
232.2557299779728
238.78206811330165
212.25637866111356
218.56937555747572
214.6045463962946
267.7318737520545
222.2183839098143
221.3261519575026
282.7882129197242
230.85345203609904
260.18658613500884
219.9071253678121
228.12843961809995
238.95453372603515
224.69648073069402
222.2012879376707
245.99771142710233
256.5081085130223
243.6630323000718
245.74025901118875
208.11453520829673
229.38924382743426
227.79873171288637
248.57758738665143
206.85904935453436
224.06044798449147
219.949999081
227.73270887735998
249.49533711950062
236.38510467726155
214.85538380872458
262.3111520014063
242.79081857053097
233.3328393115662
201.81698845428764
212.2029296713008
234.5863037368399
245.25383582877112
220.5713634288113
236.30585625764797
298.15282908896916
231.77886520468746
222.4742405861034
206.08763391379034
223.56933498271974
239.29439999218448
247.89226895500906
222.37636987128644
238.08239448876702
225.85285280173412
226.1342274179333
245.707399284438
229.8504292947473
236.6659035461489
229.86997605772922
204.8222130666545
254.10005546969478
241.60153987715603
245.06750678870594
227.24995645025047
231.38574747747043
229.56153547528083
234.6977191385231
277.5552596695197
216.1605070104706
198.19684901915025
201.9146782559692
249.32427353973617
246.10700197462575
208.94388498095213
266.6202619826072
218.39930433800328
239.6932905263384
215.22393632220337
248.16300342211616
222.4375751070329
228.68501348118298
207.68542818218702
220.1335216181178
213.31787065710523
233.29706673393957
234.48496837820858
241.0661349935981
273.7005924403202
247.8144535231986
216.24282300492632
253.09329522342887
195.36217880426557
247.78003700068803
227.34987945578177
255.45076539646834
210.73641221789876
205.75202620224445
213.97324858151842
217.7304407088959
261.4316206249059
233.0502708654967
240.57275767379906
225.85397546738386
230.6175408254494
196.89338705060072
248.05418969571474
211.764620416885
253.2651615270297
239.55352886236506
282.2482342393487
268.89152503581136
251.12545611776295
226.32641983384383
203.1279952414916
222.78307967752335
266.6533185453154
223.44002817431465
224.05452559617697
224.03677601282834
224.8518789827358
208.21364781309967
235.91116934624733
194.87493987914058
265.71814202633686
251.59727641678182
265.96322597106337
218.2103529255255
250.0569212361297
243.52801156928763
209.5348962052376
277.201844098774
248.28199133480666
266.8801273685822
232.5949234040745
238.37012887233868
240.7955550889892
221.91877893795026
235.91576268605422
234.43058681325056
243.11631391523406
208.37189842597581
268.92947505103075
237.97030659025768
240.43182063795393
243.43157434338355
231.4513495307474
216.70133726953645
224.36247685345006
240.62015098024858
241.96476564373006
215.05570533170248
240.93477055444964
219.56967705467832
251.6406614065927
221.108188387705
227.20339935299126
230.48551561014028
235.84367091508466
202.41266044331132
234.5556679890724
283.11619252327364
221.63209342656774
229.53644383870414
214.91272098882473
221.06499488584814
221.87146306742216
240.37681285926374
229.08278075489216
215.39809978025733
258.365144685813
216.7817198136181
241.15320692036767
286.422887265333
211.85825757714338
219.23510480939876
215.65283754875418
265.37524980769376
267.39277003190364
233.13715167800547
225.48581339002703
235.15263963135658
193.00127439378412
252.67565787024796
232.80109805124812
240.2517470388848
241.54941471468192
215.38071748049697
206.8603410217911
216.42960014138953
221.12900325318333
244.95358941113227
221.41346531239105
250.92746638183598
209.91592799546197
237.06320628718822
262.51654100301675
224.17185528142727
225.486622155644
236.6308447678166
205.9863885762752
226.8150651928445
269.4071347352874
223.56593874047394
274.807330212323
235.75114153229515
245.98596152005484
224.61383630082128
222.1107658725232
274.962734100176
215.40869888447924
245.79515884065768
268.5002167188213
244.52475542164757
263.19777379656443
210.89119853879674
230.88927776165656
254.80843852012185
238.6611137407308
197.33913405973
258.0092308182211
225.57944593057618
228.9216195496556
246.95067298269714
261.43956642062403
232.49457750283182
238.80259108939208
259.3238762645633
216.43371957875206
222.09389342719805
299.3507885732979
234.75938187743304
231.87662580786855
257.46470914708334
241.97079019981902
213.3920275120472
228.07470935504534
217.90515342800063
261.6685139294714
251.5637161799823
227.59580169108813
252.46351420987048
240.2180582640285
202.0751066809462
260.95751069902326
218.8358853335085
222.42262621491682
211.87400061829248
219.61908587333164
252.34662316489266
246.14225656265626
213.8088907636993
288.2392803437833
213.51569763646694
223.2738100044662
226.07714067181223
223.37772356843925
203.2242494194652
211.0364297889173
250.13934239553055
231.44836734526325
248.84600959523232
244.3654626419302
221.02547338191653
258.6945360028185
233.05284764122916
254.28274625120685
239.08896447718143
200.34815027855802
207.40476463289815
272.77797154241125
244.907270660653
210.47517593725934
280.63730878554634
260.2011211657664
222.85639553004876
233.8537092319457
216.0495830073487
253.6292443155835
244.4018323312921
185.15676693685236
258.1234733305464
236.33596608918742
243.40829810983269
247.74701998682576
245.35681142724934
258.9852239656029
245.59853250766173
214.67722488046275
235.59773946518544
223.62520115191
223.63355670674355
202.38653034315212
240.4696216089651
237.8571482389525
247.7387074388098
275.33795894143987
215.9599162626837
229.59935226701782
227.0917020161287
234.60579638305353
245.5988985437143
245.26156308926875
213.24730607803212
230.30695514258696
255.89436862856383
225.05970161000732
223.5735014928796
237.94342913199216
279.94930870799
239.7559508983104
231.87000370945316
261.2438391832111
237.77685254471726
241.48741879020236
240.09929078206187
242.8568276198348
205.71311525974306
264.707829331659
235.70359659107635
219.98941550505697
213.24104517610976
268.68854698262294
240.64687174832216
246.54498752352083
231.15657809816184
229.19774866400985
218.83419664387475
242.38279209076427
212.9496050866146
235.70315464533633
201.1655645838473
237.09319602159667
218.5687650149339
232.88049341618898
242.0200574826158
202.239362849592
230.02029931917787
216.60409826246905
265.02879551504157
220.05291133973515
197.26077273197006
211.00899850329733
235.46761873783544
231.2869360401819
232.4613909959735
259.36979142352357
219.69456023021485
244.9715965137584
214.81861770764226
203.7572395928728
202.09044886997435
229.5206412707921
222.5664170725795
212.19364571582992
224.47065912754624
230.63016927416902
240.133027129923
254.1164905289479
244.9015863109089
244.54373555487837
237.26630682495306
247.33814717363566
264.58519456518115
241.59981629732647
238.710285988549
215.14353924742318
201.36704671313055
242.56111231684918
245.32493022357812
229.9578028304968
229.98889446546673
207.66896291292505
246.03716746438295
218.27032816939754
259.30288921119063
230.78936947800685
220.57585284212837
246.20472056782455
242.1232311447675
206.63452168073854
249.19153532522614
243.12299817614257
230.49829403110198
224.79869801967288
241.30594440648565
241.62204027781263
198.4758714341151
202.93809542054078
218.52757233692682
235.31789905796177
224.0674937913136
217.91608296980849
237.23283695982536
226.3069085634197
241.14277733504423
270.13087418465875
248.89281032513827
212.77235061884858
211.14862290603924
250.5273104365624
213.75734376130276
227.0991425832035
252.70362331272918
223.0632116003835
235.26400260734954
242.5689653600275
251.95875566930044
239.34121627433342
292.1183814521937
241.81316932992195
266.3017712040746
246.7292287593882
221.93707307832665
248.89290514599998
224.04617272113683
213.60511912143556
257.4996909117908
258.1747561197262
248.74979172158055
219.9775999749545
217.08455597996362
207.61842050441192
239.77623417857103
252.26211266237078
221.5701338563522
212.4539650407096
249.34332696549245
258.403698408918
220.54122772504343
234.8187062558136
226.75026643127785
237.99002245563315
255.59475837260834
230.9500824592251
210.14578451702255
241.96603656050866
215.01879141805694
230.85192543486482
236.5140511005884
223.9199087015295
226.53730657845153
244.97035115369363
219.95972150782472
259.12224578659516
234.7443171259947
202.08130259768222
229.81867944885744
231.83204351807944
225.1467850547051
215.21825507798349
251.41834831461892
192.0792471234745
228.16860632487806
225.40077697555535
248.5404852721258
221.94161189804436
225.09099534989218
253.34438737417804
220.10447392897913
198.9441803470836
227.97856081396458
237.71160081605194
270.2409202865383
259.15523323000525
234.93567775835982
216.2637471902708
231.21762852175743
215.68934729101602
240.24748133547837
197.64035218863864
264.07604630300193
254.2765436322661
248.11353030905593
220.61567441085936
212.8801955890085
257.56051195203327
208.21788255183492
283.8692079721077
227.084703675966
243.02338176238118
223.41288641127176
240.53655885034823
205.9565480351448
263.91677090650774
220.85444889878272
244.12377194518922
234.26314566427027
246.5472655397316
238.88125279924134
253.4484228580841
282.72091076959623
189.94437805269263
238.94771084730746
245.60196902026655
226.85217966814525
235.52383706116234
251.7779056794534
198.80241813784232
228.65342914915527
237.55103896421497
193.19343614991521
257.6197923202417
240.55169785083854
217.8885495805007
241.37293705859338
224.98131957944133
226.31812175697996
238.48313099402003
253.56419570022263
226.16530418317416
209.72971168652293
214.01180897795712
201.51137279666727
221.63146960982704
214.79311225484707
293.3896741089411
224.58034667739412
214.50139725382905
253.97888459890964
213.40231251445948
236.22562578771613
246.17093061236665
265.31550199285266
251.49886956362752
230.32398434958304
239.53659422125202
227.9124804957537
226.92788955837023
231.96349117258796
245.680059911625
240.8878160462482
257.15813784173224
211.0487572834827
227.9290966835688
258.03996797837317
232.20320381392958
238.3411995524657
254.13563282880932
292.8521982304519
244.64670189621393
217.6636549764662
196.49240473477403
248.08835214283317
206.83511458715657
231.35681588482112
244.05630196403945
258.9282159477589
223.29024387995014
229.69073506369023
252.2093141131918
266.2609193128883
232.4496206456679
247.53031242638826
245.5516660187277
243.20140203111805
247.57886585855158
310.15445290436037
250.19447528832825
259.25950451451354
221.7077623483492
226.6836764215841
260.2247657130356
251.33008838049136
225.4856033565593
271.332122082531
228.95559714792762
224.4294407676207
214.32809647126123
218.1995390280499
207.69630606012652
250.9297506478615
211.03117515641497
255.84518239990575
233.1956016694312
203.73280006670393
229.92401995306136
190.4922651341185
230.08549005858367
253.5256658840226
241.66310614300892
229.2867832488846
208.8647689013742
249.6532817982952
249.5724949882133
205.2658864823752
205.16553487931378
250.43041638698196
216.01864741940517
220.46180266217561
241.95094743638765
238.3223338407115
242.73790677223587
259.56293575745076
252.65274663711898
255.80191836092854
239.62541799020255
229.66020431765355
234.75154699088307
189.32325677218614
233.2543967224774
206.77526894945186
216.86233059875667
223.72287752269767
245.29911994584836
254.35035520617384
220.0511617012089
238.28361261240207
210.34213564253878
246.37850295036333
267.09211792907445
205.95649460260756
231.05209975707112
272.7976259950083
215.8742257055128
249.948003786325
243.59660104644718
228.05833147803787
256.09881761984434
204.64607215457363
243.58451726858038
232.80682173877722
266.84551487106364
271.67675364145543
241.32481451204512
255.5615300591453
220.03331548371352
204.46518093912164
246.55699738609837
230.17529366875533
233.2999016114045
236.37014252349036
220.64427619060734
228.82564869825728
232.7301492196275
214.70093173265923
263.4397132265731
203.95275435200892
229.456289303198
211.3772835973068
230.882001766935
257.14591455855407
264.2546665170812
208.70057860051747
235.89496638759738
283.4319963242742
267.89904906006996
239.9743413575925
289.10277193400543
228.8540397422621
233.24861074291402
277.37612046231516
220.67862516851164
215.01025647681672
215.06615556811448
259.42002060398227
218.39106588519644
263.50215306383325
278.1813217155868
252.475555268873
247.48470066126902
261.8325809208909
245.45482013793662
227.2421292757499
225.3496048884117
214.02989001304377
235.6216108063818
253.13208957650932
205.12800608284306
220.67006932920776
241.90164452366298
243.79668726574164
271.6558713663835
251.86935984063894
232.98198646336095
229.45853655884275
232.3623944792198
233.87739724601852
253.0469890795648
232.1110309107462
237.88043025910156
267.4824585203314
251.23361912026303
226.21251322928583
271.9688375851256
215.7457215161994
252.9138633624534
230.1680831279955
236.12404829607112
249.68909694103058
251.17726946633775
227.45585905265762
227.18534709652886
273.81484736688435
246.2061906279414
217.38561388436938
222.03949249751167
236.74883721745573
208.08758628723444
229.8665120427031
241.7646285709343
275.7671705476823
241.479494982108
212.6042917406885
223.402809472871
210.1183905058424
208.52936091378797
268.05161785305245
233.54452453291742
198.62408328946913
242.0365258823149
227.2753633314278
257.777017701359
235.2815797656076
220.79674315603916
239.99722329736687
245.67049521341687
209.9041645018733
222.17755804839544
259.31156717723934
238.0339088764158
228.22193180583417
198.49672608153196
246.87654689792544
234.54855094180675
260.3987640007399
251.1158759096288
233.65358925203327
216.9849289689446
224.62926697463263
237.13192698376952
223.3823565900093
235.3607708036434
279.87164016469615
244.69452341768192
241.08053062611725
234.7326074122684
233.81321490375558
199.53604351659305
242.44318687554915
225.71465274656657
241.8222675328143
234.50600467901677
212.30358009273186
230.87205523770535
258.2559686382883
237.61366283486132
240.7498471083818
261.56485788489226
236.68393162533175
248.8645420675748
235.95885782985715
203.3726264462457
226.36518247105414
250.13577635597903
221.28595112176845
256.9086077257525
215.43013710639207
208.47309227049118
255.97935560910264
238.1267670854577
242.38533699221443
201.38877820549533
197.77026136463974
265.5533066634089
265.6323673365405
190.8540534231579
267.7295935912989
232.00196532014525
257.8150392913958
273.68868769396795
290.1556825931766
225.80978646327276
230.3171086134971
247.16024776606355
266.7444459287799
243.34773426974425
217.2164369216771
213.60856822988717
226.76150214101654
267.70802435668884
198.9236045255093
225.0120706439484
215.44026255432982
235.19154944794718
223.219732505735
222.02707944600843
223.51472398266196
285.4567538673291
229.84174968273146
219.1526961469208
230.2567506627529
227.5750892664655
270.66276918782387
242.68057268857956
214.14349794667214
242.75215234654024
300.2007549290429
232.7963653159677
237.85756639449392
205.70951450214488
247.76865696284221
223.18956420163158
232.1923826415441
223.50280565524008
242.8601570511819
235.28789898351533
224.12900859571528
228.31819773442112
222.77706180716632
249.94192219886463
324.0738804814173
261.82812794140773
213.04082721215673
223.50197332038078
232.55328049254604
244.26607910200255
216.91598744603107
232.13035150058568
208.49469929013867
250.56485066277673
255.0777498127427
220.87033428403083
236.2175645120442
243.3578727354179
223.68020619323943
239.3508022906026
232.90175107319374
262.82667890685843
260.3304587563034
235.68179153720848
237.28449196531437
221.37703233008506
259.3491499054362
242.63214175822213
236.5926162445685
240.88253578561125
270.92425223754253
226.89793387707323
219.72539098688867
245.44521301076747
246.9544323006412
220.0876758552622
254.78003378084395
239.16885590169113
227.95074142259546
245.80719344178215
253.75078143249266
243.3431916363188
258.11879498610506
233.39934022404486
242.9934507603175
216.85764160385588
237.241131775314
232.62091222492745
215.90277943538968
219.66793069639243
190.55787154863356
158.5037548012333
232.28002239437774
239.43987086979905
249.34858004451962
210.62891547154868
236.63959727418842
209.5726478206925
194.7803669689456
225.70566994836554
263.7587942449027
245.27660769526847
223.69937698199647
226.4688877367298
213.4611083632335
253.42409569583833
223.2070588017814
222.5877193918568
210.16808147670235
220.5615693073487
215.96579760225723
219.17217630433151
280.48949108837405
275.133974301978
262.78761224338086
260.66507578926394
254.6959367392701
253.2669622724643
246.29967069334816
255.9469789036084
216.5258212373592
212.6814929168322
227.55491848068777
246.6602807303425
257.75813871074934
196.61530032282462
243.51676191482693
208.99974574695807
212.82260914810468
201.692863530654
220.80505775270285
230.8928012259421
232.26108504011063
210.21787870983826
241.38637562724762
252.5299907072913
253.37749365577474
227.79536344541702
232.23004433489405
261.7091599177802
211.51913757732837
211.00109253515257
200.79265632719034
204.42728965566494
242.70129525644006
274.026653538167
225.06926173419924
244.84121552226134
244.80671480542514
240.9220595509396
277.07355255051516
216.63305260671768
248.28747549490072
235.82268001523335
221.98257589078275
279.52947700512595
224.46788147254847
228.4668315667077
228.08361662406242
222.83569554559654
291.36096249858383
238.13613095966866
268.02690166421235
224.1392122397665
253.1958223269321
233.5068479369511
241.8889795326977
238.7111418065615
219.0214883921435
258.92601013270905
211.54717915545916
223.25715725048212
269.239920021093
240.77777026913827
229.88404148246627
247.20633122313302
263.6085318454425
254.44372196914628
287.4429167805356
253.59060479822801
211.07875508908182
246.43095951608848
234.6833470906131
233.06684219790623
216.55420936155133
225.85296218836447
236.91321646329015
217.24179493100382
235.09080612298567
232.1551107785781
238.73080865340307
252.09651372628286
245.90917488746345
223.2003198483726
267.7183938578819
226.68223904410843
264.34440439974423
259.8352233764599
277.72471266047796
203.68386478483444
192.84094533056486
220.01010902412236
240.2471206038026
218.8117690468789
258.0196300846874
221.85246164671844
268.2229951049085
229.7390377255506
260.0519009688869
233.20154730044305
219.16200628707884
212.59112630336313
205.80566671013366
217.8211789355846
229.30935813789256
211.17949021363165
222.24298952432582
275.0872742917272
228.30697979038814
232.737572524813
242.65332588210003
215.83001810999122
263.5905271745869
219.64057968079578
224.23572393378709
247.98953672446078
226.6051672186586
211.7339886192931
245.86470726068364
258.06692130770534
286.4425078369095
238.21299994870787
227.84406385058537
201.88552103750408
209.24501834623516
225.37483634229284
267.98834706738126
234.47408655140316
218.6046888665296
255.70162754756166
227.68587739916984
248.6750444197096
235.87401193013648
227.53874643013114
282.5517642868217
259.7702323652338
195.64133346517337
221.3185519828694
261.46895918349037
216.86974126385758
221.4301637453027
234.48111021285877
242.11570202524308
200.42525168764405
218.59111948584905
259.03214641456725
249.98893699940527
301.1175640535075
259.25995218526805
248.07320280803833
234.2067962186411
230.15532820188673
240.82456752698636
232.85798538237577
254.79868627281394
260.0550485997228
229.95579851657385
243.55599235079717
224.1111586074694
251.99531374004437
235.44990417378722
244.30319148255512
262.8666713863495
290.54109245183645
268.52278411231237
234.0389391219942
237.58655450626975
228.79153207625495
253.12399302539416
227.17779039312154
253.55955775169423
269.14613409602316
240.1165530694998
242.3974874583073
222.794948547089
240.0070460049319
278.87326935864985
212.5747602469637
225.4649186808383
244.8977948552929
218.825462155859
216.65230566362152
230.26476417609956
260.1330061011249
234.55002115794923
236.17293798708124
240.4602138530463
222.12165752775036
244.0230155562167
208.00867795216618
263.5590335196466
228.30323274165858
238.94607387011638
227.49540596321458
262.55829198507126
268.1745827140985
212.71658851904795
221.38892937608762
229.24900695314864
224.96425369672943
230.4243453812087
252.24458473792765
187.75480050820624
221.58714899764163
242.80952272558352
239.22880212933524
236.97970987303415
250.05011553462828
250.693548416486
216.27401549665956
233.54940120334504
214.68045670888387
199.1205785960192
185.9554182086722
253.58438090363052
237.9729083289858
235.96964943839703
219.17015066178283
234.9093519533053
208.6933219138882
227.61748966312734
255.53813338006148
255.8341243370087
253.87797902768943
244.4452894476126
235.42774784076028
236.055590600532
238.1525304549723
226.71801338979276
242.67078049393604
220.13569115032442
225.41826883261092
263.0102326014894
252.34634212905075
207.13866225536913
219.29686408134876
208.04029376344988
295.79454965988407
209.25257979414891
264.0539761055843
218.32798400480533
225.85768051375635
190.0945339736645
266.92490759299835
258.52434055751655
220.53146387502784
222.70576368883485
224.58958566980436
259.22256708319765
247.40660251124064
237.83405698288698
233.13439348858083
254.38809996063355
257.09459313517436
249.35842072288506
205.3566153665306
243.16309603257105
245.14817022619536
228.32397941400995
213.50420708832098
242.98304851911962
209.9579520954867
245.41779096552636
213.6009690706269
232.17628579732263
235.4779889843776
211.98251596908085
217.66284044162603
202.3968893950805
233.49410200037528
216.34712504647905
222.19938213890418
214.85331078461604
240.18175072065787
230.6182276358013
270.4928248626529
257.781746891269
250.1079402322648
216.49412520549959
209.1155846779002
233.07224785728613
252.80833909654757
268.65188776125433
291.0411843340262
259.73360471392516
245.79072791326325
230.5801520239911
242.3892061135848
217.5546422241605
204.8090814887546
242.13051894365344
258.88121669355314
230.49489636300132
227.607692844118
277.9519755882211
273.4220768419327
181.32284323568456
232.37490345549304
230.08379483805038
211.82109195744852
255.48165569471894
207.32194154243916
215.53012650139863
251.5290550487116
220.1582542239339
232.5215098070912
222.10544408432906
239.77895274420734
173.77888323063962
212.78441517753527
205.26717769011157
232.8547837967053
242.1760187468608
216.69984478963306
270.6897780057043
221.20974751882022
245.65511201851768
214.05264649237506
219.94244603189873
208.1630682456307
206.84823589393636
254.00779590167804
221.8619716304238
255.44881324848393
202.9517565643182
247.3887317655608
216.60176622663857
276.29386520647677
259.5101921844762
209.0927619463764
229.50639279390452
214.80701334099285
216.42205198656302
238.88754808699014
245.24395159183769
221.51122829702217
214.67817891895538
263.5281752367737
225.43249075481435
225.1614642632194
220.3255284742918
232.68629896157654
199.64822120935423
233.25928081426537
211.17677304259269
243.03147867368534
252.509562671592
223.27995996671962
268.0329095519264
225.389444903587
228.0571159083629
222.88341917016078
244.95909313909942
236.34413114242489
233.1971605332219
236.33851778594544
241.2717362078838
204.7799593442469
228.15485430887202
221.5390519396169
238.14631387713598
207.83103531354573
252.37502090568887
269.29538882360794
230.79111680365168
206.23634685215075
199.24067743052728
248.99153384985402
228.10149137763074
216.2412483212538
255.04977225832408
231.1247523400816
213.23687701503513
262.77350331662456
218.68462437257404
242.03060135286069
276.71505933237495
246.79202048812294
207.37344622780802
249.78558882832294
254.77849865920143
215.32436758908443
243.64343211840605
231.49358986254083
278.4808797497535
214.40629713452654
237.15609301265795
232.29269913124153
235.59101211221423
212.19647540169535
253.45913079590537
234.92241482815007
244.6115392036154
220.4978859674884
272.2928584368201
261.27506816590903
253.02377142041223
278.382241183368
267.37829315976705
217.32259530521696
229.36563366517657
262.41036619542865
222.0673250912805
235.3431632515858
238.88861904357327
237.55282724590506
279.5132112171268
226.45041356846923
243.66411674732808
215.96090667543467
241.2141399968532
246.82814940193202
254.24404406762915
232.8577071155887
235.28712814027676
267.2861647515092
218.9479748348822
248.76076529943384
258.82009177596774
214.92256952851312
260.8280880425009
232.95479699777206
233.69005854800344
238.32599578576628
243.81178086949512
213.46634049882414
220.64716438110918
226.23961228429107
210.1929202817264
235.45340384816518
244.69050151051488
219.50786126311868
217.57257437397493
268.3192532067769
211.31194479571423
235.27796030772151
211.7100614993251
204.9270848541637
228.71064211876364
217.75834092730656
262.0574564016424
201.42528631346067
246.85287801967934
247.89253534859745
234.3812810535892
231.60164486133726
269.08588523149956
228.47179978346685
230.88533462886699
243.27739550423576
271.50612064643065
218.80298171384493
243.90136855799938
218.777050498873
230.11819094751263
247.25428336742334
227.39109856571304
234.72759605263127
257.6170099520823
263.6961631469312
228.40989731356967
231.65994444332318
226.59021917748032
271.72454294218915
256.3624594825669
255.663632580603
257.72869021934457
214.42800231272122
210.65635735791875
231.23481755476678
213.84663139958866
251.99692021659575
217.8801434847992
247.03038546117023
249.4420740143396
223.03042371134507
248.6220786763588
197.23186702776002
257.80325550038833
232.01142942806473
328.63160654646344
240.6423242004821
244.01499288633931
246.86976202594815
212.23230867245002
230.35158014070475
285.67436011414975
212.86821811989648
227.9086434103083
232.4271777983522
258.4627824895433
237.5711881571915
243.6904976288788
213.76087252958678
239.82679513143376
281.632595926465
225.56958435149863
230.8888129465049
218.031871670275
276.7121538519277
228.16121787932934
216.21059611212695
263.32901159807807
234.27125765784876
227.3098348742933
224.8304280883749
243.3104255522485
236.4251772085554
223.3745059244102
235.91756390128285
222.85626889346167
224.9493686708156
244.08505214226898
218.43570722610457
248.05287415743805
225.59985315887025
235.14260798163014
223.62827001611004
241.5914794105338
213.27784196624998
246.36483069008682
236.32745905040065
261.80133987474255
239.9663517413428
212.25881082884734
275.41675300884526
251.07612364273518
223.34615163691342
217.3066386434948
190.10236777859973
243.20626054267632
229.08372050983598
229.41456969518913
236.80847369809635
187.99926499620778
250.09509613568662
239.33135034528095
203.7745224199025
243.78697886684677
221.09469537605764
235.9396743681864
262.21055543859256
239.10888999234885
230.41209640383022
225.45801124034915
210.5677654556348
219.72127170488238
253.84311648533912
229.38867516838945
254.61291321506724
218.13180776376976
216.23524121328956
227.07977114536334
219.93958656216273
187.95570884289918
240.03182710241526
238.8858904579538
245.8272382383002
203.21215891628526
242.14255750837037
268.7434186329483
253.60994977713563
277.9904183889739
221.55815340275876
275.512754674186
221.77339216787368
247.54440811654786
230.2119179184665
233.1920927844476
212.4210021904437
213.29813393519726
239.63261075358605
290.9472047374584
225.50501145567978
205.34017002338078
214.94975378521485
194.11844179563923
296.65295122307725
250.5074365453911
250.20943685172824
236.543515055615
213.21953807334648
223.69424146524398
236.5461220347206
233.39564023190178
211.39687864331063
209.08080181479454
194.7212567134411
231.88836280093528
212.60914044850506
216.48585245991126
205.08351819892414
243.67507641244447
232.00778358109528
244.68408808257664
219.47478096256964
255.4268981089699
233.48801407538122
255.065307520621
230.92225947452243
273.4493795206072
249.27188850881066
214.29566656716634
211.38797634857474
229.47090912226122
226.47726917499676
229.8558066082769
277.71814968268154
239.8544194382266
234.7473702580901
230.28939504368464
247.5099153612391
211.6695270074997
248.98774773871992
214.32227963680634
221.57102966023376
212.7002213546075
204.31744362582685
227.6115980980685
244.93467897258233
229.64617360645207
289.59444837714545
228.08970772533212
243.0691867066198
252.18411996163195
238.14758544886718
246.9524487341405
265.37629578937776
252.6362723329221
238.503207058704
223.30808793951292
229.79315785237122
222.51780847157352
264.3436477725627
228.04659745586105
252.9375884644105
221.43445389682893
274.5422999401926
243.45737247372745
211.27479462639894
225.90138326236047
217.1031111481716
266.478285848978
240.55147880944423
259.3909452506341
214.55457267625025
219.0262050513411
207.1950013715541
225.68765085435007
225.91159789374797
251.71733037609374
216.92889318143716
235.46058173495112
237.55331790517084
252.28384805168025
240.93602348910645
206.43292703310726
201.79239795269677
235.3925326075405
215.68532754213084
262.56733520532725
230.1526067846571
266.76114525512094
247.90587042673724
229.62933126388816
202.07735596800921
196.9581201429246
256.57551291637355
233.6795156748849
218.87543328723405
222.77215489867376
289.59177937777713
229.7586393657839
274.64449485135265
239.63289308943786
213.45680086349603
253.173480473808
222.06843524693977
232.1619820643682
235.86648863257142
211.5346944226185
238.3034485267708
240.28412563633174
202.4402604973293
236.35066289437236
229.30014867079444
220.24306294630514
214.35562046128325
204.23762551351683
241.5074397351127
239.220489914238
219.28120884665987
240.13664896559203
250.54486990353325
294.29184338462073
247.39991491439287
251.08978349919198
258.4496462289826
243.40037615888286
230.92835124250269
190.2682075407938
263.545848769194
232.7719964782591
224.94429666397627
219.81726649170741
277.212667589949
208.82122419332154
237.29259633691981
208.2091497965157
235.94863958726637
198.76749475393444
216.59281859500334
212.3606205401593
227.63727125595324
259.66450859385077
211.2591941934661
262.51669847004814
249.68619991390733
232.9019499217975
203.65946132317185
200.29994140099734
222.56881227361737
217.46349611965707
220.0371150969877
249.90991982299602
256.33165913895937
221.61841640394414
232.89077889331384
235.87347134784795
224.40037493535783
257.3547652242705
208.04073489905568
222.7191211344907
221.65595311456127
209.65742025908548
225.55228241253644
277.6400454089162
249.96775374992285
229.646570958721
236.25671071157558
233.01743565069046
280.0470029821154
235.62524540681625
240.07336261391174
227.7380927191116
228.10338436550228
236.7866439402569
252.135669737414
203.84130214096513
232.3731448535691
283.4614190821303
231.5966330698575
222.3867944617523
220.6331535698846
255.69024532445474
191.8007524838904
213.79014556546463
229.52381543739466
214.75497458013706
218.40523630403914
256.70539508992806
224.4893916437286
201.34965923335403
222.44811360095628
239.70389352052007
237.55562420049682
224.27419928554446
237.73600172111765
219.61987932270858
227.27728621347342
245.40058913710527
245.40432854439132
228.59520311886445
262.66125913045835
231.52938561479095
233.89127353508957
261.795691316016
261.2525912155397
214.77882894081995
272.63735515100416
282.654676418053
256.17210270359647
244.5557295900071
247.1683813468553
223.6285315779969
242.2481992917601
242.52138347690925
224.10771170584485
234.12560849194415
257.15553281467874
264.0990499291802
259.71247256884817
237.22745653556194
252.09738246328197
228.34199573798105
224.4897410167614
224.8173639511224
216.91572529566474
207.0446501588449
251.94530825980473
249.18040002475027
254.31716829002835
243.93762896128464
234.62971540284343
248.0285372508224
238.26508171658497
240.06876779487357
228.35948713030666
238.01822488347534
229.9209052938968
218.3112620305037
262.9656658816384
216.7224298081128
208.01089444896206
231.09435467701405
206.2007692330517
240.26011741440743
218.89709820435382
250.17097026237752
257.5958339488134
292.7372228228487
226.3899490062613
226.0953859213041
216.03141502360813
201.48410200886428
282.04234081844334
285.53181323129684
217.37721528101247
241.47312220500316
209.48179372015875
236.88020058802795
225.18287251726724
254.4495181624079
234.47280662041157
257.2465228528017
236.3028581214603
279.99030791735277
263.27918034640606
213.81090053147636
252.09690681402571
249.4380751179997
249.1961277818773
253.4201349314535
213.66975953616202
283.17096064810175
265.9064528759336
225.42895198485348
245.2158404988004
211.66318745806348
206.44057467998937
240.97739264729898
244.0614022294758
248.7206909302622
273.13846627331804
228.07647419068962
205.5548360842513
254.5957217346877
225.6521279203007
222.69685475656297
289.43830361333676
274.34923416981474
227.661462477874
230.91768827300984
221.26918058434967
233.8309891950339
258.10048375825863
234.5130884925602
200.93971448461525
200.19057017099112
211.67697696457617
212.5616586090764
259.9146534766769
220.87407809321303
259.83833119273186
240.3699508224381
261.00335372716654
243.3371013032738
207.84055696451105
237.55491428170353
235.06767866562586
249.44746322208084
250.44396541500464
262.85377889475785
206.11884838761762
212.52531227108557
235.31607388856355
221.4383169071516
244.9173051166581
235.41375301533844
252.011909589055
212.20523426274303
195.56050991406664
169.90753159997985
240.14769214834087
225.56270388665143
209.521304717171
275.28705830534454
220.40958869981114
223.1135759644676
259.6972139418358
253.65561169711873
211.04887124849483
205.0543603413971
210.35099277074914
217.23887092561927
221.76960722287185
225.9973532545846
239.67624063324183
202.93775042903144
228.91476925311144
219.2909952700138
230.75067366065923
219.93487266008742
220.5370707779657
234.46270403661765
214.96930785791483
206.51897854055278
263.83476772508584
246.82158896583132
230.12006450095214
236.46076834213454
250.95899087784346
219.1988800773397
240.09086068964098
198.43652748176828
217.74374155548867
232.71766998211388
222.86949259997346
219.34394395397976
213.95860634220298
227.57257997000124
242.56896699266508
229.8687809330877
277.21761913003866
251.07384297426324
203.39439427200705
311.3270659603877
238.04615774285048
213.9509169301018
257.02862984349485
196.5391518175602
245.29002089018468
211.17384486063384
234.94693756301422
222.3829786668066
234.29475154913962
226.92608430271503
232.05827360774856
249.3712024827255
270.3494562867563
253.28285795846023
247.0738323997939
220.91089493827894
206.7264821222052
223.18875920714345
235.62034748320002
242.36092524207197
215.36144639737904
267.46153711213265
265.9091354366392
234.59183093288448
241.16076028125826
250.15536332747433
211.34944284788799
238.5536406855099
235.98198874865193
274.0692503338214
264.5819588138256
214.33634512277786
233.52910478413105
203.55733733880334
262.24908970843535
224.9444431946613
224.88153958064504
239.41414373239968
238.68476699944586
209.69196009763982
240.06055367493536
259.5834020959446
204.9445433568908
210.92197647166904
232.2035042673815
219.0949487935286
210.70097467547748
255.3780066476902
231.1217246291926
241.15053250011988
224.86232582689263
232.8209926392883
227.32274222909473
243.19996143633034
232.3209456941113
260.75481851096265
219.0802723193774
233.0800511323614
230.7980942100985
254.53044582123403
218.9832828771323
212.00850126054138
215.98821026063524
228.15641933109146
211.59287091367878
256.40569657762535
234.70022955490276
245.07315512467176
218.4417711358983
241.975615939009
247.5836995956488
218.6682202104712
217.53804477513768
203.03714570601005
214.19821567472536
273.32364156399854
228.16434256185312
220.46057374263182
244.54784039326478
250.75892276654486
206.20171413687058
256.1493533832254
220.89644889719784
284.0531960641965
186.90992064692546
257.85053537611384
214.4244422041811
236.4324412625283
217.57785931718536
213.25716482428834
243.32633031043224
244.96469894691836
228.28355929267127
212.67554234038107
235.26658070844132
231.1833184688585
278.48497021431103
251.5346896572737
258.2035649146419
261.5757197693456
230.80108267453033
269.19266204640735
233.42841360077728
217.08203599322587
214.68522416288033
242.24990787089337
218.96630607463885
209.89894471666776
235.15257409529295
248.21436195727438
273.5898585667601
269.8004693094408
267.9957583694486
219.00431540759746
289.51998469477985
228.4998123376863
245.2190275755711
263.476284873439
257.459866605117
246.7559375386918
213.44115374446847
239.95268716628198
255.76486034248956
234.6473222951172
250.52270803006832
238.0090274416143
260.2987909197109
218.2349565377226
281.68834423669614
236.88918487378396
250.9998078176286
262.48722985130735
243.33246253512334
234.32996947912034
261.5042394034099
239.8602524207672
226.70310599019285
235.36449617461767
222.45523003092967
216.7988982090028
252.61261175677646
250.50814022962004
200.94216066028457
243.96443933364935
238.7952986311866
211.77901198610198
244.73494276299607
274.9690682402579
221.98424102982972
225.7082903671544
239.9618364869384
252.11066170723643
195.68823562795296
203.54753926524427
222.53737060783897
211.04818046977744
205.355393490172
220.42648443463258
234.5854595968267
226.53782093699556
245.28589549043681
239.33365556783974
223.78537555388175
247.83920148096513
233.85047599696554
212.59907108929474
241.28993617370725
209.5240396228619
260.8320829515578
261.33281980850734
217.38920164783485
217.46893016295508
208.10642788582481
237.3286747150123
246.3450319279218
232.69229074416216
239.952708155266
216.73099043790717
263.08766221127007
194.56282618106343
237.25655704166275
215.50030488101766
270.2393048914382
210.7021898260573
246.75724032754079
224.50496755470522
233.2789962340612
228.02697437570896
218.20098732260522
229.5013419823954
221.57263593061361
236.48122208123095
222.78608075971715
226.6090911583742
240.22097133111674
288.567169388989
275.5060482780682
215.47535485995468
261.30109362327494
230.1178141029086
219.21025480423123
237.9316566454945
207.90561462845653
254.86469694785774
268.94542284915224
208.4328108986374
228.72781783458777
219.69975330098532
243.283622826566
219.16841447923798
253.83261972875334
224.41962036141194
247.65247449965682
294.4668816169724
225.83122339926194
234.9872666229494
230.68290509621147
219.2142927753739
219.65898905694485
240.3115615398856
209.7752928759437
202.69150817964692
246.21116012369748
212.97033201681916
235.24311119131744
238.24623124836944
247.17190212279093
222.08834999916144
238.1924009063514
255.21810224442743
261.7053220072994
225.26803815446328
195.90509376768023
233.6956989285536
223.673460838967
260.69587636517826
220.11338448093738
262.59892166778445
223.08432341762818
213.71352865395602
224.25641265825834
210.91579149500467
234.62487242522184
233.4501329086488
245.45597388083115
233.56083804764785
279.5045629007509
241.14515238581225
240.46411029691808
244.89541911461856
243.08531297638547
236.56581108598039
232.04610652243719
255.09530100703705
211.1446597869508
232.89892488438636
240.83970495057292
211.74124708701856
232.1881208731793
264.23064346122555
220.87618635292165
226.79780970630236
223.62741225096397
218.99289899296127
239.21899573190603
230.61428679316305
234.71085615770426
232.49609651544597
221.99573234654963
204.77080212545116
236.67658366379328
217.3349610279547
225.5113796608057
216.8005762132816
237.16899021924473
269.1372795300558
228.74262864748016
240.28767641773447
209.9152239987161
225.36839042778593
267.13751969498117
248.8630292690359
240.91456391708925
228.089713816531
227.0141397548141
233.48854791477788
242.0226684733061
233.02424448705278
212.15095523849595
208.4962746083038
217.63247965474147
202.57478204765357
266.5485135704512
226.8793373539811
223.76068692991976
238.94198773324024
226.3211174068274
228.93961333599873
241.77233389450703
203.2893503298983
236.0661161665339
220.515739618917
243.09618570224848
247.51233112090267
238.08492820942774
226.88461864262354
261.4557197081158
243.29583865450695
247.99727276724298
268.95947422622703
262.14473406400066
233.18919676786754
203.32582386932336
265.73911876266357
248.41537019377574
258.54165209131315
235.88983431726228
217.50898934097495
224.96555854950566
234.90075851394795
237.88074762944598
247.91607158491388
248.95325105660595
249.55594106111676
239.96630102780182
234.13135730905924
223.4597787442617
199.02426992426626
267.8805955112912
240.6468925260706
285.5641633680789
219.61146023427136
235.85936515126377
221.0184353204677
264.94336097617634
218.50157722225413
231.12399931869004
211.54362441110425
209.92526251717936
224.5316078165779
253.56419030984398
253.8155134083936
215.69431190297473
236.70188915613107
222.8828367938986
259.5202326810686
220.22046165564097
233.8894542059861
264.61781934439205
209.65176333964337
222.8714372930117
241.3354116322007
223.52659391972702
245.13311472069472
254.73133448988665
208.61899966117926
236.13280616968405
189.89479127537925
254.01878326013684
206.92240285035223
233.29193051496986
242.18051747092977
233.4880543363979
255.84297961147968
230.45592668827157
281.33201033691876
266.0627136065159
234.66062609420624
219.8400002339622
253.47583692555781
232.58976668398827
245.27008924877737
204.37856683158316
215.03446973511018
227.53879946260713
235.34861752192955
246.6041048365878
228.0172519554617
223.96536464302335
228.56297449127305
206.10826961533166
201.7254699387122
211.47781132499222
249.551694309921
269.9155908667017
300.24128621048294
264.3837614594959
219.4273009140743
274.7366369116353
288.2419657598948
212.1355226711603
225.27749648329336
224.3633658650797
216.5485822451301
242.97425947256852
241.20434241637122
252.65027268812992
281.8317580408184
246.63579270639457
275.2145006553037
221.55334119789768
214.6722498879535
239.46769158740062
259.9156707574148
214.42225374595728
211.32159838965163
246.50573797582183
228.09280703542754
245.51279515132774
242.53988606727216
225.90606475970708
240.52754390332848
205.0938095251331
255.42546995275188
188.23691104946192
202.8198735426413
220.28713020018768
233.25694440619554
281.63538299989887
204.5934232372092
244.04294908442535
230.89481212943792
240.45777475344948
261.94324535131454
260.17890334757976
224.718422129401
229.45954681688454
219.7527697145706
279.1644897054648
245.6606949775014
221.1884065301856
220.13946408953052
226.55744013760705
225.19223383418284
229.01860586798284
216.43737097422127
246.05081644363236
249.0966387860244
247.28333498269785
243.81385078642052
246.40120098355692
262.46028048184235
250.86023700784426
244.70396524015814
244.07332026143558
249.29361875797622
254.93135126540437
248.85050570080057
218.12197970075067
213.1332703277003
260.56868645513896
264.2510246121092
228.87615688156802
224.0798656156985
212.35757198359352
180.65148432005662
279.8337806876516
223.77850909088738
263.68226080737077
221.8709290876286
245.0493901030859
254.23088096966967
230.87915283220354
234.1514317698311
255.44217193557415
256.40846874867566
240.42597290384583
262.407933345763
245.9331641511526
228.59837866807356
237.9845447205007
233.57912677712739
228.268050751416
241.2976183553692
196.12322139635216
237.10665342782158
254.32427635381464
234.33153314702213
235.37657110241707
254.40036132442765
231.2637436230434
250.6319249117514
259.50500412331894
224.81240418273956
202.6183793307282
262.0329759842716
260.9726317344466
216.677968582022
223.3116015791893
188.79068118927535
266.2533411956392
234.1174603375839
223.1878730887547
224.02829286828637
236.77153217117302
242.15083807636984
236.7333199310815
227.9083372562891
233.6543649842497
252.53087312018033
250.36805896903388
268.71952467481606
228.30944013525732
241.87279178469907
245.32127210462932
238.54463970346842
224.7388865945395
226.08361115213484
221.91175645205658
268.37161186290905
221.49289270921145
210.1017371857306
228.658280384494
214.32250518968794
219.31352347193751
264.173264359124
227.88896701671183
237.61130515299737
221.0321098152781
198.81046390114352
263.75166656135116
237.9532874074066
241.73214967281092
251.16004959505517
223.30822189257015
207.43866965698544
258.46210126776714
222.7556058736518
254.2014581692638
245.30934455944225
223.3821425102651
220.21996465115808
234.05316282401327
241.03865216637496
250.2992168085184
249.62668591213878
240.76967764657456
263.8329559927806
255.69530438701622
212.4995574784698
241.43309112999123
232.7289557615295
211.59325800894294
206.00744818535168
271.12090156122576
238.50633671239484
258.9191075527342
235.55452032550238
239.5553711806424
273.52953549230006
239.08991610037629
247.44348011747934
273.1674527861178
214.5213499084348
226.80645895318594
222.4465273671085
267.0190634969622
217.11278177751228
218.84594618913252
216.8580089705065
222.45470048324205
213.89597695448902
230.16275183693506
253.88340254221112
247.12765380297787
266.44444391247816
239.14930774830282
253.60504537355155
276.30581293196883
219.26370518410113
252.7344603849342
306.42701997153927
242.85574839217588
224.03234322415665
211.6479178610025
202.8087717089802
242.50802105560433
244.39973837637808
185.97901191737037
247.2655315331649
249.98888676532079
196.06663312471937
258.5748212604085
225.07308040861972
233.09983568498865
301.64103837125003
224.61865689442493
266.6525504554156
239.84733415115625
260.2192500856472
204.8831595040392
237.72331960056908
212.8349549091654
238.21093628462404
283.91339062247425
218.61917100171559
248.14119647303596
232.08032325131353
229.17353199829813
236.45970590168145
233.03294612979516
242.2380672051804
217.73744397365954
223.50375579984393
277.0226914152736
247.24396330479067
222.36531073553488
229.91519929014612
236.23206034256145
242.38849436398596
237.76467522070743
210.15873906947672
204.9377748511033
211.47466256679036
237.3464878636878
188.96878897130955
211.38663122651633
237.98293861630373
247.2746369924862
225.8156261688564
231.7089186559897
219.4521109155612
223.03655165957753
222.52635459043086
215.16338974772952
241.22354518494103
273.80536227230914
223.66644648404326
244.58381461899262
259.56868604244664
275.07520685053896
248.16265910083894
256.62437831412535
232.50046913023107
243.35331665258855
239.0678810661193
296.0329431912396
216.37630665500183
267.93481476046145
263.69247746432666
199.6986221865518
210.97220883565024
228.78761672601104
267.9226665288443
235.36812301108148
254.56886927364394
226.18555570754688
232.52378176152706
274.10862741956953
244.16657526267227
263.6818627300672
257.3312604838284
244.26008469820954
244.63190345780458
235.21123856701888
230.1772546870634
224.45528588281013
221.25764028076082
207.4408898295369
234.21291376301087
243.7484150340315
190.62338202085812
253.27690426586196
239.1601626337506
214.81797206844203
208.7784948941553
256.7039694309933
229.97741883364506
202.13591911026742
217.65884662198368
218.5596134067746
217.47491803439334
243.01124507258646
265.80674192565493
260.30073973420076
229.5818435405381
244.40157507231925
263.6087176435394
236.6131174734328
312.01160503481515
221.76846921176184
220.36800525628496
205.3997247761581
223.01191994105466
216.88858451717533
225.0358209074475
210.02133633068297
265.55159609555267
249.3820702811936
250.3099533210043
262.39342710981146
226.75811406166758
244.10179127019364
240.5508852233179
206.25485547119752
225.16097206424456
242.50265711499378
222.44525765941944
246.06005193921737
253.77485504071228
214.07688970060553
218.3351491392823
187.9355194864329
234.46058591920882
232.3159228063887
230.65505457646213
226.6554088331759
223.54826735914685
256.35500663286075
243.5047461958602
207.33851768169552
273.01442768250126
244.58538595424034
262.1549226788338
231.5147318817908
294.37347372283693
223.7447994882241
238.3092216977384
290.9569823455531
243.16736910352483
249.12741829047445
244.1438119536033
190.84474854823202
252.84038434003014
234.38340472290292
214.1948397674132
248.0995650375262
