411.6127355993767
411.58974158253295
411.6473300235575
411.6078741704205
411.3986646222993
411.4829862535307
411.57153309219666
411.57619385736234
411.55793816008554
411.5899777197683
411.6111484634166
411.6250220804268
411.7289030270822
411.7186939538169
411.7032564271867
411.50445407522966
411.54832343759153
411.569513659786
411.6150879624038
411.6509065219998
411.5344834194766
411.54433615333073
411.6029361969304
411.56559053996534
411.7632922110297
411.69604628360867
411.77985817956323
411.69293510610987
411.6615159430148
411.6344117766603
411.64765161283503
411.6535742591077
411.6327924407742
411.6088886233265
411.6360713095346
411.6068165421311
