149.13904817496768
149.13974251661057
149.13917314651098
149.13998201709182
149.1397339174373
149.1391960254732
149.13998997427643
149.1397329031288
149.13920500153108
149.13999329801027
149.13973250731397
149.13921007987392
149.13999521972346
149.13973227414044
149.13921280266004
149.13999817853892
149.13972235408528
149.1391727165219
149.13998350235215
149.13973396947858
149.13921446068434
149.13999889154184
149.1397225127639
149.1391746657373
149.13998419895506
149.13973388278828
149.13921528929677
149.13999921425238
149.13972258842477
149.13917529102036
149.13998442490265
149.1397338620336
149.13921575367385
149.13999938680718
149.13972262798416
149.13917556176602
149.1399845189244
149.13973384426936
149.13921582774492
149.13999941850307
149.13972263279538
149.1391754997203
149.13998450207146
149.139733851418
149.13921588362246
149.13999944883108
149.13972265278971
149.13917561764174
149.13998453844397
149.1397338464085
149.13921596933505
149.1399994843723
149.1397226629888
149.13917557944296
149.1399845300457
149.13973384361816
149.1392159552288
149.13999947088632
149.13972265439043
149.13917558719731
149.1399845331598
149.13973384539167
149.13921594302337
149.13999946957847
149.13972264504082
149.13917541735646
149.1399844747466
149.1397338554507
149.1392160888754
149.13999951855294
149.13972266942983
149.13917565166594
149.13998455589171
149.13973384473684
149.1392159614643
149.13999947652883
149.1397226537083
149.13917562194183
149.1399845447486
149.1397338503848
149.13921586891593
149.13999943958697
149.13972264594486
149.13917546150333
149.13998450014697
149.13973385005738
149.139215901625
149.13999945035903
149.13972264677432
149.1391754725264
149.13998449290375
149.13973385371355
149.1392159363786
149.13999946990225
149.13972265128905
149.13917565738666
149.13998454864486
149.1397338422612
149.13921587224831
149.1399994413041
