401.7229217913791
401.7321986592915
401.73778898319597
401.74049771424234
401.7411440020578
401.7427716756147
401.74256523967597
401.7433190823567
401.7435690611492
401.74291359954987
401.74344168579955
401.7434418171415
401.74293811310235
401.74340194976503
401.743332148033
401.74322273288453
401.7445317649526
401.74795090314547
401.73885550300656
401.7361045615744
401.7442877342437
401.7436156401891
401.7417070265765
401.74322505533746
401.7436801527947
401.7408505851181
401.7446211172446
401.74335398079165
401.75446376476975
401.7375945788408
401.7447473996581
401.74431037930117
401.7423094393489
401.74296516053437
401.74695839132255
401.7400480388642
401.7445059772872
