218.5112604441274
218.51211636359676
218.51126427077998
218.51009044296188
218.51181391063892
218.51189332268677
218.51159986265793
218.51123660421945
218.51214868255101
218.51126737064442
218.51068460621536
218.5118033289691
218.51175869438157
218.5117664525469
218.51176586018664
218.51176657849646
218.5117668443345
218.5117671772623
218.51176732781823
218.51176769044105
218.51176776308603
218.51176791338003
218.51176809759272
218.5117681421616
218.51176821433546
218.51176827073868
218.51176828501775
218.51176838214633
218.51176839392974
218.51176844754627
218.51176846747148
218.51176843700705
218.51176848524847
218.51176852110075
218.51176849529475
218.51176850568118
218.51176853319885
218.5117685372843
218.51176854946243
218.51176850054617
218.51176857745304
218.51176853949437
218.51176854036203
218.511768493212
218.51176856378515
218.5117685305977
218.5117685053592
218.5117685196292
218.51176854576624
218.5117685161822
218.51176853651305
218.51176855482117
218.51176854105506
218.51176854280857
218.51176850939737
218.51176860338092
218.51176855294398
218.51176858342296
218.5117685170917
218.51176851032506
218.5117685724981
218.5117685505429
218.5117685607438
218.5117685260193
218.51176860631676
218.51176852505887
218.51176857473183
218.5117685924488
