192.58185362906715
192.58185929026422
192.58186394383938
192.58186780157484
192.58187102285137
192.5810696776889
192.58187782266577
192.58105652810355
192.5818819413107
192.58094828983303
192.5819861070895
192.58185093927204
192.58078522091455
192.58200073098305
192.58184808094848
192.58068981127326
192.5820106480569
192.58186542836665
192.58031456712342
192.57841196004847
192.58212394107068
192.57988471617136
192.58138263542241
192.5808528909456
192.58200252786446
192.58186577826564
192.58013807881434
192.5815936117924
192.58189373725327
192.58001855895418
192.5814572907875
192.58197132343594
192.58186052210112
192.58034390035573
192.578392175903
192.58212587234084
192.57966790660976
192.58208454714804
192.58185986825083
192.5803416519193
192.57830234012908
192.58139497974844
192.58188086524206
192.58043072501096
192.58203482029057
192.58187208443815
192.57998181951552
192.58141458584578
192.58196918155772
192.58185965827397
192.58035108898184
192.57856703954712
192.58211147438124
192.5797331845315
192.58208059048775
192.58185980451526
192.5803488608526
192.57844645889782
192.5821214939533
192.5796678047027
192.58208455056956
192.5818598937076
192.5803496577937
192.57851763766303
192.58211564463272
192.57969732483252
192.58208268764065
192.58185986551325
192.58034117647185
192.57819459842722
192.5813712941599
192.58188352678553
192.5804263079117
192.5820351531438
192.5818721040705
192.57997461492414
192.5814079875381
