139.41453554583404
139.41453288988123
139.41453188749892
139.41453148028904
139.4145312491437
139.4145310904387
139.41453094685312
139.41453083820943
139.41453074410038
139.41453066143276
139.4145306015307
139.41453054643262
139.4145304973763
139.4145304543199
139.4145304224221
139.41453040485976
139.41453037238716
139.41453035761697
139.4145303438354
139.414530324284
139.41453031819765
139.41453030026605
139.41453030118555
139.41453029624427
139.41453028268734
139.41453027703756
139.4145302780853
139.4145302750876
139.4145302753841
139.41453027208263
139.4145302653851
139.41453026995805
139.41453026220552
139.41453026438103
139.41453026007002
139.41453025915507
139.41453026213094
139.4145302593697
139.41453025319424
139.41453026129966
139.41453026593626
139.41453025796545
139.41453026238014
139.41453025409828
139.4145302577017
139.41453025488408
139.4145302478264
139.41453025658302
139.414530252825
139.41453025656483
139.41453025806732
139.41453024861585
139.41453025739975
139.414530252463
139.4145302573288
139.41453025280498
139.41453025808914
139.41453026150702
139.41453025367264
139.41453025928058
139.41453025001465
139.41453025877308
139.41453025718693
139.4145302564939
139.4145302534671
139.4145302534762
139.41453024784278
139.4145302527486
139.41453025122792
139.41453025553892
139.41453026057388
139.4145302535053
139.41453025413648
139.41453025287228
139.41453026341696
139.41453025265582
139.41453026010822
139.414530259628
139.4145302508914
139.41453024775365
139.41453025693045
139.41453025301053
139.41453025205192
139.41453025489318
139.41453025009469
139.41453025147712
139.41453025047667
139.41453025046576
139.41453025077135
139.41453024710427
139.41453025908413
139.41453025227383
139.41453025366718
139.4145302509569
139.41453024656948
139.41453024952352
139.41453026182717
139.41453025528608
139.41453025664305
139.41453024576185
139.4145302498182
139.41453025359442
139.41453025741066
139.41453025535156
139.41453026268573
139.4145302542056
139.41453025297233
