171.98521189505027
171.98589378339238
171.98459900592752
171.98510660360535
171.9826156000836
171.98585017736787
171.9824404433848
171.9849723106372
171.98544578654764
171.9849596991371
171.98542374153203
171.98562337406838
171.9846064508156
171.98509052278678
171.9850667411356
171.98470473697944
171.98516613141874
171.98505350078722
171.98367842570042
171.98516712653873
171.98505654017572
171.98267805634168
171.98502494245804
171.98506090646333
171.98174510871286
171.98515399320604
171.9850697894144
171.98256638501152
171.98509032549555
171.98560988288955
171.98510130780232
171.98553281508248
171.98512473990013
171.98469792505966
171.98505294182542
171.9826745484388
171.98503146269286
171.98507959581912
171.98391930805883
171.98588466818182
171.9850977563874
171.98507865732972
171.9838089383611
171.9850937335159
171.9850848326114
171.98446497321675
171.98502533886676
171.98507679759132
171.98414768160728
171.98502053295488
171.98497502083774
171.98450026189676
171.98517691060624
171.98508679750012
171.98449172704568
171.98506214201552
171.98508218004827
171.98441506462586
171.9828271127535
171.98503290226108
171.98508360488086
171.9844569716497
171.98501944065174
171.98507693963984
171.98370573467037
171.98527376965467
171.98487446502259
171.98507259767212
171.98271796427434
171.98514752961637
171.98471054499169
171.98505603074955
171.98212196175518
171.98502418977296
171.9850833580458
171.98445197991896
171.98406770877773
171.9851832802815
171.98508688825677
171.9844920983196
171.9850637141135
171.98508242441676
171.98442546588194
171.98322363797706
171.9850353120164
171.9850844709108
