364.78006139853824
364.783493462538
364.7839997123856
364.78541102804684
364.7850093597508
364.7858841588795
364.7905502191661
364.78200238107456
364.7862425416042
364.78604573471785
364.78554418385465
364.7851924758361
364.78725818639214
364.78815803560974
364.78515902327854
364.7868752082013
364.7861636052621
364.7868058404474
364.78714671238777
364.78693873176235
364.7852510718494
364.78705339993394
364.7844854443556
364.78795170028025
364.7862657245787
364.78613708474404
364.78673831168635
364.7859313655845
364.7858486389541
364.78667751550165
364.7852137988484
364.7873252300269
364.78669021741734
364.78539737569736
364.78725495142135
364.78623398446507
364.7852572788797
364.78691591875395
364.78531180245045
364.78507904820435
