279.77436777449566
279.77689872067367
279.7749126534536
279.7777856289531
279.77764312795443
279.77762979679665
279.7774983372774
279.77759413712465
279.777390122802
279.777587864407
279.77730086516385
279.7775838377311
279.7772532421168
279.77757831375493
279.7772399552832
279.7775757972504
279.77723821435757
279.77757542995823
279.77723819281346
279.7775754737959
279.77723825537214
279.77757552385265
279.77723824437817
279.7775755466737
279.7772383001611
279.7775755591283
279.7772383041756
279.7775755651637
279.7772383111478
279.77757556357756
279.7772383105075
279.7775755651146
279.77723829444403
279.77757556710276
279.7772382560597
279.7775755591865
279.7772383053489
279.777575566457
279.77723828154194
279.7775755651237
279.77723831158073
279.77757556616416
279.77723830481045
279.7775755680268
279.77723827177033
279.77757556118377
279.7772383131887
279.777575567794
279.77723827921363
279.7775755659932
279.7772382580588
279.77757556209326
