335.24880498721996
335.2506748788355
335.25170642367993
335.2520266092397
335.251761811277
335.25356402325633
335.252951730271
335.25286288883945
335.2528260462577
335.25303714205256
335.2528653701065
335.2528658170795
335.25313754766285
335.25278163236
335.2529503930291
335.2527113383494
335.2529977029244
335.2528990724659
335.2529749345558
335.25281869262835
335.25289901768156
335.25292925924987
335.2528459711757
335.252920657118
335.25290438133743
335.25289267994776
335.2529729441012
335.2529683921239
335.25305072975607
335.25286149663407
335.2529170039943
335.2529714675311
335.25288731929686
335.25288722773075
335.2529664537615
335.25287240571197
335.2530107463899
335.25272876914096
335.25300302143296
335.25296147961126
335.2529617203618
335.25272494389355
335.25297401624266
335.25279701993713
