301.7041892715988
301.70587297405655
301.7058400085398
301.7058378453394
301.70629872005156
301.70668706276774
301.7066462287685
301.7062020908015
301.70732311142274
301.70671715833487
301.7063298457706
301.70686094484154
301.70633736258424
301.7067535395545
301.70687345187616
301.70632255758574
301.706759732866
301.70670914158836
301.7067144254506
301.70678714411224
301.70667704151674
301.7067652341975
301.70661013891004
301.70644954999807
301.70682675049466
301.70630180499757
301.7067076896783
301.7063836548532
301.7067733510303
301.70671959415085
301.7067173352243
301.706727166591
301.70641419662206
301.7066675092901
301.70639223115904
301.7063883283681
301.7067814414677
301.70681050874555
301.7063498602365
301.70683441216534
301.7066008687034
301.70636684000783
301.7067707073038
301.70676009704766
301.7062677733993
301.70676883689157
301.70671223163663
301.7067103829104
301.7067148654787
