144.0662515871427
144.06625391677244
144.06625612466905
144.06625803155657
144.06625980642093
144.0662612984479
144.06626263979524
144.0662637319747
144.06626469547155
144.06626556985157
144.06626630775554
144.0662668797604
144.06626731580036
144.0662678593435
144.0662682454731
144.06626862824032
144.06626878241332
144.06626901630534
144.06626933274129
144.06626947998302
144.06626960008816
144.06626970906837
144.0662697906646
144.0662699237182
144.06626994902217
144.06626996240266
144.06627013049183
144.0662701930596
144.06627022611247
144.066270273599
144.06627027444847
144.0662703175094
144.0662703114358
144.06627026837486
144.06627030291565
144.06627031114476
144.0662703981052
144.06627033283803
144.0662703136968
144.0662703266571
144.0662704129354
144.06627032289907
144.0662703101916
144.0662703107173
144.06627031706375
144.06627035617566
144.06627035102247
144.06627033825134
144.06627034165285
144.06627038027
144.06627034139092
144.06627037456383
144.06627036694954
144.06627045015193
144.06627036582358
144.06627027299328
144.0662703371945
144.06627035165002
144.06627031549579
144.06627027101786
144.06627032756842
144.06627035642123
144.06627038006627
144.0662704144088
144.0662703917733
144.06627035602287
144.0662703199814
144.06627038063743
144.06627035625934
144.06627032112556
144.06627035815472
144.0662703986236
144.0662703446087
144.06627038537226
144.06627031985045
144.0662703811504
144.06627042220316
144.06627050299903
144.06627045076857
144.06627038537408
144.06627033395125
144.06627032943652
144.0662704289316
144.06627039754676
144.0662703383532
144.06627044335983
144.06627034439953
144.06627041380125
144.066270441308
144.06627040613967
144.06627041899992
144.06627045991263
144.06627044482957
144.06627050141833
144.0662703538983
144.0662703769085
144.06627035534984
144.0662703798953
144.066270407915
144.0662704214701
144.06627038590523
144.06627037566795
144.0662704218048
