145.7363848911482
145.73640994847665
145.7363915321721
145.7364229275363
145.7363919562058
145.73642281584398
145.73638844196284
145.7363924225856
145.7362390866274
145.7364214577674
145.73633758469805
145.73639006923077
145.7363442412625
145.73638160178052
145.7363926177486
145.73639458696107
145.73643842884212
145.73638533721441
145.7363906094115
145.73638824447244
145.736409789758
145.73638955602564
145.73638937553187
145.73639672134595
145.73643570239255
145.73643467673173
145.73638709604165
145.7363927825736
145.7364218760831
145.73635953172743
145.73638592384486
145.7364106533405
145.73634545799905
145.73638157475398
145.73639063086375
145.73638825463786
145.73640979380434
145.73638958704396
145.73638949220185
145.73639554828696
145.73643291007647
145.73638431849577
145.7364098417329
145.73638992089764
145.73642237217064
145.73628760695647
145.73640983223777
145.73639141949388
145.73642266914067
145.73638607416615
145.73640983942823
145.73639000203366
145.7364222021297
145.73629367980539
145.73640989588603
145.736390584143
145.73639039761474
145.73638990585096
145.7363916315535
145.73625305854512
145.73642073668452
145.73638905382177
145.73634983035117
145.73638094730268
145.73638523877162
145.73639056708453
145.73641537157346
145.73642130838016
145.73627577897605
145.73640973792317
145.73637668195624
145.73637972164397
145.73639932302285
145.73643305465885
145.73643475065
145.73642854497848
145.736380831715
145.73638683845456
145.73639042115974
145.7363888691616
145.7364089917828
145.73638356742595
145.73638667924752
145.73639037546673
145.73638979709358
145.73639224095314
145.7362431126312
145.73642139113144
145.73633564229021
145.73639007032398
145.73632122309937
145.73639520087818
145.73643384232855
145.73638730269158
145.73638989670508
145.73634020678946
145.73639009510225
145.7363473872174
145.73638148949613
145.736390297061
145.7363933820452
145.73642279303021
