222.32868992013846
222.32564359573553
222.32795026429994
222.32569608410085
222.32795993670152
222.32583682658878
222.3278935510807
222.32591543416038
222.32785098335899
222.325972140452
222.32781517750118
222.32601044838157
222.32778917151427
222.32603658198786
222.32777072492718
222.3260553927521
222.32775668904287
222.32606818012573
222.32774720391353
222.32607674431165
222.32774062439057
222.32608448710926
222.32773425978667
222.32608855301623
222.32773114473457
222.32609171855438
222.3277287497167
222.32609430361845
222.32772643821409
222.32609573780792
222.32772542393468
222.32609707182928
222.32772445330374
222.3260976597012
222.32772399202804
222.32609848705943
222.32772336145717
222.32609897993825
222.32772293895505
222.32609966516065
222.32772226191992
222.3260995048513
222.3277224426547
222.32609950842925
222.32772245431806
222.32609991625577
222.32772202986052
222.32609996155043
222.32772195348662
222.32610027597184
222.32772165375536
222.3260999081358
222.3277221481694
222.3261000636776
222.32772192481207
222.32610011885845
222.32772197485974
222.3260998065998
222.32772228550675
222.3260994352313
222.3277227287872
222.32609996137035
222.32772210003532
222.32610040038708
222.3277215693197
222.3260999015074
