284.2045250155679
284.2048399116384
284.2059111847375
284.2053316623951
284.2054618889242
284.20554735660335
284.2055914588391
284.2056179217243
284.2056311844244
284.2056393246121
284.2056431878955
284.2056456772407
284.205646757262
284.20564752108476
284.20564780525274
284.2056480328065
284.20564811793884
284.2056481793061
284.2056482053122
284.20564821989683
284.2056482261869
284.20564822676533
284.2056482339449
284.2056482270509
284.20564824126996
284.2056482286407
284.20564824164285
284.2056482288681
284.20564823737004
284.20564822917913
284.2056482375683
284.20564823153836
284.2056482371827
284.20564823572386
284.20564823393397
284.2056482326607
284.2056482338867
284.2056482346852
284.20564823493805
284.20564823502355
284.20564824224857
284.20564822695815
284.2056482410917
284.2056482325024
284.2056482358239
284.2056482327753
284.20564823691166
284.2056482310072
284.20564823676614
284.20564823179666
284.2056482424741
284.2056482297703
