189.30772057227443
191.0291544422949
172.45156011611198
194.53128847748008
172.84329321920404
177.221182059154
212.9857977399065
178.75443592831562
197.08703742830812
156.11379915318344
193.8161219198646
184.2991404598797
193.57784537040288
202.5890256274265
170.4927383949398
193.9705161381844
190.13339695035893
186.01881646867923
173.01968130776504
196.3454579612112
194.27232922202074
176.52291351430722
190.808849110781
186.0412315953381
176.21214637390221
204.1896191609194
177.5530504174303
203.63727465654392
165.2480805837895
203.35204481632172
210.11337421232201
183.2009563874808
195.19048806512728
181.91322705420862
192.59293381360203
199.2826316436367
174.2519769269311
192.54411845096365
200.24810294694817
163.7673886448656
212.5789371116607
183.730057814254
173.26405827134386
207.78159475197208
178.7376417513624
195.869673286561
163.06853156103352
192.26147336488611
200.79104343662402
174.83637571162944
204.0706677593862
199.73865636551454
185.11527479990036
181.17033157755577
192.17942264427074
173.47173358379587
202.02570461771575
206.23445644980347
186.67409056073484
180.9056468933195
189.49554714368242
172.02596425117736
198.72585865789733
189.76266829820997
173.05602950696448
188.88911378609737
184.32323408359298
202.32613219117047
193.70219846777036
171.68154145502376
201.10241702627354
190.1078908420186
187.17479848718904
205.0862924024459
172.31649263058353
200.4075425916344
172.19185580553676
200.1123818403048
180.5654180896454
194.74233317830112
208.64797981998345
196.77106207389807
169.92299764128438
199.22223720249167
204.66026696542758
176.7452399901049
185.45780563602602
199.7968880074768
207.27359984622308
198.52694144998532
177.69476173720977
183.77266242384576
208.66553795872096
181.8847609938275
177.7884859652695
208.62339376076125
177.83738772187644
186.2041473587742
189.8600822834669
188.2740847652458
182.29202506615184
202.54469243440326
180.30325653463296
180.7679165753325
193.6623506058604
187.96052856971073
211.89201299495835
184.3752328493174
171.25980074202016
193.89125005918686
176.6831732652645
197.298108753188
189.0804163935063
187.56625621603962
190.5335798829292
155.6158057852699
201.51683848988978
184.37922685837475
188.54359428067255
194.0346700237169
186.41618715888035
170.75779135665653
208.1179111259662
184.99062926695115
191.50167351818527
172.5447603403045
186.38144466091762
178.28845148368782
193.94575549910587
184.55642634128526
206.94803702740683
159.71791346238751
211.0940275090179
175.23119872261304
209.9359413580969
202.01802814362236
181.04316710909552
204.3427503658786
185.555951489172
186.91488673259664
167.35385418311125
187.89905692184402
188.453744498609
183.86670388081257
194.47329081542193
190.23483139767268
194.97377906040128
161.47385516558643
206.8795275687844
178.8019699599099
186.03589015561374
166.01165721981306
175.13157406808023
196.77777980951942
183.1078643683395
175.6949023772686
184.7495492255075
200.84824522974304
175.3946330030558
169.1151666680962
199.80395054529072
192.26720494440087
191.42292214323243
175.8646209243525
181.59055146902756
213.02130304807724
180.97383699207057
194.38036394242226
216.02475326876447
183.07666506267924
176.94611598012852
170.48985654055286
204.8292921193024
177.5944142806984
190.59623649498826
193.30831771144585
192.12176825744245
175.12379602115834
187.99888437151822
194.8374205139844
175.47881376316218
188.12380626243976
175.56705437691562
203.1640959348224
185.74395276635914
199.0368768085027
186.7447162044482
190.1292513847875
197.40804818450124
185.33840776688885
194.48695054871496
165.24767141181655
173.09042319659784
203.5720286637079
204.4156010548686
187.35105432668206
181.1655721453426
173.97361864009144
189.7431468701543
192.1400605291201
192.59895675718144
173.5407727200727
196.7059811056679
190.8231916007644
189.5190406001784
192.05761248435738
187.64518779121136
174.4392220988084
174.78352173466556
198.00715348596714
190.48270388528908
178.82549506665237
188.81862302274385
184.88477139381575
188.90717889257212
196.03951728982065
170.72768334778812
208.11793974028114
179.2058279200137
195.94256471743574
174.31388857051934
210.16585596013465
185.37410780024948
182.45295574144984
185.4724222527293
215.7081977635171
180.80944110496057
182.75387210337067
213.33739427112596
196.16888883701904
171.42674116390845
201.90354474566993
186.25683725858107
184.81837203256873
194.4997009073777
192.3521357014033
179.38378769649717
191.0195920135011
211.0056765416084
180.8326163957172
202.97091104973515
192.62088705003407
182.6913542139082
186.03886960579985
191.04269786393706
190.4102567757218
170.60956023321341
189.05629301069712
198.97498731003725
180.2215170403142
179.8469920860298
207.10004886618844
188.6932669861926
186.38649184712995
171.6694825043014
191.46478883463715
202.08059010277793
172.04046117151302
212.7670471692254
183.55775273129984
201.40307191712782
190.8866770846871
180.89956613019604
189.29524211457465
193.62375217783847
189.03636055517563
171.41656204559695
201.97351774102572
166.0612287540498
189.28464163712488
185.6440695677593
172.71611156437575
193.5629185168582
181.44217954178748
193.38444884879573
171.04715098065208
181.33159706991137
176.69234105414216
185.9294226118218
204.5324630252071
184.5989955324403
193.77969209713046
184.47011895589822
203.56538772230124
177.02628461678978
184.98938359977183
196.71530221447028
180.18214226049167
177.53967038187693
195.33756450365763
179.12344984249648
188.8805895932528
189.11028918126976
176.6472236195259
176.82622198919125
197.45891405293514
175.45274878347118
181.17966599859938
178.9409008944931
188.6111201456588
206.3741838751812
190.7750251882244
171.86458837051032
196.61693184678006
191.95345192807144
186.48454743580805
175.11337318851292
180.96328641840955
209.06767286044487
172.125644958287
199.85638635769283
185.54520337473514
200.1336916168948
171.08187875075964
202.49565109642572
180.7512490035806
189.56439690560364
187.96141675943363
177.51710656149953
172.70965373535728
188.5060986938479
197.1203699340913
184.78102749257232
188.82731900901126
195.8553432120534
192.9814049823035
188.42419654788682
201.41326936777477
185.94622322926443
192.81422411578387
185.92084287828038
186.6809135481817
185.02810994926404
186.98022909869906
188.07166837087425
178.4478137638871
211.99830060806562
191.13075251790724
186.8631508144972
170.7114357216924
194.52000006413436
196.38845321007102
165.33098459916073
214.7755242639323
202.6841660536229
170.40875109047192
192.09927816789423
184.4032572551514
177.70938438952726
185.64478402373788
165.98384471989993
194.82265901721257
186.52312216506107
183.3464503151772
178.81612195265188
