229.88926905147764
229.89200321779845
229.88267077038836
229.88925569813
229.89164496810736
229.88280720596777
229.89019942336108
229.89213354003823
229.88648645345074
229.8880103872807
229.89164379226622
229.8865749376755
229.88808575631174
229.8916482868317
229.8864760428114
229.8942289324532
229.88654462749582
229.8880193713594
229.89167610003824
229.88732286498998
229.89067859501847
229.88686099363258
229.8867577093897
229.89105389231554
229.88946112245867
229.89457710597526
229.8862684045398
229.89289230433315
229.8845849754034
229.88257261077706
229.88802069593294
229.89168877144039
229.8871766797256
229.89011925282102
229.88804451069882
229.89170218518484
229.88696070117294
229.88975840928651
229.89185052071662
229.88544561719573
229.89074790536324
229.8867408963506
229.8921018946112
229.8862564607316
229.8880230497889
229.89168931290624
229.88707778034768
229.8901415048531
229.88804783187516
229.8917066480626
229.88689627462736
229.8884207967094
229.8880516143654
229.89165605734888
229.8738565940621
229.88227845848814
229.88809101537117
229.89167678799276
229.88732648834775
229.88807896205253
229.8916697646673
229.88756669366194
229.88806266309984
229.89168067427818
