166.42301161787054
166.42277526390535
166.42319281259006
166.4228028048583
166.422532077102
166.42275927859555
166.42298897054297
166.42319945326562
166.42280057987227
166.42253567116495
166.42275932697612
166.42297942034293
166.423187319745
166.42316049496276
166.4231614101618
166.42316026852495
166.42316095892875
166.42316063887938
166.4231608650598
166.4231607979582
166.42316087289328
166.42316086222672
166.42316089226006
166.42316089562155
166.42316090661188
166.4231609254548
166.42316091118664
166.42316093414775
166.42316093427326
166.42316094958915
166.4231609459057
166.42316095195565
166.42316095187198
166.42316094265516
166.4231609710023
166.4231609566341
166.42316095088609
166.42316095598835
166.42316095987917
166.42316095245042
166.42316095721253
166.42316096779905
166.42316095326714
166.42316095936985
166.4231609663766
166.4231609504095
166.42316096335344
166.4231609697381
166.42316095588103
166.4231609829949
166.4231609424187
166.42316096988725
166.42316095705974
166.42316096276772
166.42316096589457
166.4231609565286
166.42316097262483
166.42316094582384
166.4231609664439
166.42316096321156
166.4231609591643
166.4231609515591
166.423160963197
166.42316096145987
166.42316096026843
166.42316096468676
166.4231609577564
166.42316096737522
166.4231609585695
166.42316096459763
166.4231609602357
166.42316096532159
166.4231609594899
166.42316095717615
166.42316097130242
166.42316094861962
166.42316096616923
166.42316094945636
166.42316095653223
166.42316096079958
166.4231609426388
166.42316098298033
166.42316095700517
166.42316096899958
166.42316096083232
166.42316094986745
166.4231609673334
166.42316095393107
166.4231609723647
