614.0454766983589
443.73938212697476
373.1242739107611
292.351793464039
393.09938016623255
344.00339644097676
354.19002457594434
373.1949362686637
424.88176558430587
414.21643442532786
348.87564761136764
368.1497868505203
676.5811875561494
1812.2318240034647
332.5053034467437
350.44211985448965
354.72719882180536
1522.8678024276178
420.02836787381784
398.56883663702683
585.1507282499115
414.1586561435597
446.8690710406354
328.82778903496364
361.2792074991685
411.78317425391833
938.5372957116888
301.4929782838735
329.17643749430135
445.88381377156475
306.1634508544448
346.2809243450247
384.7144506719924
1176.4207914582257
387.15046472869653
366.3859950972401
364.2253048552011
305.86355704944435
359.3084070625482
518.5081014957395
520.5950043749071
622.032021357867
1146.7029538223142
437.6249759806851
388.8547400237512
334.87238701669776
349.16825572332164
638.0612531428269
354.7088351034763
326.1125456717855
308.4988440310335
530.5709427929723
330.55097436081996
323.72622329029036
303.0271373299838
308.0781206577667
396.1416509181836
294.5742270138762
504.04938547150596
376.37372825599596
426.44037569944703
355.5908446076173
420.5495811231085
471.8455924353875
377.6620932158112
404.66137852006796
379.76758881412024
610.0632871774178
372.77196780800296
326.1026784965143
358.07669263281423
369.7046930255019
341.6525736587864
334.8393587716346
385.8701788143808
504.36844970454695
312.00319338562986
342.76887729040754
277.9113460143053
353.27114619358326
444.8916173965117
300.4113122612471
340.4166418433233
345.52732826492866
790.4263151655396
390.3710591507115
290.2289990268109
325.9189867692403
330.7155285375411
404.9554857872499
322.6438689244169
468.3156745526212
404.46904749992245
360.11046557514055
359.37627229091595
431.5164291527617
312.5916258244033
496.84637139278493
477.7080896941334
362.5261206443247
396.1815506889616
413.38642878826795
624.4051616858123
407.60097096147365
353.514904814132
445.41437070601387
329.1389127925504
300.5987036173974
365.2412657421228
478.48652655996557
580.3223592028298
484.52430817684944
310.12834792370995
309.5209961421424
263.91054237960634
344.25100880076207
354.3343828174111
339.08121993667737
487.018895291003
778.2365451672304
367.3223117914458
374.0796820583273
345.76114604564646
385.6985014896345
316.77764055393345
320.97099939872714
299.48168868594803
361.4151734351035
716.9920282809035
1891.2415894375372
2141.6009233513105
1016.2043501120133
320.90182733859547
401.2633595292282
309.39816654787137
318.0497203783016
985.502957781202
3899.7660306402904
457.115677937225
375.3029109216877
321.03587460938434
415.9789915988076
383.84587100931094
362.0325084924116
685.8099214086833
365.0257771548204
405.5757341935823
343.7074807554018
419.17842415196355
462.20199112652335
310.191913786708
328.662721989298
374.01422421904863
380.8883538215596
365.0008993766678
299.19874037016416
384.8207894976804
428.8164296105533
348.11363015724055
397.7466725522536
344.5720203336241
438.2576335355552
0.7193718558264663
0.022186298912856728
359.8431940812152
330.69701527523284
333.46311472938396
293.37907836496015
371.4529518556519
332.6488121947623
340.4613079528208
354.5305158793344
348.20687150426966
518.6449411721405
337.2121122348035
316.02541871574067
319.3423458626057
321.7001668519806
313.50588596088346
342.289911559099
583.2045629922795
1065.061034256636
397.96993666172784
377.96391216971097
382.4296724168962
344.9917538240552
329.1322370698181
307.6454068833991
311.01248226931784
354.3586467131681
330.63009489612887
311.9814817627339
304.69296549711726
294.6323977801221
326.1267676789721
303.6123173018568
316.7185638636729
334.8230659283581
295.1940548618586
312.5717361389543
345.3838447285234
568.9750634311931
649.5417313329526
572.6694490147638
349.1172840670624
546.3363870276225
996.3114266314369
683.3135891166894
1394.9631324865768
2900.188255288158
417.0922374771035
301.5208442461735
4692.288367489775
416.8718086305453
392.3709643261391
583.3431438604166
2087.6214262839494
580.3980931036785
373.09590772249794
358.4744199308916
365.9449814962718
298.1159493344021
320.5467492956377
489.8044813722372
317.29202561386046
648.5005610456865
324.12712309831113
356.7333476311469
341.6623448038881
336.17820297565777
530.6086761430633
334.6950609446212
689.850795774284
417.19064484888804
327.7675192364113
331.70907365994935
305.21720770366665
336.93377525545657
358.77811559455586
601.4450500702224
0.05101752268092241
397.8877011730219
398.17442581830255
337.231911087918
311.1179988721706
316.09225617939956
310.52865999066853
317.3488527000882
2225.178824211718
487.1602126457583
575.2812632109999
397.3714344218315
468.5334699121304
341.27679328792146
364.81977614812786
363.3767188263737
367.3623932585615
340.9132153990213
607.2533733316377
392.35952629259555
369.54197381599806
354.25080043880735
331.7682764806814
431.0264426180074
397.39760081112036
1314.9560694628017
868.990122694493
1130.5289172598277
2584.4992475681065
2926.1525090445357
538.432589810458
440.34951147809625
317.44020595616894
298.18225902182166
360.45140656398144
316.7234685671865
314.7783769717498
355.5185610964254
360.142557255429
1996.5759650597174
387.1557669766771
663.4146859840257
436.35934441073914
669.5863310742716
383.91872555963346
802.1472398152109
356.85655942955054
324.2681565392704
374.69410840101773
617.668695750006
1493.4669461175217
724.7854607545887
688.7024695722503
332.8801046892768
337.67825494962744
364.81127976160496
326.30143712830613
279.69712387851905
335.35314633711823
307.7437234762183
412.45172494935105
433.3265195849526
619.935803639004
559.4469156374107
421.2893302020966
925.4935073312954
514.2070010791067
465.863482406392
321.5680219315691
303.727157872956
323.8638139068207
648.615166923817
386.14882154928637
345.18060503932065
860.2877922534535
470.9017016448197
689.5855775243544
661.4954760920082
353.01090410983306
304.23878272180445
330.9793181132991
299.1248956010677
321.3303652803879
367.52194422099274
423.99760817125207
370.0690886033699
304.1553603121429
398.64368278108304
311.1810076397087
310.4970993823954
498.11239154529176
317.776627350162
374.4309516143112
374.8602691923443
452.0452228714421
521.9721281133534
381.23643900078605
314.5771919732797
420.5558023486228
419.89530840789666
323.57654804893536
413.8024064618512
340.8732976418105
352.0175917443703
2589.793755577819
551.1700328008737
538.4851870654675
374.2839850690507
372.2285749988223
373.903172692575
412.5020039624942
366.2618572364445
400.1151316114119
352.034451850981
387.78916933829896
387.02674590292736
365.6239511350868
422.6130254343152
663.3399582534039
369.6783280984382
522.2342888280691
354.5255243071297
367.22607504203916
1799.7671137614816
1595.1685690896702
448.34428520250367
349.9800362105598
371.69413153865025
379.27379963968997
296.7190978654835
356.9770070560917
682.7477312628471
437.57839694299037
419.9529588688456
329.28312898948207
328.84486291353824
403.0032768799865
313.78616547578713
571.9166583626939
362.8158948669734
807.5664510144852
806.1160552993533
393.69570960244164
412.54992135826615
1894.990378861432
443.7257831642637
1202.8468194899324
452.3671374770929
411.1296378149418
308.9188969619863
296.9275748609798
346.95343163987854
2395.2934139529534
429.01037956841174
502.4045077979099
502.47295287271845
2079.299445951445
388.42378411453683
345.1843149521155
276.9672853361117
279.94514591028565
337.54142327723093
430.0533043316973
683.8988251957344
371.48389134265017
1021.3285189964517
1556.3178537495842
684.4064355232695
419.6858995767543
422.29085070753354
352.11062481693807
304.5198062969721
312.0038224152813
443.54575244378066
352.86993311022525
530.0855084572977
411.2460813546204
376.17836429021554
372.11279423345695
430.3889206061722
348.86420878604986
324.98762334449566
608.5018782123516
409.1255068911123
359.22549967226223
310.99408001828124
679.4811172858754
2519.6437241464446
648.8936173327093
422.0076285812538
2494.734796311066
518.8164167812793
422.28708184935385
321.19503028091276
403.59886349222506
427.63767939127865
302.0139724056935
308.95210853699245
327.346244372573
357.3494536538201
534.602121273143
502.50102065564715
693.2782982043573
394.46487480783253
351.1220009160461
408.15986346034333
430.27083625108935
353.77684716458316
390.28271012488403
388.03693514110637
369.17580405261833
351.11575073265703
292.95631299039815
296.37007222292596
412.981338656944
310.1786874591198
317.1641837139905
381.58145848373533
506.70440204654005
743.9271086873196
349.6504941454332
753.7349151402886
385.50395622832
456.6192030918319
613.49770803313
387.7058125126932
330.45428084229934
288.93788951906026
320.6257725486066
342.50695179073955
305.9172704417433
385.83957637110143
337.7261788819742
357.79682925660745
361.48277945257723
333.83193306822795
333.95131582347676
443.1051401015138
388.534609463386
394.5264545461105
959.0037209965813
418.16550574314897
346.38899453982594
367.7097421149083
362.8751131243189
391.45951344803325
459.568912810093
375.2085317474557
387.15923059367924
337.13273909443524
475.1540722846985
453.44403461928596
2855.7954371951346
377.434813524771
408.35776374069974
838.8093817834742
2536.095565170137
529.8350834716402
383.7734966292337
334.7800517992873
319.74157383380225
466.89967449146206
320.3635344566719
636.9423706065863
468.006937764585
413.00641756423283
325.71193592384225
341.6330526731326
360.0719613285619
378.7343971126829
990.8039125402574
1022.5009682036471
413.69925373984734
835.8155691028223
314.2456551672658
363.2289903924102
340.20941407006467
498.1356297468883
2351.1134012548137
401.75688925548457
388.32621089107124
352.3007512052427
534.1765909622773
453.76979697617935
427.3282346970518
544.2060720831505
345.09777178574586
366.5145893661538
365.37161096953787
329.21651883499
337.34169840061804
306.5054460747633
347.2908901141491
409.23523295013
300.88012426014757
326.4157740821829
908.4161973603186
511.63670838205144
703.5840539703495
668.4554497779463
344.37552919704467
372.8553506458411
355.7649288206594
300.9987568752258
433.0065310258069
1553.812462017173
465.0889950185665
389.78062815085286
339.1227221962181
429.8062224689638
396.41586848784937
364.37444735725876
353.2820471856394
364.6375613853452
329.6621516243322
345.4152051709243
260.332286722376
676.441644512699
644.5035758527811
518.1912753182114
325.5471521114814
402.00480678270105
275.5257915480179
327.6707826999482
312.0737568877521
366.94563689484494
316.228739705286
310.9008409369271
348.78291027090745
340.18204589298693
377.30009560252074
393.15107258211356
360.55017148749903
559.9048068320844
347.0512133211014
603.2530174565618
394.13448205176974
360.26690240902826
468.372353625542
335.78219026705483
0.07257924199802801
336.0625021349406
364.63340188376606
341.67395200161263
687.1423177505494
504.5467655110406
481.6614971154486
441.93719783687266
368.9748369434383
269.1103779216064
1006.8838252499118
494.95081212656805
381.94489330641227
357.3920708404621
294.2632924056961
345.40668880881276
589.1625150669133
342.0220299270586
373.2055010650074
332.75708064378705
323.30116543354234
345.2516526624677
446.7637122783344
379.7947522549657
556.0954818683676
403.91573500965023
334.1646972769522
301.1039900839678
356.46313227142673
373.7145972685539
362.0563839653041
430.4066799498396
337.11386814626167
524.0647973637097
772.3799872461241
402.2282518915599
385.9771063585649
339.5162877480034
285.774967333884
362.67928734829184
323.56997574237175
360.5776129994774
779.2194340907154
510.64480025402736
561.1891281065764
447.8015691108885
443.5970853532199
296.2208755071624
336.2312299855985
305.7244760724716
329.4551668022177
312.8322954196483
373.4995446490939
287.4458529787953
296.716916558973
317.96248564647976
344.08199267537566
371.7105341543793
308.8829288050765
334.5514592695981
413.03369460545946
614.6946120944922
397.2212420249125
798.1752044534078
1830.8949878549902
602.2670761155896
549.5416656087036
459.0648059549858
473.23304716910934
393.30669366643997
343.652773727139
334.11054898193106
1218.834308646794
396.73889830580447
2156.7106127395527
335.2115634192014
341.69023926887894
357.06819571426604
335.2042548765312
368.47062581882346
325.86335713474546
285.11699895217316
309.6714645762695
388.5473446366959
448.26957468898036
344.3718248254736
661.6543807862909
359.46167495741975
2246.4696661828784
1437.899389598926
387.62659694440663
333.26831872190814
358.7895078333677
331.1263881670311
491.95494729612255
447.50972935627215
366.281775067735
324.1875344417058
512.0602746587247
1396.9329646106926
355.18166371737607
813.0943488798803
664.2780614675139
475.59698428190313
375.5151773749967
341.44833633163944
322.70867491315585
316.5466095992015
1359.6524735791027
475.0224164369283
346.28127989853965
406.4087092198897
296.2812448742334
363.82953626214294
628.6406472627423
383.1260014124564
315.0551324370317
334.7805724099744
1927.7249469826347
445.9594350512489
383.7851486671134
599.5639157521073
305.4186525550904
339.4992213958176
282.21668367710663
313.9143366123317
292.5215297090472
257.20896959281527
352.73773757601157
329.9151242163498
342.04206687922124
474.28449495573295
476.4508361958433
1087.5602941917605
482.1867423269432
943.7054196394165
4075.9240546933725
632.6142732964363
535.5800817353302
401.0295411578845
700.6596817659447
3193.7745297265938
452.81298390432494
367.86000000103377
350.4997812299407
336.9136961802142
390.1604068278684
364.0295017369208
309.35597021260764
333.2186740731704
706.7349616450374
388.56153153360356
381.34951195301255
959.0941333840019
420.5607770377537
442.2878616459784
375.6142558961874
376.8404526047525
411.5804150880431
314.94940351170953
499.70376311958535
478.8687909398577
422.067966915376
306.04789763269946
324.07884789444506
396.4521901157568
373.619605189946
288.25820712087443
295.67033849080326
283.2013467247598
329.537366585806
306.0533860262949
284.5549832810648
537.8742613397189
459.2586487943772
484.53666008799337
899.6768830175861
453.3414500443614
404.3335349560948
314.3120467553963
462.49806835036725
315.096991298371
365.11388343403814
369.0937907383777
809.5678445330705
362.5815591958817
364.6722294660285
366.42473451106343
349.9188902977621
329.66810415138025
493.55129970953567
348.02871076372685
338.29311802005395
445.70864667376736
454.712028660113
289.5689288317808
740.2950846265303
404.025987224828
461.8246831224533
330.94412792281946
371.4784207716584
349.02278229693184
379.0062689182232
318.21195711247856
447.5603995267302
357.4435888644075
397.3291445435607
402.67218581039924
320.18205644591944
611.3934596459148
327.1026121447794
359.0560701630311
1121.6488710057456
478.01440357475076
331.54598355060443
508.03750137786847
426.8536894408753
368.73142677359283
420.0127515242202
357.8927518174751
328.7513944041566
321.3417630443
312.69713228638284
453.86627364810556
397.6144006944378
354.070041699335
379.494853406155
334.048690146592
312.4574336144142
328.75823221891187
301.66768122278154
429.3253869803739
362.6954287288245
363.8994175399421
362.1749451836222
2775.544076478691
326.97318252624245
436.8675961968838
365.20797038287856
318.3032586670597
286.9172572948737
441.8193376582349
304.6247337819077
366.2227306171553
434.7803049078211
419.4801241578534
545.7238942671684
347.5447824677103
322.8928246105206
537.1627236555214
373.6371636327822
564.5886366281193
339.325996002357
392.2334912636434
1869.8820395607036
868.0321985855117
440.3221322588506
597.3193985639373
433.2188503324869
371.66874043422285
822.6066818473628
354.5288940287428
471.3293487003539
633.4263495329069
1568.0448739812127
348.9314729516045
389.5900701198261
310.6708349495311
782.1658317655092
491.70883825281635
395.6486280146055
463.98863779898966
274.96871652215486
363.28779410925927
310.18613239435945
346.2041856396245
752.8258436194737
1092.7131315737497
503.73864600481465
375.6464145582868
460.3684611466015
386.3876814832329
322.835113880923
362.62377929582726
417.4154010718921
360.4116722967592
497.1211558969226
462.41538279043743
327.330177736294
466.00482597452356
0.031339514011051506
400.41818100126693
380.4484169726493
371.4649426409742
616.7335635549389
339.25738707528217
414.24168475414626
373.9097869252437
723.2286189841689
749.6379002892645
356.49245117622195
369.84073699766304
364.9932814545464
318.6615671199397
326.43349885963835
2226.6663449571934
4539.160427929717
846.2669237709488
1380.7472235754249
1416.0716435832437
932.6927180288476
458.94830715167336
602.5889365791809
375.0568155881483
434.8185050256434
265.440104132751
333.5242504099151
381.8005793368793
280.97674898209516
428.0904613859602
516.6433456016239
1259.1467231424176
398.31282658834243
738.5085839140229
2850.379632365424
1294.8323173345416
398.7091040437226
485.34591303532943
341.125068546331
311.97828493552515
324.657298910839
340.88185637135757
352.29727655282477
572.418495255697
336.9287841102341
305.53403763944516
297.3780500148423
529.8874487548601
445.3917772505665
317.91347191587556
816.0802059682319
481.9535050303093
1313.7527711465373
511.6991632548743
359.5453869246994
309.89752426336054
432.8467852891772
516.4727305843262
455.391001686221
434.63021771161584
326.07022695883643
283.4527406914276
316.21297864359803
349.56697607866954
319.800502381986
308.1471525916131
313.53840972378384
280.65709699026775
340.8698881320888
359.939320878766
400.0831350830267
999.2834173464216
1050.3151135295047
976.0600218040636
408.5095809083432
327.6113759750733
299.73143562529003
301.53760955133475
414.1372486274922
436.14181271754205
380.5767668238259
303.28076436388073
352.84735782135976
285.08996667328756
342.33139997610124
365.60953282244736
367.47819328907644
350.50375124346465
331.12081549689174
306.91555433836766
368.7504072896554
315.2052714760066
732.004727157997
333.5604599137441
394.7082650595694
409.6943612752366
400.21862093370873
404.6838420005515
394.02973894408206
359.517764025426
845.8091848678887
407.73886476946063
412.65051396843046
325.05596897372743
426.2997237875243
610.1428758698166
401.944328685815
429.4926921974402
377.0869508825126
424.4835117092589
330.8497688049101
327.02242332859896
349.8743878779933
590.350765300449
379.83080483344384
402.0666422211216
354.2049804328708
537.964381532569
458.5918643990299
457.46046079788357
373.49231168598635
477.06210801179986
346.75015131465625
305.6302845152677
306.8376835125964
338.4154805347207
982.8841321515501
628.8225126577308
827.0408437360311
826.8152126013301
692.9332769737812
395.1527846099925
399.2805461118696
360.8248575479374
831.787908949831
794.853079106193
391.553469998471
384.8179395692423
1549.6726300911396
474.64035984978545
330.65789739292813
410.0532936991076
340.00814361387165
427.9802738056751
472.32777822518256
3262.0428245044313
525.7505256180884
387.17226348479744
343.2813070118427
326.9644930206123
327.934792938584
385.6751854313188
300.63555076601915
334.76034403941594
333.7721548069967
307.1723153789062
381.0708987946855
364.54842236754484
360.3186498642899
380.6504021730507
370.9525844367454
345.5714442644967
462.57346730609424
319.32705989608075
446.50199645909015
317.7168502304703
299.35368363105226
704.7865263059502
306.9083180556772
337.14829804806504
420.76940870354883
316.97548404021654
304.39445732801687
360.3868373356527
362.82879056897946
391.7286661705002
310.7852358710952
338.7588554935064
326.39389815262984
339.40976922621485
671.7200414753752
577.7536008355673
385.5457046730444
454.1178800945636
510.8816047216533
375.58008064189926
342.60779123567045
2626.8024098241003
689.9439031698275
2752.533207954024
515.2209275934147
374.8842819990823
502.96871214779094
321.22191721224226
396.885338625405
299.307729102904
585.3030142859789
672.2370946415467
473.570320451865
392.4084495191928
385.7458470107522
317.7019995840965
428.49266451364383
451.4626130439574
401.0297827619361
370.7398179615848
3581.787578998483
511.7051895435434
598.8841854064958
767.8648025038419
556.9310578742297
537.412871268345
1454.6043742194306
782.2907679488417
377.66974851465784
467.81085932522546
422.82700493442826
370.1698707831092
665.5294326789444
420.5275541800074
334.0273698758101
393.87314692744985
429.02356386370957
440.9544459908502
333.34953590051737
543.8320090033812
357.0807412038557
364.4495250360342
345.55081547785085
400.3041594804963
393.0262444348773
414.1126018068753
0.03979576821438968
0.23230934888124466
0.0035061280941590667
0.0453519158763811
0.03748110472224653
0.04062335530761629
0.04164162406232208
999.9078207822749
486.81916249427013
318.5900645516813
345.5713967999909
350.1850486045005
369.30366520176176
1154.3935983143747
982.1819192031398
3002.7136952661676
490.54533302306663
449.9739838143578
375.8454465334071
397.72641514381394
347.6579933457542
321.64588504866697
3080.6803228354547
409.23769155412447
331.5031295111403
547.854620815604
441.59199816477485
339.04406960948836
371.6999998423271
