202.86949960312995
202.8695038196447
202.8694816045827
202.86949026636466
202.86950549587345
202.86948387777466
202.8690871282506
202.86941351010591
202.87003963408915
202.86935777288636
202.86858188400856
202.86926090441375
202.86940489269546
202.86947690417037
202.8694772512954
202.86947860428245
202.86947852107187
202.86947879147192
202.86947963855528
202.86948254775234
202.8694896609868
202.86950742675253
202.8690830131345
202.86940965313443
202.8688789484404
202.86937983026837
202.86941197521082
202.86935457666004
202.86935433471444
202.86989983327294
202.86904264747864
202.86937248905815
202.86902385356734
202.86901662927448
202.869398622488
202.86899094237924
202.8693630412654
202.86902845349687
202.8692914393905
202.86945099377772
202.86902555501183
202.8693608584108
202.86901675906665
202.86935960701885
202.8690882439514
202.86939300446647
202.86910115741193
202.86909683728118
202.86941438877147
202.86931057226502
202.8694951155685
202.8694784474883
202.86947728153427
202.86947874762154
202.86947885574227
202.8694798202814
202.86948302817837
202.86908227756794
202.86941360244964
202.86967037194336
202.86903914023424
202.86938726647713
202.86936496876297
202.86902634456783
202.86935814776007
202.8690262391683
202.86936303068433
202.8690593333522
202.86931571879177
202.86875189579587
202.8691762026283
202.86941237598512
202.86947735567446
