280.3713480757424
280.3721207569497
280.37161337170255
280.37230359547266
280.37170835526194
280.3723664137424
280.371740265412
280.3723870521653
280.37175058464254
280.3723935829421
280.3717537869625
280.37239561466595
280.37175476914126
280.37239621875233
280.3717550554247
280.37239640118605
280.3717551596328
280.37239644544934
280.37175518853655
280.3723964629662
280.37175519178527
280.3723964653691
280.37175518511685
280.3723964687524
280.37175518066215
280.37239647129354
280.37175519478296
280.37239646552916
280.37175518507865
280.37239647145725
280.3717551844602
280.37239647384195
280.3717551839618
280.3723964706387
280.37175518161894
280.3723964728724
280.37175517957985
280.37239647385286
280.37175518055847
280.37239647561364
280.37175519187076
280.3723964697201
280.37175518913864
280.3723964699202
280.3717551816553
280.3723964737874
280.3717551877926
280.3723964709243
280.3717551844966
280.3723964742603
280.37175518654476
280.3723964691271
