296.9843895061358
296.9853263834848
296.9852694398205
296.98583344980216
296.98564010293194
296.9858506864075
296.98536337680434
296.9860184084364
296.9857128199301
296.98622358954526
296.98580021970156
296.9862017390751
296.98583145288103
296.98508718597077
296.9859320425294
296.98588936448505
296.98573863768434
296.9864629798194
296.98581528543764
296.985776000216
296.9856532480226
296.98561265831995
296.9862093866959
296.9859936349221
296.9859127634718
296.9858032330267
296.97654138821053
296.98666280967336
296.98614136489414
296.9860422968959
296.9858536620286
296.98630162033623
296.98593445525694
296.98576642097396
296.9865610161214
296.9857543996113
296.9857747885453
296.98410641475675
296.98587160676107
296.98650798462404
296.98585679108146
296.9858056594967
296.9857254590752
296.9857467461188
296.9846983468451
296.985796504443
296.98633714438256
296.9859495079909
296.98578058370913
