166.54206209913627
166.5420612642074
166.54206062832054
166.54206006801178
166.54205960207764
166.54205922710753
166.542058914908
166.54205864678715
166.54205842869487
166.54205823589018
166.54205810508574
166.54205795698545
166.54205787477622
166.54205778056348
166.54205770544104
166.54205764755716
166.5420575808348
166.54205755790372
166.54205752325743
166.54205749545144
166.54205746856496
166.5420574504442
166.54205743133207
166.54205742800696
166.5420574149921
166.54205738237397
166.54205738711607
166.54205737579287
166.54205738064047
166.54205736533913
166.5420573725769
166.54205738223936
166.54205735208234
166.54205735713913
166.54205736268887
166.5420573689753
166.542057359542
166.5420573517331
166.54205735769574
166.54205735888536
166.54205735518372
166.54205735347932
166.54205736797667
166.54205735668074
166.54205735943833
166.54205734838797
166.5420573478641
166.54205735479627
166.542057355231
166.5420573483825
166.5420573498359
166.54205734627976
166.5420573711599
166.54205733832714
166.54205735426513
166.54205735313553
166.54205734218522
166.54205735481264
166.54205734736388
166.5420573387546
166.54205735251344
166.54205735021424
166.54205735460528
166.542057347815
166.54205734428797
166.542057362989
166.54205734557218
166.54205734419156
166.5420573575866
166.54205733037452
166.54205735428695
166.54205733825802
166.54205736275253
166.5420573425872
166.54205736438598
166.5420573316842
166.54205734488278
166.54205735219148
166.54205734514107
166.54205734606148
166.5420573432093
166.54205733812705
166.54205735070354
166.54205733036724
166.54205735543655
166.54205733823255
166.54205734763673
166.54205734718198
166.54205735671712
166.5420573506417
