91.52730602674728
91.52730419116142
91.52730241636164
91.52730075047384
91.5272992153159
91.52729784510575
91.52729655073108
91.52729529097996
91.52729424900826
91.52729319325681
91.5272922501099
91.5272912706132
91.52729050786002
91.52728971635133
91.52728901573391
91.52728833339734
91.52728772394948
91.52728715760986
91.5272866452442
91.52728609487258
91.52728567594386
91.52728522907091
91.52728484947602
91.52728446915899
91.52728410129475
91.52728380411463
91.52728344551178
91.52728326054239
91.52728295643556
91.52728272080458
91.52728253176701
91.52728229361765
91.52728212086367
91.52728194944666
91.5272818065614
91.52728162957465
91.52728147364542
91.52728140569889
91.5272812497642
91.52728112326258
91.52728098930675
91.52728094858867
91.52728081153327
91.52728073269282
91.52728063534778
91.52728059255242
91.52728046890843
91.52728048691824
91.52728039668546
91.52728034318716
91.5272802665404
91.5272802087402
91.52728018775451
91.52728012162152
91.5272800932562
91.5272800357543
91.52728005115932
91.52728000332536
91.52727998646151
91.52727993205372
91.52727995550958
91.5272799083632
91.52727985819547
91.52727985069396
91.5272798159549
91.52727983003024
91.52727983485238
91.52727974620211
91.52727979212978
91.52727979869087
91.52727977994437
91.5272797440739
91.52727971082459
91.52727973951733
91.52727972453977
91.5272797049638
91.5272797026555
91.52727969938132
91.52727970221713
91.52727969401167
91.5272796342415
91.5272796823865
91.52727964555197
91.52727967564533
91.527279644808
91.52727964683436
91.5272796344525
91.52727966806742
91.52727961387063
91.52727963070538
91.52727963341385
91.52727968303407
91.52727962862264
91.52727963282814
91.52727964981023
91.52727963057441
91.52727963081634
91.52727962562676
91.52727963900543
91.52727962813151
91.52727960769153
91.52727961438723
91.52727962450444
91.52727962785502
91.52727961007804
91.52727962346034
91.52727959857293
91.52727962455538
91.52727962398785
91.52727960881748
91.52727963197322
91.52727962753488
91.52727958512332
91.52727958973992
91.52727961524579
91.5272796434183
91.52727959727417
91.52727962407698
91.52727958954165
91.5272796371828
91.52727958673495
91.52727959019285
91.52727958703326
91.52727957511706
91.52727960508491
91.52727956758099
91.5272795897763
91.52727958911055
91.52727958302785
91.52727958217656
91.52727957384923
91.52727960361153
91.52727957235766
91.52727965749727
91.52727962561767
91.52727955384034
91.52727959126787
91.52727962054269
91.52727962260178
91.52727963341385
91.52727957472962
91.52727960246557
91.52727958355172
91.52727961363416
91.52727959441472
91.52727958469768
91.52727965438316
91.52727956940362
91.52727957526076
91.5272795901692
91.52727957576644
91.5272796484278
91.52727954410148
91.52727962912104
91.5272796301906
91.52727962649806
91.52727961384153
91.52727960422635
91.5272795856581
91.52727962484278
91.52727959888944
91.52727959930053
91.52727960460106
