360.3809289829967
286.63342185241623
298.81331583824533
275.98088232669954
269.05310774194913
294.7357699112374
275.6513622915088
266.2102024680362
328.191519696009
260.3969255732841
276.6470893202636
308.4468674783793
240.51210417077573
255.25614415237078
283.54266736653244
279.5762782548736
243.85517279365286
277.71077678148777
306.15656755423424
275.7294381426027
287.46517312098877
251.76977948287004
269.30278610877394
269.9605540572902
267.3202254335656
248.5432119612251
269.0384522642835
214.88486959528927
259.99593708840166
245.48012307616045
283.55731687536354
287.33393443130626
297.6718142406535
310.3654263630433
263.35383088412345
280.8173224167185
259.83334248289066
320.9675669477092
275.4104236556832
307.79697539005065
260.5097463468592
267.4717765696205
257.0385409769515
278.6481902174055
259.36615321263344
230.44443935949494
248.88731012771132
259.17854023943255
245.9428130904489
287.94800416016915
258.3555048166909
211.37429555727977
273.7757320954752
267.48187388984115
206.61403610680827
266.8163714866787
255.53037173422308
247.32784632853145
308.863615828961
256.21256916401035
258.49058446212985
327.27049712311054
290.51822811679085
253.81582849891856
396.8346645504571
292.0137520740027
213.1215424539805
309.7301562071807
251.46983880883272
276.58672127541286
313.1763734679007
282.60505740417284
335.59529717378973
291.1636590427006
295.66761777701686
315.8187147661847
273.9280653989299
285.3813552646352
268.2222221752745
207.17202769434516
258.8773681117018
257.6902147693472
289.94396020335626
338.47729491080827
255.39569873594883
289.18055294963415
234.15439752137172
322.43283480481114
311.085145089819
353.9518560034485
298.4890640459744
297.152543126198
268.4244235516744
292.0392378356737
280.3071684652059
291.1673096845916
266.85319422799876
270.5582779258111
306.21793640274336
223.54851347973818
274.91634786913346
271.03774019296907
320.5134617788899
247.93555832866332
273.2059912685654
234.33786452810818
250.10201104407315
258.2558949827071
319.23294930350676
306.2617432488587
316.5030705432
273.3932960318489
283.52811907932846
310.77600585257824
279.88774996579014
263.0902988393136
339.7142000297099
333.8255302585203
286.0593180907672
286.7414437331827
275.64985344709567
264.7831914528724
254.3532666188621
258.36793413132546
304.9464491174149
258.31128219445964
254.35473527193244
300.2932924166089
245.82002144955914
233.3116409491122
278.0174246133465
304.3966237687637
281.3641251636436
227.7417662752996
218.616931012235
290.66469844303356
301.5421700126535
273.86920454140636
277.08360106733744
256.79449682743143
238.388109710766
254.3616762611855
257.150173018701
238.5446876923088
281.71225673479785
267.35386805915186
266.0436957031852
246.88717183516565
250.33419025485637
221.62894056660298
264.3473141000577
228.47420170162513
206.5131412395276
229.38158582577307
235.1199600941618
322.223989637263
261.2027276486406
336.6788126827305
329.230291819782
299.911450524407
286.91434117528115
259.5967102274153
277.7142033624914
314.1751301467957
274.2418736634063
304.1135642171357
204.5169631920944
259.87931259198376
245.3045296344353
283.8002243482042
259.4773044457106
282.83362868018594
235.63617085306032
438.2820353132993
275.79386775523017
334.7784691038469
272.52200102541246
208.80959227331914
229.79527227388462
258.19191899315047
215.44378178765328
246.78586433742748
287.88734351704625
244.88914858791395
294.3516185570843
289.2968941081781
290.97838178891107
284.70701924233435
337.90195823888644
293.72608746974583
270.406114678859
275.8998878454877
244.9093495085035
313.71861109083693
250.81752471019718
283.4919774205191
237.67793494081707
258.2503167895484
313.2033002639364
274.4804688683216
287.8116064046335
261.18134167339304
301.9454220463231
232.6890718608629
255.48145332872082
264.77221153980645
255.4858302020075
217.44127742556157
263.1668697890491
268.23919097270846
287.4474350843084
256.78005778964143
228.22653671931766
256.97634849466704
280.48199346994807
227.71117169755598
259.2992755413652
287.86134772132937
242.58018337318208
364.3170780845976
259.4967930273342
277.5580720375001
310.63618688305723
315.2348025175088
316.7584469311114
275.42254170226806
263.47726596442226
247.07564677885966
298.33232969424716
209.52973152645427
223.92562433059356
278.45801020759245
269.25341505897086
318.44234485697234
300.1464673333103
256.30375797647866
229.26345605439565
240.06055951530288
288.06964262128895
208.43115410966857
285.81088301807176
233.66522902145516
253.95134174721898
301.53942711900163
299.2052319464128
331.1580725051899
289.94319119723514
268.5591144306527
288.0015626520617
310.1533852248249
274.4587779348658
240.7896510798455
260.8641552008776
255.10942968689778
365.77392479953414
290.3972371629061
267.24906096051564
297.74161615218327
278.5747792425245
354.71660690309363
216.09827053635672
236.88378888487932
289.4470544596843
264.55371594369353
285.29458739445545
283.6430576270941
256.6954176469735
287.8966004344402
243.69959712553828
292.38146429820335
277.5939103572455
301.1265504550829
286.0881608832424
385.21405679792224
270.6865027149033
303.5735635221936
304.18981785318465
233.14770109264646
242.54058509963215
256.37558781311964
300.28193248626485
256.35889524954837
298.52022445888724
279.262806262137
274.7540831112128
273.533724791283
268.0150589819532
283.59534376946976
292.6505492746219
188.77369779696164
262.8481983057136
267.44296954262245
268.501666748125
293.522280100995
260.02241771538684
272.3859862018144
244.81718873957288
241.49755583758815
279.75602599440026
226.58097111411917
222.02180545963347
264.80637398624094
289.2515991339751
331.0542576530279
297.9717176119011
317.4180649572372
250.09783351312217
233.86283272056608
297.45240224826557
283.7109838049946
271.4210194114712
242.39705873906496
327.5141428188508
285.96552595663525
273.6179358205263
238.79188708931906
275.0484662208182
262.45852061627374
266.81984129871125
269.7683013115602
236.3195721902157
312.917914938982
291.2552753091295
259.7265117881034
225.63440408429597
233.2270760046231
330.1837340321363
275.01185882148275
277.9635502204328
291.00855400355067
316.98927395392093
278.4201987068518
260.20300750587194
273.16786377859535
239.43657835056365
291.2318152564112
261.73228405033296
241.74324885752867
259.03861455743026
266.82202895388764
293.0439112269378
275.6697011239885
222.80037810363865
295.0994087065046
254.57639621428098
271.4278430618142
256.7369880774204
307.11013601998275
277.2865141447983
252.78437897648837
350.4749675126368
269.5688329459663
256.6957737963385
258.15824188776605
261.36753826381755
232.91721604936174
270.90428151040396
288.3942027712037
295.5379217176669
256.89239152560185
265.57540934973804
270.3438689274044
290.9354045832588
338.5131453004433
264.1236767858063
312.45258715140517
252.0005072721833
301.187551598181
258.5000187892583
264.8834354497085
241.29024244492757
317.3671077593608
287.78476219195
277.1229866343783
272.6935560203565
311.63838362455135
257.805982689184
262.56967032024113
309.3958240749198
323.49012370708806
278.1882406369259
288.55647795979166
271.4066224496637
274.76220913638826
238.38244867810863
264.09669694265176
256.1062718608737
283.93222189518565
269.71999645914184
279.3819803221413
285.8353500348312
267.9818406369013
306.61160222136823
299.2414406211028
298.2346319812059
274.1129680220911
284.06550535077986
303.00181931113184
276.94114861573325
321.5636151956278
210.92209092596022
330.32167787155777
296.4388071885187
273.69917884044116
306.3087964753504
306.67673797605676
311.77346076467074
270.6043265716871
266.2598598300101
260.2602646382438
232.86239601217676
265.52242681299686
270.2876282708603
276.18166251025104
217.26362249355589
299.3441340237041
258.6864007762051
237.93976934782404
325.1542641946435
280.21848978678463
300.9119344998617
312.94438170982176
288.4853031127859
287.45994132806663
246.42884865336237
255.10753947662306
285.75255423823546
318.14446031053376
312.2234821673337
256.27959636828746
241.44371622856124
309.72735780432413
301.36969760280044
259.2696389933699
260.26211331506784
287.76924368937034
272.51630388038757
287.71722812004737
315.99901567646884
234.41494112853252
314.8649296993826
246.4727510526136
277.8640796841646
277.0659254314669
335.58674037933815
273.84770841902355
323.9563742240716
341.62180015133345
312.517128977619
327.722585083
296.2723337133357
239.49922631574736
253.13777260553616
277.92906067194417
289.53538094215037
281.0821149817202
276.0065953629819
294.7320116445335
293.72586697596125
315.63857694702165
269.5317721658648
299.2095182861667
287.4797635700379
281.46125109671266
305.04817186910077
339.28350025932014
278.25471278974146
259.6561665512272
270.84388511838915
344.90534649652545
249.28862432518508
285.4516867182829
255.59311463592167
292.43795412905456
294.1162455038575
247.84729520295514
235.43461393541656
274.9622121195425
285.72823214376695
281.4646031380689
241.59909724150202
260.3119468034711
243.11364589084405
266.6628554692725
267.07219309723587
258.29399464681046
229.8174112266861
262.23386263663997
291.4738114470965
294.30751179580693
267.5839757802314
284.7681603845558
224.59646066013374
276.3008806181897
278.6439417019428
238.07920163378003
225.00874275612296
262.2247258920397
264.0519385394291
243.85101764032152
252.3800202785933
351.38641094681225
269.2707542258431
279.3950049545965
331.85297334589995
367.77741813327884
333.047171886079
272.69966519103036
252.06811031585676
278.7693621159997
274.91666493719094
253.71314520586748
331.73848258089856
286.12583601108054
303.14883351975004
288.2703684595763
267.6840402549715
277.6402459770907
313.1083046964195
302.5633389009745
289.3725282451196
290.3920136592351
283.61620867828606
293.0777446073189
271.8233104815299
263.1657328995643
261.27552947215736
242.71897024125792
309.9460397498042
280.035394342558
252.46105626539793
292.31332401165855
327.6592906222504
215.77440436006873
250.6647932191263
273.59891813469585
251.98407036907156
251.54142418288393
258.4652867539844
250.63683230499737
305.0578403159452
301.287501318031
322.66088069425314
296.05892191882594
244.477145634708
261.75452821771614
238.71376276493538
237.95364008366596
316.2713238117867
285.22949603566667
295.05159130183165
290.520934735192
265.7456044307619
221.97572387821856
226.23299835424405
226.76273776363814
253.2583739013353
243.06465283295256
371.989051265351
261.2491816317779
297.0949722607329
262.20037498977035
242.4153393683082
250.17744333131122
243.42367399833165
245.15653349334025
238.17820775910513
284.82510177762015
261.0556615223759
232.73648235024302
221.5622011187952
323.45371537131723
247.1105054449872
308.2364458536322
288.8651772979065
278.42835194640793
287.39829821084277
213.38434963609325
313.28428727557184
287.42160466039786
285.60553046676796
295.3366069957847
293.3604545042617
248.94735893956386
275.9472813262546
257.9859277525975
235.97896702232538
207.50350724783493
301.6290775591915
286.70794595376356
257.1440849160135
246.50688243939658
219.09357388090575
344.97132873078226
247.81038286659168
350.72578251638333
272.5851183234481
212.47592140632332
264.2844022344798
256.58079773397185
311.83438268714235
281.0605499331723
257.7833593483374
292.2756828152633
295.40422579980805
256.90843206245336
266.76489707740257
312.6007166572381
262.011226504168
281.3658916626591
274.6879449955886
286.7019750500622
286.03043987296405
259.58667092974065
278.7856653529161
289.4817313768435
323.0831371197419
247.80132650997257
228.0238339364587
317.86380045334226
222.28405584933353
339.4012725802022
339.4986842700746
285.2582744323299
267.00592631986365
279.87570064887404
243.1036246122094
275.82851003223914
262.45919937838335
269.9359338437207
265.5884561006678
256.3872950466757
250.22400281153386
278.3344786973612
254.7007596939511
264.84481877685175
292.13721654354595
374.23888678613
397.2832465271349
305.9022102955496
247.7081945266982
304.1237304491224
280.3951247026853
262.2228479012265
271.1458863794396
264.70737342358916
252.29160855643568
269.031773443101
257.1845572713064
251.037338889495
294.4145902720338
223.3638633019582
388.29966839187546
341.8142246772768
304.8813210982771
257.61185807568836
230.53917012750753
261.0993036629807
259.1388313426869
294.4958305984037
321.80157902117935
255.64094813872362
294.42315828532446
275.56532989261905
245.4953053277277
353.87803487008205
356.3671118709608
237.1320764045522
228.2355165629997
228.45238123708987
296.2503490821982
300.2801154072513
288.7428362928622
246.27603418575018
226.24567950345227
252.71466295144637
242.13988083525328
308.5628252903407
264.0250279037864
293.9149151435995
345.32748223812087
286.95568862668006
383.3787011502136
287.1471084121149
246.8125166691607
275.508792509092
283.87832914752653
266.1669777337229
254.40688651282107
300.0757738495304
242.2665591451514
286.92926358262775
299.3044641428278
276.81049234909005
259.8588083368086
279.78852140688105
268.4943428390252
285.0701288570708
244.85460923955543
240.93629489079467
219.24360351604992
270.3129952069139
324.4501287615858
251.40740044225822
247.16234496663674
246.2993563283526
232.54969930331572
283.5277895540348
242.2201384123473
360.4989000945643
281.70089257947984
222.92315095398226
263.56112390584894
287.2989131011709
237.9076513395412
298.78186128943344
265.99803390481975
229.03040421270998
237.3913748950581
289.82321584175224
288.00154357706197
230.48629331754637
246.74880279030185
212.99242105157464
266.27289300755365
276.71128692745697
262.69259835552657
257.52073609046056
262.06512168532936
303.32540875766426
308.19432175703696
244.30113198433537
246.7753247329092
228.67945897838217
229.1589622592728
316.82554644945776
277.06685936349095
289.4247425784415
298.5007709800848
291.39088303915923
253.90319779983838
345.5273643755354
244.60881485635764
261.29231497697765
232.94970536761684
304.12154131021816
270.67989093388314
311.60122375856736
265.1388108751271
281.67945827374933
256.8076583923539
270.87578543729614
229.5549537197221
260.1373748522892
248.8669654543046
275.3290541972965
297.43826943755266
258.2113863704435
299.29215424481663
264.4756688068737
259.92234641173854
318.85535430471646
244.0243100967491
274.67603258258896
256.1802320377319
327.4561976568366
246.64617346890736
249.19961250553024
263.29793110190076
225.08035963663133
267.87413396374905
271.1949758796545
221.1508421432518
258.5245115219732
310.96681886643637
233.717695174244
249.18470336831524
266.9128376187873
291.6352201542759
256.4101454515767
245.6007846664288
291.517080137186
261.3314382575627
224.72765743063064
264.79187154362444
257.5409960146644
279.18092493290897
268.10614947101567
196.2310644198733
249.9957985613146
270.14585415043985
348.652718072437
268.30209197831573
262.4271098409663
287.5838809123088
242.6990604722523
222.20490715515916
268.22885971094365
270.51830782624893
278.09081550571136
226.50603643039358
224.97204902564408
273.1910398853943
260.5466015354905
253.46142158150906
277.0395179304178
242.66938651681994
235.0260685753601
372.456025170075
300.5932012964622
232.56101937271887
291.1022929959872
244.7585606899229
240.81298669503303
293.6770721859939
278.58142743544886
400.39266206050524
280.2629495617002
287.2082355156599
291.5264098357293
280.6020253254683
273.4500987648498
311.49884978486807
314.32255695882486
237.09708340434008
289.304427078343
292.8332172721857
225.52222817883012
294.4960675716575
252.84441951519693
381.17911229041056
301.65801380435005
236.83497691882076
270.0518130735436
236.49638696887996
236.38160158944083
350.99268643939286
289.7332261382835
228.31529533670982
231.85206908223336
256.6346750015218
266.4463456274534
224.74440583123942
281.9788730064465
245.23487807431957
352.53340688117896
287.8170350706205
242.8295931784087
284.6942094959377
319.35305915240315
256.83011816150974
253.43327350501204
276.95923097990453
322.570207758341
229.48226259218063
276.55600398776005
241.1210072291433
273.8295576029632
283.2910500036087
231.39159228283097
245.91316312772688
289.4102190674748
319.11296281794785
290.8152998665173
321.7296023229428
283.4402541995805
285.02305791527033
266.1606344136235
256.4022700517089
290.07453549455386
282.7445038270671
266.5461711305543
293.0274585703737
286.07397078035865
247.7364417790377
259.4438685372297
271.1116870382102
287.48301084979903
242.58310817254824
309.38712227443466
276.83760461071506
317.52912892674794
269.4818900616374
251.32471963274293
288.33556212336407
297.7150636881124
228.59753410701524
264.43433865954285
283.9054127885611
273.67210077450727
254.265779085923
304.5559450281726
344.8968756776012
254.98364136440796
293.0092541274498
293.5054668742523
283.1799451780098
289.2475605974905
211.99473524623318
367.8647366898658
306.4127672764298
307.37421967712
224.00665548085817
236.78425268546562
289.82899226091104
230.9242487855954
255.7295598758501
254.4793041672965
265.78571550466586
241.1202419839683
213.2009662167984
250.75749645681935
297.73652869902435
315.7932965309301
246.71118078156724
356.3026570836664
309.1445999549469
301.3839371309441
271.3555252185033
259.3039224636741
233.3598131322069
274.8658211029542
228.84077800720115
275.7891333323496
226.06043518218212
289.74159147037426
330.37309169437503
295.93781323192525
229.22403739290894
226.39233070847695
242.86409236161853
298.70567270429456
255.86753005956416
268.0274904933758
294.0089347846224
264.51771430749795
248.24562701757532
237.43824939386104
308.93591555627063
274.4343109342444
303.78696161092375
278.99159872939344
311.7385355446022
314.0837286947062
296.8217716340441
295.90100074591464
255.88202561609796
321.04067711831885
301.4519265345298
263.9338760658284
228.98281556615257
291.04415514029097
232.27712824760238
268.610417510703
269.65373443759745
283.2743717164849
253.89984988694778
255.38677458837628
273.7803248829441
307.7335840497399
297.9631847026758
228.02495320083108
258.07611618796363
333.1443814947852
248.97036644781474
250.05387370591052
248.68116305879084
264.1454963730648
254.88805973384297
281.1403384708101
222.79717170831282
280.34817422227934
317.31163481308613
296.42918893590104
262.6185750347213
244.38891937414883
246.41462572995806
276.6621606462868
240.54464343655854
245.92311345919734
236.1291979076923
290.58554526325315
301.79019836633233
301.31100551522104
269.4040647931979
217.29162504541455
248.81680832605343
245.3386185176787
277.7953410408227
243.46655907150125
226.65824011957739
231.51285811472917
212.80482271907385
304.37207395990845
230.25273909477983
306.4446595708141
239.60446964373114
262.4270795713528
230.5094547031913
224.81901215703692
269.7099008872756
264.6372617066372
296.1292240723269
303.80152464448474
297.53078106220346
295.6688265129924
352.3171841719304
236.55827198544284
318.5771333836601
244.6741399714956
327.9537329453742
304.01385080371983
310.91180402372265
275.95761842106003
271.57465548824985
291.3663101255079
231.41938127815956
263.7811182748992
261.85579559317557
285.28061615873594
271.5079641090124
273.92601423029555
253.64556016022107
287.94871236843755
256.82003896683455
247.12503369885962
326.1891251269262
240.25781064020703
267.759744384035
258.59095227648504
228.72427576594055
233.08339083119063
250.82556964363903
271.1826872472302
324.4006593193044
295.79876212676754
228.72032358968863
335.57009093556553
310.6498581711203
293.31972986116307
320.43509358359734
246.85392420430435
274.2574358501588
290.0166744743474
246.43872222921345
297.9714471655898
288.3038109553745
309.38903939380543
252.90951244276948
312.2653643345693
236.53871532145422
283.95763741026167
230.5641178500373
261.4611307879095
284.5428833102342
285.9837145940983
249.4872234640061
285.324628251954
290.33483092230745
307.01550848491024
278.9095660164603
266.881824008422
315.5384911071742
270.073518256424
226.56490745261544
238.65773182129487
268.21583485999145
292.5420811594231
282.9994688469451
271.3226830638596
234.40736203017877
283.0025871336111
257.5122650437406
300.9681672732113
352.152324180759
300.0957986387075
253.88340434181737
292.249152329925
280.6708242049208
287.3818457656307
258.0218413019902
272.421304321324
282.5119568161899
257.9612349187373
264.07074685016414
298.2749722775188
308.51871643640334
244.3308410855243
266.09587489120895
249.6114928877214
290.42499951674836
289.0845736369374
242.48981854505837
341.9772160316934
221.54163591959514
248.82689735054737
244.41510405181907
257.53602584137116
280.71802320849383
336.13066668156534
303.7676808750257
258.2032964268001
279.78364322223933
244.41065896081273
254.67324464966077
258.9021046918351
273.343463224126
317.28690624638693
264.9446505185333
327.1759348307387
219.38589664315805
305.6209600085276
338.8562555517419
282.45500339445425
320.72489537025103
254.408931188751
311.7173916073516
295.293076849659
272.3811090980889
233.16178587119794
222.5675154266646
264.34201428014785
315.05050996900536
387.892186985875
241.27677517809207
266.43066967854975
229.20444556308212
263.55838216340635
296.59607158077415
269.4153599696583
284.1166397918714
254.95892400492448
322.83963097265223
314.5160963789094
257.60626420221524
261.36044951644726
321.33027437713463
311.73499290435575
312.98994814424077
266.1559039334534
254.1854432564578
207.54121169488644
276.5713442834094
241.47506131866248
262.9225867892965
282.1967410291545
236.9688395780977
273.2739307304146
279.2455325407209
252.14211417140905
301.1953862023074
291.7997540640645
259.36405166308396
276.16390698961914
262.80541070428444
302.6614845683798
314.66246679006144
291.653631113586
303.3993632419151
266.32074692542665
232.32226153829833
238.06697513145627
237.31442971364595
293.91359308105893
317.6719685285352
275.79830278566806
313.8804378400673
268.24590853980044
286.1143264626153
244.0644869756652
268.0603154184064
317.2328409824986
289.98141847446095
276.9746613203315
259.5070542846224
318.1164003096055
267.91049387317616
232.71949953230796
256.0865268338239
210.35412623541197
326.95218461821787
305.7755556002958
266.6018184973509
264.816281083331
299.25345011096215
236.52210734965047
258.25654117716476
300.47847487422405
253.3702382070478
373.85530266317073
256.26882986782584
305.3875423861318
300.1551148641738
268.94367823563516
265.18686998228077
214.62456692190608
240.4978890820057
260.72759435884655
229.38495264551602
310.2065756015945
271.2158349866513
273.1696680014138
310.8789245868102
251.6945287353592
306.0626785142813
278.7941094027483
251.18051986361388
264.65990990248974
249.8341637928388
313.8523897618288
268.62922100233845
308.0872009015875
252.32132101390744
227.32725951541215
275.69133226940176
264.26210115029244
317.5349069410004
229.70248900732258
267.01899925695034
299.4565773176146
285.20322440209566
293.2132017851691
284.7557746153907
234.55222830048297
242.37803908850765
252.88927054585656
262.2332236713264
249.10830277448986
297.96225131634856
231.08790570840938
292.01569211587775
294.39190383889945
274.9203837054665
253.26275151548907
296.1941008452559
249.95635475567542
257.23490520816995
290.57374282664387
259.56601518322714
295.0883345012553
248.375050614879
292.322950548667
290.6347879534587
225.07800557784503
303.94833983131684
228.11902187141823
307.55446736171143
257.67292236874346
248.67538470576983
242.79980874276953
246.01480137417093
249.95975394413108
204.31909213890322
227.23625930730486
306.2514168754569
254.92235775844892
282.7913296452025
312.52171748899855
244.20819124678383
281.6227659191354
315.5703950889292
341.84840068162885
392.71413477230817
242.7470365910558
255.49188952182885
302.7982968190918
269.30492032313487
261.6251547060674
323.1147526743007
297.3159493949497
221.73465031094383
259.2436551497085
266.7512396828388
289.58154632430524
239.70579884125618
314.12069334607804
269.6159059286583
235.8827988934354
282.8784887966467
227.36258883262053
339.583007096604
258.9189896201715
236.9429644733318
307.89808515360346
296.06071530963527
257.96842784417095
249.88179828721331
270.5119483520393
268.1113442770438
296.55152258253656
234.96410796727287
260.359441263543
259.61498441925505
275.7125311217387
295.03928269207245
224.95793092483655
271.16053353232564
369.78211682109395
267.9181369658909
228.9545349717955
222.80596822465304
227.63587688776897
264.46564008202404
268.10148206172744
260.92059037310537
245.93357043754077
337.90312481846195
241.43610155105125
235.76965795847354
251.09741862479132
258.9029077637242
333.9660728183808
312.49093163135694
283.4562037672149
336.2947344153654
317.17997246497544
271.74306734546553
323.31462174933404
242.4058542320854
214.92818265443202
300.0072558801621
328.88191005110275
265.6369596992736
255.27658588596387
279.1411257184227
280.58610269532073
227.85986016469542
245.60615568363573
306.90674786810996
227.6048640939407
259.96865598554723
270.6209752993309
265.80462774354964
274.4463206900982
284.8309254804044
215.9273028250318
244.97053203481482
271.4303260084125
293.2179206579458
258.1382318770047
290.56067912996514
247.35023757017916
382.6217737736879
276.09426050487673
252.0194283227902
290.45122449914925
291.9406922660419
283.5285534822615
245.01561886852141
329.09150916768704
257.59048378973966
358.07112888706615
285.22694379562745
269.28789746697294
298.0962558852043
290.9468662769068
257.0984938154579
235.10625237622298
256.11822592047974
264.8478865940706
255.13068899634527
271.23279602930415
289.3146386393346
300.03102052776376
307.70400772284484
337.9629718372016
204.95312880253186
300.95236419531284
266.2822085499065
204.04556078236783
249.78886796633014
289.0513506937423
311.05153390282067
308.57719519757666
316.480136019527
284.30141050659586
298.1395713094389
290.2699976437725
291.73470873141196
238.66569262801204
216.49822664738167
268.90939943364356
230.82070151768858
304.9671586343902
241.3424350853893
272.2098250040435
300.1384190734825
273.2280748311314
223.4459750155802
264.49246843287256
240.21931710920762
283.6454779788037
283.5654018562054
232.3179554634844
246.7737719124998
252.92872987117153
216.1957886457676
242.14875327365007
256.07289809844224
243.27179543551756
290.24890259996755
284.95675186871085
229.22386348625878
274.3754842922208
274.0415370797855
301.328489409585
297.81602727714926
293.72114682692336
292.46656622336013
303.715477540507
277.73339839529945
281.6821795873693
232.59572936117183
283.38040545984404
194.51495073986007
257.74143016693415
271.6028735843138
268.0145014154259
264.79322632733965
270.12224055378465
260.93740674003493
289.7965376804932
240.78861718112603
262.6643414615537
312.56002513162093
278.96578536799643
279.69876311562257
252.9380045957514
230.45821570866974
268.32918203552254
217.24734012421686
240.3213495584787
293.6036327975453
276.600296968536
259.97675401787274
269.1905504166498
308.29107737960294
261.94059421343263
227.13321510900278
228.92929029918741
261.46653004718246
244.63408316735877
268.2263341075741
231.50817827600986
259.66124094475526
297.6166369182174
354.30269632604904
271.0638361230376
278.3692834976828
283.6112392001087
352.34966566506773
304.7134552699863
303.65314213576494
228.84504736447707
237.78040521853836
285.51980545715196
283.23339270893484
341.2307219544309
278.3526610456174
251.2436640757369
249.99956833501346
248.5364950877265
265.97230264387326
303.1760046693962
302.849638902524
297.63545412331587
257.7743719625287
273.8773266370408
276.1266325596371
297.48259902605787
293.55574007338146
296.65493704215623
322.2226719033788
272.77384718024405
259.64331613475224
276.65137926582247
251.54506734845927
236.78207661630586
277.2531787348562
244.86035490775248
261.65810971317114
249.72947574302088
301.55139562272234
257.6458623034996
265.751681607042
252.41103854740504
263.98452532384545
249.156446390145
268.38048554823035
279.9101570918574
227.47769996419083
294.9088861058699
290.2526726167998
264.0767968937289
245.10124707588693
260.3824508013204
319.7238067165599
297.2349434652133
317.15964786009863
317.37329429766396
288.0791501584463
247.03148614015663
336.65959314792417
294.98766674887156
247.61170547321672
278.15394751058193
297.58884518948616
291.754812158586
326.12405764957657
265.4939030436217
335.0664748181007
259.8869213286089
314.82464829739183
281.1141081198002
314.3020384198171
241.54833669535583
326.9007447124459
309.66272360028233
273.9163325341069
263.4125444308156
252.1560676183435
263.24096943234326
250.06343537196517
235.6848643075209
331.24317654175684
266.54600643733284
267.71547199768247
289.0226155988057
259.1216333678458
235.41887972556287
267.4501943237847
308.23673745436827
269.02459250064567
298.11298740655184
285.94675756560173
280.9070926925633
303.99136314477073
321.1695358118741
286.756011578429
236.39115022483747
253.9642387566273
259.30247536097886
241.36523697845405
280.5500876024016
325.19920555653516
264.47122614231193
296.2523274543346
214.89319941442227
206.1574759541545
306.45181423064787
288.17233221640345
275.9790619869018
252.14615575456992
295.1076988308341
349.26425953855505
263.5293764329399
279.88406499795383
266.2247195026721
328.8664806765155
235.79265003558248
261.3605181266903
284.55205221287906
428.61952879920136
328.88347800576594
282.4621475035092
268.9386937248637
301.4141744209337
318.1511353320093
250.8284759200178
273.9739014066872
268.14581292076036
300.59027436800534
295.5619982369826
340.03350376995513
289.1025073155761
279.1266328849597
247.16937698662514
230.36274349008454
238.07015133771347
323.20158294198336
244.53218854166334
252.58095393935218
238.45387381216278
280.6542570698075
257.2778878355166
241.91808352194494
330.4719039261108
235.00002126314212
317.6523389763315
279.2318128545885
250.3455158265424
270.25513673212845
287.05487604567315
314.67073337500915
258.7188448347151
310.2105427518254
246.23381470056484
316.5934047069168
239.63532069913344
271.21326334541664
361.08333429094637
276.4512841734104
258.42950257624034
261.8856376064359
300.68412634916604
284.3308076544781
275.498400103068
260.4380362784723
306.2436890740064
260.2589836222469
243.2411805318552
234.82684350886848
225.93845077371225
296.627940920298
274.79096252529416
235.00936586532043
254.15980174706783
270.65154313045787
235.52389202360064
253.14431687322212
261.411994913884
202.68010021105874
270.7123198020272
306.0421674726531
325.6110628785682
237.6965026090038
313.68341915204655
262.2707616703701
240.50478140398627
281.5112845050753
272.1328204451129
316.2739410310169
235.40998602123
294.8316559246741
262.3463679589331
268.1378060541465
269.3452295323368
262.6467419695109
276.01218519336544
277.1718546154443
239.46131332789082
270.2959777697106
281.0234140037792
236.52941489958903
281.77135833195643
255.57864883937873
202.78424311289564
200.01508001767797
310.60759111319203
243.72355267149396
242.8404531518463
246.5155639871955
263.15819883468794
306.85795589810004
264.8329339141492
288.5349728927831
288.46116619283566
268.4156524692662
257.8671414452838
271.4923248095438
211.18184863851639
254.62631828722078
277.7381819403381
237.2529809078551
229.02075960184447
252.51109809568152
249.20053904259112
265.4024756125291
250.1293823158485
232.71446598879993
297.52813158597564
233.8246325745131
232.22238981438568
204.9571759905084
298.1390330240247
242.28679977473803
261.1250426362385
247.43459650228033
218.6201493163826
313.6527176910313
251.15669971413445
259.74090490298113
246.23709409829462
322.92106259567663
241.49051020812476
369.3928257023799
255.537782360625
264.1427920043352
297.32281735143624
225.5639525037841
272.5567111285636
241.63958570349496
228.72368149610702
279.03163424582453
236.61722767492756
270.36376630997984
255.5097975091776
253.84614829468774
286.18212228105403
298.3928772598738
246.89250334672397
258.3154682246968
278.2513314608368
272.627866045048
273.96792789985193
300.9547931632842
224.89825598843163
263.1463245951454
310.52198333793785
288.996707054961
327.8781202379032
264.7792079427163
301.50199016043916
241.95040995266754
243.0607001616736
257.823825529078
270.672188548313
229.19682442845078
296.9178509878111
225.2673320545582
279.00882938934956
348.34198493661825
278.3028112736065
270.5891126295319
288.95559662836604
288.01956377067836
348.4344731972669
294.388564840483
260.3691823090194
281.04313570575323
322.6917899767286
336.28549000498606
331.0067750419257
272.5083673883928
248.6654828696628
280.0931950749946
267.059212391614
281.80102327815257
288.17274105991237
307.0962942172773
274.1675576650305
381.6039298243122
353.25305604108144
317.4635257095215
270.04678967699874
279.77189864282263
276.3064732081839
276.78561326273484
244.85113232955337
232.02969497046433
237.53473805135582
241.51222966698697
256.76006964652333
260.30012284894474
244.0920460181078
245.58655362733407
252.30438312742626
217.40720006579068
250.28370625397656
279.4764413211378
284.5440546552418
319.26455420668935
266.2209910834208
304.8941438322654
316.61149002605816
267.8135926934774
299.41349053865997
245.4087687546271
317.38255748024676
332.33316323015606
240.08131393388612
248.47001729236217
310.0733504529926
261.6692297379486
227.45553451427259
281.872584022698
273.7038700301782
329.527577536006
308.18437300773803
264.05621750454884
264.8843953864416
321.87636445410317
296.46538498380687
292.6324252274353
294.12657563737594
290.521188037761
241.7269556633546
276.5590957448003
283.6407202347182
290.58306093508145
275.38847839663504
361.62552828044863
233.53328270599013
259.8550656486768
258.18310759740416
255.48510210122913
305.4576580862631
309.7374317579088
239.54421670455486
269.40607855434064
259.51872505497886
253.38587371609174
290.33884767378913
244.5568675812101
295.7584586647572
227.36992858664598
319.9471456622123
271.49195196368964
254.97990219603525
238.97735383088002
278.08424158161506
263.7382195179234
292.54571371886414
274.0188815735164
268.20900881598936
244.1069281619857
258.7791627240367
320.1001002488774
304.25270073791035
271.62012906890595
238.2611954761669
270.45793229638366
302.7057370156981
294.527053785976
236.32190870580962
249.9757104087039
278.6710716446396
358.3002929490758
265.13674572331365
344.0768280275515
276.60953990218695
290.1596513672848
256.71600833925186
259.272610064887
278.45237535901833
262.038464755984
275.098606467247
230.33144324587192
292.5739865152864
261.12006824836135
351.4600168238394
335.3166433990118
237.52005447261035
285.81196318246657
269.90234922105446
279.8620450553135
237.85880908509716
308.95847836189205
268.8035725039081
291.91147455055034
236.87768127035815
288.86001130595105
266.08431939646835
261.2205732638831
230.66959862277145
300.82249276759103
283.29450159322005
238.83011340891244
215.7088122155983
266.5055670970469
272.3646816223627
270.76864582661074
220.7102989728446
262.5041694667889
272.46986958483467
208.44451693142764
289.6540535708191
358.39808583591366
240.9785559467855
305.57023815705907
237.38910404546186
269.9553437035647
284.0704136668355
252.02336607628968
294.98663942777785
240.8259615470888
265.49067034421023
316.046620617446
268.89999086002354
318.4358363362262
250.46125489135738
271.2157474196283
237.09061110037146
266.94761229789583
369.70394202996977
271.17653744277777
270.8676461497089
294.71406877582194
347.3384453993058
254.0067063245806
291.811783305835
277.3144320654101
294.6262949676602
294.616571497987
245.136636808631
259.50788649357855
282.0210619678255
275.09757890034234
249.07796988281189
283.81573802855564
241.4353578593582
245.18240438762587
289.01488021347905
240.84657939552562
308.5147982574417
243.12390514672734
267.42177714558784
276.1995006420766
317.0477765458636
283.023617896426
292.73318877763813
311.8835392598412
290.1379782515578
231.25163101172075
239.16702571639325
245.58980797126424
244.3712461522082
271.65799217973836
236.49340045149438
296.85726653481834
234.44337300304323
318.2746976397466
277.3412032495253
278.62425571191125
327.7684069793904
229.19032807124313
262.14061913697515
267.9947945815511
283.8722065417096
250.49530921212863
260.2254110482754
295.1065939607797
241.8965739631094
241.05639724922366
301.56245734810364
290.5213645402109
251.33405342849437
274.89772583171725
197.9902310023317
276.22470658191014
242.37818231037818
245.30212953977752
266.9673605975695
215.6176761907991
218.42144939221907
288.852398005547
221.71127185912337
241.48483109287918
292.2154829527717
280.949760340387
292.22791219316423
273.5194294236135
282.93672206182964
286.18425232358277
293.5598867762601
247.14568366517778
265.3188075120561
266.91272127476986
266.72485494904686
287.0026621889556
283.53887254570145
258.442488774308
307.74567683937494
301.50977999239694
303.9006303900387
240.45722002349794
325.13361429190263
309.9367577278754
250.41713181568775
254.78502381395083
261.31643119372893
291.74205501168035
228.34923165489454
280.9053106296342
270.5912771653384
286.6131258867681
240.88602447137237
305.3020356168272
262.7726295592729
281.3050492263865
328.5722980350256
257.9001340812538
274.3698671706952
330.524168617907
252.32427314203233
231.87675485899672
252.76091393246315
255.0137050243793
284.58865011297166
238.4817695285892
270.79945488169324
273.0564045642968
272.96832285029814
319.7233706129482
340.19280519580934
237.3674787025666
229.3103714484023
243.52611842029728
280.8470174460672
271.4106049219845
242.97138744348194
222.2201569598401
253.54366931389086
220.43611960252747
285.9309471535962
296.7871019189479
278.2827654640423
231.15586049086414
249.8197560289409
285.39173264137935
262.15463317791
253.7730076444568
266.4424897605786
296.95909763046075
278.9234611566644
238.23342297389172
290.80045344424434
275.25381015369203
275.0396502156509
245.86375132098328
243.31974327319767
222.61687334196176
307.99387367849704
264.8797077166382
287.70772390509956
279.2007874085102
267.4005222346168
325.1717086805729
246.76542650780175
274.2908608557191
276.92463803791907
250.72572907432914
237.27315721299965
339.6607615132816
336.9563645850867
298.1598730320111
263.14276416040957
271.6675025962759
255.7590743061155
297.4656348404242
258.9299943476217
301.8137339988025
271.69826517475303
292.7316906664055
260.3278844973538
234.09338120243046
264.68015993002336
280.5213760243496
294.5497528874548
281.3177405690076
335.95631915249396
267.1514082393842
250.5376122300513
309.08794812241104
244.76333941111807
284.10952791699674
286.12666709476616
276.8621046722401
262.8309679707745
271.515419291798
303.9370295688277
249.55640506977215
229.48355453577824
297.43455766141415
252.40896066161804
288.1951651162235
331.72781723132357
277.89477632171474
278.91119125916157
278.3109631901607
236.99001465702895
250.0565786830848
244.54185409657657
283.76598525373265
327.7311403522035
245.1845051884884
270.943776463042
297.55596260668244
248.9243788723834
237.97207312250976
220.91956318053417
211.73326794151217
263.57746389717795
246.5107972965343
287.0723472876707
224.07557845429983
252.92713221046142
261.38924335164484
289.7151130186394
282.6054063317133
309.0520200697938
279.4974927995354
281.50020302576013
411.30156582861673
262.70614796027075
241.01697827654425
229.52025944774505
295.5016368313227
264.8928682653932
373.821941240225
351.32761504140217
297.8993322936585
299.2454404515447
277.87663936731406
309.208804484806
272.23858667211607
323.5043695149943
241.97962680412456
229.75781852565706
256.87350337579846
276.0272101520095
242.19279941613786
252.54407497146167
284.31641935475636
298.37981711816974
330.8719788287999
273.01265428739134
276.56323250115383
262.06219731399324
294.0367521184962
263.3757993078325
314.39733660500497
201.9367017034674
263.76047734566964
261.30408943712246
243.2859076637542
259.4024877308402
328.2084081537323
269.77361215651035
308.642820001347
274.7395870768232
284.89509327325504
263.1851641931571
220.29376053379383
262.2431528313318
265.0480234833667
275.3788605622249
297.1457158897538
247.30060751154087
288.491750362562
294.0763482397888
237.7904019857524
336.4660816293908
315.01430053124204
276.7669801489683
289.6710667302832
285.3897798532853
276.103059623274
258.49676739331335
285.4248696491122
253.29351129266433
240.49153590737842
279.1423522311961
282.30221150128637
301.6243937120307
265.8282816687133
351.3799647372216
286.1205301579321
332.31252734013833
317.7596552663017
319.98758652585093
304.2380061239237
243.59707624511793
259.98346155451145
281.6216451989021
257.8046262226999
310.1132417259505
239.21351985959336
287.24429227306973
302.06554271897767
341.2485105152009
250.59985436068382
267.58863290352747
317.45315031381324
280.2798615064239
262.3938027584227
252.98183675680775
294.91293956968
275.3713949518278
228.05063162650913
226.24502718495205
308.9425192977069
305.01136267289985
348.5106265587965
311.41524308978114
216.04763685713988
233.14647373883054
289.6224547510501
251.4416822216008
236.38372442265972
270.7787966504693
262.65942232334055
305.67960944224615
285.73185370780993
425.4317869610386
294.3380638450617
282.2174754322041
282.5461460573133
279.8087413634639
247.5809934848221
210.4877174278954
234.28879500902258
235.93580950493924
226.05810959811788
252.91992665978614
223.3001114897197
252.44661738420837
235.60545358841773
210.86210805154406
251.19326061487664
266.30566886242013
250.52022539649624
320.64889248262625
241.16023085149936
250.92601307993755
336.83733621484134
268.2164274911629
270.44710486766417
367.9354158859933
286.5965103264898
324.94178352493327
311.45356918813195
319.6879323029425
281.167633485049
295.73018891667016
234.80087995517533
286.38567962427624
269.5018359051319
250.92868765140884
250.39800425991416
266.0048852979671
272.92216518707573
252.77398394653574
321.6355284061283
231.79392955999356
317.3965985781979
278.5649775842903
310.3061588758137
272.617280223174
241.3687773363199
241.8371531064622
353.2121086885454
236.12402324099094
285.18601812049747
244.90258277754765
231.2516743496526
283.2278953283094
254.04089098551776
298.5132746588206
223.83294067066163
263.2769767009886
259.4890409982763
281.86052372923587
261.73488297197036
318.6217774520628
285.5678766714409
280.81708570336923
322.6898724823259
274.34599879093
276.7067340175854
275.26385050301906
290.6261358462507
268.893131627352
242.2411485145567
299.66870124510024
256.5343173247529
276.76773075188976
264.4224641660694
261.7687054822454
258.1315715297824
227.15414196811616
245.07957389869262
228.89583152497653
254.91568587510847
225.411126658204
235.98374158481602
248.2397877065232
262.95735943573527
277.8275452386588
253.11530165781733
319.0895146370167
229.28265092452057
211.5412465040572
271.77918819594197
252.5645122588612
251.2664798554033
281.33026589732617
253.00525585049763
218.64968020678498
263.1505399568705
220.88795822265092
262.53895295294933
261.5332735426491
364.52246911555994
252.7359751565382
290.9393983570626
233.65064422320575
292.32818803645205
234.87813573738094
273.1650280569447
240.77227941260207
282.88813508010935
226.59698082425166
272.1396056297235
274.52275382878724
338.2869531309698
286.460318756639
284.13109337480273
224.69945766986348
246.1529159125639
357.8531670027878
269.04004279489163
284.98150211793836
217.50256865483243
269.67467534611933
267.3423257875256
304.6595361661166
305.07130839966703
303.2720126584172
352.73965591250453
245.794829194434
250.14734979788773
287.35676896583755
294.33816582139116
275.65784765279386
321.28433420846704
256.17001646209974
273.68972026428673
255.78188442613464
244.92193943681195
331.8411662791623
285.3691497092368
264.30452333937865
248.16064914059825
275.04852021322586
288.5633444992127
262.915424121893
283.95560149196535
273.67033608898055
264.2905083647929
239.3326028685551
246.7022647174308
264.5197467544349
326.35288903000765
250.01357659325004
283.6672489361372
264.42912020965014
232.98554890346713
231.60639209568035
339.9722169309389
277.0926975264447
254.598740685964
310.945484418422
253.23987429810222
320.3242904645158
303.29149686929304
257.7407865835121
214.1879417678574
306.4192235826049
252.27239724551328
240.6123455365887
285.85362926183734
298.1593891065568
356.1718210229883
318.662268063752
283.17972336371895
302.5178984373342
308.67844636237714
267.3122452860698
292.0512148871785
263.6926398535725
276.79429704416543
275.8132872636197
267.7609953264473
287.96247536246665
278.1080412201118
306.0441254916368
284.4708538004197
259.70043105084915
248.67153035418596
220.96056301041972
278.5270602958044
257.22476438537706
312.2718857192667
265.09760764078237
277.1250887349015
256.67298191261943
290.27720045880415
212.7363073633751
289.0513011503499
269.1466487592552
280.1071687419899
236.95139719941653
247.95929248898756
255.35672841896303
276.90899331041146
333.07448392617516
253.2381405067863
333.39961345959455
344.8104340498103
419.5391063182615
342.1897758686682
269.89199933444615
308.21963874681387
267.56525610084645
239.69935492763761
305.3862056740327
266.4451861093985
254.24858943582512
212.91123025375418
240.19770603778306
313.0709656330291
360.3215137482621
249.76435038482305
255.1403030352667
337.52459510520566
232.13632557704113
265.3531890347367
257.56245431047864
268.009343336802
228.76065802876838
215.5692675889004
268.0906624024501
264.8863939063158
209.36131253757048
258.49293350055814
266.9224204857601
211.5831171296304
318.6917283773655
280.25939007359557
254.86273551580962
260.0249059270136
264.4197810407495
248.76563944201916
273.9201707673492
294.0723501807079
220.5718200217234
293.5725606578635
270.967957912595
215.06204938062
301.6907448951388
248.83035075163934
265.0525302689057
281.8062821535859
281.2541970566381
328.35668678581715
290.19509596040007
310.3068599526305
256.84344680968206
359.9967074205633
237.46750883117784
260.7031286788406
282.65171314089093
255.2156180681195
307.0724114740733
262.2346571771195
320.44244850508403
258.74554741277825
288.49408807209693
344.42514346854296
265.599352965015
223.2297405032441
284.80081958766095
295.9637977973325
261.1783031770028
324.5556105185533
291.84162210836075
290.1172905298881
221.0336520668352
329.70509050250985
325.18305265926756
269.77948234882206
259.44506697007455
320.3194826346589
245.05055688717403
245.89796328591183
299.85686786368024
277.5066114999354
304.5362837765133
268.164370460785
282.80309353850316
269.9954643675592
250.3909630482085
291.2882997733541
301.27871889900416
193.0630155397812
254.89355131413322
256.9932891841745
288.7616577704903
328.39526096114423
259.6738672356587
279.0129817635752
248.55933144676965
255.6198977008462
301.8326628691284
231.76885438687168
317.12632607179694
315.9794270853745
249.2755312192021
317.32310169911943
274.0181006017374
281.206691757543
260.92357586091384
279.4647828815505
274.1364282821305
250.8974579347996
274.6566009091912
264.655015242286
254.9421344702132
275.4724391181953
291.46086076064967
290.7197204846889
274.59041635284666
271.62365971901454
258.1297785460483
230.06232275848743
278.9216395326657
268.8101654659258
274.72842297458556
293.13755759538617
249.7510601960821
261.6554931938881
250.07192293868866
228.12602227460593
241.02245217305608
231.96877651195973
337.46229017549194
282.08515513362363
240.11339995602611
413.62389520183206
254.1558239425067
290.9696563335601
287.0262485592393
283.980227185064
239.55521550273988
259.9431474178564
281.9245930229081
284.6473194678547
249.29352526948787
236.77324062015396
257.3052437036531
284.63260987761896
269.86473269283306
335.8603476153221
265.064070129185
284.9911916775163
221.25015233352315
276.4148211616557
291.5026261936873
261.4592408906901
305.54429010802414
263.6649283216102
211.36297014716547
226.18583782669157
217.39683792938013
253.52733438974246
247.51806320552714
276.47174423211254
250.34871074918192
303.2118771679234
328.19322948064655
272.6169382861117
273.6887066096533
227.77673499740195
264.992722619907
237.74588341347408
268.7849283393007
223.90736666112207
243.89361026976258
273.9698063817341
308.2893594596535
272.00445048476104
217.23001771909185
233.66074504773133
263.1578785252059
273.60456449654885
318.6069650868885
236.60867615637835
243.36209906544536
262.29853627004195
291.97819520696066
304.2810922290664
235.48952414188534
238.44628503045533
307.63454162178095
255.43989534466527
256.1785447803559
263.4110978564713
257.53880543995183
280.3012117006583
282.2866516956128
229.73416703101248
225.99537772824988
260.1366558854934
258.7931290908018
263.16266006138176
230.25299839186482
316.32154028397053
250.7189314609859
229.3997538998956
306.85555926314555
270.2141476251418
279.2592385560274
283.3361060824245
252.42518854432274
275.7259113547625
259.25676407734863
250.37961975787766
375.34689737530425
277.2127500328934
252.72159424528945
324.8920505500864
248.53690243000165
315.2669910043478
262.09182371373754
240.08041442965623
265.113977271365
276.14994137524627
290.6186628646683
273.93177030049264
269.937306252541
275.1499374428531
211.71578000183217
294.16964271559846
240.52789616840892
217.44140800938476
303.9402847937308
271.57083114795387
282.0815733073978
273.43018894130364
255.00485371472314
243.04809985414613
284.8072974338429
275.6169636924751
296.7159964614548
257.47868907498196
214.2124969123397
275.22661029698793
268.9798475221032
284.15444507915527
248.14837958908174
221.60059388598893
296.34351634967607
236.48490591172595
280.87178092601243
249.80110400775447
246.6099331395235
271.82479468826205
230.54571820341516
276.49685083143413
248.55108918831684
306.0728944783332
414.74925274110865
298.55927668279037
295.51558333903085
270.2410838819342
235.64982068701647
281.1277032560902
275.1997102437308
282.9492105965037
250.66832695843186
270.0527865955373
236.04903886688408
256.940208330052
259.3298566660378
274.6061252533691
225.719388867612
286.53515970206354
258.60621388070285
335.95779241155833
291.18555151030887
300.0101781411795
308.83309642144013
251.26498287846334
287.7959935897961
305.4410749283852
302.37222091830336
282.61352449364495
258.4246772065526
232.38958997337613
227.5063533372013
278.0989108362701
291.3051540653687
241.96340676944237
265.53157257207204
234.50541983591393
251.50225937843788
276.18144234933425
291.039958990179
224.7360428541433
277.18844778009225
245.67543414526153
232.44560215540696
282.0895693433704
328.63192810467444
235.75097213534173
280.88900125864893
244.16236378625035
365.9211045280099
268.6190686339978
277.57464220619295
231.56032959115691
250.6904490769375
252.148697806173
402.85663437633775
253.27583930885885
317.43748316552956
256.31261380936485
280.51929291605484
282.3749418305233
342.8893746305257
314.58250853209756
262.6952734637307
275.583290215116
413.5040321222041
265.63904021761846
259.4944304571254
288.5426836995175
322.53563085454516
304.1060153954895
260.2084102862282
283.94903864490334
230.49993255280424
210.91010076424573
343.4802833822323
300.8525722390041
344.82956679863855
216.2027389490977
256.84901144134346
301.4147362797521
265.6729747601785
327.27141188876703
267.309356702026
229.85413730097935
277.2783809490502
250.48583516210783
227.4789121936774
265.49205098103266
242.86101403611246
306.31152147368994
284.9182297009975
263.30553907249123
213.24916858877987
281.11622842459474
219.25449348811526
278.33467644196935
302.98126228211913
243.43192240269855
302.53337532735895
232.0195802624803
292.50956225476693
291.67368663079105
377.9105998935411
293.80748811666854
203.94174952083267
327.3685488734627
313.2922625122592
256.0815326338634
276.52789794967975
259.4800678207539
283.4052305545192
269.5102287728805
275.9596238171216
288.8421258726157
272.40782298357226
263.97664368967526
247.30668435897678
286.9072532564169
249.53848010313231
251.53266076382715
311.22240848338697
309.97292529279366
296.9413104216801
252.37894647859503
283.62537246302236
274.63591258460656
293.7126080064336
278.4946805671789
277.17885053437203
273.12113524228334
277.7814548036549
265.30167279508896
264.67607167200185
229.82142934878357
205.55057921935804
223.6970436712727
249.50089069956448
248.57732640951872
229.36164815467782
269.11319011461455
216.43742004584055
251.2875416309107
290.96414434339385
242.12462627119385
254.97735693701543
253.67004557140172
231.01560930127744
277.08826652215794
249.42824826133437
229.58334047195967
264.89349717786536
341.96940091170836
250.6799674932845
252.99285420565866
289.9481660639867
291.5863669660175
256.29290679388214
289.44658327277284
301.6124639393529
289.0635798489675
237.9099095534766
281.27776542142965
338.4459564774297
274.0485201411648
273.2406752151437
268.8276142453542
286.1759258490056
282.23700994288083
242.41743271343876
296.5009146060329
278.80184029974043
310.3703443928389
254.3968094724696
277.4124282596167
240.72646340960637
293.4418259874219
239.4418908332009
209.6794213312678
288.6183834965341
239.62029418570455
352.2055105693871
231.232532027876
252.47987363219727
218.80387125525158
344.39100491290446
283.23360548436176
289.28926459141076
269.82267786341254
334.1374976251973
344.07994213688653
260.638439043425
259.78732040151954
263.76982673292514
222.94604569743387
283.61570541514084
320.69647281232756
241.54787679354195
269.1315388359362
298.90328984567896
276.79810306837317
325.8704942507902
267.41826791060157
254.25574433268048
311.7073850228917
238.39267166878562
288.31314699875657
244.78126029507257
265.99523635057267
230.39301682682708
327.4311335956445
289.3447592766024
260.1858248265926
240.87919091212098
296.52857209951617
364.0619172588922
281.8711970305303
220.69953995291144
263.4365739201894
260.4576987081673
274.9146427382948
285.9039506437257
288.40510623622686
255.05058823223226
252.55263608775567
277.7853099683998
300.4108625910012
241.19722495111637
283.12971527373884
339.8732980963541
315.16447942866944
237.177987625706
285.6306927052792
330.970418383833
273.0705750465859
264.266502814251
268.0837380597368
255.16702096606605
311.87604396860115
299.0861945609795
285.6537018477684
263.1803678536089
259.2743162435945
311.55976582097355
263.98228901065886
198.07208511431236
262.6911156249698
230.58532918745186
273.27753817569464
282.10645839816425
254.47001906228252
310.6591901181964
331.50148270931095
287.22065114963334
322.7429616471054
287.3767484705895
304.37764561816584
318.7567012847867
334.56314767559525
214.61555133457296
297.2598365158774
259.96278417261783
207.75514726294205
246.7831508477684
253.33073142007925
260.13440859364346
232.01231342519168
301.77821248059627
287.6112448837375
282.6986086447723
310.68648983037565
266.9738448950229
297.29712074808776
251.97779449354857
301.5393049683189
295.2152431017021
337.89388964988757
327.3020095285028
290.23711751948576
237.99841332400683
205.9456032111775
221.46545196091756
302.9177341267932
341.1573240044527
278.1109295327915
296.37245296826586
294.28587513568345
267.1857712401543
256.21446748112794
280.00919623021036
247.41218797827605
305.70762998855207
254.0262321238406
266.3927934943931
258.0076485287864
249.56547180365305
226.60996360925492
320.4020532942377
231.28780012775678
237.91063303337432
216.50097790604923
278.59578043979127
264.6234792392934
211.97262688330375
222.16380304540507
294.0650169333676
266.2111029808875
267.8382998481393
254.54849305772223
240.94429597747512
260.68677243671846
304.03937428293284
250.220922675333
273.209319813177
294.14046942605637
215.45476151292678
329.9255243289517
243.11547985568177
258.4023762848228
248.529819753021
247.19126000942197
228.89975682238583
300.17554867314175
326.25947638752405
261.3884724692907
280.00495010241866
242.94830504001584
300.2652799509233
283.5146458321251
268.13519607530907
276.7791551104747
255.75617637729738
313.52994600264356
275.15354943845887
249.91482457204256
232.13273067993578
292.0248641825747
266.24998000462074
264.9588168041082
302.0489888488082
270.38087124947924
285.91497578902636
256.31277683738153
278.2637575175613
239.97879299754277
329.19475188467186
278.74225341679994
248.82621942053083
233.72261528414674
272.3998694656184
320.3893589525251
288.0783599986462
249.83944368420634
204.9870394906029
312.24469477077946
287.6635874902131
302.5161933094496
355.22869521949906
288.9883538954891
258.0726147724781
293.9672377994284
278.5955195033457
231.85246220661793
249.70612278941553
315.34833641850855
258.5607912414707
246.9032547530951
299.4712324172724
284.573911185842
232.02796784974635
279.89589150075335
344.4564567604102
305.4407587494934
239.08243165770546
287.0158252713736
245.70507704420015
268.52731490449514
257.032255073078
296.9788423209684
266.1016903867712
275.7009467865573
291.7997591898311
265.76514197397046
237.57510441192426
262.6164100895403
280.10574015113525
292.48432225047145
301.23818314413074
239.14454531564843
237.15285382373258
288.5752199670533
292.1107088100398
295.42396929033566
295.6677918166388
291.0637043523602
307.1764068052871
217.55874625395518
260.3273079415085
268.2254630572861
235.23586642858572
338.53361474350095
267.3566574351862
267.09838886058424
228.6755531547824
290.0719687094679
298.1878678702051
275.8899589764187
226.09514511784073
283.7480595330708
262.57515666401014
214.02157107333187
304.86011649959255
270.27024734474253
230.5912244649371
212.50846994796302
233.9965152015211
271.78373634279706
229.28017339494545
264.2599286073819
255.17095949174836
302.2487084849272
260.83240782946814
238.63476180762518
271.4960094833514
265.2804587461287
226.76632017455995
244.4982235019561
230.13478087063413
279.3793889801018
245.71321555960458
210.99003831250593
248.19055940385442
267.6621248337906
262.5499989023665
228.6587119793985
319.3649953454733
248.76190217735711
257.64981080335565
267.8600699468516
274.99796896695625
348.14584005915094
252.66185041656718
247.22591869847383
304.26141424349044
310.8605564016616
325.40910483826883
292.21852557442617
222.074727178202
272.60920726833865
281.5319070353871
226.11654618522152
294.3582441153703
271.3197750125546
267.59124016889837
249.19457893026993
288.2251858789241
203.95835167041514
294.65877256856766
271.1678502870491
274.37379471736494
248.2925659448374
253.26733895984944
298.3681533560157
232.80150678765494
252.18372304784134
272.190947882249
279.9732557696989
339.9214138693642
309.0010516347829
268.5702286703745
287.4095466741128
266.2938603933435
299.6178583955625
323.07864958106074
271.57935370120686
299.5277270136867
293.5554911729414
252.89322015549988
263.9763607386267
263.2663657796802
245.94774713739753
321.7824726316612
268.53696387750097
339.94633307203185
277.30966671172064
296.603882494499
315.1170260400977
279.0862400258193
239.3820046427427
306.7459557236871
251.15919175290037
277.4521141612204
310.08758661616594
268.1419006921351
275.94829220767133
262.05105410225224
298.1378208112437
335.52460814546794
231.04058946867008
248.16093142947648
268.5414530656999
285.356651619426
270.18334351526573
297.5067014400847
278.983284943155
211.28269583219662
259.06981354241725
253.3632934304187
280.5210601716535
219.00964371638838
269.22635658446234
348.90375555853825
288.0938027930679
234.48396476812195
268.3388648882974
297.8484068035614
298.01149506133515
301.3322220365517
293.17141150764655
284.544082522043
230.685283639119
296.7027619869914
292.23273937939666
238.24948007671628
284.1207008236088
237.0902712693205
280.45455083681736
328.75418648379855
269.28022517391946
297.6794170086505
334.84893738944083
258.1956418651389
230.14523939869832
243.35411633050535
266.5711919263704
218.56004956841934
240.83162150671706
284.53580766217783
296.2534327519825
218.6337489458965
229.6465420164168
247.54793415707536
330.00927092449274
280.1568760672817
258.26170852198265
221.61775145772845
254.86555265134666
306.6595754045993
289.53275715652853
330.92626772786025
256.96934206283186
283.19267881661654
255.5597284026444
227.62998904287815
299.44941916002426
321.49461896915454
273.4756285182666
290.3573504554806
273.01146790897474
233.33455766155384
235.70680436689872
245.8109664550284
210.85027451755013
270.625521422131
270.81332981190644
285.1432027077535
223.64059487031773
260.0749046802521
268.6285357095767
228.20781868707854
273.3670301034581
294.27759924030397
247.6272306831088
229.50082226004452
227.5919162729988
286.52656388189644
251.34370448207483
271.9189340178855
263.25302718230523
291.66199388343375
212.0856022707885
210.01883514865767
298.4758088288363
298.3285329329083
278.4504080021288
278.3800813774578
294.9278118163347
296.1098545619752
256.7964911875315
255.09505126497243
235.72753926599398
231.60154882189818
271.4171428869013
211.59966026234906
285.54775613511447
275.51758207485545
253.8059461422963
214.11412193172146
288.9626157853054
218.7094280917663
298.13918008166365
283.84133943659253
251.75344915280584
270.8554526316002
255.1136886579916
422.3354789754376
272.42582495172974
238.44145310274325
246.11709352373146
248.02173397003207
353.09395963617135
242.77912663971074
273.65286619530525
248.00677403376903
281.675750806462
258.3711967455456
289.75194852845743
275.62112821126357
294.5697027652059
248.7002006120747
252.4528861824656
236.52853602159303
295.9683493996272
295.0485587249277
243.22973081970122
249.45989435655065
311.2701944358414
308.127824576688
253.43054266402032
219.61769140081014
297.8352405797923
281.23469934414607
301.311421169783
217.87928577617276
220.41448471799958
294.24236943374854
244.37093942065258
283.1976517421426
233.06299366347957
278.7073124740273
242.9352221378358
254.9892392666079
230.96898314438295
236.63203347218223
256.5318960787263
263.3181966569973
216.8704094036948
237.79306469415314
237.81341116607655
229.5669550136663
219.56474794447422
298.04992217966355
278.089792987681
224.5646711870795
264.2400810639374
238.693122744211
265.6588643168798
253.1805072169518
295.27109081239905
321.18166082073003
230.01752158417366
220.51535015832633
250.36670192366
250.27354843111243
293.77614432328846
275.81587251566816
259.40995517151896
241.89505100192036
265.859150250908
253.43495725817047
277.0216457460774
273.632417614921
343.3525912730256
278.5368889744859
263.69878224108834
300.5357281501638
236.52583074918948
291.47063265379984
267.6956930710003
283.04835722001735
382.1484472414013
248.49771600100212
266.6366420047125
253.11909700999968
235.59772400860675
307.9162260539597
279.3289167934563
260.91760828567203
261.56671293394174
318.0462047321489
241.53377951984294
314.86223809805233
350.7167901555076
261.4780801003799
289.89017118059564
253.8771254759049
258.898678317084
249.72638685896527
261.77699629205745
294.01716578926425
259.0109003453981
309.6833953105379
288.7740089360159
232.22368075570557
294.6997292920714
288.12805490614846
257.32609918294474
271.94813931849785
269.04137057228945
275.5531207539607
263.0334337236127
272.8657051800983
264.44905742350966
244.75633570400532
256.60380255710334
209.9749011603417
307.6260386898648
364.929882615339
290.8577647882048
298.5278466491727
271.4564660327742
254.271799072274
371.1855468149297
302.760775088449
235.52413036755752
288.7937651082175
298.7535130123142
290.9562984126387
266.770158214611
226.52402647491544
302.52594085305464
265.9294243241893
266.4949503269745
242.22275241522584
278.81683268235065
240.21583071816713
263.4521710553672
239.76816355774645
273.89436090830714
290.3693102498073
325.9780353840906
311.71436746499967
268.97229264618363
271.9281521149678
259.26707298122346
325.3538390984759
243.56105137127452
227.17570318467915
275.41642655665055
300.1409937106073
266.30372757208534
308.4096269077854
282.61724084080197
310.4828763202531
312.6493422081694
261.5574159560492
230.7851688270457
253.5609740500804
286.65594396565575
236.06467275356408
308.90027003292926
244.4748462603893
260.94248631526716
273.4247410626849
223.43701681948733
293.4007591782138
279.9305183782708
289.1815230596112
226.80139542056713
292.9405593556585
347.4864185047336
243.24767344421707
253.09004424558952
307.4649826741079
270.5489605135517
211.82265934965108
270.09058430965524
299.6019832169404
276.01655597414356
249.96480346797034
285.58112551411614
244.2388716764981
257.67775804456323
251.22403316234704
320.48652922164183
317.5577350304229
274.1094483163906
296.64513733878266
349.52172328869347
326.9702555880649
324.79218395915814
271.60480286343955
280.0551218208857
348.34891197353136
272.96640554326586
257.6849100855179
267.40094517183024
268.1654598879395
267.6470434736693
280.8068220440764
280.1989667919697
300.1699848775752
277.24022078269627
292.2357246238971
293.9809525847668
282.76661468460225
284.3184955731267
283.7069730127696
306.24138555978425
252.3519521181006
274.6448608568171
239.04858474200591
244.19417265686207
250.63656127941795
298.19864677847363
271.5500734434463
327.68733910494484
323.42662502557505
228.34829262841959
265.79353362927213
258.8056816122262
273.8743182866601
293.28188368096016
241.9412490859395
231.2821484146407
373.5420792043442
209.88591442920733
287.02465746190865
272.5591553138802
270.59265672578476
274.06881965347566
300.231209797319
277.2649383312091
305.79289463185705
274.0930216149427
282.0434981827857
336.5264297322137
250.38029644591734
254.39176948938984
279.4240521006286
274.17875745217316
289.49545695993584
294.4914556731237
254.79797024442814
280.2611993040191
219.98441699449904
260.929363768897
235.49900443002116
348.2113064370351
221.5041891623987
254.16730086074676
315.9986419932684
239.5615095954854
363.8758854755433
274.5578279799083
305.69302081677597
324.947823314229
267.0420936391456
253.2063845359953
268.986753769801
269.8698502498446
285.51054552197456
270.024556929362
235.44117182027549
306.0981678139651
294.58335548150353
254.26872304989956
326.5445389787201
281.6577269141562
216.49979695887305
257.2545323931845
269.9161042270716
297.15162290481385
286.5350940997014
266.2102336297976
303.3484511533752
290.5843908461975
242.1632867133012
225.8833193971077
292.40845484437887
272.3926151667256
270.5228196848184
322.2052819095552
241.26561345462687
292.29774975578766
350.8470166993793
297.7470374882687
274.75557425490115
223.56940764107276
218.99938834423665
316.4225167245604
342.114222799195
276.90231887379196
283.19280747685116
276.16056327999104
270.2597807268612
251.97586348920595
290.81594182353
265.0188574739732
269.36022071610205
282.42270359164104
231.22734189289622
268.002296343795
305.4488222836517
261.2197034425335
309.00141809659544
283.83096946112346
316.5359734870726
277.91112543304916
334.4258278008783
267.6914909821935
269.60378968238365
318.2303767557023
296.432471447275
267.2597995904507
222.17891495267395
257.0017694759881
274.8825645261677
248.71477459697053
308.7348645273596
269.00284618430305
301.9707670508651
286.6063912231475
235.9849677439779
362.2236824068241
285.3619604149135
329.1726995630888
265.41532019956503
286.9209534833208
237.60263339523226
319.667309690034
243.11395544034895
263.3520258126082
301.4133027042262
244.38083671114873
234.49902290955652
309.4069588346174
258.6466211017687
253.81268665904645
266.84147001302335
278.5166734601371
275.77020784222987
348.43958861078136
283.51292091445066
291.1172307934612
290.0082695916062
266.3335697989678
233.0655528169591
295.5895627235295
309.4532316895202
205.50325858627912
286.1611126131611
258.0243102655513
217.06025866733398
273.35006374132354
311.3418654464185
306.6677521034144
254.11637272615917
285.94336868508253
255.25030033662915
300.5731964816805
275.337248114869
354.2711036957335
285.30728173442185
282.09334055311047
340.18652953614946
274.2523275766289
211.74052173399832
273.8707514228299
254.17119248467498
325.47078891750425
264.592984909541
291.8986915758578
235.00435488973744
275.698482773616
215.49777205323335
250.61396966245957
231.60324277821928
230.46099185710773
297.9126455055084
284.4226740322774
259.87249235855415
357.0174060005229
318.0328794083325
289.00038700550795
348.54764345346484
254.73907653638162
287.5872217271244
432.4786190734012
323.170540083549
309.20118934393395
288.1122615368804
256.0291676707566
227.36260414333083
232.40671518002637
311.93913748592604
262.4994432470994
281.53303279180545
297.60628624400124
271.4652537899092
224.25380112882704
264.3503328412771
272.06859401252586
