153.475847102055
153.47585377549512
153.4758592077469
153.47586382993632
153.4758677822474
153.47587106868286
153.47587380348614
153.475876299618
153.47587829934764
153.47587997144728
153.47588136241666
153.47588258628548
153.47588352536695
153.47588430138057
153.4758849150585
153.47588552789784
153.47588606924364
153.4758865389449
153.47588683644517
153.475887152651
153.47588744038694
153.47588760235703
153.47588782664752
153.47588788972098
153.47588793799878
153.4758880566551
153.47588816054667
153.47588820356395
153.47588829974666
153.47588839621494
153.47588843692938
153.47588850234206
153.47588844758502
153.47588853561683
153.4758885244155
153.47588852202716
153.47588857344454
153.47588855852518
153.47588855984395
153.47588859485404
153.4758886067484
153.4758886018608
153.4758887320986
153.47588858845484
153.47588864029422
153.47588857946357
153.47588849409476
153.4758886907075
153.47588861613622
153.4758886768068
153.47588864801764
153.47588858340532
153.4758885537849
153.47588861695476
153.47588857462688
153.47588867999002
153.47588868660569
153.47588868715138
153.4758886549862
153.47588863619785
153.47588868241655
153.47588864571844
153.4758886661857
153.47588858911695
153.47588867703598
153.4758887073276
153.47588869583524
153.4758886451109
153.47588858397285
153.47588854161222
153.47588851018372
153.47588855366848
153.47588862955672
153.47588869049105
153.4758886568343
153.47588856734
153.4758886050622
153.47588852147965
153.47588853631532
153.47588864521458
153.47588850672037
153.47588857065057
153.4758886327436
153.47588861348777
153.47588861926488
153.47588876210648
153.47588864309364
153.47588861480472
153.47588858064046
153.47588862680277
153.47588859863754
153.47588868973253
153.47588868047387
153.4758886848358
153.47588868662206
153.47588861558688
153.4758885741794
