286.6682870380082
286.6690329497096
286.6694443627257
286.669437079403
286.6697179303892
286.6697524564006
286.66986880053537
286.66980045783475
286.66991413041615
286.6698848514079
286.66991498235984
286.6698924141456
286.66980397813313
286.6699586014438
286.66991156509175
286.66990543302563
286.6698966351032
286.6699147977797
286.66991957983555
286.6698900762185
286.6696852383684
286.66997741572595
286.6699114708499
286.67032627334083
286.66987603810594
286.6698859207045
286.66991270998733
286.66988881014186
286.66990940019423
286.6698997561416
286.6698555438179
286.6699587060466
286.6699060436986
286.6703033832255
286.66987538890135
286.6698864664886
286.6698615622063
286.67007486577313
286.6698720584518
286.6698891566466
286.6700276220181
286.6697766302241
286.66985065419794
286.6699575631319
286.6699044957859
286.669943590874
286.6698573133144
286.669860352009
286.6699597132756
286.6699065073699
286.66992181035675
286.66988904796744
