355.2195812675793
298.8361886863267
306.0123267255635
284.08665079290927
315.70487657127114
298.66434035222846
295.858562313068
355.1474832468157
324.3868356161097
330.8142527070877
323.7488502230917
285.28596485604885
309.86944836527664
286.87680392143375
312.7432874974493
284.26393617335543
290.6689956574801
328.98122346594937
243.17263808468215
308.0401652674991
316.48992884314794
308.03300589291393
257.7541648561273
275.9244813484811
276.8266679169228
295.3263034769043
268.16931565721825
293.5156553261495
298.90651918952426
288.86469500457133
278.7092073125259
280.8525832871128
296.98845066504146
262.90989980786435
327.45850172333303
362.3486756787952
332.221114277776
305.61026510987176
309.97767427650615
288.9787873428504
309.12703882937967
276.78640151979744
258.8685038003932
369.8748219557838
267.9139407841303
331.622926957687
267.9139331461938
323.36042460511453
282.8612861026977
287.07849134226126
296.2368014062795
342.852756170485
292.10288551888516
319.84058206681766
278.5362148423719
349.1540406589993
254.79965168288618
376.5225658247291
305.6987551052589
312.63532387132
301.41223082230135
321.0413886058668
305.1248229709163
256.06328097998994
287.1906705663969
304.932576636711
255.53687178589098
317.57771959121965
280.6268704619906
322.3353907732235
298.8088612802494
304.5185899884891
307.8819241897472
258.9678427747567
359.4323927310943
330.60980331329483
338.6722621536064
285.16557436827134
330.73285204952845
385.6520207100948
282.9369308861933
314.8425098281987
334.3292278734116
293.34528658378986
324.7986227768597
296.9549520377659
282.40029639425484
289.42681525220905
290.68397537305646
324.24021183253353
282.78962047837194
288.7362796391717
262.71112385943707
286.99180548028016
282.6540578421518
278.48025401993436
292.72524169507597
303.391884036595
298.41084306569974
296.9206392333617
289.8463293985951
281.0340138982174
270.9408346745222
320.2634525364192
278.01538545076255
277.6666711217367
316.0192791233203
341.7907356700889
318.9966428924745
282.27666660422983
303.6607738472303
299.92715403775946
267.7076716672964
335.1994873930016
307.69511086199054
338.2154938644162
316.0265435170513
294.2735776719783
331.5307058929611
324.8412326285179
344.35991665488837
292.5966479106719
272.17830968902126
281.3880247428824
292.66733573352394
239.28686187688436
277.49692869693536
318.1767720559001
293.35151473037695
307.4899149390403
305.6601145234963
322.19489891207195
308.27506669620925
298.49366076417937
259.179127049043
294.24246825208684
358.7333785903902
321.28830596768967
305.37568888193346
281.9509971701118
309.05510536528163
387.7718893180572
305.45283936106716
283.12566861002415
318.5741941216111
274.7622135243728
310.76371304183704
286.77356007415074
355.8604215206069
295.5660490526425
285.5887576366731
287.2882891417612
305.7776974540393
361.92039365186065
299.7436235164205
309.640881595893
306.76634694506356
303.42975845677574
313.3962924630614
329.7053654380943
348.77444019849645
283.0775675116747
323.1118305865093
311.8526201334171
295.3194610588689
310.9377839873414
264.71896836239466
379.5490491803357
278.94662800185324
291.27074594353326
335.48666511852934
300.4523157600779
322.6617305594409
307.89846711800783
341.199720413053
303.3450643591277
284.08142666032654
255.83972930217715
355.5777896743093
279.39787774741853
305.81391924132186
286.46490324119804
266.965250860354
326.2436224179037
256.14344284977415
264.64115139699425
286.219319386757
305.44780187833385
318.00092743555433
335.34610406899446
358.8278593201612
290.93164922959113
327.78666340430937
290.9160757342397
267.1158795460651
298.7333453688698
306.91527566815785
329.2283710323609
290.3348518973871
325.1351663299138
294.4238190457836
325.13466060574865
371.63599176017306
322.9712250547673
321.1511672636989
313.57761311153445
300.12830719210615
261.4325497540558
317.60122046995093
294.4582522744022
285.035846577397
271.5250066393346
273.7858048817725
301.628263066661
314.1237611680335
331.16034065278654
274.5903460177942
291.32182881000335
317.6223830492236
297.01283820698154
277.2822308048635
307.7865821693413
303.350063824284
332.6161939821468
315.188349670716
281.0672360850731
346.8845979627222
299.8934855236148
279.4669397877442
239.02020719801658
285.5965583447396
300.737337122162
335.34662879609095
254.41582236609247
333.0184344119043
313.1074089501344
270.14653143011674
310.5015890377399
306.8251731058699
306.143467585498
299.468642958047
328.5357651588856
272.0290405221167
299.07134735706495
285.8352538504987
324.8299458560941
249.62341672524053
267.8406905455777
274.62087693244393
298.5876495763805
252.04713244376762
303.96517977962503
217.74669972862466
279.5008517282404
336.6770753408782
308.41299610579154
278.4354127841216
258.74178426472645
288.70105549518485
280.8095200188109
263.2076970768685
295.4375974530849
337.7320620973187
287.1313517183589
319.54783190833405
288.54067737510195
329.64971274619165
352.53979868807073
286.61676591112337
314.6720604687871
311.44033986069553
287.106992242494
277.6059274186846
295.72539724629314
285.18973851810733
283.4892183121119
343.17599527425773
334.76518335672154
299.3173448200105
311.3974759086268
306.4291293176793
321.2404740091297
270.1113073337474
300.58478562488745
328.95737298272434
295.7092451447679
314.1146607801784
298.51057016955747
298.66645361036353
354.2380019329139
298.0449051933829
306.8745894456806
288.1508011425176
247.241834243614
299.82469283363025
309.97095308346616
326.92394687852357
391.2979613156349
296.9827825536631
277.197755453788
293.5274858609191
298.8009388233768
313.9535972531303
289.35667820870003
330.4749634920008
278.7887225617742
328.8455982821324
284.0832743932697
310.7239361903339
281.0294846142933
295.9770709131408
319.9332764343126
323.61208528620773
313.7555596309976
315.10924971733766
295.481279011743
274.75987157392956
305.53577605224564
300.8326474541391
317.3814597636956
303.62274663339485
274.4921949382697
352.2603992752702
306.58151908169384
276.2905648538581
245.45331991252897
305.64272944546246
256.7222299157729
339.9138848537259
355.9395169894706
329.0737896102655
270.4878119271016
353.04056172512355
274.2012915644882
277.1156328873185
308.0516742657783
268.4898883726564
265.92594385074335
295.81032798720116
266.4673160482198
296.26647289325774
314.51150271159713
311.42549413547385
278.1774108965619
304.0399902680656
296.06287711675395
292.3792885840812
297.29345930150885
274.6117548848124
288.8717877143936
319.1745684224734
241.5146357704798
256.6987276167929
337.89821681669855
293.07814536346996
297.47150515516114
298.3016041538649
297.341515857348
281.8358752837521
311.7332638310472
314.07001982712245
302.00569459755206
336.2931765237154
301.13298108809977
313.34917793550994
300.4990666564263
287.7548974387755
307.14462942069804
344.01185762227396
288.8511248072464
303.0358530650119
289.76684521272546
309.8472436404554
318.12105543418147
288.3602521837456
318.9019185415091
273.1966992618254
301.1009303125611
262.5590872381581
310.1151521162974
291.82664530922193
288.1932898421801
300.7933388502279
277.20609403401613
279.7692207032087
339.18894089396053
304.30111943629163
365.1646136907075
316.7353638212371
323.7470539396745
271.9342882118217
289.95203841433977
231.58823312656023
372.41274569580855
313.5916151600395
310.7583088221145
268.60275852528866
289.4830178633565
262.6986483672081
311.0821181075735
294.5210002690292
294.839489389793
286.17114919700543
351.0711614112952
298.86132841877406
299.4220969415619
304.12785451998934
267.8069231929985
273.1986532659357
326.41638738320034
289.57153044293227
294.17207493720343
318.9822240868816
310.007652865228
282.2891830890585
288.6416531554423
292.9159862020897
315.1250151699205
269.90564173590974
294.3879618850042
264.2600515346421
311.61474868273945
313.9142187793477
345.57997415278805
265.781730738061
303.36626367247663
281.2569449741277
270.83618501535966
305.25227714805806
304.84179146598035
274.8639145944908
307.2494891489041
271.63457039363857
310.7768559356191
321.84386639315926
268.35098893617396
269.2377421913843
285.4193158907874
320.6685997909226
319.9289666339755
293.03766736443504
317.34971492082695
330.16305079092854
275.5241048952157
294.01714603137225
315.75226264301455
310.79496761551127
292.0911367467197
285.22030882991385
239.6189940117183
347.48100601055194
308.6972367018752
328.668157603126
275.1118244927784
271.297441605333
306.8538473820663
335.402100806823
318.2034229746496
261.3743831504544
274.6705366629467
310.62535632555955
358.1017322811822
349.42064900972764
313.57961934787454
266.4938380663807
268.0022091669671
315.1147988153389
267.8145540136611
307.5438733532792
310.11383970530005
289.4802279986616
287.85944731585914
302.4401335155999
301.2907908470079
314.62361502900603
298.1607621369185
258.2862522940559
304.81127883386216
326.82667538090027
316.0000031038653
363.39660102149355
297.2092916753609
322.9755952193809
307.1462261819979
306.72503730555763
298.27705391074414
344.6093411690672
297.60279127099784
336.7764554981841
297.71646050625714
343.49858294049045
286.2671994509874
332.06020112877013
338.73516587595805
344.6375790479942
327.8339862024004
304.8460849268304
325.48070385988103
301.9625476473593
276.70765261590714
311.63343181691016
325.80440823122626
307.6504698342469
292.6983548606222
323.73170209946693
284.2372547741397
334.4721318537777
301.0809966882807
303.24517604828
279.1964731324406
321.4597670440562
336.0083102636563
309.85538129648194
310.11990837196936
304.94260792501154
261.98036714232876
323.47599818275194
290.598349242151
298.4772656848072
306.8594563615625
347.6575198453502
324.91407594655175
298.1349834341381
305.55007902465877
307.6094619880314
324.7634888715984
303.0910088332894
325.52204531553434
283.8852582522377
375.49436622168287
281.01665685977787
289.96225916052936
303.881348238152
290.5219112667546
301.48843772284454
285.8076877647836
344.91264300092007
278.51289158311556
293.78945692503476
304.3083869246184
293.4640011585434
251.6165106841654
340.0009557219455
270.8339879854175
300.2555625324894
285.4319401733519
286.1450896045717
280.4328259343747
338.87293713749386
254.93874508381123
301.0656373608508
349.49619937088573
287.2069431464188
269.60721428800025
294.0539594361326
356.2045704184857
313.1449936720019
316.98717252581264
345.7660906392848
314.13070396205876
262.3228891986655
297.08781277999515
313.4188036272244
369.423236862669
289.092965229589
281.8281799352553
336.72408593661385
315.760391449352
316.58541332071763
333.53681949476595
305.98808437696425
303.38261253392557
269.9067524195998
252.4921570282604
260.55055332471966
283.89947944818414
309.41067725935136
266.5146445526043
274.4635470153589
287.77595015859697
304.69831633826834
304.9985300459084
286.7306755364407
293.0108775252593
269.14966542099137
292.50316744303564
325.72481886387686
311.3669744358631
278.87371269703726
282.8364137559838
299.8904724046006
285.85036325265537
300.31132840851205
289.23531230009394
307.272599895834
301.4870135638921
253.59763830259908
270.1547979025345
278.21025850679143
340.9017156996415
298.489475127426
307.9390376183146
322.21391182771185
321.14880501979496
343.0431445084105
274.89779898378765
288.48105718765873
312.9865280458762
249.5712362442573
260.5322033731791
314.5286844985676
301.49797666299855
293.8988714858424
307.37419239079463
260.5678763856413
319.0185027208645
294.35865453691804
289.4117871942872
294.2491356188839
331.58394208876416
280.5193343629944
307.39153458044166
262.89080746582476
323.69405095506227
300.44460152753163
293.38620599685237
275.6087896901299
309.7088686846837
295.7685096630885
316.44196242510225
244.5895137223706
283.64913114428055
311.49217894871254
247.0657862512744
279.4741559520771
268.77726459584665
276.7287223061139
297.65210045981803
314.0091326867987
273.0136459142377
254.202221498359
270.80110914318357
334.07727963858633
314.39850025833584
343.0673889866448
295.8816595749231
309.85647264678846
274.44996393771726
307.1872618328489
286.2393359047419
288.0654064454138
262.9195548334974
299.8702807642985
290.6196061416704
281.09143620263785
276.0176096295763
288.21107455855235
266.22793000540696
322.7059676969657
314.64081981859636
258.26591663382715
283.5840352647647
279.12831289102905
312.86233043530956
280.54049844140536
306.8588074305735
248.52526976846275
284.02738025589497
242.5517227592063
249.7588002497796
307.02058251039125
274.27001479416504
309.21862063684966
273.88038768499973
310.1357202225481
317.0348703064665
306.4285131008073
305.3434950550727
333.3113744998118
284.2663177238137
296.59537191930576
304.87962168449303
286.95462468615733
337.15490840922575
277.1365873385803
342.6487283851602
330.7329266150482
273.8376830795023
306.0913319727988
311.7047081110941
331.7272280115285
278.77693318310776
312.308906596154
279.89936530953855
318.19981772251776
344.30954283170286
310.89272175118094
277.0030019568512
310.86527221207507
286.75466145403334
328.16878805757733
272.30283341530594
289.14887241384713
313.36723298198194
271.69133704560227
330.63262920832494
320.4681624696823
263.91383863822557
271.7838644661242
304.66461445583263
332.000986619154
315.5964940962731
300.59047555047437
335.90816704093595
346.2150458966207
315.8032557266706
335.0579147199751
289.40498590050265
233.81694614040316
295.11738294453244
305.6201973645075
285.65509671741165
307.1940224675636
319.38678305828944
293.7377819417452
284.4337076135562
328.7345810010156
281.09910042159026
265.16895295181894
281.6450064603123
310.7789312922978
289.3460173056228
280.7761233623605
307.501787744608
296.86348995240405
274.2827436882653
315.3485891757591
296.466638967162
299.3609984157665
254.1666946594487
288.05493582665804
312.6885163967381
305.55655299365753
271.81311478751013
305.55717744358117
257.8270830233232
292.60968157774187
297.04831607762026
272.4502584672591
256.1368624516472
326.3025606510928
289.2286990551511
290.18045956493006
285.041431462334
310.8581659287447
324.01714701138553
289.8514181911305
339.2560931232874
285.82338224566774
258.6616511140892
288.18136036317446
308.13280316468445
308.6154371541925
325.58179428832955
309.93789136459236
309.8677114373713
366.63186624637456
314.85632607960724
307.28731118433643
296.74375085151405
306.94868527780636
276.8705692749063
326.58650877606124
291.943357544631
263.115077946306
294.8071546552237
380.5578774503956
302.78098278705147
305.641908642021
322.4672454735264
336.4958069473796
271.7732802471146
298.17800161708146
298.33389416505815
268.80353203517734
284.76011566305533
263.45521359841223
275.5072913966724
249.4908082400798
324.4287065413955
341.97673636404215
322.4847350490163
337.00164751903503
301.87086076216656
270.43857440559077
311.667566354532
299.33238928890205
271.35181903946796
319.2461762392195
343.3456334695511
231.588734012621
282.06683359851013
312.8232220178761
324.33118744034437
316.2857752642594
301.891365356365
270.9689681973541
282.1205336076673
284.01077305007493
368.40824295094353
329.25616499845637
311.36496381132747
350.2550560143718
326.8938616581727
333.36825430349563
323.1672800303786
297.5969759648142
329.57598199212225
293.47258823391167
304.0122329326696
289.5589197552763
337.4075964402582
271.2258149868867
331.67363345168997
333.3523222730437
267.4300611250219
316.1297098422074
336.4850317562523
310.14728268483304
366.6061039882188
290.03868246776983
334.4990700708295
309.4975359282107
281.5713813569746
289.76155260417727
338.55686548378435
273.3300114329613
299.79958138026996
259.3849571979663
325.58451206816244
298.6618898049346
281.8751409945835
279.03373376250966
262.5764588570455
399.68533769325586
288.3414122822578
304.83615405121236
330.3651997486013
289.84868508481304
313.994999027258
263.46191084294696
318.6933644869132
338.26337848292314
311.9941410147876
287.4272791200492
275.6332904987794
380.38410807435866
255.13297269961913
320.98320222768234
301.15350041518104
304.65505759461666
257.29359946149634
294.0271805829543
335.9539416875632
307.5736916043097
299.2442526461673
303.134964666795
306.346630235028
237.41945315760677
302.51788585379836
324.1082286723831
304.476458975696
306.3488554225769
307.2436706755543
301.55219861434307
304.08505198394414
288.801077766926
334.26917743170634
296.6127213113359
362.2051858873456
272.20328215742484
315.6269449701649
285.1894111831789
300.6147149883909
291.3684478380019
340.50954000873026
268.42545554524986
298.58742392092245
334.0490726203425
281.18835904303705
279.6708222357556
330.18697116774274
281.4067374471924
340.81634379248135
293.63283114269143
271.564453748113
287.27076760848286
333.2286549375276
315.30548483954044
326.18063837417867
296.4421488684602
285.2136846051435
258.699247517623
333.873026769259
329.83989598881453
288.4396035943646
318.52810225408757
390.2416036640061
326.9243819779949
255.07631622540066
347.35629666334717
351.7489139168756
273.20438948256196
269.11205732508097
327.4132709482219
270.3422942548641
298.2448051623069
284.2989367052214
333.905597588222
273.82901460223366
274.6569138567429
318.7224202178186
305.0107650825521
302.7362057089922
279.9041966808145
283.45915565645555
295.14823319274
306.83154489978915
284.91103239601944
263.7302742275642
297.7519721101853
349.4331174357794
267.730942349066
293.4772432614118
309.38640395278344
330.47128308098763
284.9588533542119
284.4374818985234
237.6723482766538
337.6240201096516
328.95017941558035
374.64127168169944
334.299877958023
245.93921073060483
312.59841353289085
324.1738496107864
390.2548161718878
299.7153195666615
277.0367002543062
306.90447969391244
298.9196272812551
283.2573485953617
271.56489330524346
304.7116912988713
336.7488048922969
329.1502804195625
303.7641685716808
265.4354826096678
292.7533849705942
279.18585643259576
301.1268934724503
317.97766077244887
250.03965360549046
275.63428706955165
280.78281991911354
302.398824332864
310.9237108063535
321.4207890360849
349.39675375877414
244.86362764803926
321.69622393045574
328.6361344488687
310.44034862105036
291.61567927961005
317.2785933413543
278.46487293281825
262.82985298137646
314.4635554208653
303.80713011248736
272.0959627275006
285.242315219366
244.322735894355
240.49008940235944
302.8053181854775
308.6341748916311
305.5695205712109
276.48690101946704
278.8589596362435
248.70751654432388
291.87617433589185
299.386926506646
287.1236647227197
318.4867136745015
327.6620647072559
344.801526403171
329.96126645139884
310.30530989018735
289.5885131441755
290.8366330090794
277.3087903058622
264.1425944759976
281.5518271283945
317.3442727823858
278.5301117377239
307.93506115919445
329.1087420633412
273.6583536909311
263.97223160235444
292.27922014921205
297.52494921843754
307.9320179594215
293.6115773996571
294.95394994301023
264.1431790101924
292.7966082393541
300.2893552694004
293.6199565871502
350.51123860891676
310.84072672214825
294.26380043051904
322.40874813112896
311.62595782842254
329.13951193675166
298.8317085952731
284.14716283243615
306.47627237503184
323.8096946333535
300.47901727305725
287.89674542384455
266.3859283030033
302.2915852747974
290.4595035062521
286.8739628060721
270.38210397819057
265.6862829864258
392.9760151212686
274.85498603252927
302.0874059157213
371.9335393216461
289.22255336062517
289.2714079776197
321.5153660689248
273.28956382669276
294.0528159776004
285.945065446198
348.51869766711025
292.398443254584
379.2004774363013
334.458596094104
289.4937787806266
365.3139901414397
363.9476116611622
363.4196007550927
320.13024707487784
305.6866131921415
339.02776408358477
321.7418444901705
290.09096745436545
292.57353424164467
278.3028664526646
316.15448982064845
317.14126690948615
288.310258600628
321.1556722657406
283.13145270879613
245.49291552678915
311.40402504539816
387.175565743004
309.5600218187901
308.9262731632334
321.3277869647136
301.4063313646475
288.0060900232638
334.10360667976784
268.87392504519084
285.1138004413224
288.7438333995524
291.7025847277837
320.62059302366106
270.36715131119126
289.2148784159799
370.56889483792474
291.55760663561523
284.7381706965971
287.8517525391071
285.66641663521295
287.47646559396526
307.3870010529645
370.6192695366335
282.6558425311814
273.8263652808382
337.99246463453164
347.1761747300625
312.6976563782082
286.68214653787436
318.93371261219727
279.8634306443855
346.0160646280274
307.9358572756173
266.9400025559589
300.5126675531501
319.08855709893396
287.15431161626475
308.27699857373955
291.7039382167859
272.3085439549177
314.46379713848
284.2892086679931
330.6727838983061
267.70718328130897
319.65142311010277
262.7056088811951
302.32374298234936
284.700222751766
317.70795513602206
298.27473059564363
291.3837073210743
306.97409945045365
315.30987916333834
269.2284911770839
275.4063612226164
248.14337387582054
314.98179030936444
297.61808484827634
255.90552626538556
274.38807825371623
348.42617627442814
296.7913144796039
306.9505090013845
301.75253831630107
269.3164255092852
308.454573301482
284.38277872884646
300.0531404284411
292.89927488495596
311.70312133431435
343.51046763052
346.34976367629133
313.88131914520636
240.7987919637235
296.7449429210392
302.64771790622035
285.41001917840913
324.5994978045346
262.50093339238083
289.63553327159025
238.599917559186
351.4085249225609
290.54029132047435
284.2771748547093
298.1492134514847
355.1083724058699
309.9293227705057
288.597591294616
294.0419294862659
281.183842534374
292.7846355859656
280.82313514268026
287.7441740659997
340.8005815189681
306.8699928341666
316.2039887791616
275.949721803423
303.18742622388527
285.2080731119495
314.7943911047769
292.1071729764226
320.87672210281016
303.8939639616292
290.274921543838
279.0658166462672
306.66496381600155
314.41732596512884
306.96221243502805
278.45016700588167
322.49314439843874
328.8808293781476
280.595548143785
302.0976857288042
321.0743525326252
303.4469094357919
307.5692456661491
267.84364911040757
283.7482478346792
278.69095800386276
289.12662204675144
311.66789922188036
314.744406134414
293.2173515363247
250.7529981311527
325.04443421633914
311.14871463982854
306.3331235386431
319.1215489510214
288.4438644761685
278.8032108155894
314.88631000806345
277.37057965120766
307.4155227379524
265.5333126656478
276.65658105141483
306.95721921510994
285.47430303838337
324.1706555346609
284.126532993454
310.2733586281538
289.34090685716365
243.45791179238586
310.15254371787887
270.1239242327865
284.643078324676
286.03035745135276
273.71628369257087
282.08043877093587
357.98009370965883
294.540196636226
271.84275098267244
286.9495001139003
311.08125147322426
339.51624495664146
334.5912379595684
337.591987058986
272.64330995990895
320.73745392402634
339.3579053991707
345.3080122402753
318.51657820289256
290.8701752705383
302.0951621020795
306.2084335886175
274.3068278647261
308.9767317927326
271.9973252717755
287.5013184474665
296.27763880451676
301.5487500387244
247.84960277873324
319.5442784882616
276.32443183095893
306.69205771712586
258.64671435265336
278.89820037264144
282.77307934575947
320.75424501119414
316.41144895966863
351.9011117265327
287.8450770340278
315.6785961368005
325.6191613058909
303.85975937428884
281.544935382728
283.3820812450722
314.71279893640894
286.3257681376417
277.94445372076007
331.8560615206952
336.70880897768075
315.9464165008394
280.7051558823441
268.20397155801766
260.02733654837357
310.1483471255633
278.1388495147112
281.58648001914844
358.8276610148023
338.32438835897483
317.91562561586034
321.92713218572317
273.7546855705441
308.87337728310376
321.3393600540003
302.031335945765
289.600420068542
281.2898831915227
261.7976598216337
306.95445417932933
281.4782081199228
317.59815772640286
346.5550763676292
293.2531888529775
279.0665425074403
314.8775407959474
286.2453097664402
285.6772127375589
346.896721440542
279.19386843935354
265.12669446360087
273.82409201789415
257.43712056602817
298.3579440594767
305.06268213299336
323.4435095192166
325.69024270336377
293.57400738232536
302.92531665967545
329.41010509134503
331.03837624838343
283.90981049474794
265.059199163632
285.9722224595607
290.0400759776239
317.2341477878508
286.3776278849691
298.8548680731328
279.1083921205718
284.641924415424
254.19737979536876
292.738464591559
284.9399746475974
281.7958687652135
242.3622195989592
323.6121818405227
319.42573123693
303.57760370342294
298.2485799078131
267.44824586971663
304.7965178769082
302.5291088920203
300.6059494637884
302.1713219771045
313.08925369475037
279.7152690879884
294.531528383377
370.3400549396756
275.98189801792614
352.3796498189913
308.58340632909676
301.47033125313465
289.41567077022046
317.32464916229947
350.89083368430147
301.5382186892093
336.6057848550263
267.8535836371593
274.3964938549325
292.21307817089837
276.7039448992582
362.89057744754246
307.3080734289251
295.3266962984926
321.1728017651476
280.59913150581997
304.299291773641
324.68886092997855
344.00677514774725
288.98169068346033
294.2058957381523
312.09433935774723
281.719379199727
299.1786555831204
294.4084352661739
302.3343055404839
299.2128347483231
340.19016411999473
300.4986118930392
301.73946529556997
299.57546771725174
300.5530977663584
264.8388179927715
258.4491326221032
260.61561537568923
295.01255515386583
313.415395038086
305.3398035162827
328.16616617393447
280.08508750097826
311.6652861251496
369.8781284931465
251.9217370408005
305.34442181285704
285.4257746930234
314.00793804769637
308.55039348907303
282.670493486512
305.58294927788666
306.952191149001
322.71661118179327
260.2312893655617
310.4340419267537
302.8642522379523
289.87516956566833
322.01344875543145
278.4836626260076
319.4004448573105
334.3629769599647
328.53954161005095
319.79567389102885
346.65756207879167
296.64280034945114
308.1929856002098
274.19733948860085
268.567310549377
322.93522550037596
358.1457590639475
279.6095605273731
337.7429253758164
271.2999409389449
299.71319269790547
286.86325480253436
302.35196082363836
304.91579486010596
305.3431124641793
289.20587142556906
267.9391456602607
365.5777013969491
323.36375986092025
252.20519730402157
278.8524275488453
294.5303219356574
247.40210822672816
254.75429696502397
273.37346988893114
281.4656451724004
283.7028706901474
266.61101566039724
293.964523452858
327.9397959934431
268.2181540199672
333.24334327777615
319.70058296533534
333.18689535808517
256.81392953079194
286.976073881553
294.15400110400515
273.73073813150404
270.0641570601729
297.7186887639109
304.6391341314302
329.10374919406604
308.13648942584405
249.27860913361656
315.52122253598645
257.6895093143685
275.715084869531
270.45242456009146
323.38870558468625
282.55155766702956
326.7810356290429
359.593227573263
372.4872227742453
377.55313432664843
310.04476738278754
294.93693690386135
332.59177340741735
364.8036103764316
325.2476706025773
279.2644331389456
332.19778801797656
274.7031677456689
350.02915357839083
327.70901175623294
296.9926654988667
330.78387888212455
327.09031766164117
294.4798951140838
321.9958530855947
289.2395858981763
320.8855606599245
277.28391061350703
251.43948331143474
310.29767470044317
318.1691861334839
305.43196196935605
270.93611578521086
300.57579366187565
299.56967996654566
292.37329099245835
260.75719951995416
281.5924308486283
301.95665653189644
253.9718266291311
270.1248270368087
279.6633980751503
285.2884932050365
257.81399414892076
265.9192712729564
273.2459824929829
300.34304213681025
358.4610744297388
315.5011474423809
332.38971126725664
353.0996013197582
300.6403062582249
319.09086488187313
308.57850038132165
277.8217861640733
379.2874450107338
321.0818563333596
314.3280226828065
282.01130954542896
346.68835759331705
294.03164955670945
292.49738364620134
374.73824405146297
281.38627707742853
262.1560427250806
309.6035765330307
275.1005645361147
313.8157578490791
300.4091368642985
275.5648683576146
322.45294194755843
323.8923905658885
309.82808167202165
292.5140908136382
278.95004016999155
283.46132057951763
335.1596664317767
336.2065392234945
296.5344147673459
254.32098529522773
332.7701163510792
294.1719969211845
350.09267893771175
320.8934407312772
371.65873169043334
305.0984914218425
301.0785418743617
263.13661472836975
294.1530690640211
309.0810210669297
283.1486197221093
302.8883929113508
301.646396037424
299.6560421855538
314.8124193935073
326.9285526178428
270.85340981546324
267.17088405013783
282.97976158792153
297.637289220409
253.33184352813987
336.20199693832546
278.5343201837386
289.32327989675105
283.78343411162496
314.6252438916126
280.84094089473365
296.285819546727
300.9142928967485
308.2069241682184
335.76083475269843
257.0932812935207
276.6666023292928
265.1361488198163
370.95335582160624
265.51061130152084
376.4944180374732
341.88338112278143
331.52312751620775
301.0954583417042
291.4144622008316
272.3146704637329
260.8335428775172
315.19047234457685
310.0380631572334
331.3767448947183
298.08330318395747
319.7556413266575
263.49514840589836
360.7144540902809
294.4230105971219
293.0375594026409
274.5193559108884
259.9203426782042
285.6295254282304
255.09747054678155
319.31551464967197
283.27122415509075
315.020386902499
312.093034438265
276.40151961595984
330.5506050536642
294.7716819559573
261.6956096791546
253.64117401302792
311.00177404808346
301.3623185126926
281.5095816097455
317.77570149331586
300.97839078167453
314.128033509478
297.221542177198
297.39491642982466
293.5426889786031
371.733859403932
260.00534443277866
317.67913575994316
289.9021201225114
297.2245535813854
290.64896048861556
337.758201780729
325.4309099802631
285.0275039518019
279.21139312372543
346.20238247537054
277.8819379880442
267.61743478960125
387.43559875607025
286.72276233584853
311.75462576013524
361.5061778080999
298.8301825763192
297.3185457176296
353.22161730809603
327.3193698024261
309.5544827199192
272.2938053723774
338.55879360140534
308.7211382384994
286.7531353182276
312.78928479220485
312.9348441803013
269.6454012141912
287.0690022864146
310.62319222290535
304.8204673338332
287.5963123975671
332.55697576189414
268.03167558903806
300.2195995108341
281.279771076981
320.36269846657524
268.04623627086403
334.4908907338977
309.2714193572174
350.9237896236009
289.5195735503221
329.6357611079584
262.6500874089543
342.44970899954205
329.5993803779711
278.71779994887765
311.69152952567674
246.05624611710664
331.03336507832864
259.6553868679912
252.7030464205891
312.1805689345347
282.64386103424476
247.61205291136866
319.45069507707376
281.525271898543
354.50425286241807
344.71512280462775
277.06014788511675
267.19974844233366
268.59246131253894
264.0544944413123
264.0667069036863
345.6943893247517
324.1249507801258
266.9745602988987
378.5490916323615
300.83067561412463
236.1753929350525
340.6536103041144
274.02516742789885
281.7096540526254
264.5477699697367
295.84332730970345
301.53139861428645
322.348256806843
309.4469337078044
259.72249138733605
266.95026375126326
294.04385828238446
271.70718320430024
256.2524512730888
369.86898252385436
285.58920553227654
276.78435887908563
305.0155899444362
359.2274735236424
276.88228139310377
260.09108843951253
341.96861926536076
400.00420643843245
299.1420202207519
291.06795472773956
340.6840651583625
342.2437861019862
366.2663158214418
319.2625896180398
287.52270081907045
278.8098049808759
328.74859474861296
328.38658551266417
353.1467248746776
301.6854353270028
314.6857662155526
290.52520092215855
292.3030291671166
267.9850162638468
304.83769091259455
300.6230267153005
368.85658466577297
350.68030944868224
304.71756290236954
257.8906108859228
313.7126399577246
288.81343374442076
297.8601342528709
318.3270308392239
270.9409074051655
279.8431251007132
304.76909401715966
285.15768331685103
300.35647657874506
288.2300575178233
283.1913958462537
297.661253701488
281.3415380131919
260.8182696811273
252.85481129854452
331.3232367184246
347.634007924702
296.15507541497936
300.4284555861959
279.128894167603
344.93875778466463
322.5646203670767
302.0804979692912
262.52299275196856
281.5028811193188
268.6877615478588
311.14147564646555
296.67648558859946
292.0218440821045
313.70816883048974
294.1799378506839
322.55891402158886
240.98418975574896
281.97316300758393
323.0759217800223
303.9651792390505
312.18276033207076
254.51133694458986
289.4921558792703
290.4851302834577
306.07518462924054
282.0349283053074
266.2007852687966
273.81968553131446
286.8045217929175
310.85932882886846
261.11991890135687
295.6927488896763
270.3893803973915
281.8934359034756
288.8726504703518
275.0290776469046
361.7147263101069
296.44275442289654
316.0850856869947
324.8495579485316
269.3345676109893
311.7796354185557
291.81526642665267
317.1233622477157
354.23631237400696
313.8017911812058
309.66363450780045
280.84412057022564
255.57050903642084
314.1895430418663
311.669467550586
332.5284058379475
276.0252540364163
289.8230157471262
317.52380110381637
295.9521172614768
315.6745022715768
304.73566650471184
277.17104466469027
314.28741831553634
287.2518712889869
308.2990587138338
323.87008648889605
302.28645223227795
288.6392000229098
288.24797083367594
300.29453885008115
339.27157929504756
322.74479840230197
303.6282189048361
320.1409894147655
363.12238610943314
392.044320496032
287.8949219310889
296.08238625118975
299.3752868594602
348.62446499522775
336.6728201091755
296.2921057610074
289.99908608652186
261.00125952460803
281.91777690907475
314.4526488312986
280.507322494057
327.36386728379875
306.6314919058932
334.4067541831173
319.9634339980548
341.91566432232503
348.12984105874784
338.5867135769222
322.41809881688096
293.5377730978653
336.90125065285247
299.2624445925467
327.2257950826315
288.7914922183845
260.76023132004775
333.0908913932508
276.76296642806847
325.40892892715055
286.65072023600806
318.19161085854284
267.52693318831734
291.5698809560854
316.1569675956853
256.248739916482
316.4847984437365
309.52503498026635
313.3919998477213
317.38576672424097
308.49115770019125
330.49544731481
284.06702298286837
288.04033467080444
294.8384212068049
253.47457448148634
334.51385631004814
378.3691043622093
261.32088738749735
288.14084949949756
279.8559867005097
311.50526655861177
248.18514328252058
266.819751008763
350.7383899494307
342.45351180189755
332.16190468287095
244.79303928208537
285.01068189693615
291.04432429443114
311.2094441103982
292.40685473394115
278.35356347309425
263.3333055792609
278.2264332814375
295.46959537337534
304.6052749630762
388.487145170453
328.2450203403132
285.2218862917507
317.1142484092852
254.61255896498915
298.4666871218942
289.08062811743
318.70541334466543
265.19707975909114
300.173403072753
236.88702975574415
313.9292944245972
318.9497524333419
277.1750275072409
319.9574963087216
286.60174280952197
286.74928827316035
294.3711766367778
299.8375907561276
286.1994017495308
308.8594331716886
322.9191697682254
299.56149501691107
269.20211039390415
280.5665691238828
275.83888017514255
337.3268313007429
308.1671314992709
288.0803708821768
311.37484004115686
260.25412379123736
339.40457481867634
261.67461753089447
307.89508924400434
337.529432227253
312.0003668545978
313.7139837979339
331.1350189819932
305.67224517220166
303.0671426864574
277.4832531840075
346.09573531372007
317.28970910271164
311.4958326781634
323.6472222530283
305.1831080921693
273.4742299830541
300.2352356403135
294.97446796600707
264.47975315584335
346.0739342512097
260.1519796955399
295.08122586109675
287.6905373886693
295.87350229616277
277.33020433888305
280.66707374271937
301.3475728096673
303.05345883884
274.4231719452655
337.3598850067938
287.0214947393397
350.3956219601678
356.0397154955426
269.07818371255416
281.1983351238305
299.9477081890218
280.2048084601993
299.912368974532
283.1140721468255
316.9815265627112
293.4983591125347
304.75151443015784
278.5389415593818
343.1262116495054
281.4246864472516
254.60019163112156
268.1489904843038
340.99417997093406
278.5552885464858
343.2623178177746
325.2887792082038
278.18968821293674
308.19012965715956
296.26294866309036
323.6752641823841
264.9186488109408
281.9367117797956
311.5624156608246
261.896961373277
301.8481832841644
287.9295735527994
351.4180842030328
301.1766952840844
301.2386135945562
301.2601296835346
256.7026086539263
365.8128356006928
346.43928756471723
286.7053172630258
332.7978104717331
279.2880798573606
292.4173015851993
301.13614713738207
268.7244067757856
303.886812832905
306.06425910058897
307.53155467950273
295.3700016455259
254.50908439024352
376.5214830968762
288.9816329048481
297.4029268445447
351.3473455562489
318.3123537969077
326.59938394417986
395.57491319219116
326.31252480042167
293.5157765446929
273.27740476850886
323.2220426100539
269.7013096389128
337.42772939580027
318.23796003090683
301.0753613584675
309.6719609386055
288.19302873068955
340.511150179198
308.27411245915573
344.97869498003274
353.9390842351131
293.82576999266166
345.66720045893453
270.0141798906261
297.8994811878074
286.5112986738095
266.1469992073253
290.6856522113085
276.7819455000572
261.4752759333933
300.2296958839288
292.8190397899598
297.44864960201085
276.16303245036397
295.88259580463637
312.90602800948545
341.4147010456072
292.37748882418964
330.8403325290419
243.94537103944458
249.6637141549727
312.88368082616944
323.2091227113269
336.60713523917366
338.6283619875321
340.488699091482
271.5455248586368
293.9435749485856
281.47609411343
338.88440548139624
312.0357116056839
296.55541003122926
265.9310158913722
300.8996990560554
300.1022792425938
278.44380091736093
310.4740119832568
318.6471049058018
307.8502665719716
337.07187597069424
337.14280648808926
276.0409351408016
320.1343497550115
268.73081064003054
264.7778738172492
277.63621538563166
308.4191813528305
357.9970006905496
318.6283364832634
270.8143929981161
318.8132440947229
322.68614783196244
271.87919816432986
261.8250578894513
313.23036683443934
265.4916531140916
298.2959354829509
329.99296028888784
299.68129333737306
344.41706704872195
265.75393238209654
334.59487866039854
254.52706029219553
297.29496183188166
259.82738060189877
285.1797289729584
274.55643749027513
367.26286530215293
281.43437768751755
281.77137690247037
338.21110665029846
303.6673859091243
251.0944149782881
306.70438506337814
296.1844636211172
316.6778450636193
312.7118190160254
304.52819222270045
291.04390812665224
280.3342670343118
299.9759815018624
279.2406736408593
353.8763028043322
344.15412766707595
326.8894763633143
322.0233392557129
357.7714581132168
307.79837178927846
347.3462515590945
334.4558915728703
315.34962412610184
282.18642818182707
301.81392926943954
324.29543682641815
331.197531678481
286.15174690808635
282.65433604072314
293.7681434422266
254.6392656895332
322.00697734754067
275.4309677014826
280.70341009437107
309.7211505427258
329.14078971068375
300.6658372967504
327.34182383154985
279.8907910506241
346.2037269236753
282.3102383213118
300.1521062111715
356.4501207021531
313.59469332627486
336.141906740726
345.7553859115578
290.04533490445465
290.2069809632376
294.58785047207493
272.7903645877959
275.9877826170996
401.33641625975724
297.92836916807573
321.72533779614605
298.8400916499086
347.61042206001
257.23912755178753
336.65449023235124
271.70135258394293
310.3663221083116
293.4882207310293
337.0968183936784
339.14947979338467
278.67427701619454
291.83437785098795
316.47647094505373
274.79316663800273
344.7890134684276
336.5635757010896
341.84402633237187
328.26913641463034
326.70444259257056
301.31885294790845
298.07612409070134
322.2811622765148
292.4668141352013
310.9573510733899
349.22409379004966
332.45667419570964
294.3906786009902
286.2453161556041
289.4304502001032
301.87055453052744
255.16426906338893
304.9076797479065
311.1882300010184
292.9010691992007
301.98028045124374
305.9960787217133
312.6430009601172
289.9508815804729
296.7844129202422
276.5129903918132
338.268272301415
263.1178986632731
288.91293643729296
305.07215726340655
275.5959289377788
355.42401327344123
296.5637565664947
272.91681454645004
302.63175481487997
335.7685724836774
309.21902439638507
278.4493292105617
320.9963292059256
293.0381530341692
287.63506755116396
309.8046564441174
280.45285543391947
293.04815457435325
273.47529705730267
266.0636273561977
294.014520827448
339.40070896595716
305.61609497095924
281.8422720149392
266.64295098546427
338.49387087265495
260.96631724433973
351.9391518298071
310.04065928340424
312.7828876123531
259.81312820734456
290.3182025605347
278.87523017660715
343.3600665687118
324.4018237128621
314.524594267481
281.85955731070135
328.337295139092
300.93950959295034
272.4913217336871
357.12742030154914
292.8975904613035
317.58382734272163
307.43768399686087
290.5822964947438
325.09725903731305
313.99401998438407
299.27670874097385
295.05233354121447
314.17805884429254
302.9044596598251
284.80353884538636
268.03304617176764
274.7617512255674
303.62500346265733
328.22845788055565
268.9463179644663
324.17249047069345
262.1703461686848
311.88777589215897
291.30546106456313
301.98084284807555
299.78469026938546
305.03058123379014
359.8455883197021
267.80536888190545
296.2959772172617
331.13897700281814
360.4888138398528
300.73406759114005
304.5405027390225
334.8837795438012
299.7654260104755
319.627599184867
314.8821378451539
280.7017057015328
264.29563507565763
318.8886131173931
262.75710694422014
268.45046733529307
273.4898153912509
294.60960385086946
333.67559108743444
425.1640003194334
304.18406260060146
366.75038016506005
388.9035262397956
341.47831935738213
287.42253434914164
301.715410983772
307.81336463964544
312.4589324872941
297.3580060197273
291.82084908604156
277.0875279593747
268.84001950279344
299.5896460468648
272.6866877223365
249.31076748820487
345.51759087864775
256.22095942660235
293.1406676770421
298.5364003085997
281.5511187566444
354.2493930150522
251.64021923288237
278.71851357095875
371.7553669792833
271.72698010585736
284.41271847859025
327.2647450444056
295.60385614598636
302.7950547975488
293.820065098349
314.84827280556783
317.0858209445141
325.4205947461305
282.94620508141816
336.78512367384974
278.3621601520572
316.22892949171364
317.1132439750945
319.2156584687764
294.35234179045074
308.45321034349035
313.6363030410139
293.1493589039892
295.3205938229803
325.7760214994196
329.3165489054518
277.4780580964871
273.13541441515554
310.4329955270514
274.88634148903657
324.04749512614217
313.0234907779377
286.3444311955245
341.44724108674563
314.29244253679644
316.6158429464558
311.98997692926787
288.8028204831062
307.3006472575944
347.06836745282635
308.0584798073396
306.07933565147687
270.73120261449367
284.0952055756934
252.4269952599425
320.8526479899883
322.025142465136
284.57090814970434
307.38846915145405
320.14537594409194
307.6308411468053
330.06245685357135
292.25352557830047
296.3612632546574
273.2579906877363
294.90611125540454
293.0292584761046
269.4263551256154
269.13700679072645
386.91500865551643
325.65827787772287
305.74516326072626
269.07523112068884
286.0336829549633
264.8804260203615
306.2266015720088
296.48837668960914
296.67819709016476
334.29082004877273
290.6850924723549
298.30008973076474
260.0848006121814
339.2469620341435
323.5911741236923
292.17304435931146
279.80467072792817
326.3042692022864
306.19025158544537
296.81258148280904
298.68864135909826
296.213018976734
298.31581392348744
300.79991583526134
322.35705939366017
311.7531578288181
308.70551863638684
312.43964308779687
342.4367849874543
330.49056569463573
321.1820511519909
345.3343086185632
289.4162098214729
293.0236689707963
312.92707177449483
291.5177803399274
305.18427150009666
366.7356389204506
267.96767589380033
291.49627031653654
370.298495608964
306.1966907986207
295.34446912037674
318.3870706909802
355.82868379505817
280.60083124693483
277.29105463647284
345.75463996152394
317.97440242918674
284.22010768554173
283.21314367756713
265.1241978892358
288.7349197145086
296.32534652925096
284.06686451868154
279.7253737273859
292.28921218484174
331.66258329502307
336.62459144042805
256.9917895201361
251.06803118565585
327.33737404237036
344.28747308137827
294.11022169399075
288.34186188178137
264.18650840455666
260.23795541748405
329.6292253767606
322.8137509590015
255.05831468000542
304.15891245764215
283.7941716177156
258.0484543375205
286.5217286488041
290.46228499209974
343.2322038819548
318.7420841199346
284.87789598910604
320.6686222732533
303.4209310754668
309.18992521893233
345.022065505269
305.1470452011563
294.2973629703047
292.7664236132987
286.0396405811189
298.70974191615824
303.9099412908545
348.75389092077967
333.2244947751751
326.1991109175142
298.86336171475705
268.62158210005146
309.8794390129624
318.6616231901571
295.2276604116196
294.14883633493446
353.64971966296434
286.56203680182807
284.7005486615235
273.37682460958604
254.99947412055917
271.84447152970824
261.0181945512304
265.6198712410405
324.6239174323855
305.0344970311271
306.27221216843463
271.0836583963828
289.97806565614883
312.6300272620283
292.9707037174376
273.16068229440134
355.88592641218565
281.59310814284254
307.0313684280263
334.25424362695776
288.9230124306632
286.2589850111399
277.7876855310751
331.95451004162896
310.22167507815175
286.0804660721915
325.79316090326756
310.34489386330824
269.1291518675862
296.754399802885
303.80294770677574
373.949800383416
304.50144157232717
308.85776231752243
283.33021707017906
274.56072917813435
308.59348324721213
284.97398718225304
321.0375255245017
308.2532784760697
340.4491218718467
379.20128762931563
322.27692990691867
328.6563338806154
300.45203751930967
280.589782183175
365.84506961575244
257.98294516431633
306.750051157549
312.165597915533
335.8619502845686
320.59297030814923
289.74225859658327
270.8327837870456
278.7985431589186
279.74345815274864
336.4004443578888
323.11068020458333
276.9577822666615
300.7971601418685
329.33970257348847
285.81332696182653
311.2165519928094
251.651970391511
283.65971519530285
304.3243334956933
279.4265263248235
294.1793034034781
280.8423678012332
272.74687234614976
244.06722792005166
290.05958790995646
360.70839602535125
276.7937192148529
329.155369423097
283.92846696975175
283.0473923685495
322.22624815884046
333.261121916119
307.72042809275445
314.62649505306035
346.0458159034606
293.3757747831987
302.66927744529676
332.44253786525223
350.7722679671133
315.464459994575
281.419609616627
318.46515119064134
266.9404616691172
310.05302451888565
327.78655073128175
333.61904049036093
326.46856046817265
348.66714804410003
330.9369248226285
252.63678491313476
323.251764500048
324.6274579289602
271.1536782665644
312.4561589891091
273.56329625239596
282.8219152255915
266.2236475914251
291.5866798775969
301.19812835392077
303.21428116888274
282.38432198239025
264.7075534950709
287.0791731592035
258.3006258107489
358.7388201802969
311.13327253446914
280.54635818931274
303.19464819994755
302.0326764297206
281.80432422144804
288.6859069238417
330.8456184009556
303.02357394923456
398.76042213931214
265.9175350314472
302.1680742108729
302.11879170686007
298.62711262190714
283.21903690265026
328.40957247512415
270.15223265171517
324.17349899408873
332.69750859658234
316.10436598188244
328.48574701696634
294.6548326172633
324.0651077363873
287.14886094466783
280.25020802929066
292.3592754044803
296.5540980414953
271.14726581866853
334.0897185066715
302.3535172739066
331.2525793745881
361.66242844541557
341.3031792357797
335.616490483284
365.5583337658318
348.9219810591312
349.5451687442837
280.6621317061363
322.6320690478897
305.4433967465302
290.18096457619686
317.33139418205246
314.48431760875974
303.18547727225814
264.6632071984932
268.21444179851096
292.1247834918322
290.29038427211344
304.6531352682505
332.34424816572573
304.5449264476774
293.0054327652324
336.67733493924607
246.10583669284824
309.39545213454403
282.3663883648114
286.78683848003857
253.93028655613307
372.9018881454831
346.6940836258
294.543881905498
312.49079443665687
358.58252711000387
287.27409867569804
296.0968812527135
287.7599468647968
366.93940927973017
299.60727142577525
297.7060116120847
303.09290946891997
246.74626634805463
343.37720346078277
296.85907218873035
314.0306648205733
294.16131762671284
269.2032092649024
319.01539714995306
281.51933070726227
263.7849570407998
308.1486461558379
405.5815496521536
392.20146290108096
306.0418073592009
312.82761727587786
280.30736269115005
296.29560564656276
332.73554661276285
279.5172346503241
244.42629242234398
311.1320719694486
260.5782911849674
284.8887002340052
343.86344780866057
293.2060940375086
283.7231226292206
292.3133217090508
344.46848813619
307.6426975587383
311.74571589461993
223.61312458000612
322.2634574105032
325.5847101501422
261.44363384658936
280.7342639650451
314.0274462818634
287.5665471634129
287.4941918182885
270.8431017921539
306.03849121183157
270.668631871813
300.2292090371484
307.79134743718896
420.4177263788879
360.621024980559
272.3613650498446
337.6046023478266
314.49383550148923
317.50800691812765
316.5675383191556
306.79333280434366
324.0689642659854
319.73719804838765
305.6019503881689
345.62009281106293
305.02940242295153
300.37602263025474
332.4620903732721
286.00241828826256
331.193183865631
329.8145777438767
292.4524997175904
280.09361127601005
279.1218445894774
392.12844694789965
326.5165262277005
342.4172644794453
301.7706017346354
298.0319052033592
295.41713382594753
298.6271612700075
295.15116705582477
282.12592818785924
299.81562357593793
296.2252490281826
328.1063165151281
311.50624843745027
301.94518152438104
295.999506734428
295.68273791938554
274.03235307103023
298.57743855949957
285.3735493995482
278.53789553930983
272.7678459812887
278.9009605572792
326.03691581846215
309.1181366435485
286.2085875807097
282.090505028842
271.6741277021356
287.11084664822556
246.70118161221035
284.1624101806665
305.60820279596373
290.4986575191142
233.63196198956575
258.21340686059557
267.27965043333825
344.38256922969595
291.05594708479475
306.87128100031987
253.52350070991088
287.7573414441431
296.80737574212253
325.90565289894585
349.6853997040307
251.23592084948905
261.0994665506296
299.1289367527934
293.75980082375463
291.45706348272506
281.8081385829719
280.53870569961146
298.3584721405059
263.2501665514428
340.8389180410886
337.495878750924
264.6870669204509
353.4761424958706
309.0561187742278
271.49651052616537
321.59640021971427
270.79464417800773
319.35398725955747
282.3793494264828
315.8077750786906
278.76726332260296
288.8647041338263
263.96095878072083
318.0074791908264
432.247467262554
295.28993591852486
373.7204743589973
287.91908257151954
341.49595178023446
328.72108113521244
294.6740489040967
264.0353547401028
324.3647418754408
291.1522649821127
300.63505963434
286.4837008237373
300.5060515414225
355.8211819769349
289.28682946099434
293.38160005782265
309.5720914233243
304.08465127728414
248.28459590580314
278.03063317516353
251.26160192361567
264.4511954560876
263.609356497298
288.22185317380354
257.74439846072346
361.9797626865329
272.92297087737825
320.27448550541885
307.7017940757796
298.14166872180067
291.6113406851655
269.53326644725166
310.8457580639515
266.8390521496767
259.88659951731097
298.76880575483665
295.3486943014432
265.24914561980404
313.5584111645585
313.40136929624714
292.1429165978916
330.675161532592
349.2721176034538
278.1637955121696
297.46930689609144
377.97019237978384
351.29378141625784
282.01309167733416
305.2522816226119
350.733597976272
319.3385390827898
291.5054191785166
290.5959583813092
337.59209882607684
286.1613632431254
312.97867335681804
285.5851851416519
282.569385815179
274.90661740198266
292.7870093106758
341.2427346955519
282.0707217750605
302.74831869476475
292.2225560940569
326.5881433392642
284.8553705002414
339.84868300845847
288.5212073941948
335.42356957530137
263.63757909834385
330.94682581932284
360.7404710185947
282.63390165555757
277.2215786871966
277.43513545638416
287.70086544845253
278.5353136942722
320.22398044820875
299.51964361942373
320.2470352582168
295.8326098435791
256.4373258521082
270.0830891618971
307.9534423436271
342.98632149538025
329.2546152307186
280.22105917707086
333.04703982465435
284.5737993676448
294.82945824821945
289.1219395418884
313.1600376836723
296.83101370185614
284.8059327835217
291.15199908812065
286.35208478721324
261.19547736737877
271.82393866661005
301.402010030346
289.6875100049656
301.45306583633646
268.21656415448524
269.8189219990745
306.39467781432904
264.1918941747863
295.8847510747146
272.88738400756847
245.76470886031166
302.9326743443962
327.36949677276425
317.3630009612534
317.64240502391476
273.2665213586297
297.79235274670646
271.81516157311853
301.2474971173797
307.1048465354834
320.71506964811124
316.7413511243649
334.886995476787
404.72734832926653
283.7682181302225
283.2404899055837
301.0757030545501
289.024673070875
291.72388915659394
338.0160802244209
318.67982692900114
294.2649475529324
299.52778900868725
353.4841456176946
266.5798042722745
286.362893130281
278.3470626802882
321.0841547382297
284.8654295153683
317.9561083947774
282.3000620142557
287.47659911296796
268.4526309944922
295.6068360279314
308.9396319142543
331.07602028909605
274.9151233988814
321.2112394942669
293.2657209485769
294.3121047731256
327.38821608386934
326.0696555543691
321.3572446516482
265.16268100973684
306.12252646533307
274.399211066775
315.25051154894754
306.33169993793126
316.46051114972215
293.42455639643595
256.93488895939663
265.3237483468838
268.90817966882605
285.5145575996721
366.28136201621965
241.63544550654478
337.1717561194673
254.8020479027182
305.6613187348703
371.394594168989
325.8441943752114
314.16675728023984
263.3195998534793
276.6656919780653
293.4695347135421
346.7337614732096
321.74455870478414
268.6339413166279
278.3943228323478
304.5990712005878
266.62780012527946
310.75537577434443
306.0691496968502
310.7623766618781
297.9533089778852
262.34951629838906
361.28996314899996
303.4118214531336
363.77419849229045
271.15689893381204
298.79011255525984
288.1890181089984
358.9140857476741
329.45391105033923
318.95199739176314
311.3978056778433
275.3014585421188
262.4719470796408
293.02413421170786
280.9691580364015
354.73139783611987
287.34063503111247
314.89342023979407
313.19320562505163
305.8730246955529
263.5178805741016
279.38285726087634
297.3147962074727
321.44108240597416
347.67264339281246
335.37880724761635
305.72284105164
266.6128208322916
291.22498134477064
326.6715284710517
268.39121512137353
298.637865193421
316.55172618920915
298.8226150487317
358.1397189461859
292.7736304063583
314.2878985883435
301.90384086500853
374.65697300224565
259.32144337776117
340.8678003739333
297.8089306917973
274.69144521432463
307.4615936456248
278.1490259221755
234.68910749303177
274.9464493388077
289.9611020241864
261.0820977467811
296.611994173727
295.0343122612685
322.3722075271653
283.83094266068656
312.32558791083284
393.41085874603596
308.3207624142524
273.9530226686038
325.66191565222107
309.3269433990354
273.9931879681535
317.03012594778556
313.73802207701374
287.1412393669598
335.18550943257287
321.0293474405771
280.9333656791132
319.6219469634816
285.9275566895958
365.0194568769075
346.3924235290615
315.8314598207362
353.82871071156114
281.5686449551722
345.69287114439066
272.8592069691513
277.7107234860305
351.8780664127553
281.2855690186843
267.7050795360701
303.8078375555342
283.54857155750506
327.4266701871529
258.4004234280437
328.37105955847073
306.6210380146513
250.23871507449076
292.7328355726786
287.39608731272165
295.47344401536975
262.76689698640257
309.1697204587981
321.4265215846244
313.53317172429524
316.08782386546955
338.26093134935945
314.7584056664491
298.6222892027581
346.25405504053924
296.25017568073235
258.0747350498568
301.0841642039595
322.64199041575193
302.90147639391944
296.5783785902895
285.6329530423973
335.0709835225716
399.4448359091766
340.5124930104939
286.8633217669558
293.3434775568312
366.3439035258489
273.3886420248309
348.60018736915663
321.4180620900588
315.74160868802574
282.82427996757906
281.5445176451467
316.394657902536
319.0942810042761
365.12059073196724
364.10027449647896
333.0488298588898
274.02205207094084
426.60945203725714
345.5091834788909
339.00635564606637
299.82599329506047
295.1435826581437
280.92861271614674
332.37527207727544
339.5999032109976
338.21092032047454
274.557796024601
305.7380011312198
296.607945294003
279.7606528515462
303.241490009008
325.4542216404807
276.39662487932947
287.3505758319516
306.17806823481806
280.0704450206831
317.39910509774927
305.3981512930477
254.2530976360431
267.34417360124644
296.24169134465046
306.6700275603216
277.6813357268693
348.5188169378089
281.0555306938477
264.9694349017227
272.30594794102944
283.5044343882473
299.50589971162844
338.80607686797157
259.1250169806881
288.7094291480025
290.7518416623352
294.5830282733077
277.9526924910024
293.3403021035483
250.47514679504093
265.81380473903846
264.27833754604217
319.711548350635
281.7893437620951
311.33611497539096
286.676874358207
338.7706582000246
298.9911797377281
265.35693260782864
270.63847837399226
270.1833043321967
292.8341188781196
342.50400791713037
302.3089351413073
361.3648818746442
305.07730135624297
283.80540152371395
307.1505266712047
307.1103187473491
277.7045962709235
340.60194877919275
327.3816849779105
308.99573825567495
269.20560991601087
290.6764619243331
299.29476983624045
283.91190791362897
289.15241933544166
337.94722488103434
302.4550449938979
298.3066595571581
285.97765204147436
335.01950115407817
306.3665184197016
311.4289162198547
305.03201323514804
307.911209495971
260.2081377186114
259.25316344422754
350.6372426833259
316.2301807226613
296.0838175881654
270.40806755202357
277.934139774763
288.78108019416686
304.96529221127275
257.8703680888284
290.51134302886203
288.9615160728572
389.34078080870677
302.18162384058814
304.1150747553911
289.3551848566858
383.11170721030794
325.86566348036285
298.23944364930503
287.99616841657553
284.0593554225052
281.23022810264956
326.0501570656197
277.22390085808
316.31847294722684
311.87571430800017
309.26613326650113
348.2685298596043
291.8091452391818
263.1322344018845
320.19801395677496
276.7194834121037
279.3572093411349
319.9172130327206
301.8446643287316
318.13038906874135
274.04422668158077
261.3788673696108
295.5303558392916
274.77836201223545
316.60374784783926
343.5920520358486
285.37302588880993
352.3342931543011
344.6484099520603
345.34896982985083
267.71040962741245
305.67734667647164
292.74652352312114
263.564427128993
284.32837268791627
302.0035031371517
297.1387957764091
297.0584489952307
291.68187708733603
356.1144677513512
258.2733261100948
314.0130986026488
280.1636200575158
262.62772605905775
282.64916066860314
339.31520718778484
288.046468653949
293.38535760482773
277.3566131616244
282.1108057111269
286.91051632293966
363.20641920052003
325.69640755013097
261.8739770563552
278.6285102972761
311.3062834518496
334.85225091141183
286.35487897787243
325.9363639027579
274.17231288552284
283.8615962401964
313.4457387207076
290.77084559679497
303.45895729458425
308.64778488629963
253.8035139607964
272.22788590053096
279.34778735076543
366.9410425478127
326.182531811879
286.937405161676
312.9965657175053
277.69910729688127
326.3504378105281
337.47633116540965
278.1520678884117
286.2031411555363
336.95530711789615
245.46115096111316
297.71368241508026
363.18832112289965
335.2184411510825
312.1318966484396
317.38083678635303
296.76203506125603
304.4270397127839
318.9784162249416
314.1577042392455
239.21633901342284
251.0858019887237
278.0934697306948
242.03640135913156
264.8570390488021
323.4374796944903
285.0569214406423
298.9229934569448
325.9130126979435
286.86182414065115
267.16970359394327
295.8642798564397
299.19174994074274
296.2448495866265
279.84354945563246
332.08247606724035
331.7294899370754
263.6264394732425
299.69704273552634
323.1285785669461
298.8842651551822
286.6824918575585
327.58729338110425
326.6587550037075
296.1360500033479
319.21796208259184
326.71639211603906
298.876072324696
323.3634675311623
256.862441193196
279.0636317647295
306.6035691887373
328.92424981831573
318.96322816435713
349.5615261463681
283.1017615629826
311.46386856248137
273.1664435598068
325.9752232795581
290.9466975943651
295.026967633632
360.8158873125212
305.23950529366266
268.6202602547128
365.39868610468693
275.80351898807567
259.73728231922723
291.94981626665685
295.0190134854056
355.0783764417283
380.2486124843126
329.17897268862
238.2977668356616
314.90289952862076
305.94343560677953
318.26195523294155
297.6286541982554
306.79814191313926
271.74774195218924
327.01808421325404
302.895239722915
281.69562792859506
372.3079077040311
307.56761289027054
291.2502892720513
299.34844190021977
283.3986612695735
369.7394763629418
299.53656512126327
345.914630650077
348.33267143089324
313.4161337155383
295.68126679281704
329.74265250738245
291.7031796448864
298.012025922304
307.02598092204425
277.64492927724496
282.01449826254975
292.71187639713753
291.71290672628675
269.1194619917078
331.35635415581055
320.1271387351444
328.84748992789537
317.3526088616345
297.4068379192613
275.45995481556747
307.5267425660277
292.8568813276943
255.4523208923638
299.0023444532417
297.95827083301265
265.0200202994747
285.2702422256116
293.3987319926964
287.38434755266644
306.7056958161993
305.5743778379401
303.1410816235002
283.167384914821
288.34825872362126
284.90462266269606
324.5067326098215
312.8526103689801
292.1396662456682
311.1316469622543
293.30564491136465
