345.82912223287076
345.8268079914196
345.8278433167343
345.82717587103616
345.8331326092639
345.82606263532125
345.8324262564429
345.82274270819653
345.8236976498338
345.83856659459707
345.83452668114114
345.83941409480576
345.8347170931265
345.843949530552
345.8340761428826
345.83262313535306
345.83749746351714
345.8205523266424
345.8277930958757
345.8346906832703
345.82741245178113
345.82614145922525
345.8373068992696
345.836044114576
345.8364209586507
345.8319432112967
345.8380873950664
345.82505730595767
345.8287467673272
345.82730686166906
345.8345722541435
345.81741306777076
345.83367557744714
345.8279350372104
345.83102210199286
345.8286731278931
345.84890038046797
345.77261252865355
345.80534727067425
345.8140724497971
345.81197386673375
345.85351360826826
