333.3785021957919
299.06045832149624
311.39738490809395
337.1842065050397
239.09420891211062
361.1571524375049
308.7132957903318
312.95956189690423
358.96828260666916
341.41543961234584
330.3348009884203
308.0340280849073
276.02525858935996
298.0050000803403
272.9626151579305
262.39436007533004
321.6023612919589
278.1459693152383
296.7547999169856
260.5978845350828
377.54089446345006
307.4615847599116
292.8079873530878
300.13095898944266
348.5755180453971
299.65733132068635
329.9807530910057
288.2093822548086
252.14974424857974
266.3361828776997
268.60826833802093
304.10271870449833
293.37114853131607
297.32382494978265
278.6118093415025
301.8785284870519
243.58628666500226
315.8496329414629
281.66559811530715
333.4061225614496
248.1112012986614
362.9017759324215
254.9857296217142
266.71767463091237
313.6368018801131
286.4624624937587
261.29837060914724
300.0492151899489
344.640288033841
264.83513139865136
255.3406428837261
339.72518549375127
277.29043330783134
257.0863600761986
255.26907680542536
281.99932340007945
247.18280313620562
297.22141913979794
303.39866714268646
318.33822054942357
267.57982403364804
289.03155803558184
304.71163064602297
284.57932341766355
308.8481237953092
260.13957437567296
328.3922375295333
332.2113144588038
225.15226215157236
309.8979292324475
325.0140845652204
271.7289836885793
316.3785695554361
344.57837903497057
317.7924936760646
323.2876641465882
273.44783373862447
277.96789223995074
266.4848140303184
308.70565633750084
259.62481422025667
281.0268707814248
241.3511717366382
268.34135305882955
317.14515160076553
224.13428238317283
337.4442716369049
383.0341590168209
323.1781749280526
326.53223349210384
277.820525125142
315.1373988016203
306.882299525485
263.4880271263828
275.7432047884504
293.00310962157164
304.0355314810331
285.019075023436
297.39022061341893
274.44255180216715
324.82513913118237
309.66640120307056
388.12381869714227
324.48052952345824
314.222073174431
333.41342921194155
278.8600082344601
266.763715611105
224.28164577763891
335.7600587430461
298.1263070167479
306.9003206540947
310.4703291350597
356.3787573606314
321.6362355820165
310.5598366849954
364.8000824426781
305.9853489548914
321.1048898189838
301.02059899527376
247.33373894482065
268.3342845444422
367.8249758637903
269.77960666056606
286.2011111409083
303.84484707307274
325.6848376898779
303.7617716276145
262.00286616435915
283.986285032639
327.2780155376313
394.1370038234745
308.8440580746901
272.0431950950806
261.85903127854544
304.692603339121
316.9393921649098
275.32394310177915
244.60048274946166
292.4689443188545
280.9681540008023
393.84404636490945
309.9285381216978
330.38827854657575
293.19095980824204
338.5756338993597
324.3420379800664
307.4044743511622
348.3399934703775
306.6955794263704
259.08883444950334
319.76258338655316
369.54819094402774
295.96500934288633
271.6234889212574
314.1967921626783
252.94723211998644
299.81364168188156
263.333026452965
388.2769064478416
337.53736309742817
296.9279355736653
296.42560438419605
323.34760140859726
245.80273292683705
274.1903612252063
340.1646956587065
292.3814455094616
278.26846394483437
321.56261012662435
321.58353714978875
311.26594584077975
286.954919547381
350.0019162344761
292.8951300064655
309.12616675778554
287.1355623986092
267.74468505782716
301.1937648205203
263.6792123209452
288.5721045702885
272.60849652894103
298.2325208338516
306.4385948847048
356.3545925679282
303.9828181294506
286.9708644765633
313.3677351427468
293.81339409822976
265.24242801941
332.70245145403896
360.80405948519183
295.5681285293249
358.369460395792
336.6575518955942
302.51719604813843
281.0533352906059
296.45977970506647
280.79503233297874
271.74251995456143
331.23516435590136
330.56901393470616
279.5653210318851
256.8181407832162
279.2119593148527
282.1884676062109
330.4454833471973
343.0606976958952
253.13994714737782
361.99741529617313
396.63616487034597
301.9221000914331
316.5398253500607
289.6470964103428
310.6156158799131
353.6135061317909
277.09775195171096
251.3431897611954
252.661226829543
356.37798001797637
295.20525521360105
365.2685074561159
285.85253262671176
263.3742156354565
338.02104563300963
382.318990198808
313.3148625044414
300.2937614872935
338.3015781821741
308.6912893481349
301.03158544295
285.19846526920446
360.38404833935783
305.22410795633914
282.94884939541225
284.1407474515581
336.2646399889345
308.8593217528687
338.0911283966416
349.8373162206117
322.39307364512933
256.47526635946997
275.78782396648603
235.93147672225314
283.78260994068114
289.9688273509382
264.07705125813663
336.18756335246144
293.8353091822064
314.83678156932
334.2590285426413
340.5267484802025
293.90836984566704
264.9750824552466
321.2678989913693
293.8518765381159
268.70939488726435
327.0355952152604
329.4953819495422
249.86830898944754
252.0117135325272
356.7288528649224
267.59863368539663
327.28879972256254
270.6409888454655
323.04269794913125
305.8499179743085
291.4428296853439
299.0252691017813
243.01464455857058
307.6905785491108
289.23119952433626
274.2319991155382
369.5178269747994
336.42083442058356
261.82728491787566
344.7439814828249
289.8214243938128
264.4942556786118
328.09321698904387
390.56964611209696
278.020259462166
296.3902625844494
349.6756399451988
268.7832865318778
268.3339768740698
285.4165812077117
338.62800497077114
275.86214624789136
244.75846081650525
312.30558855683194
292.35388182998577
227.28090407805576
312.74965878583316
290.9950073431537
381.51867276489793
396.4179181887448
289.209282980999
283.32263430747844
286.368035658772
291.45791189177544
349.4205869897123
295.12621677336574
308.4352600337006
336.8206481274683
288.4809046364535
311.9531428418559
289.57878056720074
286.9808862140344
316.18328307890624
272.306491594034
322.19546443538275
299.5441961007891
299.2715966497781
270.33521515691245
278.987902054665
282.26506232403335
328.29465046439145
265.00160603686527
331.22510916605825
320.596419554422
290.64152123301756
252.70245945904753
315.8237520525581
324.0938798189163
292.672956391747
304.6066325524589
290.1732304947509
346.24576751946006
249.997329413658
260.23704165960953
250.54590680195543
327.6795600385667
310.8178538011998
288.41473874100484
333.6162687698088
310.61485488050675
279.42653138893365
372.29718909820076
244.28672751010163
318.3669851820305
331.44388907338725
278.41903291415656
279.3743127361522
269.5768786489498
312.91989115730394
289.43440359371016
346.9715027238708
354.42631961639563
336.6457615820691
272.59354589527356
292.2447240310139
355.60858345092856
289.605026409321
243.41642937909637
323.6212047378649
261.9068890619965
260.32417032941885
306.0575852011243
308.70677854769747
304.221359452873
252.72161922001396
241.33349743072176
331.3430776428868
267.4899712841143
280.3399948098813
305.03984802287596
316.4943191746279
367.0761009277776
319.0050984041736
324.6916482318484
291.428199605376
294.20026324842183
292.38155820497195
312.6232365122705
297.8738712244958
284.3901100009098
319.7779707375594
305.22701535068336
278.6741066493414
308.97472597008164
308.07952820599894
316.0008114621305
264.436975471006
254.14324060437502
279.2863132628845
274.74366433065734
295.6825038312236
375.2014374664286
293.76149520720355
316.51547081710305
317.67317006745725
243.3396730125678
325.3012134619494
371.4981303460663
252.5890821486828
254.7495682327717
275.3019779697497
275.8361786685855
318.83753795258235
254.3991949019255
284.9688481458579
326.7437755926512
293.98873560965876
353.57397629422485
306.40111726822215
298.0723564482614
279.35317122057313
326.10246758762514
294.1052195245866
275.27646648041264
298.61888117037597
220.03008923686866
278.83860067669593
277.56616422995285
370.3474507862702
241.79826528656122
277.1724154554686
296.6978955464583
315.597510456224
314.89931556541706
288.195330584349
249.63518865281367
282.52918751472316
279.7777450274298
369.4207725825836
315.9747265923361
333.78498686374223
331.8008217821043
308.30803321489657
341.78764695557766
281.21394737632363
315.63315427160705
331.96163853003236
338.9829067526589
273.5947242096008
308.8780368079897
287.29901368537685
303.66477827981
349.1991949258081
315.35471864725696
311.7750593489909
328.4472882814589
344.26376955397427
281.3692210301524
242.8742237101833
282.549606769433
362.16961073313723
331.6747203737905
331.6222412280331
338.8713476533012
330.0047842595377
291.0424224367598
287.59430060800514
353.6504981459002
292.56177514386945
285.0908890736464
324.5415542740666
307.5366960656247
300.55367068378837
301.80585796240484
280.8887510658533
324.7889766288281
228.70596218394348
397.15928262565285
319.16469048990984
313.0017628619389
280.60749787598616
267.8721140688576
282.26399637173745
300.2094146712916
293.7065462739556
318.06111349360435
261.95887350209523
276.5251071983075
303.1635113512166
273.0137521912111
319.7395208918024
399.23631756706163
274.82683063898
355.6340206724708
335.8552030471037
382.1849833985325
319.4341023771558
341.5454124167736
275.81466701612226
297.4957978735911
240.24172639241442
322.7308238623955
303.75880851372494
393.65214236147585
274.8913772752567
414.72456359828357
291.4028835435456
360.43484985036775
289.0390838550229
335.5113994992862
309.5686042419984
291.8916789711802
340.8595879068889
257.82506325794384
296.13572989811655
286.243412900134
264.82852341461694
288.3190652198682
337.1120057971275
302.6820735585061
277.2299115808564
306.3349455445423
310.48712824616814
291.91806923842523
315.7278072863119
290.34166298407945
303.0760493144044
291.6366531260137
291.7898608024989
318.40223833569326
256.12636316090357
284.1599893241655
316.00302777215256
270.5334671163582
301.40697445950354
277.91555210971273
239.62957132639713
285.6580349399883
292.4042658539838
294.3742736984859
314.3750037057325
329.7129067775677
294.9369855945697
259.6235996729811
334.0961792707094
280.594686941884
260.665341326443
301.4987013009668
330.66735265156603
254.87937109306222
355.0400260106253
311.30356536991894
372.45417144641397
370.88995985957445
286.79056330790627
336.3747754720971
338.47904078490683
433.5346066080383
271.9751767834823
334.3617216566636
323.1030452053528
339.43324452114757
259.0821819973062
295.2081263466098
337.9984682399081
294.88370139338076
291.55456887124456
292.85686830067425
245.34403431139071
283.5977441033756
282.2330942415574
308.7887176099757
293.0626391338883
241.15358002643916
348.071369291225
343.6459435040597
349.61375255099847
282.3093113011273
327.0510605808231
320.4197028577619
336.97397902273224
316.79436153001734
296.7985378622252
290.36058829852846
274.26799265650334
311.83212530007586
293.7567111305252
316.54166647043894
270.69118505282677
267.4948678671499
376.3283579093404
317.6023652997683
334.9249608180253
301.9045841578627
296.7015654472343
288.09462002600776
279.61736197935534
304.6712902158906
299.556636763009
333.57383212193963
289.2395088838821
294.054055135668
354.3236263122526
291.8434470774664
327.14569183136337
296.35376136985724
307.9299018146121
287.3556116434338
341.17457261218806
317.0183133305691
294.6261040929239
304.4019699167111
307.6932215563138
361.43802051700186
303.847521613352
313.5440816586197
272.0000041530293
283.19719915260794
328.8619374576956
282.94487185782054
281.12247299650335
326.5406940850662
269.20882161392365
265.2653217384068
284.7966248470475
334.534644655243
306.8143322952674
343.96831223976915
267.8700569901848
302.79483062855434
269.4412170201831
293.2953569671663
279.73355267290026
241.99892573955003
306.391176712641
304.94433408087934
328.95927612192463
360.59210958876065
289.54214351353585
295.40460610124865
338.3217844691244
331.75983626392554
406.83284106393694
311.6136103985482
292.61067142596585
290.7160001907032
355.1657197167515
295.22530017077224
273.9770049797662
324.08703503379365
268.96421116340207
272.87840617698384
316.8248135848844
304.18181804395863
288.9705823503027
296.43076784099685
330.51288806667435
300.5450519314909
338.68847811972955
301.6284587625123
319.47245244833175
366.2385043030663
345.26972966073663
321.24646192460204
367.38452872633934
279.94789509577095
300.66761000893894
266.162131687277
306.52755387694924
283.7710684494232
341.3648902575369
304.3863934347464
260.99425588795566
248.15216425032122
352.3374202209816
293.72362829738995
305.87133933388395
320.36491107507027
281.0364516838745
306.9735352253192
273.60193133942084
299.27309492594213
306.7452096521156
237.5023688224319
293.14476687813294
272.6893280148215
336.2466654240561
318.34780179167865
288.8394117333228
263.2245361855312
303.01970554416766
308.68464611825766
305.0708011906827
289.2225876201119
249.92564110117382
313.4066562432563
305.504746197199
302.7172516708961
351.76556898251874
275.8556192672404
301.8379613158759
247.96660998719744
382.58175075647887
296.9323264377017
264.6064153338084
300.2924158044625
279.0016760249273
277.79831829629256
292.9906231345376
313.5951001709909
315.2319350669568
321.70110888167983
286.67890308931237
334.62923421600135
283.8902371941076
284.4050493990653
335.35730431738193
287.68764560858835
357.4549843643035
356.9245020536473
276.8757626092993
307.4665255640284
473.7082094513462
388.51682412278024
433.0270137404732
364.6720190724591
285.714541115507
354.95010809609084
293.1068329209811
288.7880483516492
256.6696580654243
303.6826776303933
434.85229597688885
302.2657324319589
302.32880702326656
274.63920257388963
295.997581820935
287.7789217168174
289.23996935074683
347.73269366682507
283.5999169239076
358.1911669934343
329.3573493712465
371.0101802004792
285.0379789112776
299.39816343947314
318.54639435966965
317.5093974288611
294.26440320920665
250.62663012216217
295.9511022201623
280.05097053109785
291.82680185578647
323.52781458574464
276.1379997120239
313.07282240720815
317.2941864738532
332.19985520801856
308.7766132383258
307.2486143988208
329.69725357118296
349.6930046119669
332.44784872143646
314.606837461557
239.13225550967036
249.54674240606255
265.08690394245787
261.9414434621285
319.9468259512214
276.8869568124064
284.70072593630175
288.96864407873363
279.79469498296385
309.69774348736973
360.76329614268616
318.669795206195
345.2688645508606
343.3563451342052
261.9566059233621
324.50147783383727
262.1240520654246
292.27889416817925
229.75867971920525
298.5401694936736
305.1130411469785
293.10205582075287
315.17494499552413
317.5335611552291
291.98673595444416
286.92137419985374
344.640809158067
238.36171320581343
381.0261747140903
326.4935769562435
352.21140949006076
309.758430053771
333.2466300294036
297.1426102698606
366.40603036026005
304.21703342863475
276.2400863825751
358.1385143455409
305.76611767022405
365.95955879346
272.3300369842036
400.122851754626
331.73213989057695
248.0807332370896
281.81422076161834
294.01886560287676
336.35495560994605
304.33893281640485
324.35055014732643
304.9032409309584
291.2289296387753
318.77542933955556
256.36519946262706
280.65499897574773
352.9038538719469
304.5590764528897
302.57520324902725
253.68370373372454
313.91154164102045
272.37360900532803
324.3990208201285
402.4130886234343
286.50048267500824
263.41243463222054
249.18461659169407
293.2150111941155
293.9311520482879
276.0006891149387
298.3847942490247
263.0585798184329
314.0498869312869
291.8494678448769
322.5038142854464
269.6897481895576
270.756726626365
310.84816935518757
324.5839014715166
310.8832445901644
371.2336256780254
343.6129836238688
308.27086460011196
303.93048323562834
379.6180004305497
250.6203039609245
316.3083222937421
263.23906847977196
322.0056932438456
281.00985607822076
302.1935665498313
293.8777793510526
242.26535247883294
330.33920988845057
226.11399812684976
309.4586738370126
400.63067171134753
408.785777483572
359.94620439078426
258.91108705612714
323.5016125578841
297.5730930962891
380.08625195972854
298.4353188209643
322.9547676901857
327.42629803330055
342.0208344706625
363.249573330133
229.95238519794657
255.06558909226442
370.1319968064781
344.5858746196609
394.2030511696357
331.4140903753578
284.05127089790767
304.7684726322186
265.3495341539383
306.05041657271795
272.4811777206487
358.2129145383369
273.8959045059164
326.75944693858037
263.86301544471644
302.8995834281086
350.1901067381259
241.80806238070363
321.5434300864581
256.6652672812925
326.70458080706885
293.58344663406024
291.39610881288536
282.8401606839034
245.63614595436957
255.0602461110102
263.4075633492321
296.87609016126953
296.1374306474463
296.67846366914455
311.49871687975246
267.1664527801913
276.893401048379
281.9422963903053
304.2388626532629
300.4506728085689
335.89564849837916
341.61784798646113
280.9263212392689
346.59602443291806
342.55097633821424
270.497443774133
299.80504298384767
279.439508222742
317.55004338617437
314.0982567394385
298.44214733946137
284.29173167591216
291.9018704366754
344.6417415512842
326.1848919952754
285.0785999306827
282.8895069358405
271.2213382118498
286.75534855836304
390.99626384611474
279.10740160936257
342.43777665361995
321.8209362986963
318.2545213413541
291.71422691171756
302.8649240852101
325.4581386805512
309.7346101839212
321.3821753322263
293.837280559761
266.62796595087275
310.5517129654181
270.310202227789
314.2787987686461
274.1808023834601
296.8844363061944
315.8595544518903
274.26365023781545
315.29329795175
278.8546135848155
330.48192461108556
316.5628559460165
340.6589822396636
302.028703756514
258.6541914997506
254.24851264513563
284.4627561579109
245.9316630794201
330.13926042738603
300.7868027080549
345.9261912215152
356.7702660469222
293.80863766605034
326.81886822590604
354.39704957284266
346.2170621965779
280.7781319094356
257.7088573613437
298.7944109371165
321.4787638250855
307.3317778830533
234.44763331313152
265.02163890446536
261.935045365477
271.33236183348345
307.05592441541376
271.27182217501104
273.9864829015569
348.02370347850956
299.21317103446927
302.94829005148495
356.5426833311212
313.420800933789
282.29748408537125
323.7198590342887
307.5871389731183
328.66909047518857
275.82915656041587
304.78073897463037
298.29589853133075
348.49171527673025
324.9305386240594
330.59344738477375
274.6319641523878
295.1165986440028
329.12248741969233
282.1963045616867
350.03772911342094
338.46972790092696
379.18352735671215
287.0419519097777
306.97349271259736
323.67908213858027
317.780057272641
330.33932464855025
318.0167496581562
306.1250693758484
296.2699339525425
314.9195864564972
313.96874476852827
263.9553170428844
230.78183213138254
243.26852494833292
307.9714269381366
275.21830120065715
304.7213914230815
288.3777356413775
278.1267275979044
242.79989601281704
358.68277379253414
312.302669170429
270.70327855151845
333.97083379799733
319.6943676279625
253.99557440256467
332.3500708233332
327.22535272699315
286.89156042714603
356.0032461723313
292.0705559893395
328.8859145799652
270.64645384345204
338.77584367402596
277.8152801396791
251.38126251485664
290.8348941373406
288.5273577898042
254.21931300283177
265.41526152344886
342.67582666454837
280.86909913271666
320.3350042455131
326.3928360597347
322.4815682047047
289.77510247944156
300.2892624672386
342.0721123641706
289.3789994882536
283.0422765815165
273.27533064357704
308.4425871956628
305.9199729007087
316.1860272313934
244.93242381612072
271.1610192581429
299.61021931970026
281.7420973126427
313.14799823774956
340.40208309015725
302.46357605350204
283.56052848667605
312.7269260396715
302.09237111278344
342.3772338985
292.08385075221304
324.9018692675745
328.6320157076698
336.3709396191407
349.82426195126027
296.5069387765834
280.06489727355074
263.9196659603622
310.71748143219156
247.27581193530932
286.7069715196267
323.995573657332
295.7526772735291
304.5673587285564
349.0906206566724
301.90988644765457
253.2129336030921
310.55789308802923
295.68975758343004
331.5054961896967
286.06655247655
302.61784726317273
279.56543388339924
318.14777975576
312.44164929306135
340.40023742895573
282.39314491825644
292.1386775035644
275.3256893213256
342.39536431094166
313.2406259623822
312.55718275747495
341.10064351093024
348.6696265654755
319.49219015147537
294.08514108578674
268.82670555252116
271.38884309417335
297.4408323664102
334.491819115472
315.23379325546557
328.0398640843923
259.8877897854545
292.90733896457823
315.15462175162975
339.45830947434297
288.5597601070767
338.3435351974913
299.8603136262391
277.9839884436806
296.82542259880574
318.49924587161513
343.20739456947194
353.82433211419266
292.28624514030525
241.24766620103037
319.1212426633574
270.7525405641063
312.11529115762096
325.61376207327703
328.40564139018534
270.93166126171127
290.220938176848
340.0055409120978
321.19139993411954
280.04224348504795
306.37145314074587
350.9468683860032
318.2948106689728
277.35562691628
377.19828318530926
295.0202014708193
248.46417384356027
343.5726263083052
295.93951245682547
323.1345617136103
320.9114177717711
305.1511361026205
284.82836843066616
274.0395822240389
272.9557504670229
281.1287547562388
276.3643307554303
261.37538599886466
284.39810258173384
320.9875135674956
259.1377714499831
275.71556715801125
325.91291391453706
326.541569742898
353.57337547524367
291.1203227947117
264.1602800108376
314.0448762367014
331.116716147284
278.90159917261917
278.6581903352635
238.20047364610946
308.9263748457888
310.3619058820186
340.0130716538988
343.22749129886506
337.311851823295
304.3236035624868
334.13964727392886
253.8041574381641
274.19765929918503
245.95345773280133
314.41085930966074
317.4521025820868
300.5020612599328
312.0854407931329
334.4083956897375
321.2697640642873
313.12507282488514
354.4565880940645
289.1189393955865
306.8898059031344
283.4294532535714
287.9670926728868
291.37402436119737
283.3946561558405
269.87599331408273
327.1390228397213
262.95446624601027
286.2075967625133
327.62642626866
341.6623651328264
326.48106253606966
254.3777280127979
313.1534265692462
272.6027164243278
285.97805632604286
286.8892233163351
287.4940001196228
282.6231198956375
309.9734334143577
321.40938702534186
333.1477742177667
307.25156964344205
303.762354263803
301.13315775990486
321.5647022839985
289.91578411258524
226.43948289105901
313.984333093802
300.9434284988092
268.28744634304894
308.5909383291146
326.8485311376862
309.63459387695184
290.80585973052075
276.2611989689176
287.63062190200435
369.88566139840987
257.80806622380624
320.3238211249118
298.3420717556146
299.7870210597175
264.20287254918367
280.1358079708298
248.3107035594876
251.31194707902614
282.5862036119215
303.4450081831892
291.04966212733416
289.928848774347
269.3464229107485
313.53513906057924
446.8299984227633
321.01705038704677
328.9310446246527
307.44949898304185
292.00677802122664
289.3108206941397
309.6375984211918
294.68270582467085
334.05886908754474
284.7732181096799
279.45405765163014
293.563583436131
279.81455865333555
305.2096120660426
307.5237265666947
323.5690624365816
329.4594961410621
381.38665981183294
300.07807736936957
283.47732290969
330.5203841130715
328.0546392874676
291.7231532112346
340.3573076670873
323.9850113374996
310.82721251487965
300.0958773367456
280.75796297722263
317.1836287326878
324.25222448445857
323.7173811637913
293.6222249509883
313.3204278096673
296.50411197327776
338.60506269312464
281.92116860992974
307.9590291289496
293.52594818332
239.83434476552065
254.52777122455882
290.0664738070336
276.0776422445779
300.00782324164174
341.37344966933597
266.53088909661165
302.30508195835864
312.7761970986612
331.1933944430202
273.2007647106075
300.8040449831169
276.9644514066749
301.46690287202364
270.2808551759226
270.7010310989572
281.6074165236787
309.13375992467627
275.7827589093358
348.4087882149033
276.0936592160142
279.56188696908066
289.3877345935325
326.08165455411654
258.5714815968531
288.8897598645999
268.90962412417866
289.0799486913602
342.9538030124968
277.9661645735614
291.1480726565351
257.3965494624572
270.84030106069986
291.9069244929706
295.569052328472
285.24836099299137
334.10723235469777
315.48175849288236
270.2806955972337
256.46698202728294
330.3396404959494
289.82186014653416
276.2830625822535
290.84875569317956
317.8655768004828
329.4480332968524
290.9192725120811
286.5729928300716
266.39916479057865
250.52437282464234
320.49373891117284
264.80887224705657
245.66049369628308
255.8219374556793
289.56523309572367
326.4798613584717
279.14460814511403
371.03205525589874
299.19874105014605
318.8308892644709
312.0715629463084
340.3799968697713
262.3256730142748
293.5519920863444
308.55673025530996
329.3544450828922
317.83139035641216
293.2017889615381
346.3702859013574
303.10644324839814
404.5296434920747
389.6052213139483
293.74422572442563
309.7936960962252
318.1007717900793
300.2401257684105
306.62468211428495
302.74054954294115
340.86238202941604
265.9654294323991
311.0376597797149
310.03873829566874
314.85990883398335
263.39141674735583
268.92499634827254
277.3064975985908
297.0261818054714
351.38292050210293
299.387709178729
317.3561929569696
271.4409019134473
256.5304327693884
281.2512249270221
273.7074289917364
340.33332028455334
248.68277982721338
323.55238027189625
318.01889501931146
279.62830047291936
282.3648548919009
261.1651999762398
264.0033994866535
297.2741900169058
301.70246860344196
335.68704824137967
406.73775045975344
335.84667312324746
283.0275797841023
272.1255537539255
364.66514091804856
316.4975524538895
319.63929201388964
342.17198799253674
294.6336087654927
303.55871143896366
312.9105528006912
309.26704651961336
352.67734149988974
329.6431748343166
263.3064698406379
255.2008415244636
292.7812468674383
264.22518208186375
355.2581634672242
295.65089721698314
248.35829491436016
292.2855660630157
271.29466839239467
312.79752641764935
292.12712960288627
266.6174075762392
285.9181022387929
341.02089866477763
306.9443736546091
274.63615729514277
308.12984478863655
333.10126507870154
366.2488006799831
334.73056575190276
275.23992541100597
283.18578315584455
364.65943737892667
346.8292109189206
287.52802333579166
341.2570147374645
326.556438863161
346.23961961467285
287.38479893800104
300.9286767577869
285.0842664215015
309.600438878173
296.4203141966136
297.6475349944667
289.5428803616669
265.073163245921
290.59574031154625
310.33637387648923
285.0234578012605
301.4163214000291
272.2471705992357
301.8745505530969
275.0526236529113
294.6000436380855
276.5457650870667
303.78991574584506
266.6238202955574
385.01174455316504
279.4513245540438
282.01773277210305
306.16065797640476
296.1190614439547
325.62370106298476
321.30493529245723
316.79763649671804
289.6902048563934
269.80637568602106
287.71660453785444
354.86746509128716
306.4768116224441
263.50720967928646
371.0712536346982
285.4758439853904
340.3347075910424
268.61857976118336
214.39483002520865
352.9299365080078
350.13705898821354
286.7470586284762
352.1141717438004
332.5661839872482
332.3329996393877
258.6052797519951
303.2003753951285
277.9565249562147
266.59134554327466
304.52835763368057
269.8277002907125
302.06292234983994
282.2596520819934
349.83504585077753
266.2545906456653
289.5087268294301
275.6711189545458
292.147370630817
305.7138926309417
280.2131698903395
268.9039242237923
349.2152987800655
302.60429584624944
326.26160018594237
285.0976916113286
280.5364877654356
292.5333793905447
241.87495359400054
315.3993916157633
265.0808926682803
308.78559285152005
263.6181533993222
350.9002353126416
263.6932121742866
270.58527536527254
299.1715652405401
261.9020496959565
397.95051004347624
271.5972252233769
348.00467187870527
323.54085026012035
320.66612617013743
287.93858066247776
294.1471111353021
286.5489966883906
275.8269006581977
337.94517525850097
273.16543449799065
284.3890806657728
279.78372986009344
288.45436741696903
310.8605226383661
220.14088595699286
313.3394969389192
265.3939945092425
289.89656240370823
307.05641723022563
330.1535965424264
277.9771954130265
284.4404904966359
318.6122362528113
284.7400720407604
296.1107029239065
332.9938906337484
272.4017574491445
372.1306334072724
273.0017220333102
315.14454676938476
282.5614028845448
251.18724789109547
245.65953978325706
319.4581334886607
258.5120470155962
285.2260333246086
301.4445883394801
326.024226606125
303.34723704704084
291.7541969009908
320.08968012977857
329.22773895814316
245.49656646471703
281.8759943135083
300.23151069669984
302.5242011224036
283.68026825529523
277.52021434821654
290.65063800342614
294.6827004516963
343.89128706156043
350.2647894566762
258.7139526651008
278.3372940765694
319.77819008595543
256.0673898780369
348.98265191726387
238.9070946549764
257.62057382561034
284.5936142302817
222.62754837085959
332.5158335114829
274.2627526227152
350.33171877713175
273.58361346583115
255.47549285274
259.1724715005839
277.2899892562418
280.3373646689579
302.90266665432137
270.0657586303423
335.1097507306258
274.2933026352548
299.0773340535234
293.90867145493394
296.5829937364324
253.52238392434083
302.8742223936715
404.28195741557283
287.48942215560237
343.2346268243273
316.3676257785992
384.8034462228534
276.89768291119253
301.1881042391178
289.054298329982
316.238888710388
347.5310686728917
282.992929130618
282.96481728943763
379.49693205952644
395.27662708610296
293.98612412204966
258.28676228475524
295.48163319774903
309.49980797682656
301.22900954354554
299.8726972764707
306.0466749641346
276.5778246266418
274.7927472854499
279.9539580291603
316.967389473808
281.1053281033528
337.65139064064715
294.09390507405624
256.09056308923755
309.22041123750387
316.48593855451327
353.6630659290822
287.7303014441277
287.1472647744231
306.84014315949753
307.7932135957526
296.00484406220494
302.4716322424356
307.3385498074349
325.7547053848393
356.49405805108836
321.03920718980953
297.5993349237251
234.84223702648887
294.50682080723345
344.9624320384464
283.490009144356
294.43851805030135
332.3374404052738
264.51682200841606
273.5931291261222
315.52591843920527
329.6265914837131
275.1731194133754
260.870620438247
293.72873669175897
302.6528828738956
302.8429269892513
263.4073205477325
322.9210804690374
275.8965187721187
281.9892416993389
307.89807033061516
307.11055697279517
333.24909851828124
256.812763556547
300.31776759930653
254.0573986733798
282.5526925798622
310.46399076172384
332.0530509175733
342.3476685277419
264.0530152043211
338.0902224693564
256.81293220072985
276.474686896021
327.87753688765224
309.4365982355084
385.4322571486118
350.1368206469342
394.30534933373565
302.714406671701
381.4061546889716
337.3934242100222
335.47568095999304
310.00157592940377
304.89441356412135
399.48243649333017
292.50847571884515
262.1322173125809
305.83705862768693
346.30894965305924
339.27848743560025
288.70399385422934
273.3096975843073
303.2425811403082
346.4047260443913
334.75872937991517
349.2461309186183
244.89376026939135
335.1259519122541
283.69604609243106
320.6469973557978
348.3557136343443
272.31433579255827
262.3641701542074
329.2060203702422
353.734602115117
401.6901778472238
320.7854530098266
393.85625553753925
342.3451213007211
293.1142019830877
300.33569447585614
279.8935031875153
296.36249182606116
300.1856814502971
305.567783008446
334.14683130191406
435.43541326525155
281.241514144931
259.1005720027606
298.92079267126974
254.33790381858125
322.2244856955367
242.3040939241182
360.25901004549814
313.48589388129767
334.999563406629
338.38018820335856
366.6969064832665
350.050965132541
357.73902587237535
344.76405024906853
369.2730769410264
350.04626079293666
369.27864671516
338.788237039058
397.17672563850647
245.12995758408215
315.5371777089895
254.7261678680661
320.682118832774
302.04008840740426
360.2497776754317
331.71799173299223
284.58440591196995
297.64945794752566
263.47614864457864
323.79793008608976
304.4335829587071
330.3572013057419
286.2215829535271
354.10616406588815
391.089258647291
381.67696090461686
338.2917230849853
327.32890463003423
284.1792532065883
272.26397413475206
304.35789478803053
276.6941749594989
346.9095265851356
330.47469760046806
348.1246360245277
289.3807489447063
309.55921888834564
349.4540698454948
291.4395540532423
304.1262743761181
274.17979435645975
304.1492800381966
305.84701185137965
282.92403815558646
243.53511923493352
320.12768504885025
280.83987694536336
289.0210940447869
265.4926035311073
307.57515754003543
267.38558733894024
281.84681496722624
298.16397312970366
238.26719362975564
297.8475058450131
302.01126928813756
299.2434583414579
293.4354849901283
267.49500776827335
272.2382215788821
277.3410833165981
287.33791295357514
269.56760909431614
307.27812745200936
322.7923091648845
488.7770410494413
296.9484288988169
301.7540098002646
338.2731418859912
314.96388622606173
315.26158995798323
307.98743931390345
307.8767394836759
368.4524975840468
268.39836544613354
291.56246458378155
274.37810539011844
300.0449382136576
342.0517064126907
284.8852047241526
228.51091439160518
279.4879592661746
307.5153520317981
344.9082630936755
280.65939758578315
286.9903006928507
333.9505056630587
329.90044085658155
250.38156115065794
278.34396620758343
303.9023698011879
288.8306578147458
267.5830816524103
260.7101364773698
289.6227116502123
381.1345053456025
291.615848657093
257.80059329769574
293.2491582832299
335.40706883044913
297.73068457993213
300.0782577475766
308.3597626806004
340.8657302436186
295.7406272084918
268.47363367129583
278.32627578731626
310.7894574502716
269.9218310585711
343.2788901483873
310.59078023431357
262.26602953183465
268.7480916813947
258.2308930953732
284.2855572446715
253.59816985786892
384.3763816241408
297.4246355871437
290.06083296844736
315.84658410586417
315.78577187051997
362.2747385483235
312.0485096850898
265.41532250586897
359.32134105532896
356.76348803984
299.5707110252697
294.9665561678121
296.7118046270916
242.9200623629149
294.32237108633853
304.8258261801675
369.12024669884704
258.1964927255176
437.16055972792674
387.2049368931912
306.3941255516838
305.68082928925287
254.4407310289098
280.70579936378635
253.6953815415036
326.87682338419836
316.73621373891365
280.4483691024361
297.6225879251724
334.2514493583003
283.8880764747737
308.1790874172002
313.1150249268394
301.3936609965749
240.5929828096414
309.07779503648635
293.85276381042786
292.0071857420262
345.12293828395195
268.098774250946
268.16049212415237
290.71841222641524
310.1715140179731
304.98510810907464
318.36468005389906
308.3478253840003
342.26793040218763
324.3567565190606
312.4220405977685
250.64858025161084
282.32529300812166
314.5628275962081
334.1254471002612
279.9491346840514
254.67978854326066
318.0323893001769
298.1362704199273
280.02085152606014
267.33280794892926
296.01975015504286
292.0396748899948
293.56521816866007
281.1287374384701
278.95607093616854
319.6240355524933
334.245724178385
239.61714417906478
359.7083263362292
329.9553645197302
286.3843816809822
321.5201390249422
296.01730349485297
280.11305644910317
244.29656689136755
267.4727238997584
309.1956333736889
380.58191377518233
287.68752830673475
310.18130893073976
348.6668682373129
332.4984423541464
330.72752479906194
325.7055925450986
307.47129655990284
294.2222763217287
258.5143232080154
330.7092333420878
270.9791965482291
298.4331808425486
331.7421147892019
269.8378873646725
265.36957758979406
303.7729545653565
236.11136128776707
280.49379094527103
281.7288415437797
311.67900173703674
279.1092235222459
309.24720953253563
316.5591682761442
284.16245998314116
303.40162547829095
319.6087324337568
313.72800236556213
295.8080642943969
278.9777731936192
342.8340966820251
284.7266654088162
310.9295732472092
306.72335085936356
315.4481035299832
326.74156335706357
349.3503999579698
306.4731568729039
248.3884304446401
245.60227766435128
296.3786350315204
338.46062519727275
313.7394344112836
284.498746490106
275.096294989693
300.0844661971787
279.0565643076552
309.68034503387753
296.7864985858323
314.46628959919326
277.9889934764942
313.92036584357265
315.5630407258868
273.21533198922407
282.36866663908586
268.70498498436064
316.3294909084216
299.9952710911166
259.474250464933
305.99526536581106
310.07252522779163
303.09310081449803
320.73514025995973
313.8153665881837
296.8523641411448
250.89600232883822
303.7342433244921
304.0575168848736
313.16544020560104
279.9241949870484
310.4210291999625
267.5611303301994
369.90201369300485
272.36052567814477
254.96249966404866
272.5967264545616
321.39322525670286
261.55253850715235
338.1691225862596
239.90843004209455
273.02787108533084
330.96343581879046
231.45283702737652
273.7964807617245
315.2855418968247
285.4579577401746
283.28873120551
306.9379020933993
317.4539543655701
278.12271887471434
240.43610056408215
263.4529083103407
287.254661368439
324.3700226282235
335.1737053593388
308.38570901029743
319.685578069184
316.62775385088753
296.65683813835494
304.77335211157333
255.72140392649453
294.15036676323507
326.5950397803681
358.91942937718704
326.13237272482365
274.1138221450383
320.88549878587946
267.5266540297307
328.6895702308975
272.56885798845906
274.9816455023829
276.66754642652813
214.38252301339526
276.54772594058886
294.3287920366274
280.48489046795294
273.1086276056012
266.70309349603485
278.77876265498344
323.4477049886482
269.50403061916586
352.73026603704784
384.0759056148818
293.1292299181223
307.9683266134234
321.74690637527965
297.65788986196276
271.6446973189013
218.73489494691603
305.61532947118394
309.90998672449496
267.41126520128455
273.0591633556178
300.73109477874823
309.4508884422248
263.1769619110273
265.806819352787
275.49753061740194
288.49132285127416
304.4956098307157
308.83332536928356
257.3979628026718
320.28816703753546
298.68222867301665
257.1791620977456
289.059864949435
312.5023327692179
236.83754745288752
333.96470629714895
284.60067702573724
313.61768025625497
307.0917096853955
328.04439112963155
369.43851969519164
366.3668391688261
330.8159496176522
343.0505648214603
339.43250335368793
270.8127310407581
381.3244596745353
296.07627646939363
319.65520755469333
274.327767231036
263.4013224968221
310.2138526815688
352.6653116160305
295.69986005383544
309.69285813416354
292.71554811880924
284.77992662705947
340.3934348109178
294.11863567866385
315.0180548171047
365.8989483867772
306.15994952758774
313.82395794114564
321.837649007095
301.3034825104987
314.66963458561804
254.05961459653918
330.33249084232375
311.37640772853047
286.51556990179233
263.30468438076787
240.70198086486198
290.1943514343584
310.88875281915534
300.5125867440365
318.30002602830064
301.96311088849325
305.0911299107829
265.17204706545454
288.7299873275915
334.6945055058459
282.6872824279126
303.27860357111786
358.9947893881472
288.33370491396636
364.946025594254
319.70262209896464
293.66523680102546
273.05724837700836
390.6931813453557
353.8463123738766
290.01877335156314
282.60892701300327
239.26301713718567
324.66916515363846
299.3485578795662
281.69131470122375
244.3656742849853
303.5602484593401
318.314662594581
266.2646735738963
272.37756768765394
297.57041055557784
289.55347969639115
323.36837476864457
338.85962400445715
321.66158278181683
299.73044611827936
307.22722406021785
345.76678150950465
326.84702722809743
335.34896129136905
333.942308048252
299.9975109162042
276.16611014923546
347.0200404152274
291.744961604476
266.89228543115314
353.26057927892543
320.0088654262945
315.7955168369226
289.7238769297255
270.3773118505487
254.68594691541512
303.2997575488407
287.32995070610195
278.10915382159874
249.95995008049067
287.81169053609483
254.88621762068942
274.3920762548223
287.7318858440267
316.07897310040426
278.21231227961835
277.17641415446997
270.11763765476644
285.13456032809336
322.9232725115726
349.8309363251319
334.62383096443955
297.5303841427667
278.00633513065986
320.1452949026134
307.4391354995314
329.82437197852414
342.29139285115525
326.86351576354355
302.41555707284715
238.0211206721142
257.1871004286222
327.38667513255496
250.00095280597452
304.8276560839731
290.7258975378936
347.4204809804214
277.45597002317663
319.70525182946585
252.77430548670236
340.65902670961805
266.6186912567355
315.4946390229743
232.1805273226928
282.45095726056024
278.8289805499371
319.8176195748383
288.02622848690953
307.5811618224252
326.38696177792735
325.97330516634975
346.8785559780663
297.86166826088447
361.6240348715801
287.8362649597693
310.2180601254804
316.67068556230515
270.65150332066696
277.54406723973807
282.7191214883933
280.4171183449216
283.87335192621686
306.89642862125766
344.2719636771362
312.29671224718913
316.28981321968604
313.4285734248115
365.08925673842896
265.3712919456884
275.07955689693335
337.15958636498544
321.9357007603394
284.4598411382176
363.30302074889187
288.86010488297325
279.93131115613505
367.63758720678743
357.1648786633741
269.33382793108467
352.21173619502224
305.86539993225597
310.6345122300554
265.1509482752299
370.36810617661104
346.05332117760554
316.3282081321813
291.31178031489253
324.8953801066382
268.0737807857804
269.3427405497059
335.58031297812704
278.15238494751975
230.96063754241914
272.11500122980215
299.51175879873335
313.7906470906455
226.8334312433144
321.9215573205147
271.3134713144973
287.6986105670221
399.1564890079899
418.7445279863896
364.6833597137593
274.4798760744743
285.7004047995433
361.77481012558565
259.7027375366306
315.64877341641113
324.24229560466483
341.0210507225711
318.86865465994924
286.9764648739947
341.27711845142767
325.5502475280082
345.8440615416039
265.9054420804605
286.21101238334086
302.7838846837403
297.3343726970488
294.1016764320666
310.2610110625392
277.99739245173987
393.60647562146187
322.12431362934876
261.0744661069475
251.4402555138804
312.2275592816295
272.96085860568564
246.59070101717953
318.9152278357651
329.8350536536891
249.3173497907119
276.87598336173687
282.52960683079436
240.22573038027622
240.40913557924796
327.05765885603614
341.36035094910767
277.2664991953643
302.1961207758868
329.7627370801056
299.9524472602643
291.1282052004244
297.0542090287199
276.95911899895873
311.7827588857617
320.185156044201
338.98354731022846
294.07901595928706
309.2095245993696
278.5207192917587
317.2104481572751
300.0874324282631
306.2576643052744
307.24563073110767
317.1466593312798
302.619694877998
325.24802092730533
324.04958641552366
277.87235584738664
265.8954405639088
288.8638013401069
246.94563990843017
246.19254689395893
294.63977426546626
290.5510620241985
291.95730786246713
433.1278684522258
277.25107457872946
386.1338081374997
340.8399482755922
298.05131565744523
316.15232959366404
321.13277234043926
255.29453511431348
261.7428990259068
258.51180780818686
336.06530843419023
333.8845593954902
258.2354333308758
355.82946287374943
273.2149920426309
282.3848265771521
309.8332499997923
343.0203377153957
367.33287520415615
296.07862897845916
296.29653107363265
319.5420421883464
371.2706861170009
361.4296499530319
339.32592822401784
346.1881304610288
370.7818583282642
358.7169075453421
370.49620930303354
295.9606568912277
303.11662813054863
257.6724734437885
299.89604025287554
303.54316574917175
373.28437375149224
305.1402257103473
316.30173945531715
275.0586995721096
242.38993483397644
239.10494357044809
298.1438870669808
273.12586330715567
275.2311112682801
277.90375893190503
307.29196160903666
283.09656499361154
321.98817101772875
297.79627202660777
300.63246475183405
265.41858057898935
288.21721974236425
344.11349600576796
309.82233319757506
340.0247627666686
317.7720612322446
272.10831561824307
259.15895294887014
339.77331699989736
282.57734883599915
311.86614890012424
336.29140856245067
284.89400885486975
342.2749745787587
319.2314091495937
302.70861768419854
318.3749639969319
316.6568891664501
316.63980351784267
324.1860655400669
320.39475890342146
317.79167485656217
317.07350050727837
353.7369302602019
281.3674027902307
340.53476487414446
275.97361584869213
273.75403817615006
272.77804473717697
286.26290789351333
272.081688461476
301.2484507780755
291.62848142685834
294.1178273247788
274.2455533838365
381.2451409060741
290.83683884714264
335.9785790765891
319.4220980864484
320.7353107659146
251.260631954181
303.9554850424174
337.617561782361
273.65761972696055
280.52687224710826
290.3790323169669
365.685899367556
334.0332871256396
311.9210640436504
298.33608570857905
327.7639811444096
326.0948483134853
300.2405914965784
330.83174676739145
240.0398301668465
335.3755637661088
292.2776540123159
295.9658686858602
284.7402948596282
270.8521102804225
276.63963353075087
296.76611130079255
298.54814730223734
342.2749560143566
277.15617390407715
281.9413286258932
265.51019370392896
292.8892879895866
270.6250475201523
326.5928619763581
297.43946316605434
364.37527520232834
329.41216653073207
271.6601470008027
290.2515521510504
271.470466608298
282.0157302535372
289.89201462653
267.0230374359526
317.16616335650906
243.93580769235268
279.0711601275252
309.284109852626
289.7208838755032
301.24736687063705
256.43265684635844
266.778825806221
258.77557246456854
339.0474172756076
363.4862098386511
289.15206780144945
241.10252491512801
300.0452980285045
271.20673557999544
290.66932597744744
339.22778688545804
337.87074094999116
337.11011293379124
283.5038665403845
296.1391049028607
287.0141834534006
262.47888684121426
352.3262357856147
242.70748528908007
302.6632489893818
283.40749344963115
298.0817946095485
300.63085609464906
331.03677025425714
296.7340406110743
294.21084466786124
232.88718941586558
294.0274085315177
364.3603324141586
264.5631751684705
352.12154144456144
326.44623821612913
284.67792308772914
289.77864906808827
275.1622418895131
267.5389118853491
336.48091349890456
249.9424059994053
292.81972979567945
292.7903281899635
294.9297597560799
289.7811972674681
294.52569860429503
310.9430840348359
275.7270126934163
275.4813760056859
323.4018355443841
286.6069236609619
337.04431130492594
297.1916746076895
337.09692146710586
343.6316000376828
330.6200091432547
294.2911139684729
322.7783716520062
307.0205433201045
298.88990630046465
344.92070357489865
273.5167037801584
289.7527697029291
317.3868126642192
243.8736641551368
337.31653895706404
320.3133498065872
270.2701923059067
288.0701117507415
286.6190975481877
317.3287620317424
338.73465909669176
264.13169767230283
311.0702433141414
290.40916363720316
286.0072371866554
333.06498503580224
331.7571175027406
270.4158107365947
294.7096188761061
289.9563775456045
275.4470945664216
310.346163758426
345.31127143115737
309.9096229830757
312.4351699105464
317.38958511839155
337.945512537146
319.8019507325953
347.74889558076393
312.0002140252618
285.1064288112102
306.2205170755042
427.0390092936577
301.26519477460533
290.71811946691014
270.3098720868584
279.07033920276444
306.97889620787464
269.3580298994202
291.65284048055764
332.4953914138023
314.2778375321068
257.31645343697164
304.20212366548367
318.1314677798655
317.7081371662207
367.6846337309107
288.49626681860536
298.468809268903
283.25523991754744
256.11161873326637
280.454929798143
269.18760037620086
278.7420872474322
258.07154282624833
277.88283095147926
282.3787574932212
300.5242462703027
288.643243386643
283.4203831644263
316.3314602127066
333.5366609416669
290.31818180857226
329.8139094437938
336.24161104648374
294.9823672880884
343.10883889952675
289.9091097477358
338.9105852388311
320.8885712415213
329.87930417549796
284.2139225042192
316.92742252908647
282.3880732776597
262.65606442303397
407.3333168461686
333.4860992161557
290.3997919606045
287.5168851708295
323.87565626506694
317.655759582296
309.3958382125711
278.9905262213433
313.2791984693613
281.0924509834731
286.42657575721387
293.80200780404266
263.6679618501803
267.09484291228
344.34050356200896
303.1707141640363
242.76432039798237
325.8959529394051
333.63849848217797
353.7682429970009
283.1435414223233
333.22865614760667
328.4294165580068
351.08599007932935
298.243731417926
315.4020923851058
329.8230219478719
347.2518755495548
291.22393989167176
309.0913354504155
340.05074249359313
283.5125792064937
301.61123507120647
314.0195877732476
339.60358546848875
337.9753404286457
310.5990309488261
312.4967219865648
321.66256504377816
282.17119208571967
290.0604477939196
317.977912669885
305.4085307940841
282.16665311623365
234.8905013911426
318.95371979742777
286.3995635275496
287.0833093180554
296.3646616379265
273.116709865164
357.7774810625706
353.05049781140406
356.800624054973
288.56534807698335
285.85486300918274
291.1430159268202
222.07023495947942
260.16033337067347
327.9352336373413
320.52355476259254
257.92640704114456
274.8428602842614
288.1479881084524
311.6361680792179
298.6567183037987
370.84957571467385
346.04973777220584
273.909236107138
319.9556196280755
294.9056705259718
307.20293144730385
304.1231347450521
305.38457677001134
290.0349374896614
327.5026796491584
320.0797019628808
288.5441147709498
282.9077106876066
303.29524836246856
296.50764402979985
299.81399277294986
266.01910019491334
283.728114974685
277.71926054847427
346.08396065980196
297.3137356833322
321.751250906731
315.319181738887
253.8318709328305
272.52131078997627
251.1459986133268
330.7783610220067
286.78370788448956
296.50496098434087
300.23700938222464
288.023257170571
317.5030342033133
350.1372120778542
325.34579514339566
310.9741104195127
309.0254870277131
293.57339262531605
294.21425218018703
210.23086743126623
293.4787924599368
303.5663489251165
351.86410064436495
316.98463076585904
351.02941400010604
279.4437899013283
329.92253803578205
302.2216582581168
282.5865600021789
314.5559867853299
295.55387264688034
269.47722209838685
349.7896466079401
283.76515855418984
290.1125382661121
283.2948010748951
360.80526475806255
347.0263843134744
255.56173698510975
295.3776386324316
304.9539189384086
336.47677184361964
271.2929405713221
273.1503053508932
311.7869180487469
272.74480779713485
311.914735545055
314.58131605538074
318.6404154279735
292.68291653040797
338.92569606844336
283.8804023228586
253.36282985354774
284.08522197802085
250.67662501696032
338.42353580647614
265.116536327987
323.75586572033353
338.57958275894634
274.7491120470222
271.92975824233145
302.2860049661249
277.5253163946327
331.6218035732163
309.7685738611035
338.6650082934648
265.32455086766277
276.3043399048038
315.065869610291
296.5119871927891
250.69743794575334
274.38969850796275
300.0018861667486
295.06405917112716
285.3052647043951
286.7245119601721
284.26962900487706
264.08257557137404
289.7051346129738
288.179779663682
331.7930209588958
265.26936305710115
293.37402665638365
257.32759185822215
361.63416616769973
286.11318072804715
282.0830156909069
316.75029019999783
285.0827524610795
271.7074768448947
273.1429805124644
385.6241184097016
300.0096468720585
280.87636683578603
293.44051770854276
314.2049211342819
298.3391096907435
271.1565151117975
285.99203191907145
294.57476982066873
291.2952990682097
250.10537757654674
337.19627839163877
286.53316383005586
327.67714590602554
275.3504241913324
314.55867863062304
294.0873240143992
261.1981970896013
275.7670873327879
347.63472223863937
333.38027071382385
337.9939336971147
281.64627487480175
293.3659486580873
325.18992638390046
281.503047544742
322.7935994876316
360.5818969614338
310.33845553337596
299.40163815999404
264.15731043054257
293.64528603781946
332.7124333778629
307.59812697733287
287.61935831571463
304.9817155140918
279.39085945801344
306.328312269412
249.21418354753405
344.36931095679756
289.9965423151152
297.6432629566407
365.4969354409259
336.5703092858894
255.0685655217385
304.0756038585678
298.57530284125824
251.81844329682644
273.9010696740588
268.7111811173381
309.767345628934
305.1251902356744
308.44985064619686
267.41082544857636
332.40143844508566
328.4432206423953
447.6688537669834
268.4435573994415
249.69173522375058
301.8480036747642
294.0030103538884
299.993513557245
352.2248039209517
323.24270183674525
299.8454121752875
322.5986826029839
295.7161258395063
326.6255914137
363.6789389522746
306.40077196608763
274.91547051037196
287.3700084852753
318.49182856443804
246.13250159379095
368.47895543137565
308.139809094253
275.03483741160017
330.2204965549754
318.4787426064722
314.1676496254513
299.26456840801984
305.1568219435867
293.11411079764366
297.7215965295909
305.44856968545355
325.5302659095032
320.53362293262035
262.5737396032782
297.51411412574816
292.8076800892595
310.1916071148589
293.11799323395826
314.4108079315629
307.70073995075654
299.3919479295146
304.37948011315893
291.6851349513745
291.7628392664483
388.23462320654653
329.14856913883705
331.33564441197086
325.1489211032167
320.7986905669095
307.2361025054706
284.483039966668
304.71525473857764
267.23295942903496
258.8427119755652
342.58023213176057
282.63732805103064
278.46993774874136
249.7863431966398
243.40814407588914
303.9986999016255
282.33645932469517
323.02982832386624
350.18951518123504
284.3769421237521
296.660166730755
305.9538720404962
324.1066164718941
374.3537804580992
281.6726631820202
308.0974929094082
301.83506060705986
322.8294036370935
331.8582543547964
273.09325969044585
283.29958139092196
281.21147537848447
310.4868438842241
372.9930249819299
257.1104658583645
333.65424651640933
301.58708000625484
261.7583659917582
223.75310844706837
380.1341596641578
303.04435089370236
275.61844148288947
313.6573413503356
262.85540686373133
267.50497522985097
255.89619911427144
267.20857904164586
295.3248290322954
290.8473932131892
356.9985589988064
299.4489108561538
342.4614636391634
291.59144781983923
246.77299097075593
294.03929582762066
224.98037857573945
304.2670373833971
315.8709028089652
310.28582512482535
336.7892552780686
279.117578235222
305.28277237608563
323.30763928277884
302.034422103432
268.9295346174622
313.7625267938711
271.4692118910607
342.2086884477176
312.1558194492245
277.80520772899035
295.5061320132809
315.08767909149174
272.4844439299777
286.3758115959354
333.4894139774842
315.87821574683767
289.17052657704335
256.37193546665367
262.16234814561903
328.32755895110313
439.080121228355
301.915221390198
348.1536525551928
270.4286846356699
287.3028931780718
326.07899506401736
339.7912672277307
266.8502618971979
269.60936484124977
269.88094557099976
321.5763371171197
330.8734605910722
329.4646943969419
305.24713434441946
327.46749840141274
308.2563915112987
319.26918360753916
334.0364091099473
288.5875553844962
329.1474313882645
448.50026427709963
322.90200473868754
323.5671559300972
295.0851708421251
317.8981891942676
295.01321533333976
262.24919701204635
305.28450458170846
318.1724082347937
336.13273536018096
309.40919842745643
285.5860461499542
264.17855913820677
303.18444985651877
291.7782380010467
301.09927483450156
320.9582086422015
349.95969998743385
269.8100404476281
344.6960964393802
304.03557768883184
270.9853353634244
322.197041277308
288.23155475081876
275.36593076214194
260.62142776930705
302.6875894193072
297.8635985265719
269.13179803278763
330.2000991682289
337.3058390887454
247.3810799421044
283.4155828212388
303.35080719087273
269.12888862227555
229.3202985364478
330.76899351377506
296.9704477399355
268.05515949823894
305.9834309722064
289.99461755307857
358.436713390518
303.07095776614733
335.41219159855973
378.4635849323822
339.5957949501462
290.0457111422438
308.04017380066216
330.9221678223694
301.2905445639044
247.9859943485353
325.4524235232966
316.6065582348965
306.51584295299836
296.2653896874981
281.9141812771559
321.93866966303904
301.6295171955135
246.72160270030145
295.01302971551195
296.3714659116231
324.9877001811983
296.69748600188177
343.37918828299735
301.2619422938442
249.63395626936108
272.1321192403557
333.713135388447
321.2796930395998
341.0930724624777
345.1842486114474
323.7278229445219
265.723845096305
325.2005908457795
352.67984798387624
231.8608855677303
255.65460451110266
278.9047994428547
273.2861207848182
271.74938534165267
300.5927493009949
305.11641402204987
296.8489631897537
362.1718889932381
305.0860012155026
306.93398539186455
338.8014307465637
320.8533104020171
324.79480852314737
353.41133927344345
299.76024812832475
318.0875624981709
326.3349697202211
278.12583164696116
309.9940273462562
269.78474874724634
312.583454897278
275.33612150140107
284.5193750660401
329.55666327895597
274.47749420721084
342.98759810067713
305.8635539076058
283.2340540641453
266.1960287929978
302.79301164729986
272.05833785713185
349.48184070631396
301.0464022416854
362.7394321366446
338.88830770365894
379.21714184444863
360.4183695957763
291.8490348875057
259.8296331349993
278.3042428800836
277.2937261600746
281.78711923444644
340.9441894076299
327.97667064797133
287.5944633348845
354.2361399043584
359.76725539332256
306.6401503228117
313.9942564575467
365.7141047172481
243.3578993664123
314.90803256852087
261.17110437434167
275.3931857085554
305.35284571675584
251.59623061609454
296.91366318403743
322.8500426339451
313.94152525335085
282.9121528712567
266.45384823565837
298.34657921630424
280.4156675079139
276.4174694532994
268.4138212951366
316.1547804266447
317.6723775761202
287.32679724053014
340.0199915432604
333.83174257632345
257.8883903489914
280.26029690913856
267.1339264647104
296.18008007807657
328.76703672786243
350.76549069734756
389.5267200198723
269.37750739301555
322.1138745234348
255.13507768232375
317.96072269347496
259.13427009107545
272.2288084491156
334.67718702042475
267.2564967342187
259.2758735951502
253.6667127518449
262.84131028084084
272.38475243293215
281.04800254967995
303.0299487031298
283.7734005448874
295.08086009533145
264.6580359382788
348.54492815223057
279.69757177634165
269.4825319178635
264.00684862653725
306.5519855080638
333.7938963290071
314.85107337869704
329.17378315806855
288.7976113988552
253.25592476781458
299.0578579886351
291.10873549839016
312.22587788733654
285.8420065504033
290.40092783840373
282.37595855491236
279.6980472500436
321.8214038836304
284.03761731635313
310.0787943555042
262.3671841133619
309.8799775617663
311.41077250626404
375.9666044921614
302.7812415906228
258.81448804889806
264.683683421812
281.50730763585307
260.58291658526286
275.4268255745992
293.3309484773781
362.7520467565628
279.0469970944105
282.66079004795756
248.44150976964738
273.13886813877616
303.38815875013825
262.50192547542974
284.19601685146336
327.7259677229449
281.25772349652834
294.6352849219693
242.96920586482156
320.42405572580174
299.125044632121
290.4381968774833
297.538132247515
297.83384778443724
314.5009111952968
340.51659266173374
272.5072387888795
245.247825493454
302.35662105144
268.8188242436154
375.12788059248123
255.24647148046643
327.9386645867489
279.02354467869736
345.4676587387221
257.7068332134513
358.32840380852576
280.81997224874794
314.277269470389
346.6734383995645
347.38315961812623
351.62983038672246
291.3139828891726
282.1576582902344
271.2905689168256
381.1152437585406
308.8675173878437
300.56805092433933
313.5568947891006
270.63145382201765
284.58592851506546
332.64354483620264
335.99212042079307
280.13487106980756
267.800533178146
276.43992428749334
310.3211186931003
306.7177700365428
279.24720772437286
297.4282739739865
339.275278271758
319.60475088702515
287.88284370757174
308.81691197224427
303.85288125567604
261.88829828693997
321.05488185293507
363.461451334646
283.22246341290884
287.53066726459656
339.49054483149666
274.50065674912184
299.34893421514425
314.35310769069474
331.9982623656979
295.26066412148066
280.5913143673679
385.89537995809224
295.35723790549673
294.38159492774867
293.3023908287287
282.0666059688665
294.2539665818913
284.3147547603585
344.84302473056596
309.40604833804537
313.7894863272086
317.2682638776023
332.0443177082343
303.7805385461543
277.6728608662961
321.5069981444394
313.0348758517066
316.6414702634793
297.38980727538
284.64692208648194
304.8171442121966
255.79959778103512
286.3072550317738
314.73650625674054
271.7626376419794
282.8828446548432
329.3000836665742
310.5024794493802
325.6118341682013
283.6120225195773
308.85356817860156
281.97541069588624
280.64659915317316
276.09866087383125
268.34519751369953
251.84574699751101
277.52154574159067
291.5540493859444
290.55872857163195
355.83920375071466
321.0584748352412
308.20173561549746
312.27534357318655
276.89071267226245
338.8052837154828
273.8548863159958
274.6058092758758
319.9940671895165
290.03515189664904
288.4844862475293
355.33636333909817
267.0799486754695
297.3909294483019
286.5378287206404
297.1987040718086
265.05114816117566
295.90822141757235
303.0028875678545
333.8989881912712
261.2151596263284
334.31253755185753
344.91335085965693
283.52245281869546
316.56514200544916
316.33948373189196
270.4665181421442
311.4108863270376
303.98339906625915
280.8280592878582
262.6316151448991
245.02827102621086
320.49556846835185
283.2778614589479
274.18713374831714
271.8386849204544
281.5427541928366
278.3754592530895
368.3838942053262
354.9562961277552
316.54696598183364
261.4539932187181
389.55530168802943
297.0698698068736
311.46479587396607
309.5428587886272
285.79328978131525
263.2628214689903
310.64126171777025
275.39699882327113
313.66190566390287
246.4242227441864
334.43149524659384
322.7671796922805
320.8548361909343
299.02797677065246
332.342707661679
261.63537649286445
315.5115954859648
318.50747725821566
299.1042544817319
257.58952100854367
259.47590080136433
263.5224531382555
284.3969849917339
317.867189636454
288.9560806378722
252.65182649332564
309.05602152936626
323.14511166582815
255.7102957519237
344.6068206742639
279.2425490730675
302.3685362797696
322.54050787794404
242.9256571814185
356.41994262568187
