372.8731679835455
372.85154645124476
372.85806156400577
372.87036852334495
372.8542343853487
372.8114197341547
372.81846932632925
372.73098015046435
372.7541117841738
372.86147477957456
372.87769295078215
372.8725631337129
372.8886044069204
372.86993881787384
372.8751289389402
372.83901350678025
372.8250320631687
372.8811742062335
372.96250388529916
372.9428110561839
372.8446887737373
372.829473971673
372.83826220546507
372.8770688446875
372.88385628993274
372.8733658140154
372.84430194998095
372.8431849483877
372.83939399819246
372.8105809541412
372.80661267066534
372.8182992899019
372.80604639494777
372.82130615652204
372.84739151360554
372.85883918230684
372.8275337790037
372.80267687380547
372.78587626107765
