139.19390102199395
139.19403036585481
139.19400904746908
139.1939913209144
139.1939755030544
139.1939613191762
139.1939486480651
139.1939374282174
139.1939277123538
139.19391883402113
139.1939109258974
139.1939039752133
139.19389785999556
139.1938922664458
139.19388745199558
139.1938827233962
139.19387921686848
139.19387589611415
139.1938726281369
139.19387035372074
139.19386800382836
139.1938657303208
139.1938638981601
139.19386236699938
139.1938608820601
139.1938594620242
139.193858462957
139.19385747265915
139.1938567021516
139.19385557584792
139.19385499525197
139.19385429182694
139.19385394256642
139.19385334192702
139.19385282532494
139.19385255896668
139.19385208817584
139.19385193236485
139.1938516224127
139.193851592172
139.19385118898208
139.193851036247
139.19385088230047
139.1938509042302
139.19385048572258
139.19385047324795
139.19385054482154
139.19385032696846
139.1938502424964
139.1938504039008
139.193850297499
139.19384991998595
139.19385003438765
139.19384998324676
139.19384990595972
139.1938497741321
139.1938498804957
139.19384986276964
139.19384986380464
139.19384984387034
139.19384958109367
139.19384968411578
139.19384960746902
139.1938498679774
139.1938496645089
139.19384958374576
139.1938497806368
139.19384987252852
139.1938498526033
139.19384972788248
139.19384973210254
139.19384951341817
139.1938496576604
139.19384960163916
139.19384969971907
139.19384958496994
139.19384954419183
139.1938495419472
139.19384956093927
139.19384973077285
139.19384967821316
139.19384979227289
139.1938497600131
139.19384960024036
139.1938496884395
139.193849427862
139.19384962963522
139.19384966964208
139.19384953294139
139.19384960864772
139.1938497402807
139.19384953622284
139.19384940760938
139.1938495005088
139.19384953970803
139.19384940699092
139.19384975418507
139.19384977785376
139.19384964554774
139.19384953410918
139.1938495635295
139.19384944743797
139.19384960861134
139.1938495061404
139.1938496144976
139.19384970668398
139.19384949904997
