225.2737499806135
225.27392385673193
225.27374757614507
225.2739253079717
225.273747784051
225.27391207655728
225.27374951687307
225.27391468230599
225.27374986373434
225.2739151215983
225.27375043815573
225.27391553113648
225.27375085911262
225.27391582430118
225.27375112935442
225.2739159631128
225.27375135496914
225.27391608597827
225.27375151101842
225.27391617519788
225.27375160515658
225.27391620722665
225.27375168775689
225.2739162579037
225.27375169382321
225.2739162392645
225.27375173358814
225.27391627511133
225.27375177585236
225.2739163000988
225.27375177570866
225.27391630348575
225.27375180065974
225.2739163125607
225.27375178500915
225.2739163006645
225.27375179225965
225.27391628504483
225.27375180156378
225.2739163099286
225.27375179615228
225.27391629663543
225.27375181064963
225.27391633355
225.27375180529816
225.27391630994862
225.27375179454611
225.27391630982675
225.27375179985393
225.2739163193055
225.27375179087903
225.2739163027327
225.2737518297181
225.2739163317092
225.27375179929732
225.2739163122351
225.27375181714888
225.2739163283477
225.27375178770308
225.27391630384955
225.27375181205934
225.2739163265287
225.27375179398223
225.27391630927013
225.27375179882438
