320.58923017772395
320.58952525873246
320.5903790771872
320.5907458940619
320.59084259091924
320.59076997165994
320.5911625089475
320.5910321740357
320.59106864226214
320.5910886483016
320.5910463987457
320.59115642512006
320.59112817727873
320.5906385845501
320.5913230196966
320.59099618602886
320.5917861926737
320.5907758597441
320.59125889173083
320.5908728003524
320.591181434942
320.591106217571
320.5911827183136
320.591066379362
320.5912968974917
320.59102085641643
320.59124286184306
320.5914471446995
320.59090611784814
320.59100938037227
320.59112404647385
320.59108515579464
320.59150782133656
320.59093989034955
320.59100277375364
320.59104613231466
320.5913810627062
320.5909546210678
320.5910066429751
320.5913505001736
320.5909589599687
320.5910897958129
320.5909678872449
320.59167648734365
320.5908593044951
