185.8828512783084
185.8840197441068
185.88588074370728
185.88284363130515
185.8827526295181
185.88283953430255
185.88271326666927
185.88287975106869
185.88402480644618
185.883178268783
185.8827674851318
185.88284787354132
185.8840367190578
185.88574976853124
185.88411123079732
185.88577927764982
185.88594521664618
185.88270164486948
185.88299895237105
185.8840043189266
185.88567768576286
185.8859168353465
185.88286903397238
185.88273057983133
185.88287417838
185.8840312522534
185.8856119203101
185.88308751318255
185.88560995646367
185.8853494830455
185.88309540660157
185.882754096996
185.88285175992678
185.88403795970407
185.88561180295255
185.88308783471257
185.8856192006424
185.8855916697794
185.8855071404032
185.8840334007291
185.88561179788303
185.88308794998557
185.88561939140345
185.88560746606527
185.8830882008715
185.88562007326072
185.88559329126474
185.88548789582455
185.88402353698984
185.88561192601628
185.88308747468182
185.88561976923847
185.8856078296194
185.88308795402008
185.885614920413
185.88560571127346
185.88308784061337
185.88561814978493
185.88559147439628
185.88549973176305
185.8840296639828
185.8856116156894
185.88308822407635
185.8856217459579
185.88560859552308
185.8830883197552
185.88561757243224
185.88559238256494
185.88548210628142
185.88402049467186
185.885611515474
185.88308733968006
185.88561817318623
185.8855915464228
185.88550144017427
185.88403044656297
185.88561154086347
185.88308832265466
185.88561826650766
185.88559224155688
