164.638880559246
164.63888395491904
164.6388866972029
164.63888896916524
164.6388907657847
164.63889244645725
164.63889370095512
164.63889483216008
164.6388956836854
164.63889633486906
164.63889699829633
164.63889750443468
164.63889791270503
164.63889827000912
164.63889854778517
164.63889883973297
164.6388990369096
164.63889921006194
164.6388993508026
164.63889941516572
164.63889951579768
164.63889960641063
164.6388996731148
164.63889973621917
164.638899743788
164.63889982128967
164.6388998184866
164.63889988026676
164.63889984942216
164.63889990556345
164.63889995171303
164.63889992376426
164.6388999052051
164.63889998830382
164.63889997224942
164.6388999632527
164.63889995683348
164.6388999727369
164.638899951633
164.6388999399951
164.63889998086233
164.63889998941886
164.6388999944429
164.6388999719693
164.6388999954179
164.63889998012564
164.63889994999226
164.6388999733499
164.6389000334384
164.63889999107232
164.6388999609917
164.63889998550803
164.63890000732135
164.6388999981209
164.63890003928827
164.63889997896513
164.63890000043648
164.63889997186016
164.638900018992
164.6388999928804
164.63889998671766
164.63889997705155
164.6388999691444
164.63889997477418
164.63889998733612
164.638899952055
164.63889997893602
164.63889999020648
164.63889999273306
164.63890002213157
164.63889998033483
164.63890001321124
164.63890000147512
164.63889999632374
164.63889997393562
164.63889997481238
164.63889996258513
164.63889996786384
164.63889995026693
164.63890002801054
164.63889999427556
164.63889998517698
164.63889998068043
164.63889996681974
164.63890000185347
164.63889997169827
164.63889997748265
164.63890000982065
164.63889999596722
164.63889999282765
