343.58600627726355
343.58600909751476
343.58601032576007
343.58601173120496
343.5860126047237
343.58601335763797
343.58601391170396
343.5860143412601
343.58601464935873
343.58601488477325
343.5860150609042
343.5860151898978
343.5860152897021
343.5860153874055
343.58601542310316
343.5860154751699
343.5860154923539
343.58601553714107
343.58601553510016
343.58601558018563
343.58601555382484
343.58601560410534
343.58601557218753
343.58601558701594
343.58601559485214
343.58601560518036
343.5860155966111
343.5860155795508
343.5860156286726
343.58601558666305
343.586015591065
343.58601560867464
343.58601560882016
343.58601560904935
343.58601558412556
343.5860156071467
343.58601562947297
343.5860155779228
343.5860156116396
343.58601557797374
343.5860156208255
343.58601556763097
343.5860156184244
