270.983140447589
270.98332304882024
270.9835328497893
270.98371032935665
270.983703817129
270.9837586569847
270.9837574569865
270.9837730364816
270.983972303512
270.983802199853
270.9837882357742
270.9840276974701
270.9839689630826
270.98379538247536
270.9839910413084
270.9838225378335
270.9838084222265
270.9840400561934
270.98376520521015
270.98378731568664
270.9840783974487
270.9839805360243
270.98380207578884
270.9838417467472
270.9839394780338
270.9837769027981
270.9837874292425
270.98384314630675
270.9839432338813
270.98376016446855
270.9840710385797
270.98385247006627
270.98384103220997
270.9839310977586
270.9838127114472
270.98376804560576
270.9837885671677
270.9838442450837
270.98394677244323
270.9837732339711
270.9838185864137
270.9838773542615
270.98377734132737
270.98384437480127
270.9837734952016
270.98376293737965
270.98377573019025
270.98381606130715
270.9838154907484
270.9838188072681
270.983791389659
270.9838384127688
270.9838424184891
270.98384189485296
270.9838816337724
