191.21836874214114
191.2180976087393
191.21823758356823
191.2183768014429
191.21808601318025
191.21832737515888
191.21814689881012
191.21837840215085
191.21809329987082
191.2183317308236
191.2181500635079
191.21838158732044
191.21813605152147
191.21838015567482
191.21813767121512
191.21838096822376
191.2181381059272
191.2183813687152
191.21813834993372
191.21838170948286
191.2181385852582
191.21838193525946
191.21813873548308
191.2183820533155
191.2181389484067
191.21838219841447
191.21813885988013
191.2183821830913
191.21813896063395
191.2183822670504
191.218139046925
191.2183823055293
191.21813894528714
191.2183822472016
191.21813902383474
191.21838232691516
191.21813906167517
191.2183823309133
191.21813905653653
191.21838236969052
191.21813899322115
191.2183823415944
191.21813905597264
191.21838233780363
191.21813905533782
191.2183823677824
191.21813894252045
191.21838234380448
191.21813902704525
191.21838233027302
191.21813899467088
191.21838235517498
191.21813907057367
191.21838233468588
191.2181390290134
191.21838235426003
191.21813890494923
191.21838232102346
191.21813896765707
191.21838236409894
191.21813905889576
191.21838233428207
191.21813901908172
191.21838237395787
191.21813902863505
191.21838233801464
191.21813907066462
191.218382381001
191.21813896979802
191.21838236341864
191.2181391127524
191.21838236523035
191.21813902723807
191.21838235622272
191.2181390418482
191.2183822958832
191.2181391084523
