356.8096779932166
356.815950819665
356.81674507013395
356.83598830090796
356.8531422586002
356.83768280948516
356.80717771210857
356.7821777090894
356.78335519488974
356.7781616326374
356.78958031037837
356.7868424022381
356.8071337655001
356.8148258263718
356.81529306555785
356.81805236917353
356.8240069955973
356.8215094681327
356.82050298819377
356.8146308905052
356.8066044454663
356.81150259924834
356.82428346394045
356.8213071905011
356.8120191414
356.82358504392505
356.8296912012611
356.8194680729084
356.81094163510716
356.8147174323258
356.820723599094
356.8209922953429
356.81926513095095
356.8184081255604
356.8170785458897
356.78745049656936
356.7391462944652
356.74778812444856
356.7850492480029
356.8025803500568
356.8071819581164
