162.092183108658
162.09403811793254
162.09222618446893
162.09297647894346
162.09403299724818
162.09228823610192
162.09136424016924
162.0941114853522
162.09232854494257
162.09380562672868
162.0898566023152
162.09454423640182
162.0922775833833
162.09374500026115
162.0940014651378
162.09222757955922
162.0898930072335
162.0941150442368
162.09234178301722
162.09376451406024
162.09286014517602
162.09448152046934
162.09234801059938
162.09376582158438
162.09265484227035
162.09236645135752
162.0937223719975
162.0929010846594
162.09481116602
162.0940285202414
162.09233919670623
162.09376702050577
162.09266356840635
162.0924074675604
162.0935850121532
162.09475388527972
162.09239786836042
162.09361591934612
162.09397165003975
162.09224315606662
162.09376519288526
162.09499241860613
162.09214344189422
162.09422742293282
162.09240957811926
162.09357731652926
162.09499417979714
162.09214336599325
162.0942013694912
162.09240677576418
162.09358335008983
162.09483038653525
162.09236646791032
162.0937176548705
162.09359441945708
162.0923526134393
162.09374056119486
162.09125644852065
162.09388547971685
162.09405504066308
162.0923576817695
162.09372980118678
162.09215544331164
162.0946718731393
162.0940263922439
162.0923388601259
162.09376629550206
162.09265088668326
162.09238586082938
162.0936485680577
162.0935567752822
162.09471680634306
162.09240637870607
162.0935868402812
162.09468458101765
162.09240995769505
162.09357435065613
162.09503910499916
162.09501932228886
162.09398743859856
162.09233230070822
162.09376785500717
162.09287770227456
162.09418414747415
162.09240420382412
162.09359468163166
162.09443201707109
162.09237326191942
162.0936991632734
162.09498834087572
162.09398746471197
162.0923323061943
