385.1278302917999
385.13305228097306
385.1357096241127
385.13706215428556
385.1368247482933
385.1386684929521
385.137220837355
385.138679729087
385.13934286008225
385.1366865922064
385.1376211514653
385.1385283900181
385.1390818121981
385.1366866246426
385.13847435933894
385.137405759373
385.1385386610036
385.138071269439
385.13734821071375
385.1393729176598
385.137187558621
385.13854615780474
385.13736670629805
385.1388863439006
385.13734941409166
385.1390144369161
385.1375447900082
385.1369733443116
385.13971654706984
385.13909601531304
385.1376508435824
385.13726272890926
385.13874557967574
385.13919197389987
385.1366486308398
385.13823299498836
385.1378943564123
385.1371530151555
