388.21628362091633
388.2140127532002
388.21648462880603
388.21531671719003
388.2169981494799
388.2165014125476
388.21731080071186
388.21591507015637
388.2141232378126
388.2166857523298
388.21607501193466
388.2159359102425
388.215803926254
388.21535603857046
388.2163215809469
388.2159283932742
388.21594968660065
388.2164327587325
388.22203352040015
388.2145462907756
388.2158866883128
388.21580397017533
388.2167014807619
388.2161333860331
388.21486894915324
388.21673413411554
388.2156546787519
388.21699843958595
388.21616399908635
388.2136090783606
388.2165218471564
388.21575277411466
388.2141832155394
388.21673341490896
388.21592703598435
388.2160116421437
388.2156686053131
388.2139250055916
