333.74994384005004
333.75139167314956
333.7522252216304
333.7526963880273
333.75295872987226
333.753102968466
333.75318140764466
333.7532236638963
333.7532462029967
333.7532581551841
333.75326443335143
333.7532677074378
333.7532694055353
333.7532702828539
333.75327073448716
333.75327095742796
333.7532710689338
333.75327113330604
333.75327115824257
333.75327116515837
333.7532711852091
333.7532711781914
333.75327118942187
333.75327118312634
333.7532711873864
333.7532711878375
333.75327118020505
333.7532711815493
333.7532711894455
333.75327118221503
333.7532711843578
333.7532711894564
333.75327117958295
333.75327119067333
333.75327118917266
333.7532711777785
333.75327119030044
333.753271184145
333.7532711879212
333.7532711855347
333.75327119063877
333.75327118402856
333.75327117786946
333.75327119198846
