197.0953284299694
197.0961547823872
197.09535599685023
197.09545693224118
197.09445879820578
197.09556590900138
197.09516892323336
197.0954209048159
197.09569229622866
197.09462105968487
197.0954679816614
197.09562854369688
197.09501603529952
197.09513669423995
197.09548836596787
197.09545704152788
197.09548451305272
197.0956118102058
197.0955326952826
197.09511707282581
197.09548842414733
197.09544836876194
197.09548661894223
197.09561329003373
197.09551297119106
197.09446565438884
197.09556121396963
197.0957723117699
197.0954906193092
197.09429989420823
197.09559441538477
197.0946301222666
197.09558185719652
197.0947871842236
197.09545897477255
197.0953951743104
197.09551409902997
197.09555804132833
197.09508389385337
197.0954884833318
197.0954371634889
197.0953778088042
197.0953417499095
197.09559818944763
197.09554978670712
197.0953392335905
197.09567550046086
197.0951399202222
197.09548713532058
197.09548031999657
197.0954815334353
197.09546734631294
197.09515629185444
197.09552506665023
197.09538977944976
197.09553170017352
197.0950317256702
197.09540186361846
197.0950853501854
197.09548849175917
197.09543768050935
197.0953799247036
197.09547751375794
197.09548205223473
197.09544232056578
197.09539515649885
197.0955130801267
197.0950814848693
197.0954884792627
197.095439226272
197.0953857464301
197.0954838324069
197.09552596725553
197.0955106543588
197.0953180073011
