225.20210938909622
225.2013573440845
225.20229126719187
225.20228765632874
225.2029270010371
225.2022642105767
225.20197435148202
225.20229937231124
225.20229418261624
225.20212533646827
225.2013266650274
225.20231332054027
225.20206340325512
225.2022376733221
225.20228662661066
225.20299469313977
225.20227505414368
225.2022978751338
225.2022918866969
225.20229354372532
225.20277433466072
225.20260321554997
225.20228360785222
225.20379852890073
225.2021706957985
225.20241763892773
225.20197723836827
225.2022960465838
225.20281855170833
225.20224604933355
225.2022633812703
225.20229100199322
225.20282916097494
225.20221171450612
225.2022872961261
225.20230654150146
225.2020302611054
225.2019852179692
225.20229398882657
225.2022906711427
225.2020358928621
225.2022920135023
225.20229751543047
225.20203296874934
225.20278399422568
225.20226856159934
225.20133108760274
225.20282932944065
225.20222960344654
225.20202838771183
225.20229202254268
225.20229730377469
225.2020331001586
225.20277258816714
225.20273891187026
225.2022754588179
225.20212454601278
225.20229208143792
225.20221851630777
225.20203079599014
225.2031754080017
225.20265616203324
225.20197648225803
225.20229676218878
225.20239016264532
