142.64395083531053
142.64397640026073
142.64379204726902
142.6442726933974
142.64380913683362
142.6438431849956
142.6438397925558
142.6436584674957
142.64389630483493
142.6438115748606
142.643833585008
142.64381799722196
142.64426514071965
142.64381171375862
142.644261612837
142.6438059396396
142.64380314840855
142.64427418526793
142.64381646863603
142.643891450316
142.6439037157479
142.64381702357423
142.6438117515827
142.64428195177607
142.6438590667094
142.64378262849095
142.64354347539484
142.64388191129547
142.64383175781404
142.64426400690354
142.64380818030986
142.64377892072116
142.6438001717106
142.64388436034278
142.64382580265556
142.64370468629022
142.6442637112832
142.64380912509478
142.64430197854927
142.64383383378845
142.64378657557245
142.6437014982239
142.64426117788935
142.6438033217364
142.6438306316959
142.64380170853656
142.6438670383286
142.6438397212496
142.64380764452653
142.64378897559072
142.64381868919918
142.64426127778825
142.64380445992538
142.64382174297134
142.644311193897
142.64431146906463
142.6442936190724
142.64425984650188
142.64380348430132
142.64382944013232
142.64377617297032
142.64380964504198
142.64431297956617
142.64429017155453
142.6442654513994
142.64381180124292
142.64426237352563
142.64380473411984
142.64381914369915
142.64380228632217
142.64428160558236
142.64385731937
142.643577039109
142.64383230658495
142.64391592663014
142.64380136165892
142.64429483062486
142.6442598360063
142.64380331404936
142.64382983559335
142.64378495397614
142.64381508617225
142.64382635552465
142.64395067567966
142.6437129766564
142.6437900847959
142.643864286365
142.64383107435424
142.64378853581002
142.6438623349859
142.64413422605867
142.64388054632946
142.64396606266382
142.6437055331553
142.6442687208728
142.64381696333658
142.64426440520765
142.6438083377434
142.64377704808066
142.64379690041824
142.6442623268158
142.64380522308784
142.64381425616375
142.64383243684642
