271.37412530336496
271.3738748878686
271.37389529592383
271.37505210842755
271.3734860449222
271.3741550159939
271.3736109745605
271.3746341513024
271.3735399467423
271.3747051440687
271.3739631440458
271.37355314653087
271.3739010135341
271.3751074099291
271.3745491491336
271.3787346028821
271.3737606100276
271.37387333743754
271.373880568839
271.37695476710905
271.37461676795647
271.37567949936056
271.3754405462496
271.37421007186276
271.3750715166061
271.3734414601513
271.3749364598825
271.3769025433048
271.37703937075094
271.3740482814719
271.3738645365029
271.37326027976997
271.3777677119415
271.3740381877378
271.37435083645505
271.3736940231738
271.3745781173111
271.3732718321844
271.3773243059477
271.3740480844317
271.3736481309825
271.37363888273103
271.3788071711788
271.3750990167209
271.3745164126012
271.37716732647823
271.3740373409528
271.37411941166283
271.37478267173356
271.37421518722476
271.3745173373827
271.37454275884375
271.3746861779546
271.37426103266625
