287.6665815421011
287.6661960336587
287.6658656231484
287.6660686272662
287.66614657485843
287.66574724647035
287.6669628880736
287.6677210599446
287.6667836412653
287.6900391833333
287.6653445142874
287.6617685623987
287.66565848278515
287.66522510529103
287.6661772013358
287.666049366675
287.66573494930526
287.6673791274352
287.6667860003927
287.66847366981347
287.6660057933623
287.6666407831908
287.6662234930445
287.66634051379333
287.66667635860904
287.6656623827803
287.6666870931349
287.6668123111376
287.66618549719533
287.6667340536969
287.6667514005203
287.66626168546463
287.6665958167796
287.6685157789343
287.6640212517341
287.6621566378708
287.6690543711211
287.668055331882
287.6671881459497
287.6664586341649
287.6657260194843
287.6683125506461
287.6662547887645
287.66690495776857
287.6617785106828
287.66937630309985
287.6662677811146
287.66690069948163
287.66875702230755
287.6682093857089
287.66683969559745
