271.1350351286719
271.1351377344963
271.13504345014826
271.135212420676
271.1351804761007
271.1351713132972
271.135449606325
271.135013813996
271.1354324389449
271.13500969009783
271.1349989439814
271.13509140685164
271.1350512064637
271.1350957797258
271.1350548753853
271.1350739010468
271.13543028599634
271.13509479434833
271.13509808281924
271.13504321459186
271.1350891254733
271.1350215973689
271.13640548771946
271.135262552345
271.1354427531587
271.135036217951
271.13501709356933
271.136649585711
271.13511073273
271.135004140664
271.13509290387265
271.13504729856504
271.1353201559923
271.1354574233137
271.1350342641799
271.13500058168756
271.13505900535165
271.13497541250763
271.13520888475614
271.13545659404554
271.1350277603742
271.1351516722825
271.1350965824022
271.1350586220251
271.13501283170626
271.13597086445225
271.1349558673828
271.13506919196516
271.13505317513045
271.1350962602701
271.1350574830067
271.13504282556096
271.1352454437729
271.13545437193534
