243.15048415945512
243.14611617805167
243.14871583277454
243.14585350883226
243.1445517127877
243.14638701219246
243.1488528124064
243.14722822295153
243.14982965894615
243.1464564759208
243.14857409239994
243.1465356137669
243.14836143927914
243.14820353482537
243.14670984898476
243.14754133823408
243.14923883848496
243.1467492465381
243.13661568437237
243.1452669636219
243.14493688094626
243.14928576774219
243.14662243766907
243.13618150926231
243.14365915924827
243.14830306268414
243.14631601441215
243.14824672719442
243.14861266315347
243.1466418828386
243.13649243054897
243.14540857540487
243.13902241742107
243.14751161246022
243.1485598354775
243.1464562388319
243.14780109407184
243.14899612027693
243.14985846442505
243.14654278219314
243.13573320498836
243.14490572841532
243.1463831591409
243.14807427913547
243.1486826452292
243.14630678692447
243.14819320475544
243.14863051229258
243.1461323516669
243.1484840789817
243.14861600817312
243.1461300376468
243.1484887430379
243.14860601960754
243.14992376841474
243.14927559540956
243.14662064780714
243.13630588629894
243.14784773590145
243.14559077237573
243.1441844592482
