298.49090142123157
282.2548845581855
256.13444601765025
259.62993496867716
242.7373302651281
233.95413943052267
254.26100063005833
227.99254093827358
239.96800746897452
227.77790302522044
227.6769776928195
236.10423910124246
224.1321122708664
243.29326122679868
243.64650329101914
237.02095020208844
241.30191798868918
221.47059330079264
236.247211161598
237.2743758283268
229.39289332398585
217.6130753336729
244.49878161089964
236.78253238888828
246.46395612314427
255.32275442104037
250.49190618933062
213.09422391916723
264.15515497944943
238.86288565462928
226.69965612418127
243.2467843410659
232.36829047625815
263.50000557616477
233.6947742578741
237.0248233695802
254.62416713969287
245.5690235997099
244.32679011665823
225.27882310861605
221.14698579215656
216.21566812210222
237.0648739852004
240.3001866871673
231.40327735130995
240.23431703459391
215.11087460475937
217.67497894448934
242.92665169293105
220.96343707732376
226.9384515401507
226.32835862899083
274.9768223162573
225.1897618695366
256.40329301666316
255.3420014159401
220.5720683199561
253.2193320102433
229.06726508852807
235.88946051746098
234.79983670363617
240.70085409312924
230.83681980721485
238.5051960341425
212.73904257610593
234.48888975179398
263.0899688546924
258.57934237847803
245.95052525957726
241.49848701492374
233.33687156264568
233.73189023863597
252.1127716391311
231.84776553049596
238.37140797450047
229.38560604019222
225.55059150350644
250.57594148822318
225.1310151902435
253.25123748986516
233.9092066060548
244.628902871038
248.02376150742566
229.89636130420695
247.97496358426724
236.63037369072845
222.78893207536385
234.7740203751273
253.60596114608052
231.7884189247634
251.5018318390612
229.84603644503295
233.03604039673155
226.5759638532436
235.9783396287021
233.29719879415643
243.83521667333844
227.91488740427303
212.83205966823152
230.1966361190207
222.28926330021568
236.3273203907993
211.19844879170705
253.16577464557122
218.75230455478595
251.7338745633242
230.27265869127223
243.68314388450017
235.86291388279642
242.06210167804966
256.4501774779819
231.59562407842895
228.99424457884743
244.25313916589948
219.81781301973024
249.45462564111585
223.77685533025215
210.24441776516687
222.32462654406118
223.80522458851192
244.61394866532282
238.03147655948487
246.0647905616861
239.30428598956132
260.1547069060798
237.51542156856522
232.07243266869773
252.7674610943759
248.1020933098407
241.36134516551465
240.82715231436669
241.58213709013216
225.00015170174083
230.48074518648355
231.03635443791063
233.9455805552643
225.6600044461302
242.29195060752681
227.3768149986281
237.531557934366
247.122925501797
235.9277690204908
220.0661129651562
233.28252634034288
232.95503111182188
244.39978632809652
257.74627199376846
235.45605410934513
252.52616553542612
220.42859029855754
225.62422315406002
223.38220671411545
237.2911462369375
246.4087120868353
224.82131109350303
247.57046478651318
227.30082246123493
225.95418069346488
269.97928796309134
236.1802174278273
259.6132835688477
235.88175005934318
226.6697133299167
255.91268867926556
226.37010481256584
237.8630549272857
230.9026504483336
241.27344331726636
243.74286727696017
212.79438880707312
240.21910700710578
237.08882631926826
235.13424602253508
235.3031206468222
242.26232927195815
244.71622946807474
228.2229730774052
234.6397369807528
230.66892292221019
239.86780674937472
218.28545537574246
236.79764090539538
237.5864078615632
236.63959540623182
261.58291652531625
243.91057283638656
232.69289771407784
236.76793951544823
225.33496538714826
238.38468682746316
239.91912028027582
223.1293555035736
230.23706548339396
235.35863226652873
232.8480275064212
238.3805471730011
251.62081937144103
248.05791138231143
233.18513544702
239.5258053485013
237.11397838022822
239.8280693011693
217.06494533988007
227.3956072494184
233.81135219411954
232.6076491687927
239.95774426207936
247.45538992315414
236.81983133617905
222.7718636153877
237.104691020897
239.447604162473
239.4643031661326
224.01863017582946
249.32156543722522
237.39547507492534
241.25476976442587
231.71245722768072
259.5081538921877
238.256498247094
253.50293972207874
229.2384994564418
234.76829941751203
224.00219827637193
249.89934449831344
221.77035977847845
236.5282019782826
225.03304845272942
216.65333092358924
233.4365143287214
227.40002837687643
247.3723030104229
223.21627027367504
271.73807614448015
254.1513625194566
226.75312357545045
233.23082498229633
246.12897312195128
244.42758737559052
251.1447058382837
238.88132131297607
223.92156407696166
236.7201436136529
237.04617822954606
224.0197232114151
249.42836728465772
258.3443512323138
251.22516980790533
239.47308867350512
251.29872504687955
225.30793274725147
235.0745534643138
251.40442218943645
226.87318931691698
226.5979823296002
231.79037896487716
241.969710511803
226.05230235560157
225.44141488107562
241.91962195019005
233.45418556813092
249.68179156532278
229.33811477674317
220.27271385239146
239.65893830500863
220.71310848106805
224.1581273708216
247.56361892921268
225.51898047745635
234.38326323660294
242.11127765101992
243.40423158369958
228.51331209495402
223.92664597252588
244.19116635013052
219.16961219516088
246.0760142511499
232.1202490642754
233.25954304562765
227.7718738738331
235.27719401293143
256.2491929937678
252.7445561896311
258.38359070981096
240.2662274081522
241.88160215284734
225.31551946917898
231.36151971244544
248.93541604370694
248.17451380987768
250.68939948370098
258.43529022097937
242.045701649462
222.74976048439567
223.46031123388093
243.9932612272096
263.3028839598992
260.9394210032333
234.1482789635047
229.1523344193265
243.7840699514345
223.156350926889
234.8952031678491
255.78641477764177
240.1710571579606
226.65109141387802
236.78405808884418
242.4397782549786
236.50716205513163
232.62549700761156
223.53137627600518
227.40180306861294
236.00096831780684
221.05988095336943
232.52915971342009
218.55926718485716
226.75919649265416
226.3092734006932
245.3799741667026
234.47153884630825
242.908005402438
239.81356001690438
248.9727191053389
223.8368830565014
237.61018292167864
254.3447144333186
229.3071088429424
236.90247588403872
243.16305098007433
229.87229204054165
244.3160926673445
230.34273572161328
258.16787251223286
235.45904884953052
242.66988289782603
231.06347027461743
227.93747931724647
221.1713095070445
233.47387372796948
218.43382515668054
229.6238573573355
240.32368062538444
248.19268724878202
234.16589111577196
228.3369135788962
217.26181034265028
245.46809892212332
244.35471541386505
241.47798315230466
218.33357838130905
242.67734083473624
245.87992732565908
243.51589847943978
232.35400800562638
251.21958163213276
239.47468795263558
241.63206757162698
235.5544261290197
236.78376506574568
252.59487428169814
250.7643929666665
242.95100162109884
224.3388639723853
223.50331019886653
225.2625910757488
217.52335073106224
233.08414280581928
240.6732969564764
249.78742322252947
227.91672488342738
252.91522512001393
255.78581596371077
241.84018635145912
230.20279969461262
252.09143485489767
230.19337928861205
257.54393305756093
254.2231086154061
222.4295977782167
211.89542801440984
231.64072274131468
230.96983178859227
259.6104501509253
236.0739278901019
224.5077084552031
245.17085349274566
234.66780417349946
236.68204981469898
214.18887799803633
248.7549864136381
239.35848450164485
239.87545128079364
256.3909432480723
274.4594795940211
241.57058103071176
232.90043955502915
243.99367858549522
250.26204295209027
219.9359834610077
232.14228769297188
223.73604893308948
241.3911424552207
245.32766880151758
238.8849003425712
227.323721291963
235.18575436070387
211.95802845444996
234.58219545686734
251.96324256650405
228.56753604690311
235.21839971771988
224.1503502624255
251.7042777632014
227.4148493475368
263.5380836214463
230.04687862969877
248.7530972599343
237.31361061941425
238.76773528118792
237.9563501146913
221.94582780910423
256.0266028626793
239.40054007859726
256.44173565781966
247.94593270013866
252.9539760275511
253.9139378753316
238.62176220936817
231.940818594725
219.3166313822876
245.41710854090343
235.36111831602466
230.48059333575657
237.21647135107196
242.5125334756449
252.18144452030538
232.15091691604175
264.1355443521752
236.6766586755257
231.62298279213428
239.92508383237873
220.878812216979
246.86798770481255
235.58402116518118
242.7362114990392
237.93713414297963
236.05685296545562
250.27123405467137
251.004267654047
214.08739917386265
228.25504510258907
249.58576063196233
234.8458886032313
217.4408473700314
230.83747378687258
235.33409596003185
249.350706364261
224.24781061083195
246.61104033818992
239.135994280281
256.4349013036408
251.02722535470093
243.5236249435693
259.4084093525016
240.59537613522843
263.8348560022423
257.32877323836146
232.1877194021945
235.1558567993634
240.9032715914509
230.6056219687307
241.3237621865992
246.6305593788129
244.01343712695234
244.83171956447768
210.8747095153667
225.06283729264396
218.69605346635217
241.8410017669812
229.8172696458205
242.17492702463642
240.55140990744985
234.43417281088477
251.00078533684427
238.542885379371
236.4920504714246
225.63372124542366
221.99797838341328
241.08598893032467
228.88081300983322
248.6972164632607
230.53479256186984
227.9731380375597
228.6580759423232
238.76433985540643
245.72728836401075
250.9564594230469
236.85719599908043
223.3521843788185
230.56229311053175
255.3524048039253
236.4941200381145
231.39936860071612
238.16286354935437
244.3575685050746
240.31053614804114
241.4507322206191
231.3382479170541
253.80537441984052
241.00652471203648
