274.0462248056692
274.04709235570044
274.0468406011196
274.0468444210328
274.047027149506
274.04721071727
274.04703127086395
274.0472105171748
274.047052240373
274.04700697224325
274.04697081238646
274.04714068105204
274.0470248763413
274.0469899468517
274.0470844654992
274.047038540677
274.04716332779026
274.04705653310157
274.04761851951844
274.0468802887408
274.04680230801023
274.04707790324755
274.04681808788155
274.0470964809592
274.04727726342935
274.0470663414944
274.047154496664
274.0470521162715
274.04888393687725
274.0470047241088
274.0470020429675
274.04691669868953
274.04686512217995
274.04701825518896
274.04690497345837
274.0469168523596
274.0468476526985
274.0469923133587
274.0471102667452
274.04708135594956
274.0469926303085
274.04700891087487
274.04682991707887
274.0468132744063
274.047003633641
274.047170262842
274.0472106685702
274.0470587667587
274.04720006305797
274.04706574513693
274.0471962409865
274.0470645113346
274.0471930695312
274.04706346659805
