284.5344569810095
284.53374949004046
284.5353776637494
284.5366381207359
284.5370159043432
284.5342561096468
284.53687465569965
284.53587584476554
284.53496431228996
284.53452727791137
284.52474877479835
284.53365915069116
284.53812622017176
284.53673132683434
284.5368365187296
284.53460161783914
284.5422562159347
284.5339329059061
284.53714016917183
284.53816738125715
284.53122617398003
284.53409322708467
284.54035284467136
284.53554828163215
284.53654144270513
284.5271752528515
284.53974575675784
284.5414251166094
284.5365710203023
284.53867095784153
284.5384040480949
284.5385322722741
284.5382980534905
284.53856285577604
284.5381962193569
284.53867737941255
284.5380807656293
284.5388999381903
284.5356804807325
284.5353452161871
284.5366442939048
284.53758648256917
284.53372657134605
284.53525867614735
284.5367724075877
284.535937842782
284.535097212407
284.54280866588306
284.53475970154614
284.53445469688086
284.5353658951208
