281.2778113692175
281.2780595986924
281.27821167203
281.27830315486153
281.27835739538295
281.27838917898316
281.2784076238495
281.27841823371
281.2784242952148
281.2784277350138
281.27842967543893
281.2784307652655
281.27843137336095
281.27843171407767
281.2784319018374
281.2784320032315
281.2784320616356
281.278432090985
281.278432110581
281.2784321181771
281.27843212294465
281.2784321263007
281.27843212787957
281.27843212873086
281.2784321292511
281.27843212938933
281.27843213003325
281.27843213113374
281.2784321300496
281.27843212890366
281.2784321291001
281.27843212929474
281.27843212888365
281.27843213008236
281.27843213101914
281.27843213047527
281.2784321311792
281.27843213043707
281.27843212961125
281.27843213062624
281.2784321293293
281.2784321295221
281.27843212960215
281.27843213116284
281.27843213027154
281.2784321303661
281.27843212856897
281.27843213035885
281.2784321311374
281.2784321287072
281.278432130508
281.27843212971857
