283.2956533494298
283.29581926478204
283.2968851470541
283.29612040201846
283.296878184854
283.2962395051609
283.29685732207145
283.2962890215076
283.29694608764294
283.29629340181873
283.29688374858506
283.29630766070477
283.2969588805063
283.2962991800505
283.2968847596894
283.2963100929355
283.29696424949543
283.2962993910169
283.29688319462184
283.29631064649766
283.29696808074186
283.29629908152856
283.29688169204746
283.29631094273645
283.2969712468348
283.2962987715091
283.2968806055669
283.2963111349036
283.2969735391798
283.2962985461618
283.29687973650107
283.29631128899564
283.29697548316653
283.2962983546113
283.29687917495175
283.2963113831647
283.2969767501527
283.2962982291683
283.29687877534707
283.2963114503618
283.2969776574646
283.2962981412056
283.29687845910667
283.29631150621935
283.29697822518574
283.29629808466416
283.2968783385186
283.2963115238199
283.2969785506393
283.29629805162403
283.2968782542339
