299.57284464747954
299.57985427947096
299.5723508388828
299.5743999600618
299.5737494440864
299.5805141363335
299.5726415081881
299.57460161704694
299.57385469074234
299.58057426545383
299.57267356403827
299.57461990139745
299.57386462992326
299.5805812897088
299.57267610875897
299.5746217415217
299.5738654709585
299.5805812428025
299.5726764533647
299.57462180079165
299.57386553817923
299.5805818048193
299.5726763461789
299.574621884316
299.5738655406967
299.58058137249645
299.5726764459323
299.5746218030854
299.57386554116056
299.58058162266025
299.57267639430574
299.57462182131167
299.57386554160075
299.58058165043076
299.5726763814582
299.5746218558543
299.5738655430596
299.58058105808414
299.5726765238178
299.5746217635424
299.57386554555706
299.5805815465246
299.57267641524595
299.5746218232198
299.5738655449277
299.5805813670413
299.572676455442
299.5746218125896
299.5738655462992
