384.6887949356312
274.21688883773743
282.14618961677627
342.984990452701
241.07857203181447
282.73108418894435
226.50448610297872
339.6474997321591
250.44357895156236
319.58103827082914
260.108121205335
237.36031766278893
222.9092239863553
268.90734068428446
307.05922334026536
274.8019982978185
263.5561469222539
233.38878318429306
252.9421429036911
285.5566197065282
223.60909883513432
221.68124137523228
377.8500148566163
273.7319538589618
257.2029996074061
322.1120236217348
285.780010047577
245.8566152393405
271.9679319631514
312.8863341687311
236.69350961252894
327.756032301153
325.657773064966
265.50767389691646
310.8701780283154
314.44433640369425
359.4860752632285
339.02885920888
239.60694312206397
261.9148791082207
284.38462434655776
206.04072915869438
237.21439660076248
263.36412801374354
289.40833132160697
285.04503368036603
239.27387012573126
276.90884990556515
250.24177995203172
277.64943306230816
290.8622159583538
241.8211434926725
274.47718038420317
274.6019512917428
283.1606792067705
230.78902571143408
302.92900568474215
262.56369073184214
252.77504878588843
289.65986520561273
289.0005839390142
284.7059311082703
257.60383461448146
264.52513185280986
297.98533102000874
336.31607703665213
301.6542082497217
224.60685982333962
237.6666921647411
372.24512932419384
232.3969693480176
274.62045420693175
241.0665990511152
251.89574534921485
222.87561530992025
217.96548104529938
341.236870073506
266.77133525546014
238.70362957130055
327.73837393239955
351.42705348458185
307.1599162903658
336.59911626298344
248.2679716728453
340.27174722919153
241.1201581871901
219.85006122890627
253.66732734516336
210.37501466289905
345.08128241901795
294.16963748713897
282.57132557609657
268.8956560301667
258.97713110622135
229.02687494224665
282.90150766587976
241.594656185036
224.93489619146567
267.3096241781386
260.7529676250124
291.5581415399356
247.37349134034594
230.71991808574603
312.2355005938516
261.4376862838035
286.09668618011347
289.7250295914964
360.16988541343017
258.2353311011393
268.7391794351788
245.01361681078924
256.654042308146
227.8060764339134
288.45927104627845
262.035892108026
225.0125579707892
252.27334333853287
238.82881161356272
364.0777769001761
342.40850266961206
245.22466667275876
290.2811276328648
260.6700946390047
201.96900366889895
251.0454374801193
324.7138282385422
283.322260183435
319.7321530488407
241.74740155587642
242.91348161803762
346.9734508419715
279.89710233846563
252.82605576706555
205.644680220008
303.5785369820878
262.42784500184644
247.5912597371571
270.7198291876848
268.8426964241153
352.4832302991708
247.40959885263146
223.30397180451837
319.77891633037507
335.520761402855
240.3766757177873
227.18171748908208
298.4580792088818
302.5198485965666
235.79492217335792
327.184136476033
231.20526026109292
315.655199432018
293.5344436157611
231.32214045170258
300.5367782896574
288.35257646376704
204.05218668653833
233.431902048731
269.2859770737414
297.1927204330714
251.45742262993008
390.63038253486593
283.11902403546264
311.1260638534659
230.66619453889143
281.9025465302402
256.08584364526905
239.5043955273286
263.96323848326574
224.13837879556377
330.3152191909976
297.6356208340585
305.4146458085015
289.93151604365994
293.5824862132431
356.3982064203228
224.19045087714767
234.93841543982853
262.69185086765356
270.22411585880036
337.5369221795845
268.3203106091969
230.04233163842582
287.3450760420965
230.61962685584876
272.41584250421874
319.8072980601355
301.37388690700755
232.813267368183
262.0366123935455
265.6423013085514
264.766241550431
361.0955461086123
293.376047059086
289.95354312959535
241.63333778996457
266.4508600686386
264.55755335077265
288.38612368208123
347.35393185866997
363.30109233139956
434.4090199923521
243.639028231868
345.9131375965371
259.8630337475988
238.89560740919114
309.2419904815033
232.08451940927625
290.2354885861423
260.2058226330846
261.04598369467567
226.54253270774643
300.1417048460862
254.19167044896312
260.8384806708709
240.00691798322805
297.4879844015086
246.6855513921546
270.38464445040154
295.11881532502593
247.91824999824894
258.3891145398229
299.0837944701125
283.34886587414076
255.55849134414166
247.2779397112754
249.11465077504545
299.7972590774516
259.98153262164124
270.9383491511835
286.69972362966655
344.46199116869684
228.9319998742576
239.0500711590721
297.7980542829828
261.6307871224999
234.14053113776026
229.79688172229362
261.205899021239
360.5680933548283
289.42691408911196
260.88805070973467
358.7279313588806
275.4815218978183
361.97858249698766
313.44738842629886
272.9144832345628
296.0738163908536
299.19229278567946
221.7032365441264
331.74069255488575
216.61456149286823
251.11940706925816
281.87916989713267
252.0395461909211
255.47301746827725
257.8295731678227
245.0520367988065
280.8497213829396
296.59950405094423
327.62567696830956
356.94073948635196
265.7923327054159
251.1419690342591
260.68158903793665
270.653587546738
226.48504877068626
230.61958681212855
225.86197624496708
279.1378723511734
243.16123202009476
250.06283340111258
268.3167461703415
267.0638608258014
262.44645549127017
270.3080935506441
282.0400996697281
227.50881000961817
261.11103208118584
232.27604873217933
379.770815758995
296.7656505926716
270.5137447232846
295.1409129314561
304.40528822274064
257.7588428814488
256.6445795145555
231.5474423639971
282.7569977315143
247.72606690331304
278.78146021047723
310.4925289972307
226.84626786079025
260.0270749557676
227.31186181632802
292.3167580378213
225.709526606719
276.5968827154866
207.2773929090181
326.33289922666154
267.9217661140865
311.32676454790635
277.3601252792432
293.3387988779432
399.83478044079675
267.0759946966573
264.692377725034
314.30085896172386
312.96136409792234
244.7505285039515
290.88400797356735
255.5930624036846
244.69393652523286
235.84043353697052
232.55791945851524
247.3586705962516
240.027565007651
257.19347435548843
270.6640643975552
275.7944226944528
247.77537695193314
296.1544921598106
271.70623849688855
242.67090832626855
313.61977900260536
301.6477537727187
266.8871019941871
279.72126751724863
318.3921787809959
331.18452442786656
272.4008415905846
390.5386299191596
321.79303687950596
347.1071885334677
286.18869738376816
261.3509460143541
242.12316569068935
247.89024994362262
258.52990225904796
233.4804061542818
274.15682078794634
211.20348516736703
278.94900049860007
244.4795839198341
266.0852715466317
304.4461675795319
277.4912164860434
333.23552231499343
254.51928609488823
338.0721657853719
280.8272661167575
249.77442756285018
288.37053580644715
240.44799220454297
317.1030484045623
284.5070236148895
233.73810828653222
300.80037714360515
264.57580259497627
267.3144176586211
226.73713625733217
263.66932153062953
331.1146666051791
303.9071475075616
262.07741865792195
277.31276446751144
333.59949695855903
249.87948204301938
250.1665138790122
323.9773622257635
228.16763850921416
333.25139111606404
267.6331308805238
334.5192405277194
228.50137265530066
372.29758038198634
270.7058231628034
248.64848409952538
324.99337299662875
277.82424557290506
263.0816558492952
247.8265379636723
262.98089035679004
284.86248519037326
267.0843660993705
276.14004098036094
265.68277613271493
292.8740572602692
342.8196883406199
290.9112654966448
323.6356916109944
386.5667063653673
238.35388745080854
238.38687428232515
257.5302597960108
249.90956840160652
221.1993235595728
211.50143505549931
318.74748035293305
257.3336898359703
277.85992930235807
299.56347938069666
246.89154933766986
239.42401202430483
283.6371340731712
232.72209920323803
254.0654177849501
277.90309525470366
266.94959552705404
218.95193605266104
271.60798703967885
271.5164263315237
280.768116951469
290.5199087544024
268.08010845645913
261.62715754681267
430.24592041314463
294.33972479309887
276.3633594628336
345.8573875322181
243.91125225146243
289.5618098693085
334.3643710255419
278.28847509549814
231.24606553581543
276.5498666597123
274.99599930807017
249.62955744685314
265.0549259365798
279.8764074423525
250.75518011355598
282.6033159917133
380.2534744939185
362.7035480344348
251.97627137253585
240.40232906817982
286.81134949898114
308.4794055588136
275.61614417844976
267.61206435004715
322.62963984430826
301.476292619147
247.6981219475565
268.708012663672
208.218287100608
301.1455433770898
269.4801622748928
345.34338515454147
278.0067772242328
267.70512491730915
281.77212933136616
265.4551806701784
299.8209564577701
369.13636662607314
261.3930431677436
261.0564866297209
261.6809963252599
250.07329275393568
268.40638678234245
252.12452006341482
273.5343555983127
280.0319532622234
250.94294713558338
284.4319425238209
245.82863326824736
314.63744393167144
228.01424711293657
290.5867752595368
293.70308307801315
223.6123412742745
214.69136415807588
296.12664348536055
330.37718937288446
269.13892474949535
310.81272804917535
275.37853636126965
247.161195347202
264.812353134359
226.43205170164583
233.65962031210074
342.25342621072195
227.3994030561007
296.925127456896
274.92681783792796
254.6456137560599
261.1297492971353
259.7991337819258
264.0844748093514
305.12431767297676
266.96832022536546
275.7282224727678
261.4127055592253
220.58303827093914
273.3298050832236
264.2931941859715
278.10207934997743
248.32171719090547
250.49901087020407
333.56257769218064
246.6432937477657
250.90258472118876
292.98054191071424
248.41402001134702
240.990515182144
214.7772616823204
236.77410537278047
326.59219061993645
239.66179235570598
215.91627201068331
250.65840077781468
261.09266814324656
212.71362366783433
253.78651028926834
270.57220613758545
240.3763367475476
267.3361582500802
218.82006035617087
329.592058957438
255.814887255925
302.586878406466
239.53820068700588
220.42319232938462
243.75657579433755
244.47806493609096
253.69830607817858
341.2343150153465
383.9457918863918
262.4727836951497
327.6928192052874
254.1765173241438
285.1980625205033
323.0607821952726
310.6720178198593
298.7746190788457
271.246667186846
209.38845539072645
235.99784505341086
294.9617471040692
239.02775952755474
413.9400361761218
248.23223040340235
238.8550726729154
232.08079413985251
223.57026651623892
282.486540443555
280.93585224295384
321.67934724560473
219.07736403809395
305.0687872862327
248.91126698689186
304.8805443235324
301.68862333975267
375.5246229348122
243.00190858123824
293.78600173676386
231.83590108403587
215.63696942382376
310.8274452566693
276.5810216017999
305.21294888222474
259.867036536918
291.25127250296646
266.4050588729733
258.9370951989258
245.0058984864736
248.1116936436738
225.94414348047576
266.6291689100617
216.6735614014906
249.16798573595588
299.4854702820303
237.7325129917008
275.5626909667626
287.37975331005873
246.44594802998472
280.6383011522121
329.2498749864171
247.97652475355426
290.7312476435909
283.17353714923956
320.03310589984176
220.6345746279694
378.79559729914763
269.42670174420346
260.42947402547
265.26666350712185
248.93783015175723
273.94752197674825
251.9106645063439
237.60863438391243
249.50539874911192
252.90158072675695
241.4574266880809
209.73975394343142
291.77922950685024
346.3376930562081
297.64726237463765
264.72191188076977
247.69893559400225
283.99778503974085
291.39238923662924
232.2258228021674
295.95717790702474
328.5069357016473
319.5053732113447
309.54176611671573
250.68898251120117
266.3142277848383
293.6035341944662
266.0834047931712
330.63294406831847
289.8365120247181
214.531495609408
257.03786829308956
298.86538346041925
217.68188822019147
245.14200538600562
276.6888768544013
262.59928964768187
283.2511398450006
300.4686096769292
274.03740593473776
265.29404663012247
221.82452601462137
245.58843846461968
259.7565677795792
306.0134303473169
279.2201381716004
306.99313862333656
287.59897616968374
273.65588479550206
289.7606174778193
261.75544767131214
248.5012849633058
261.7835715407564
324.1904110578471
258.2108924361819
275.80033206075314
298.45968815035303
347.42876019203686
364.73034743298194
279.25630540796556
266.293673473323
264.577004380757
239.7857296592556
198.44141367357224
263.9401416829787
234.87916326054255
249.87859468138777
337.42244567300077
297.79727126131183
295.4478957352403
240.9070098591037
333.20592961859074
297.3841364415712
369.1817106461094
240.30242096990696
264.9112628879957
274.16698927254765
235.60926679582917
343.45058281565434
242.92668453539954
249.43120119223022
320.50560610578395
253.22070581986918
283.4047025323089
237.83360489358893
223.63515573972836
372.75663121728576
227.9629583558999
283.3641792188864
333.79014644926065
295.01005258457735
364.4160244819941
304.3041565314634
365.26384613942355
229.61526097921887
238.2277209854219
327.6608129613742
355.60486060439143
274.242664177611
249.2793262611085
283.8071295999107
222.61292253949796
241.3900430392241
267.5380144290393
236.8039375503431
228.81795086554484
236.4737019985041
276.2804180115636
285.4777855031716
272.8814901698497
228.41917012946215
267.19716751013766
336.72688304120675
238.32231331124785
283.7725376333983
235.14146847074153
237.9496283516928
277.9897189027688
234.86756572738523
273.04068016039673
340.66131340156426
296.60269963368773
260.1010626468051
305.2964463800017
381.07885788189014
292.2147366455174
281.8509191421035
293.36324865432107
363.7185018621676
322.7483629635826
255.23508674351615
312.8013438869675
342.72428125160513
340.65333783777896
237.34951976130833
289.90209742999286
227.34655998565722
204.4491729598667
230.80488372413674
310.09591135266237
275.3338959569519
247.8399596818781
238.84515949731576
356.14849027912715
303.5615682621428
243.34263902253588
290.3047791879799
278.6996623761661
246.33640596966143
251.82577109336853
234.36108280785265
205.577428199118
230.59123639855534
298.0453006538737
255.55348524355213
252.10719393624458
263.4854583675915
252.19121711785556
238.69903665760648
229.91065377779887
266.15364947379567
342.4614010275109
240.07252988804248
283.6984651341336
245.55807996061048
248.18031869712286
285.82732925980235
234.8396875836479
344.7780065019324
311.2931544529856
280.4128343058692
300.46327379663126
234.28324282882386
302.6110912504373
281.62292712079943
324.26241054205457
292.0701761918026
274.9275429919944
292.24536120481207
267.85562411072897
231.26778895320604
206.36220607388532
257.19273791924934
261.9496836954495
241.36941386930994
238.10864865226904
239.40877391546383
297.85165100716404
224.4616189619992
286.1987595888495
320.12999320431845
239.87896748940693
256.5010806087812
226.009877576289
226.32520678945002
227.64362823520787
250.2262323680916
283.29994077968877
279.96627849171637
255.12824131560046
302.28141168592265
282.0172330750793
209.49315837374888
232.81128387112403
314.21536906418623
301.1152076012222
263.85467201526626
308.31901139751426
228.46214916722965
256.77330744010396
257.75528862385545
230.5443718121969
263.45437976531684
265.5539503257605
273.46279475011397
256.707405084715
279.78571739498875
228.20301470984123
306.95440137182595
295.25613033404807
377.05878333115834
284.8398300197441
305.64577592277783
275.0451531393337
253.77253334672423
247.49687047445332
279.141719568026
219.4781234168331
362.5277524596604
324.560802803142
282.0573925836943
260.5164572687645
277.8255782999622
282.1153801296896
231.75514687254326
321.7271684734151
295.98972356753075
228.58715618829592
240.16504313997575
370.8739256906265
311.64670353589463
295.4054072725994
230.26281469830428
276.76657426715246
244.93582477071323
258.6627145416278
276.17475910380017
216.69789419849985
255.52279314800398
182.91266329376958
264.5351723416825
225.5127060158993
226.54521861902322
311.0626063964446
272.48714385344647
412.2050164422835
249.9819673759048
244.26462509139674
226.21252663532505
301.1511356050614
302.19592387857847
209.71118543768534
231.06061212651548
225.90969093356398
317.41094681899995
262.7602801981848
264.8661491915118
299.7881071595475
340.5127325343492
270.110879310203
389.794519124669
261.9800265431695
334.5899160846602
239.15208169689868
310.5512234006601
323.79883635783335
272.75073131610407
377.10743237720453
304.0009169570112
294.3697775894834
235.94499879711657
265.81864738144213
282.04596135832253
228.11565187980887
227.6044311862497
243.4849940049753
295.80471908822074
245.8268230863032
388.4715493028925
259.75813575592474
233.89752452354878
249.50698828609893
359.6331109548046
289.72495526468265
284.5979138434632
277.6631135243224
260.3657978505362
312.6476595402928
277.1040806033998
294.7028545985522
299.90210865883273
306.91278310789494
311.7195806942764
245.86976497020805
305.5094858278462
291.4480456614401
281.9689814095327
317.3623953948263
252.3729625721171
253.3285634899512
309.94198516430333
432.36971331221866
327.1623066615721
258.60542356970836
266.16509793288424
250.00812373444205
311.96317469497444
284.8739550161117
273.5669634586666
283.2173499823839
289.39666854887037
227.23098428544472
243.0644183770637
255.0419266767567
281.8571539312543
279.2008008341072
388.54224277695175
284.5935603468679
261.0075485127745
312.07852734447806
255.8873526447278
297.8119890646485
302.33093846664997
281.31521547728335
450.3694146384951
255.66498517539003
373.019876520877
395.4581212938647
307.4156685868802
273.2649057926319
282.14585397669
316.80201609496726
250.72988546447596
260.7105280808173
232.08682625857182
248.1794385535759
277.9868388589239
312.9947924898879
265.25121082464466
313.947406068648
294.4276715009182
225.54223170373007
248.6734824255691
374.91337918350473
284.5761605630105
336.9690349898301
241.330379935971
199.33284841137356
271.9928079644451
280.11750261628185
240.08254919323372
282.62901476348634
268.9002434597933
296.8827343962621
274.23398531237035
262.8856115253584
253.23671234527137
264.56357220420614
230.4859756602673
279.3294958776678
246.75890435103793
253.81880784931127
234.92720003821887
311.1483700371464
210.20261372427922
289.4075335927773
227.92946293292334
266.79412324749865
347.3646599078784
258.3511856214609
258.477131882275
253.9314559882041
279.5944185780245
236.5743748229579
241.03298739041202
256.69506121845916
243.89609098731307
260.68075256131124
258.91457645443734
265.75445474288426
283.24326397117693
287.95212911529234
300.89271392818773
214.05453619454056
226.42187976045534
321.7257502373541
301.6053703672369
277.74634470808087
295.1226990183932
235.85034255468054
238.482830965193
272.4927798890276
258.34484826546395
301.18298491369933
225.63791727344505
268.2372426276561
284.92429626744706
313.0224088510731
277.67982973263133
234.04014485306107
248.0694373268052
252.93774831673363
240.54027520224918
229.23095549596474
240.66404318483546
298.1299020067672
294.37673316465225
312.38371083675884
249.70145173120545
241.57248221104965
279.04046304675285
250.19607052230276
294.27286174951587
269.01646959932987
266.2505736859748
279.39795317233074
287.1670304062427
267.2933757873834
308.408418526873
254.70099665771704
232.3008817382506
290.7313609904959
216.108290220669
248.51834064751165
277.2645035351743
371.5215522716171
241.39504756277893
306.1776766322437
243.62902582302922
214.5484433801612
314.90934516559355
253.07257879700046
240.53690082469257
234.8996553599718
247.9076192761422
308.09571037685964
293.709565411089
272.6709289033897
351.16319296794245
285.5658807591535
293.8121862881817
242.29873846232658
274.39745626045624
321.1314978902228
296.2197789744241
269.92692596139386
333.2242466917378
330.341449801228
308.1666752670426
323.50547888176516
258.8147616162314
288.7855884881574
322.59763273061253
234.5247064792784
263.35033039352857
277.4481806320837
243.14188678219216
267.5246918260236
249.33399369270774
235.64530717383604
299.7988149440498
237.6122484296793
224.50562773022102
291.64529610343743
272.77194175566547
249.6035038533737
246.20785551611334
260.65553489420563
245.98019321030006
231.42917001829483
259.14138773077866
291.6843238256988
267.97411870834185
264.0189672767883
343.61377630295465
239.62624628824415
247.76343895238824
315.4064019204234
246.42460959032178
307.40677791950293
218.65551272715675
244.34712817519903
315.54844403266907
302.24285606038757
213.24727689044084
280.7096207438153
274.2368746858556
255.9949273141101
270.0693491512211
289.628540939244
300.8037100075744
296.08291685854783
275.8511481047608
257.94456497504143
317.6292014719802
388.31150279717986
289.70363404456293
287.8015554861631
362.4266022106749
278.65334617276676
257.06663327105343
280.44186198484385
303.9929119492881
310.56084104673937
365.6108858549269
283.7015045504086
234.8468836992397
245.23217080475297
272.3199212537147
295.13994841004023
245.34413203055738
255.25649472681107
270.5884383189841
234.24478454241762
286.1422330746427
331.39476475905394
246.68343329482013
272.2455911033903
249.1196681697038
249.5486095312517
279.57606939802645
231.80052224197425
263.2108174035675
201.03770137554966
227.49450990610057
284.15133668115595
315.6862151136156
234.86088393320097
307.3123524802504
334.53565216599964
294.91847092605894
270.64782691549044
272.77960744005395
230.62703231693013
265.4002892356948
289.86192440101877
332.0124557049712
228.98431257653283
283.60206668806495
188.92048668058123
268.7355279252515
260.2727922251215
243.0008462170954
279.0389868707862
264.13621915120166
290.3438434464042
253.2997028347454
264.80443824752
277.8176662349724
291.24292937421706
268.5549918836914
255.9016803004779
25.17909006989794
200.83446386636933
246.09697100217454
256.97803422017023
240.22894210158847
231.1523590189754
270.3206774389837
285.5730203365092
288.5084647288313
254.5874677268439
225.7731814053259
246.52408380428096
303.5471840905375
242.33666048035957
312.6470425677253
282.4625334069715
251.42846793000354
233.59744152473286
242.7648891878198
251.40347812726395
336.25957810523687
286.21379195933696
350.3738143717055
219.09810882242164
242.12622921075672
219.9943396988092
260.74886418448295
236.9129517468391
222.6444756257115
304.6789887921768
292.1595345773967
236.39590800140286
250.79843696998432
261.25220623309724
314.0637824527221
259.23527778184507
246.5060220072046
234.59526695101522
262.47304740693653
254.64853088953532
253.64314572827425
240.2423517301213
316.3267565686838
298.9492821135791
277.78975026734406
274.6593334983336
363.83667587157106
314.4900965579436
280.5742473335122
239.643501604849
251.66625466389814
259.67953204596415
347.0669389803661
304.6836103364476
364.79323106160155
336.42505149316275
312.8625734060188
223.09387780190445
299.8304601741256
270.5694972486235
322.87593442195794
355.9523352459655
351.144231961749
306.0952323072124
317.6502356764395
285.66701131738955
293.99387037032284
283.59539030649466
271.6995973925805
282.09941274567973
246.87363499827916
274.9068871436757
247.7846908122301
260.53956503781956
242.12430167477578
224.75881623791065
205.47158709785435
262.6533196864184
301.2510115716141
236.9013751713792
234.7993637114414
236.96593261469388
232.76282040018123
232.64505313267
250.9337646222557
263.87912327673985
319.2107615463319
289.8816369282431
248.39532253425568
264.2315451998729
294.9708602887695
236.48630896495888
290.56190582789714
240.4838565857499
226.48915891873185
239.37727030098904
239.10022098268382
276.08460639353143
273.13767671160167
273.20714347838657
250.51360674964963
296.1631782062468
275.80068189196754
347.2632810929208
286.8973768813303
283.910441936634
306.73526633292204
278.9867412811727
218.88419704674743
244.08315590501297
246.67579130543163
211.67751429823693
241.5592490915442
242.8437931028311
267.5098822553409
255.71040913125034
269.58609859790886
243.19577240740182
247.49245656485436
242.77160867658677
252.73591500183102
224.14131104719127
278.583286668465
262.19240580743644
310.18397141370224
218.7863720014575
306.2767451098771
228.97873322287342
278.81305241322843
330.5263104894548
272.61640892230207
303.2507914874004
360.5732670245925
238.85106310847914
283.3023318288033
289.1064136394998
308.82775625324575
308.17493778589414
255.67596999520902
279.83734664844815
253.1207147827954
261.80051867943257
288.70562139875256
255.35850665805629
258.48545787658077
272.3993729380891
293.25885157333687
347.3085388758336
340.57775442674756
299.3411598757957
255.040442843223
279.71079987235134
239.09697586478433
356.3059158438118
249.89103114727186
289.67860393121373
237.45125697989715
253.52119069657056
243.97372320317663
204.66110015736194
310.69006962754065
252.91536034923047
270.86051609012065
375.3910172324977
275.0756171803223
245.06194959423738
219.1218790714629
302.0829898220836
237.59732924873242
317.32913214096334
309.9161062127678
290.71900887216907
278.88130399707006
239.23902136605466
343.55955568735953
265.7372980020009
259.6457507883315
244.92772028618492
341.71887730964227
252.71788901265245
234.3553989289794
311.2312120505958
265.4087362566497
242.31873410008848
246.7460082785692
295.0655928554479
263.5521093197167
358.24482332146727
319.51591616362566
252.39116610499332
272.33940477570286
241.8973226044327
273.1396770000574
278.8335831774166
294.0198495433433
231.19223704200704
225.8772685774602
288.39503871795023
261.6520087244571
282.62913139211014
239.0187210512231
290.97438394022174
236.5770823074272
272.058562505641
313.1057102330378
289.26589430088643
348.3310453352169
281.00030075130053
258.7360526918201
239.87809691164875
219.96027725859312
246.51329401746625
245.0397586893523
249.79103370878147
239.22560080111725
286.6683472909499
241.16990659420844
271.70246230834164
272.1774306773441
285.7923228216823
280.4436164278886
265.91929421172244
249.2593466770486
227.48438972781878
272.0715662037255
289.72376874723705
273.32780405750964
295.7826535082422
272.40573965694057
259.7447924587177
342.8587104888866
257.4230634489795
239.84551886917325
246.22634790552547
231.85036194021814
252.1212038791855
248.93331347138155
304.6822691456182
246.23991586448392
316.8624705350958
265.71759935928276
252.07114503032062
341.24562721612165
257.93185194267426
354.4740540746134
258.611998601642
288.2337188735255
359.7399708155426
308.4838106156094
270.00866629113443
260.33963139215484
255.99206963955658
276.95832293847343
295.6090121414163
241.5159809529432
294.60736481728964
330.0822944440879
286.6305345449364
273.9175006276346
290.12303027685266
289.6641768355039
317.1840970207122
331.78566528338706
262.9759050665889
315.35454498726176
282.5118883255054
304.7391805386869
270.6043759289314
244.83713155490113
266.3879325396265
253.98707474436378
265.4563157262746
328.9631655246485
242.63468372472562
270.97429369128076
314.45747989893425
306.23185068916064
335.0421043203096
250.17155297193676
303.24901220190804
317.56685243576067
276.982286641025
319.9668269783142
358.9653290066053
294.88792308064876
281.76242385368096
330.33626550080953
265.2525276535307
255.38450510869734
313.47497705655405
282.76498376077507
287.60540854377905
285.8039518324658
314.37034258048516
337.9969536231365
257.51243935804814
235.78303945122752
242.2610548918019
296.195541175548
275.86814197158674
331.09424144460354
209.72395919682458
231.48990139947273
240.47971116635017
267.3596531274379
269.5805322152446
240.57871465495555
265.8937761808629
251.92444383521797
265.1984269845416
278.31683105323464
393.529643299873
269.80130913102766
306.6376299864496
384.51312560838414
282.76736717903987
287.0317775857984
285.5359451273689
277.4740581618971
307.8553755946341
255.14049423875986
284.34887539653573
305.1662358243484
243.2392599300947
394.8410276818322
306.86313503579004
268.14515038981335
243.87821953208186
247.25004611426266
302.0564455188578
271.0678996837232
251.3914949403843
311.9550328992191
304.32590968656586
299.9442025098833
355.4143449588446
260.66643712390214
253.4915492265718
219.58058366418118
300.3623789623962
262.6595270850812
265.5832917151856
249.17241088324226
286.90041183662834
285.20669164980063
355.4986299164593
244.60661572194658
292.2379243260948
276.65195920929546
236.41710608016
296.93947016022867
234.4857422459172
287.1861712359241
241.4834578675218
245.08775305078598
286.27145427215146
248.25457851641113
268.60279163945233
387.3767775185406
258.9733832081547
257.9090483090258
217.2491721136612
350.77745058533037
240.70890393428272
259.4928741934709
281.80120026436634
254.8402734567644
250.58944238274125
251.99956705456134
277.40975441224873
246.0028692834312
248.3366524091689
273.3616220288095
274.2666374326218
240.40651597833494
354.8653113099281
243.55318778037326
318.70811925671296
249.22370631393278
249.8448513118201
234.79027313290862
219.37957527220715
238.01790713117225
209.3679768150323
231.46373309398768
235.94281066191616
230.24805638351245
256.702261730039
238.06946840544697
315.8896347244736
243.86417284380877
247.98440168233356
324.0820226186188
301.9330428726971
303.9162795782904
264.6186060878681
380.00424071017187
277.5720766435261
352.71269089041743
261.58127421472454
261.03020515019307
251.66812986979494
249.98908375797328
225.4173056029249
240.9372267818544
263.6541633462184
281.22523250617087
275.2477739605238
294.5683303086553
283.07755993824685
273.78555609838804
291.3216663032654
395.8345969953807
278.79075601586374
282.43411767162615
280.1584274201887
326.2955672168755
296.3490767388139
255.05868393776473
276.4930475746514
238.97168624418555
274.2201370091061
240.5055167755345
285.1865389224258
232.44206357980147
229.69017423054902
253.1380753282574
275.4335656015319
255.65724302694434
274.526235956233
279.7062440328882
267.7836927641765
284.00409861956723
335.52922826225404
249.86560190434102
264.24102237814805
326.08580698427977
235.01156210689805
274.55794482387137
274.2699284112314
360.0926613108022
269.34493728383677
360.47169333708007
274.1375739132636
283.8704179963097
294.93391429033363
286.85283876158064
258.33522882068064
269.470318848209
276.9227575804107
251.33541352767497
257.11654787062434
228.61031918309163
362.49518376396736
280.37215625471435
260.85130918730283
275.9074380650418
277.2359078170266
239.23716892913217
253.65318995260168
266.5448953496525
258.9803446785081
219.44627253041836
235.1874294913141
263.94575829344103
224.1153263800661
312.2594071276835
292.821518092358
277.6443196795881
315.766653769766
282.84655929979635
241.15372686926275
215.01065818435745
298.49699605448404
245.79259893629933
245.97526129562175
239.42312020104146
224.34618427674286
211.9990178165608
215.91714172676438
250.7060135656502
329.90828629070893
274.0363842835068
280.83818238787353
320.34136816323735
251.94410738244187
280.40959293121705
274.8592434574384
264.503893391171
269.445045260014
276.8434934084653
301.72693039203295
312.742643383448
294.03137550043175
247.1593320236425
338.5477626787615
208.82529087539297
260.95124254218535
273.04950176918646
285.74434347305214
350.1172329041874
235.08234306791564
251.59469510882627
246.2575637776754
224.6357561814948
255.76012988219736
237.56419378571445
245.3432561669033
264.75245626835385
281.8167687796522
326.2657073677983
334.17537160543725
261.89889683778165
230.67695590900257
215.0401992247207
254.89903490507277
274.50450345285935
261.02988873730646
294.6189123771037
226.49558243592037
272.55440168315545
263.0199076933204
305.7788176133763
238.07640202401672
238.18127579562133
354.3869679470663
266.65013113216264
266.43278281897074
299.75101159437327
242.96702173451195
349.1009488105192
303.2429482899606
268.2570199506008
346.5312195063452
278.58645401365357
227.16843569860794
235.724982452346
327.6322829303099
287.646546057309
237.25073799217353
261.865845392982
275.77503763331333
244.16478431673022
259.40968741459073
307.50690150423907
249.3510097338003
195.30016048875405
306.63347192521906
249.3261310623493
332.85078123782296
243.16436738072662
226.0415985902073
247.47260913427453
219.34811178338714
237.3393322234042
266.4223445877433
235.0311615896644
270.29436504573096
227.9693906813045
235.25285544927465
222.3950995997293
225.3922616666532
214.33051912812516
262.96237626933726
229.48243222828023
293.2924260403379
247.74861095525557
248.1905249346164
249.3073357284884
229.93160517135402
278.52487226296216
296.2981731664622
332.58190748421475
357.8037761093583
418.5675626191078
375.89267655159347
231.77275719033787
228.47192408464616
246.9714184157201
259.3787457742146
286.86394826107426
264.3043808264192
313.71342135744635
279.01833990594605
297.4296362728346
267.24946537596406
249.0257331363391
274.23063513141824
257.44387528207153
213.0713923308067
437.27523509960156
271.07613252894953
260.6375060030841
227.11739252629923
245.6468714577495
237.69625354459276
272.61388738953974
275.90407399175456
304.0972941967775
256.4968125525047
250.7015754712047
267.46974987897556
322.60818197386106
282.27829798933817
243.48565558128757
288.9844370804494
274.9962101598503
288.16713116999017
300.981954387913
304.20682378316997
285.3642541987356
265.3387287596124
230.2797242908855
291.0452465318376
256.68777005461743
288.3406624952913
250.5660053655156
274.54707081924425
223.25429396232357
245.66549353604205
255.70842653873842
309.04348145844415
309.3856238286244
281.8543937167851
280.9159475181368
258.2374215837335
252.14330809173407
265.1471381232841
237.0164299259195
278.12378475040896
279.9174501380767
242.1530416260939
264.1742681643809
267.1902771170717
231.333119838906
277.19361256441334
224.55343555292347
229.6475627621403
211.2915084780543
219.3863825442968
361.1108201974421
249.58084321720526
306.60143146809423
257.9951033887919
245.62558476737468
223.0448840163299
293.79593578580534
281.35080272576306
279.36287289694883
247.71991546679055
263.9936756992247
274.8064422241878
293.85389982094057
275.15899220941355
342.62674364296254
257.0409934615018
234.4943370206165
292.1832074514823
263.95479269512
297.0736044761725
296.8906764726853
238.67191427730722
266.346604099439
309.91241289989557
326.99884270271286
263.2469967500656
287.4403122471995
267.88263493665727
263.62691171991173
247.5432173695881
276.90494347322965
232.4998036948964
320.76142767549027
254.0417234081542
278.7887319420697
244.7424629369052
249.5245932515827
271.4544521914213
274.0277735591517
311.2076019789092
230.7540455206763
241.7015441028052
241.76847072626697
288.4594236795674
272.6526865521446
282.9949136816431
234.01489077997394
272.33556021767436
319.9145446642069
332.05719699827023
278.3838849311578
278.5895975874155
262.42611727298936
336.52476804639446
287.61503329582047
325.6420493296464
246.52085936960066
281.8668432912091
252.0525427851244
237.13505302619888
244.2568647665321
239.80815742630512
264.8735442950274
268.43110757303657
271.6424947110936
281.9564078619005
219.1376137008774
275.55806557345204
282.41056026890874
297.15828976471676
263.72989476221846
240.58596810273593
310.86746561637847
271.57064980000723
419.49273837613873
281.4397886323277
267.3314172195387
300.4706482650363
357.6890134543064
340.1870042679948
344.26962541637477
249.79970093659358
219.43747860076837
220.14624366955832
297.7091171499924
258.17604931333335
265.5856042127707
249.8318031662493
249.0023363706423
276.51651975297136
282.4885511609027
266.3419182743528
300.93277996534016
268.3514412448858
247.42538545222487
273.75616147142136
292.8243549702456
268.21047537453705
299.8428203605581
213.32331897190306
282.3146085050539
303.73745144403074
226.95597481232835
255.4875339131686
224.8438470773399
290.58591582311783
259.4498142231023
303.35417122917715
300.84456931450404
252.81942765269196
229.89763263094937
301.78381316078594
234.51635763363447
295.8920381007483
217.54320193250896
348.0479265052709
246.61468333157245
272.1801059700665
338.8219757755869
254.8106737967464
259.1490069893771
277.30259119695984
250.33030210318975
229.51421775965719
291.270583787933
253.3655488693621
244.77949865395203
246.52455558732618
248.11047917802352
217.55559460353106
212.14109082857613
225.14077730174176
259.30078859766945
244.00331510521937
305.44454479415435
272.16671520017553
249.89081572729629
274.41415925649926
337.76321434415877
257.0134776466293
224.81429022643715
306.9775339711923
315.7239560853923
305.4032420825679
336.32453423319384
290.39378264232073
320.04023301647976
236.36764783621766
289.9918196500512
231.97079727973323
303.7194696320221
253.75224564259406
242.9695507552242
271.9443522208603
212.28585433447734
250.4362695920281
258.68226840300485
291.94321598811075
391.1661396205891
251.24655171704944
276.4558363443939
301.30784634908196
247.28544268244877
297.83608486677986
258.2633749288507
289.3650591488695
318.8328500824282
326.28782836231403
285.14070115354843
374.3378868998261
254.96134759299457
256.00641174567863
273.38649554469157
302.1054238071665
231.12551370542496
327.83030797727406
243.25157377531286
280.3111727796495
239.53702414990403
324.1511505485978
284.7657956260955
269.20766261185054
289.457115952624
334.1462891030824
371.04117158823647
262.78500412299763
248.6158872494707
269.9896220845403
321.8286823258968
318.77878998511005
267.4899477851577
249.55399122426752
341.74221143044997
472.76988788100425
389.4271299879765
347.1305942304898
297.48832656396553
248.61276639939751
306.83492388401646
299.0658104920294
260.1316357270116
266.5170398125192
277.23971133853775
283.0309688000707
307.348577435012
312.93266739032697
253.8188161229482
215.55356664198916
334.2071644118987
274.6898182935547
263.880167409312
260.5088614212582
276.58364205725957
244.89241842878982
221.84418019023724
282.9838250261964
315.9552892630454
240.0873796849046
254.79248931014445
234.17879519343842
261.79692376591265
244.9722893194994
248.61569323088042
252.6569289272884
224.37497835734393
214.63100739370566
323.8320546927862
274.0664315338945
338.64925805828534
292.2556099444628
320.62362914707046
245.89400516904425
256.7631086182082
286.49870473949704
357.4012731825933
334.4886538205901
340.3867986558471
264.06348776828963
242.78932349709794
301.6234651542036
239.70415216265246
266.93931566388346
255.30875614716206
265.23555944650434
251.0893557233503
252.98563174169976
282.2045305216452
225.5724535085028
194.36691740399692
277.5815568068065
311.4596475805156
256.3531861852389
322.7883556295419
347.71459695743397
266.2480935016647
244.7636869016569
245.7973621720448
238.95137594279367
258.34273223916534
244.0656316174427
291.03199514141306
300.9421016217675
291.13331267028116
229.2605488424888
295.5346036229748
271.2073555336101
285.6508558297064
294.14158349111676
242.39935775322374
350.00495033722837
211.95394940755796
284.3021881185705
249.10867199895438
203.07976631401107
245.32763384480495
202.07831929647364
264.49559581361245
293.6756135739852
288.7465309962863
201.6469437549822
252.22578900738154
294.8002894662786
326.0812527568778
314.73345156456344
255.3612446845509
324.2221680509392
262.761697440641
228.76778982416727
308.03419590950944
238.78702108422294
246.66960248514079
341.02297854050994
254.92511403840035
255.09389797295444
227.48265743476804
226.6132378168404
190.0785772264935
270.4708328556735
279.8057111821836
420.4944179143058
278.1748836534098
343.5683478737483
265.0477821760578
277.79665731464047
266.05940382159315
263.63590525335167
291.12548318644986
256.97118719667196
260.911526664393
216.61861566617154
241.6373087130487
255.10718746646307
296.6428569556447
262.9577182660578
246.92186295229476
324.3550629983656
253.37873403623234
288.0254272434395
242.7666532684816
246.9719181426335
229.9726539668627
254.85318206099328
274.07109238673
272.5155830195872
378.6702867009444
239.5181488643866
272.8166311046807
249.54156627692282
263.841146936873
308.62560011364985
279.1544375756057
284.77057025406975
314.91907872387674
243.4489091053838
301.715096792439
260.82545160339214
263.9711996949045
257.2760642017238
256.9709993307479
281.3670419198461
222.25906308798585
328.32857194787357
217.66916329972446
324.50357877626084
335.6458207324613
285.8513482854469
307.57969851826783
277.2790237477748
420.3399158171378
232.2672674760688
277.74376525275875
259.417877070955
226.83999854465947
243.11562981898896
297.2291367202997
283.4921501716599
299.06695471075363
303.01190532685723
286.3038475207286
345.21240444888826
274.4572540484369
371.321297122282
267.1513108527288
251.1857220083475
249.97079156478867
275.87041713425424
291.8914853563765
249.1698970849393
288.6674340640893
353.6975358610507
308.2496719501214
243.80349084245972
278.49935017642565
221.50142158893868
267.5763032375835
227.12386779265944
226.81461103016045
242.7613682305673
262.55863281933125
289.0046148112742
233.32653386413585
273.6241048781667
250.4422456016764
326.0789766032249
266.92969316174276
303.4273875206709
243.01748545235023
287.15980591916014
255.5571377426386
266.20379686378874
281.66359112760983
288.0066974539077
244.50235829490703
257.5112271743128
262.3778043993516
331.89745453419164
282.75963273865636
315.45408636296634
273.11601337988395
278.0418882574886
274.1303389216773
290.0557773708133
280.01476673432626
289.83624134620186
259.5987971209688
245.15514976845589
304.10097200155724
319.1609914506553
376.5848558462458
263.9082390187541
260.25425860856194
382.2109344023047
294.63157051231246
243.35949274571612
232.31539524893742
260.5385280515766
268.7920190480072
224.21039617212955
333.1735857150052
237.42683629749808
246.730993194622
242.03692419221625
256.409444871475
284.26421542069875
269.456112066051
214.44159263500478
240.0846320190467
280.404873060761
274.4478191261878
254.27367386117112
227.64892629510723
254.44388048618566
313.1272340331925
234.4940120591782
236.6826605963288
316.2657431096304
262.11281093547586
243.8617527213646
274.81274808733724
344.7776139299385
248.12775743135717
292.1433533616364
257.4286091782851
239.7660720051499
331.87296266900375
259.0253799058264
275.27796053350903
326.93764688435476
263.1310725042131
261.5036057509715
281.63771124661434
257.00972857978195
222.74423883622512
296.2360619646497
217.8932746712817
212.22999008302577
302.75930261577014
319.91121860512067
263.5164058771916
305.4466344343964
271.7693456452107
303.99720655079
281.9829640510725
273.0230514901923
256.546695250785
246.8861366386991
298.79122406512033
257.8803457033355
227.9242935446091
263.54360233503394
261.2443668785272
254.19967508711852
258.0309583247872
245.39005109632853
238.3542682362022
301.70445600978564
256.7101813098416
239.41691772139166
220.33518366201315
277.6360754495254
278.79933675320353
303.44616243522614
284.8056262222817
254.5956344975857
302.52113382238895
261.8998832810903
246.42914548749104
238.08895471855067
289.29518794931937
277.75847042771056
266.03515837644227
274.594610214117
270.70233627734706
259.4359989137156
308.84284054429736
284.958864951157
274.1072409399785
280.88822737534065
249.3818408534862
257.65792795456946
245.12182044645306
330.57143705082126
368.67631354823243
257.91524939087685
276.3525118228281
302.96823485335335
256.2749169552699
281.4341593994759
240.2118237153627
226.25575002352707
277.6973662371747
365.6671575215878
300.1870083102258
249.1463883887045
224.6997793437913
247.23556599509902
254.2260879917303
355.7134194695391
288.4375214902684
239.96125971374568
439.28005477029365
263.72046969865914
252.16160783322994
260.71151529462077
242.7411992169218
280.0036633441923
279.6432863965165
204.35323959542438
363.1507816648809
224.9986070843879
248.50740922731347
303.9514589193277
248.07219736778643
242.280461781309
240.79059626930393
363.1571250829147
311.7278130177874
217.4538779995637
286.02242461778224
243.7077035199618
256.19731148553547
291.963988593081
246.11450087826233
261.05296110513154
308.4739910218632
285.65018270129804
224.04857921903022
364.4415845067706
301.19943913340103
281.7224076692946
379.28817922843155
283.5840729426127
258.398981426144
281.27248974435497
273.2531951350393
294.14209769584704
306.32829017960466
289.848394976696
291.10574612556957
258.30469362810254
232.94622912432533
243.48524966358673
271.05070328805596
209.7353252711473
222.77547289733775
249.95008758967742
248.2693883323809
230.18701466929633
234.983131053159
262.4630407586228
274.90252342878375
289.0165606312221
273.41309144021943
317.6277392685879
330.58047934493516
214.05492120760027
269.30036784068216
233.16152920760214
234.48360380495433
332.02306207222864
308.0449123347644
257.54609137494117
329.0389837484108
231.03024438256398
292.94649926305283
264.0634872530354
286.8490709126927
249.44068135763519
246.69920661475044
254.89870978146791
253.05539806955494
271.19501243543345
249.04126509837806
355.5439666121965
277.8170644782949
235.19693815882783
322.5247112183133
347.0164635825204
232.27827658725437
233.8920189840719
286.9913491969928
304.5514849383617
284.95887596334796
255.47985785419587
226.4314724894939
243.4901379707735
308.63408365577925
259.74816745484713
278.2823171544587
232.54108255100437
273.6997115329141
349.99723697069567
312.6231070673093
230.9964943206869
325.84639254771173
284.8409103320446
281.50068107654806
226.2322831642814
307.08015728287864
231.24007752211764
254.81599266896956
241.57672714756336
297.1993630004581
286.6488836713834
238.30577003594954
237.28223186777905
254.07507293194067
264.3195183003554
240.83197229215875
296.44683947763406
254.85958274325822
379.85387647501193
249.62458349613007
243.81504151725676
304.38506697909907
271.12022940674797
288.75006995303556
319.3132204769645
335.32646415405907
284.6898209786741
258.08448703342583
283.77270580944605
282.91049433185253
256.16276956908405
289.0828236244852
257.98355144495144
292.18850346677937
256.91405320412014
263.40671547537204
272.60405150824226
246.42546187143307
266.19251963403076
253.31877333240118
245.72402691084426
275.70479110546876
294.5126911367988
254.6672810751479
393.8229494927218
255.9278333465336
256.60356548510026
270.08809020207264
271.2269056492951
248.76675509044435
258.8440211365232
199.41552025265992
388.31665383826476
235.09334968111943
214.61828647262882
246.14574620570056
297.13766520132776
277.4136115810834
282.446354601183
231.39130652416497
225.59425000683405
260.00484050484374
242.16090389713645
279.14268397167325
269.4113092276966
219.38848134037107
266.61580531077925
271.92092360008974
288.16476821992546
276.2883631789591
248.7122327152174
289.3098334517563
262.36408101790585
276.1076301680878
286.02160026622005
416.98075609933585
250.65552843001205
237.60403289517853
336.91333328641485
254.71250222227536
340.6037156616803
282.38442811428104
294.84842522942927
231.49034066067543
278.53787453321274
296.05266054091044
281.95581130264327
222.72515567881055
292.2024745482486
249.38227222603746
247.2507776975399
230.12665821774863
252.46488080208655
323.9814133767504
273.4050431040814
261.9967104245443
244.16157974582165
239.58583822799847
255.87118936376646
267.6475261976011
290.0349680194631
254.31690222444013
287.4034984568134
253.31894196814392
308.7982222342398
258.9105181891937
263.84618236497045
395.9796847758116
346.77873061655555
343.5262473328039
242.49933917378075
261.72589139523916
266.3812251423951
263.5784492485691
309.5417010046076
315.65667272999417
237.60294599249028
224.52207774005365
246.36858146067243
199.33521483372897
216.41876682266593
251.1541334571084
301.3381001796806
247.6929185697809
235.08733118104283
266.6434071577387
260.8523883727612
249.64298330806196
238.7666478524916
272.2298469649395
204.13738252979238
280.9235063177766
295.65954639413394
246.81859444710426
230.97581447125413
284.4200972034596
355.3230598011287
255.72509262501262
341.5847288008081
251.652666880982
312.8809575275518
239.41679156152532
281.133055285085
312.6814423628384
268.84055686881766
224.15605420060456
338.85049474122934
335.4357536882162
209.31748683506157
249.1063957172446
339.74874999944586
239.59004845563322
288.32987708586734
274.4123468317557
332.2928157870192
246.9832846687641
239.61761978152208
279.83731639105827
262.84071660786867
262.12544784042984
261.9738682945026
247.80185595795047
229.686774019734
292.90125184401404
256.921180729405
277.16106282919645
295.284390752553
254.57262228394393
252.4741381398635
280.92648568190634
272.38040885084774
270.7468264156487
353.9669956234284
353.0935073894216
220.0059236336965
251.3902966582682
339.8844767679693
266.6152532506967
272.9805433793226
273.47243220102973
228.1351316088112
295.15709605114534
237.33069576276466
294.78233517252374
296.9184142691083
221.7774486783892
289.70039987412747
274.5510668103816
236.7792505690595
321.4063384217443
244.81807863828726
291.6701939069899
294.2982452994911
364.5795960747637
279.84770217037294
241.98325224895962
331.4022342968965
248.644424320315
273.8409798128996
258.08364115515724
339.4105813797796
226.5460437106667
330.31243812618777
257.8183349549072
347.60305531858467
280.72916208335664
279.1389466577675
312.95994584984146
284.7509233916644
325.46317061944865
287.4294589103665
281.0541839674115
238.0680186607642
241.76064714672975
258.4456874381285
239.30805686104577
317.02237137651537
244.459539354546
297.26458720187657
288.189179850393
253.6204752040794
311.0328328120522
239.98819816857576
310.218174022506
320.79452466929797
266.4525319375098
287.2431685170159
240.5477667885134
240.9794636524748
284.3368356876308
286.5114664667053
274.18153642571997
223.73416083608754
250.15820346109103
289.7076728856191
294.3155953194946
274.7722857068293
281.1433115688851
236.84163388772868
249.08523264864925
294.0181618955685
291.3941055443138
354.4787471658783
273.322246646625
264.54472753743175
259.04075229587033
323.68244392448105
240.1425428785151
378.5139624000294
221.65089909313247
339.6498785155127
251.04973531654105
258.394550538389
294.7597706380766
220.0147837755503
300.27728672290687
311.59069599362556
250.80711377342232
240.02739015046973
251.1460752140265
216.29061283462215
340.9486377675785
237.5751362524461
267.13532646850217
232.28279266902246
221.00181109155528
223.79039002850186
259.2493655534927
214.6588645897573
283.3948003654368
254.96564732154366
277.6008363197325
248.15070665604435
245.26774315326475
287.3882895181887
303.1892672359245
276.2855150483083
331.12676967913285
254.93107126757968
245.33375958015677
290.0774936658563
254.67934573302045
257.2013475933345
310.80061218945775
269.80917829065584
287.29332707985304
267.68529608193785
235.1690902155824
251.46438337652944
245.24604330363218
276.85481557121966
230.24284857092425
253.3559254570864
234.5437863273546
244.18056828842964
268.85884448699653
321.7146143534919
264.54861683084164
241.8347480596276
275.3119777382817
308.7048556713853
271.4315680586733
255.63059010868892
249.32910111441743
257.6001160419546
328.8442295866553
281.52748292521574
270.39636000047904
253.82954724284355
306.0419138467405
241.84398523136042
269.15274839824997
294.05137062841095
282.0647670433391
226.5467907038983
315.15171299676877
349.0427848112304
275.5177979565924
305.03643801098224
267.7044392997632
240.36189946357626
280.8811859653797
231.88784362829756
300.7265471742721
313.58624356181826
254.36549466487486
278.8795530156931
242.43330231681466
349.1415046772454
272.3404779692646
317.2401161757298
239.02842059114482
229.9635371970944
296.36792514438275
231.43963233090471
236.78829565283377
284.246229965589
264.1906154017197
244.99212986475322
269.6383875817992
248.19032527052332
249.93776470853481
244.92741760832723
296.8566954626003
264.6865742095979
263.2423488268396
388.7991527392296
314.09526220546104
268.80261997063644
267.8308607835788
270.1494718599133
282.8152315726038
366.3458643836202
303.7941707362188
260.2588264804799
235.73867001046892
279.1565281312214
265.84098643262405
208.85499266919214
251.62526465405244
240.85122182418127
285.0542294392362
283.18984589353204
282.603726041154
269.0817191872047
300.2661378387129
237.44704412657302
346.5735734439222
234.58556862780824
289.36645505193155
232.8053800985217
236.47551824268885
235.9441376455361
307.58754156378563
252.674338595476
241.74188995629083
204.31629544170573
308.67001938063186
249.65333953499794
336.9024249545764
219.00365984649397
239.48056300985627
223.2916052765213
251.97964268852957
208.87321984791197
236.71058330289088
322.5500613213517
242.84919251070824
273.0273133025039
285.2694182760315
271.49128179391846
314.1306322213495
330.2376815562602
294.1630537675228
335.2616317492211
287.29474953282624
293.2372346527409
233.78887031180784
265.8424568915507
301.6955557074398
282.2966507773381
256.94068840157706
295.2728549328167
237.85540990927257
298.270761686028
280.4496239523869
252.1616418369813
332.6737042753957
276.73717674810905
267.3289428357966
272.5052701407112
231.87350016681012
231.6724000829272
271.1588537043426
405.6559375554789
274.82799919426907
288.04727057320997
290.97917184687685
290.8134470838122
267.57808034610935
216.7767981454963
286.41710777569097
240.66974781174213
262.7077726071002
280.9084352015052
262.870088793803
243.14729320304468
255.0584835743066
279.9093094832497
216.7514023075346
282.5217189077521
277.78676044626627
281.38043842453044
259.24005148222204
273.33786177588627
330.6266847799998
276.32953483518213
334.6224713680567
346.28169903194066
308.68415332585573
284.4523499008501
287.59815019986127
298.75634087016806
260.89826098666526
255.4435120836133
256.03693791513797
276.95494101487566
264.7376740090549
235.92824631393887
262.74610521574505
260.823306694394
217.200987032149
234.10777262260672
287.87615045695566
266.5072610490024
279.15951126103755
238.18740748555865
276.3097434969386
255.93403977365233
255.55664986674674
233.76330983813386
259.80915245832875
373.2728078494547
237.60321349510923
264.68768304993864
289.6907298961887
260.1376454960555
286.77605894813314
322.2211614951957
268.47754671878647
232.47508923325222
236.11710593348835
234.2678974721348
273.61519539367873
234.64610555337276
254.63197777362075
234.28972246381454
288.37050095631275
238.80535857926589
267.09793162951246
355.3965100039495
273.3530062707141
309.45174539869186
267.3630433769431
288.3839335942175
280.29994651535526
218.1225120484596
267.5287421987159
271.1192044337513
252.61418283812236
276.67668340553064
282.2559709575726
252.78684744983912
307.8233295241371
241.60228322888725
292.378224809072
301.8620583609445
235.96162580209784
259.70016193646006
259.61945728748105
231.56749602826312
217.6247630341677
242.41126414155588
313.6121698911302
240.36983146390412
282.70733249536715
356.08015109901316
289.80431759229396
213.22189456119668
292.61923266085796
278.70378777442966
277.6339983168291
273.28516806231346
238.2295826980844
290.5834586942801
328.03180116193835
263.1100206163246
280.4048885683296
243.5158113790676
323.75485803792253
294.96838703844696
303.62869804981165
362.7815095144324
383.22320604277775
297.60760784416925
244.2287667444907
324.67520929069724
237.2636454978492
244.1672867347952
231.27200103923678
331.3143691358855
330.40901232068427
268.46528800285887
298.9277593777515
321.26282204454765
242.32062021712773
245.36607535893563
282.4185902620666
319.39732252492104
383.55083536705934
236.2565035801381
251.794620601926
268.610089984606
253.47871381195728
264.0989975349512
270.30146927095484
271.2446052461164
339.20813714619726
291.8661829044577
264.95324617030565
265.2928591144737
196.25101599784102
258.5230589720886
309.2675024487544
341.7052550269291
458.3681112473132
292.6922435326269
284.0370987642091
253.3578801668482
232.02503569447435
237.56683369493112
319.7349946728209
365.26115605491214
282.10863098863047
286.9698326950893
278.0088105686009
260.97491411003284
270.29667118855286
275.901006227592
271.88927299308125
281.8321764903376
315.2558678643545
266.2160525424406
277.96033943560906
255.1742951204069
244.2382715101121
251.77068967267405
344.48766849772073
343.4809257060988
320.4593130822759
203.71297556126956
275.01828259183094
236.3656805244973
405.8699515420012
280.03662960685324
282.0880864340579
263.85261210694443
289.98320587852504
260.5600700615905
378.90488714235835
321.15451611287426
275.86528173671104
287.44061678112485
486.3717180547537
270.37025498447474
243.81453259265982
211.39922675827984
273.983300862601
246.12973449670244
289.4473499011947
228.64201005443465
237.57585065544117
344.29568747628946
294.31297543959226
257.0754577504704
243.0537637103116
386.6470525069162
235.27748009830248
363.8566600078484
274.7498552496545
302.62490150891244
326.6106828734046
214.56513962964527
246.1373937567696
273.2468070181785
239.6935660870513
256.29979750467464
252.99809892033227
285.1891070092097
276.179960421985
253.27985587203875
273.9162900415249
235.3503082934767
229.71686004521325
238.9692140709376
272.25341915525496
318.9757429573219
271.6721991590457
302.3841965808533
292.46856690582354
245.9226364820497
244.14334880840033
321.74393317778595
316.79243418807164
233.01059536018874
260.5534416332375
251.01328610244673
255.4815139642451
214.74608267308213
252.90027805953287
284.8255573043134
274.6697968755616
225.62897624494508
267.90612276038155
239.13462165836245
316.04965584224556
264.5940224309452
219.02458414016291
259.59599011042155
296.71566694870126
261.78333856665995
246.72043774882331
407.0178203028627
306.86939075624105
241.9134519015206
268.1060051028617
224.8017865519505
227.58216859435197
269.3614823787939
285.3155098936986
222.53082947677467
296.048896655906
328.97217469487805
264.45499304588884
242.066276678117
284.65975583170075
261.42620633600745
305.93357356404886
249.70539294555783
252.4408844137797
254.70583462831564
255.82900135894306
234.5829109409824
261.89655152126215
224.30384872166906
272.2658307674574
210.61248431249987
241.56165319902357
261.1959066139534
277.78205519833136
276.78948551928625
286.6408527358435
270.03182930359617
320.1952977172332
266.75673215382267
277.8647364326753
284.10507986776065
303.3414069133578
359.09523918433115
231.89452791237272
263.8879411147209
229.4619273772696
232.37312265881337
263.62383573607076
239.7130427052034
318.9144441867247
282.69394474476576
257.5510154014919
347.4316707649268
219.2059231477324
271.3562935354421
259.6059069795301
249.64050146110822
259.1872485021595
333.30001712823287
306.80735177651513
268.36085779673886
290.41266521951184
287.29618625715375
314.1384731667349
314.729197009583
234.13049217115622
375.8701927535003
243.9943504568655
280.6703277071938
313.3453678432852
296.06959510280285
284.5611883768579
287.5181087915553
270.553684210754
244.588835006929
255.64248320763
249.0450954057742
333.90814211859833
321.1130359094823
290.73283576697577
284.25552259502
295.9778964747675
308.053668937413
274.4103320935974
281.7161202811403
282.10271448187996
292.6303059781203
261.5745999958599
352.1545437963214
345.44608849310316
249.97431499150116
284.06682142440695
250.83385931467637
255.25785275967792
228.3551374791423
235.5998378767399
291.7847066054819
217.58267721079756
290.3335526071023
368.27429826790467
250.80556413251907
321.97616146458313
276.6642428111518
233.52427306980826
244.4290982215898
250.54002452490386
259.30759081069846
239.60265125054866
302.3368349279044
267.04690056829713
298.20326093467884
318.72660620091483
228.2406297737034
249.91753062454518
285.22174412035383
282.16423485672567
305.6335200347239
229.04746285709552
260.4644231222337
234.31781294743996
226.32864378229715
390.9263225366594
338.0964640567545
306.92157991742715
299.35631006548647
348.01563472801354
234.35070978314616
319.39382476056926
310.8096545825247
229.50818207627162
242.2758932581637
244.60831297165714
203.45047836750746
234.0772570394911
268.494647569838
357.03994185326155
305.09042426070664
219.94487606664188
239.67243009875529
277.7148307651514
281.7445837613195
259.6758033144288
245.55975478724577
268.8849318076391
269.1955800136784
221.5795503151603
378.253519774531
361.97509777208325
324.18920501798857
316.00445333728567
272.0158505656291
361.73249408521224
265.01998233166523
302.30173104058485
306.24737374007236
235.71157029201277
240.22616251476575
264.69915068126284
250.386280993931
300.44882728136145
349.8860074697295
299.8837676945841
331.6970700350357
248.05973531177733
353.63753154082224
337.22015587601345
344.5569466338493
321.3101303837029
294.96075351396576
296.6884129928658
363.16064249537885
285.1810659011826
298.12379931635223
251.6062713089632
278.8279385227943
250.39561497792602
327.8508599794004
382.85012656403705
277.2687963746721
239.12586090620607
282.7261291060131
267.6147680435097
232.6416669813916
244.38362784520723
271.14807577524334
258.8206544975983
246.44508392666467
236.20343771681655
349.01610993780196
295.842854809016
243.61459997913335
233.2992900724057
354.795331793488
317.0406656184932
280.0849424256012
318.840020169504
237.16051844868343
275.96185091440566
303.2408447313355
282.10594684944954
341.9633977537742
265.05946978123393
293.77535483194515
308.0634197528707
289.5767919481732
231.94087153370492
244.73314295092132
248.23937199823558
245.83485989796463
287.7530714686727
435.9904324160889
416.52785264817066
383.77603169716895
325.429344279808
281.33573401835747
371.5407464893069
218.8571358215995
265.06519160431344
235.2817743665073
285.0411173911998
219.97556006582454
307.54570366896223
226.6183145912364
235.69003367959522
285.6265601624036
284.00779892108403
254.99510422721505
278.4665682979394
266.15059197705705
280.7754311852623
295.80814894428477
331.1945822346024
312.502159939846
246.82690924382769
239.11230140726548
224.34152391005773
205.78919351939112
210.88878963689785
309.05113285174593
376.41174215544015
292.49629276955966
271.088212652714
333.72911297145765
298.77612379123457
309.05488582747057
283.1147976043867
296.36502701521385
300.5756740811048
272.6401882432401
306.18032105080783
297.91968372184783
351.6745142592117
264.8556572420057
297.1728787225438
245.00964787555858
389.3368553810287
247.22516780090518
349.30745033780113
244.6287917838199
272.92843923612963
394.55343809747137
262.5450492245145
272.66636152297724
255.0325130125275
216.1338198252488
291.57309110986535
252.35116150823887
265.8142823423259
275.9246911146911
333.7767038147431
280.4712867840426
271.8762287826976
240.84668417368084
263.378050242085
256.1187924629776
307.71123703266494
263.6719930738909
248.83140290132724
289.3401536329184
228.72792041883804
358.4926807816373
259.52929504949134
264.5839941048762
248.0916180856293
275.1669861760456
221.17874549736734
272.5957181538688
328.9560507342685
244.14559005293995
230.3598896692274
254.40973554260563
218.27835459203925
300.96607882750686
315.72637546935584
246.49897841492202
296.97029449197
320.47746298857965
207.12941285024863
194.89269318268634
336.04862636106554
225.3050990148913
234.75331545912195
304.21522803779226
227.497901028255
269.58544421975967
262.50425341911614
256.8983294641366
222.3599400158273
284.56447273038793
254.2823663786985
356.10239749622997
274.4855241718469
332.6949246072909
307.47240740363486
322.97370713739656
251.18893434735946
318.2505494572688
239.7150480991695
270.45558932749555
263.6864617411047
267.1580037465319
234.97349627467338
253.07967916678172
255.02854886418208
334.8507128811907
243.22264657740016
274.62906766158994
301.6611855891533
259.6578936377773
319.63417911774013
238.2378108893754
274.5558182531968
260.77345394017175
248.73121871449985
254.76248256792314
235.3216258585453
315.93547101691365
217.66922196745872
259.4545718131121
309.5258815048728
302.7972086915979
244.2342091758037
232.80312417796813
244.71601142117288
252.32774029218126
226.06548059696797
281.17658022709657
223.01809216139372
279.6397622845834
302.8740690740524
236.00365341780707
288.8740776811028
247.3900996336015
264.86183107690886
323.41057449614163
325.37380179099273
344.6545435024891
292.80295323906466
277.1439708149992
234.25704997754656
250.16914743487723
308.96169292659033
287.2465226026252
264.38120235328097
230.57896320673171
333.9630355995614
292.79413877776824
215.67372951551806
258.3703938857652
294.0928603899665
300.5547220228473
273.15421702933963
277.6978752017021
302.0196605033707
275.5018707681447
277.00174926163163
247.80982865823898
242.22322976379655
232.02658439509105
246.0043753151549
334.3951630135998
318.633067809511
259.7631448225584
325.77899756853003
201.23913176706992
296.3004550653277
245.0838521713158
236.5063606534386
307.03306598379277
279.1714756616857
338.824295185972
294.78314654924907
263.25364149548113
300.1414554574294
250.09937451744918
281.6163600705331
261.4627250049962
205.92301346524619
258.8584680336062
243.40764080698136
236.71106877352577
309.4591618113918
263.04487228475045
248.41119439643808
272.42561077245045
215.04901007632725
311.36601566988975
328.11031086184084
299.4519904849585
279.04221128229983
279.4509109419305
308.58316661277786
259.57814066228457
239.2789319868898
251.11844173783902
284.89731541648507
228.3085781162372
218.96811777341645
299.95855824823957
221.64715963148046
233.78902814909816
279.13816787989344
226.95068927004468
241.28157703345641
243.2329148040153
351.89693042542785
253.5897041973658
236.94103472970892
295.41617975605186
287.61424669914413
262.2353810026543
311.6750471815467
268.0073482020525
255.34703591326252
249.95964412018657
214.68483488960192
293.5763916356955
244.01284106378444
263.3920101901749
253.37633506953716
253.41854389943182
229.28732893872075
268.2085016691126
230.82879801874515
267.9386315315496
290.9135164101608
330.29380872345064
248.35195692814887
258.71525402821135
260.9709317701636
244.58007155335508
273.9809376152698
259.217385519878
233.62107981322333
297.2918800620828
266.1004176513525
283.3210495264502
273.53490834578406
284.0223882111022
269.493118594517
245.14542838558555
237.5849690438481
235.44623878702987
307.15399302286096
273.51638747297693
229.60630234284326
233.5370529295178
237.46017104375642
274.0971569084795
302.922831445816
281.23955512733664
319.77556121966336
294.08381165447645
293.2620485202642
252.37951655429788
364.7514385036193
238.05948031984735
269.28361423301976
277.0964183891192
365.4445933800889
350.69512087327894
336.349030022393
269.08952854713425
250.86007300391793
308.38834687147755
269.3159639912192
261.44853126909584
278.2806679161731
329.8767574315425
289.30759410129394
263.0907357445685
254.98636540491134
284.4292569136014
238.19740066793747
339.26888353948016
338.2000709491549
261.57035364594776
287.9084776835516
329.97018268948887
222.18322846875526
263.9398401223589
246.315316346474
402.981701917015
250.2721071667038
245.1963940684218
239.74108821665868
248.51026215893216
259.7149500622181
258.346820995328
199.98802653700113
235.32662383071147
271.81364220858086
211.6856053371448
236.17418977362104
306.2349142207531
323.5402059779735
359.3103665120434
285.26372634537984
301.5674170013517
423.03315368120093
417.58076196187176
249.07196166669019
246.371860127314
289.1798159003956
327.30786180263385
255.3964203487849
265.3615780554246
275.8715664000483
235.22979901719373
288.3149088099599
293.45326997037046
296.61589095252566
244.10303068428766
250.92456294037402
235.90781705838162
305.8937178935157
278.78347525093704
299.438451545313
230.32960779231507
274.7877363957232
296.39876064972486
275.56096878962126
235.7736690894235
267.3031024809461
312.06680441391654
241.60814224905334
272.82925055443775
244.95218477072194
283.1186054573627
267.5910492351977
248.7982495293254
304.2011547811562
262.26932156132534
258.8377527965931
259.06112897442654
256.1495750301983
239.72110937477555
291.9613426766591
243.12975025572814
283.9213858064031
271.8912034481764
244.0147042676108
284.2143770083785
271.5777328229742
233.2822018500883
265.00811980175786
336.2433836522978
250.33558006107341
366.94872166449204
260.7185087337857
291.2295822571032
248.84413953952026
413.5941169738071
253.77843229996506
277.71833195653744
256.58019832428545
281.81763184280135
260.6583730331622
332.0469003219623
214.52570723858662
228.53079405403696
228.14541377685964
305.3103898576228
252.70661641156767
294.4510378250852
244.41315154579934
295.36153628549073
283.2489919307409
249.17568235343788
228.4585266605718
251.88403649674729
226.28304612031206
288.3040515575558
265.20197134919
262.60206771071535
241.11246845591813
