141.42222916394894
141.42222854298961
141.42222798484454
141.42222754883278
141.42222715157732
141.42222684744502
141.422226591254
141.42222633737492
141.42222613912872
141.4222259802973
141.4222258613654
141.4222257388874
141.4222256459443
141.4222255814484
141.42222550026418
141.42222542961008
141.42222539904378
141.42222537469115
141.4222253072512
141.42222527191825
141.42222527108333
141.42222525126635
141.4222251988267
141.422225228991
141.42222520748146
141.42222520019277
141.42222518120798
141.42222514844252
141.4222251517258
141.42222515027242
141.4222251397514
141.42222514051173
141.422225136399
141.42222513728302
141.42222515961112
141.42222514664718
141.42222512339322
141.42222511067848
141.42222511269574
141.42222515266258
141.42222511544605
141.42222512734406
141.42222509928433
141.4222251449046
141.42222512983244
141.42222514338937
141.42222513768502
141.42222513480738
141.4222251411029
141.42222514523746
141.42222509536987
141.4222251231131
141.42222510880856
141.42222514692185
141.42222512080298
141.42222512466287
141.4222251178253
141.42222515231333
141.4222251075098
141.42222514546302
141.42222511980253
141.42222516201036
141.42222510651663
141.42222513469096
141.42222514809146
141.42222509325256
141.4222251347892
141.42222514600508
141.4222251038227
141.42222513362867
141.42222512605804
141.4222251321662
141.42222514052264
141.42222511629552
141.42222509220483
141.42222511980617
141.42222513126762
141.42222512828812
141.42222513549495
141.42222509357453
141.42222513918387
141.42222514179957
141.4222251098072
141.42222513484376
141.42222512989974
141.4222251326173
141.4222251238789
141.42222513922752
141.4222251403262
141.42222510595457
141.42222512913213
141.42222514086097
141.42222510810097
141.42222512633816
141.4222251241772
141.4222251253923
141.42222511306318
141.42222511234286
141.42222513559682
141.42222515138928
141.42222515105095
141.42222512228182
141.42222516985203
141.42222513935485
141.42222512382796
