203.11589518849178
203.11589388140237
203.11589291162818
203.11589215147796
203.11589156839364
203.11589108875341
203.11589069700494
203.11589038647344
203.11589015876598
203.11588994713748
203.115889788628
203.1158896555753
203.11588954723447
203.11588945391213
203.11588939967532
203.11588933603798
203.1158892906078
203.1158892591502
203.115889232442
203.11588920177746
203.1158891820687
203.11588917664085
203.11588916321125
203.11588914281492
203.11588914011736
203.115889123148
203.11588912129264
203.11588912863408
203.11588912129992
203.115889112305
203.1158891233208
203.11588910864702
203.11588911172294
203.1158891031937
203.11588910283172
203.11588911100444
203.11588910761566
203.1158890999759
203.11588909460806
203.1158891033756
203.11588909505008
203.1158891041432
203.11588910627324
203.11588909689817
203.11588909134298
203.11588910286628
203.11588909997954
203.1158891038467
203.11588909058264
203.1158891076484
203.11588910729915
203.1158891011455
203.11588909538295
203.11588908791055
203.11588910208593
203.1158891063733
203.11588910272985
203.11588909829516
203.1158891008963
203.1158891025225
203.1158890946317
203.11588910369392
203.11588908324848
203.11588909490092
203.11588910236242
203.11588908667545
203.1158891019768
203.1158890982988
203.11588910104183
203.11588909219063
203.1158890960869
203.11588910097998
203.1158890898223
