88.12331008646197
88.1233083898469
88.12330658238807
88.12330463498347
88.12330259639657
88.1233004881542
88.12329827504254
88.12329602057252
88.12329386758938
88.12329156091255
88.12328940476255
88.1232870939557
88.12328485828766
88.12328272585546
88.12328045994036
88.12327834669304
88.12327622208522
88.12327415218988
88.12327211669344
88.12327024168007
88.1232681771371
88.12326628147002
88.12326452891739
88.12326269067125
88.12326105433112
88.12325934584078
88.123257656659
88.12325602632336
88.12325454627444
88.12325298222731
88.12325147485717
88.12325024217353
88.12324877944593
88.12324746461945
88.12324621350945
88.12324498133239
88.12324382173756
88.1232426177703
88.12324142347279
88.12324048427399
88.1232394652634
88.1232385344847
88.12323745509639
88.1232366485292
88.12323562046367
88.12323478706458
88.12323393758015
88.12323307532643
88.12323240589649
88.12323176623431
88.12323091864891
88.12323014545109
88.12322962335202
88.12322901736661
88.12322825024421
88.12322780964678
88.12322715657501
88.12322668649176
88.12322611567834
88.12322577290252
88.12322503472569
88.12322464325189
88.12322424241574
88.12322387221684
88.12322340683022
88.1232229927864
88.1232225739841
88.12322211024002
88.12322196370042
88.12322163695717
88.12322123701597
88.12322090837188
88.12322054721517
88.12322037477315
88.12322003156078
88.12321994406193
88.12321941262417
88.12321923946729
88.12321892757245
88.1232188415288
88.12321856051858
88.12321830474866
88.12321806309046
88.1232178350474
88.12321770448943
88.12321755437733
88.123217243623
88.12321719085958
88.12321709802745
88.12321682496622
88.12321671678001
88.12321667382457
88.12321645299016
88.12321634722502
88.12321617979978
88.12321609331048
88.12321597892333
88.1232158453513
88.12321567799154
88.12321577346847
88.12321549240914
88.1232155049438
88.12321533345494
88.12321529934707
88.12321519372745
88.12321514666655
88.12321513001916
88.12321502148734
88.12321487852023
88.12321479120328
88.12321490212344
88.12321476480429
88.1232146557686
88.12321462977707
88.12321440497908
88.12321447525028
88.12321445641646
88.12321441401764
88.12321433665784
88.12321431500823
88.12321422240166
88.12321413530117
88.12321417820385
88.12321412838355
88.12321423141293
88.12321410126788
88.1232140782704
88.12321403479291
88.1232139023432
88.12321392540616
88.12321387455086
88.12321386611075
88.1232139064632
88.12321374201201
88.12321381927177
88.123213803814
88.12321378744673
88.12321368870107
88.12321361918657
88.12321356679968
88.12321372065344
88.12321379406421
88.12321353114021
88.1232135338796
88.12321362059083
88.12321362335933
88.12321363096271
88.12321353503285
88.12321356959364
88.12321357947076
88.12321346807948
88.12321353380321
88.12321344814336
88.12321353991501
88.12321331572457
88.12321364979289
88.12321345186501
88.12321337339745
88.12321339362097
88.12321339803748
88.12321343620351
88.1232134327729
88.12321333353611
88.12321323287324
88.12321342537325
88.123213340652
88.1232134372076
88.12321331983549
88.12321330507257
