336.67712338164637
337.90743262719377
287.4312629685329
241.12548362149687
301.4046254628324
197.7693021841901
242.94864895529076
232.48673084003394
203.34554118416918
295.66604338650313
246.36998586770187
286.82218756431485
260.974378547191
229.74815255674503
253.26609321908018
225.5079020314688
184.93521972703093
226.86782534877057
259.3509125705723
248.40745758900175
222.18347999090747
259.5449838838249
226.22789574069066
234.96018457287664
203.98589402749803
284.729619156441
294.4453506624477
267.54483295793125
293.776766591066
269.07410933604933
231.5119705179004
247.22225930282457
260.73468515041077
281.7932824225536
222.62257149007382
249.24916807473892
231.45993278209426
220.90130461139415
240.13078584368304
256.3783249651369
247.34022760787047
238.0877808419773
292.45612626217917
226.64887626784912
273.9233248425626
251.72783223353508
224.8246154993958
203.388360603818
280.16181785530534
264.7877440299708
222.0893053450709
251.71743976665493
216.845525649911
269.61274579322344
258.73967301085395
238.04965098931098
241.2162804389245
244.28165773050932
306.7543700169572
299.363755410408
225.57184051024888
226.02076596619918
245.43082954663987
218.24519102435443
229.77737352379336
218.26873447265461
216.7022314416099
267.22066654097944
220.10966533289684
225.87746115092523
224.77821601563846
200.4021879414904
308.0920361240278
279.2341292195342
234.25558336511313
270.56140493516796
280.7212555511942
215.68384126407182
252.73612044172114
209.80222059555672
246.27856241437985
272.3635820673153
263.43850166723496
236.31318246207593
225.6607377253822
244.02652220653545
279.4084781891579
238.94549230453777
224.4997891256353
352.57125399269717
222.41621324991138
289.64972980950915
285.3443755218832
244.45754033785124
238.9889686671704
238.04732619518472
290.7128085000804
262.1636471141828
232.83705559091686
226.93829837521116
260.29651710472535
215.41195668141518
246.84615774676422
242.77071486104978
250.12818542012974
212.55744051566944
235.12342479372455
199.8332399327919
231.18065810820917
300.4739432204515
230.75068712154462
278.54098335365416
255.03542734587245
241.58262045688753
288.916428788496
213.4193940856203
229.5965397744003
253.20660286723432
256.91708470912636
219.89579659368246
262.5019865543509
229.88540862828086
247.1726194114308
251.06390589729563
236.08319094062608
208.50524624445825
278.90014049347155
339.32466940918675
232.75314143354262
282.2293414813721
287.507869993693
224.94524930668922
233.51914716057945
268.61602369370667
268.3472662999993
235.22171135534154
249.27958129657054
247.9675678098065
220.0358763136901
199.2485845776464
233.81308837221877
269.41369118754665
239.95776693063817
260.3112738399577
249.86257651998312
245.667998040175
235.15126378189598
254.75602293749398
254.5598579380603
221.1872362270733
234.78016432686854
248.865021254147
232.06093469548068
294.9098087893217
246.94825158415188
251.29589568935626
234.6935034250855
257.25644417443254
243.85611321305623
270.857739559091
256.3879421259189
253.69969101826428
264.00124356940796
205.39775823586388
279.89264747226116
207.26603271793283
278.16938783879596
277.6808879086093
227.24566340393358
221.38417594136263
244.79841515674343
226.50879798804817
203.54446272899804
275.08126582632394
254.83678532168415
272.6009240553394
255.2671859525144
301.4366565612072
248.07362515928253
220.43502827570046
206.61478036505287
258.99701531064056
240.54130547212844
234.64601600330934
242.22188186999847
232.8909018500126
259.65035703479225
292.32377714817267
306.63217095303116
240.6334852338041
248.36613440842484
233.5638274291705
217.58136730142724
286.69297847896814
234.16707252137712
218.21650229370425
266.2209843675737
317.35731523029244
266.0235461835982
218.53386336172844
263.1689487240001
309.2367098024697
241.27938371989876
249.85757810476935
215.35147023538593
211.30689878886187
240.85616018208384
218.69512629443489
223.5446180202198
221.44686131166236
287.0525638778854
191.5126631924286
253.0886748101475
261.173953367208
244.17667283600895
291.20008310601406
227.0535021564574
216.58961545534112
253.65888620795158
228.02447029860195
265.1762289066537
280.8326841195376
232.00321918741247
259.6632511173084
262.7021145407707
305.0389907736753
328.5453637209066
242.7013297688245
244.25399314468086
221.97184808118618
261.92319565243815
242.14572422723722
267.3883044325921
217.7154522509809
227.33296444720327
234.2179649476966
249.00765483244322
229.05430410402914
267.77889270192827
300.38180187385296
265.6227033440373
228.69943510765006
249.03621240994835
339.30833665014507
306.546866801953
209.57882222507033
200.0618160747763
230.20221600187506
207.23356576690276
209.51047406179714
234.83216611505486
231.4374313602675
236.84075880877936
244.54405623706407
248.89322191260726
298.7428648880523
224.97248453654174
273.60254449818603
234.22240647961007
267.09300646307383
223.6795032279406
210.1652568323334
271.86661377433484
221.70172110706335
289.39071860811964
257.41035885119345
314.30114000852336
263.80934621969936
239.70448318238778
214.82626228810113
257.5241948575567
219.87744753430889
272.97759394318564
261.52158550496097
216.7750581997243
265.05435130625847
240.51509340669145
252.77223834698088
309.69813056170824
229.7426978830481
212.08743164448242
260.93022524336993
210.5808969946811
256.6787896556925
279.5855424476031
207.08488914210466
217.65776045824168
292.84889643140195
311.93975385329395
226.14912827474473
257.07513496189495
301.27678420163284
203.90112152136862
283.9531747026922
301.6310979122063
260.81018025682715
230.0284580640582
260.00021458769334
244.17256041886867
242.0041937513015
229.92254131870868
238.70015670555586
286.5765178911679
251.7879757171031
259.4960491169186
287.00058516634454
235.17266964525334
247.1181386525568
245.73353173617215
245.9635440830025
234.32667498348746
238.53037366093486
245.82170644734288
219.32945578433282
260.804387912387
279.3691466136079
269.40204522803833
271.8647922897653
296.69923623354407
274.38923347208765
220.1542918349005
237.87717325509584
261.4552032263018
221.99135964162997
242.9467239065707
249.7007169048302
228.22867035919626
335.7541142889968
225.9675148136157
231.45576830167556
228.11519149504602
213.39333999194787
266.3211352052458
249.42815062057343
311.62365421930735
249.64612065030087
230.55698612819833
242.1321402756148
221.33183022409503
257.2824579350854
292.884755304578
258.19670410154504
260.3016475618351
228.0113346707949
248.4150219281437
267.24967959625064
274.6699890117743
203.38389312163054
231.55417179394863
258.06615135399625
245.53188490612956
242.47102825740876
290.5409307492664
234.4551500928792
280.0679575596587
281.7462205141346
237.58240389509592
209.2647017746349
287.81048266301514
269.03366452756745
294.0137114763784
222.5691515528306
247.1998188483558
211.84671905294817
275.8729713341745
263.0354287395312
274.41935357927287
350.2967870564171
242.14767821828718
293.8848851824732
244.60750435330556
267.05167026401614
219.55774606873456
249.15087813434366
254.58501702657668
253.05477619476733
218.33273000601912
226.8217425540497
205.99562897557917
232.52089261113724
214.31491911280318
226.1131457509473
241.95313672922202
189.895905864847
264.8176260157343
274.81416504039953
258.61767604654597
227.59760032288614
279.3322133039328
233.70931542213657
276.58361167089606
294.42973733086546
253.51778754183033
272.73543088197766
235.02726498323318
264.1809483187535
226.06703247076075
240.66279276052956
311.39648999059864
246.64645032200497
250.55953051688266
288.92915808862017
261.44730109363445
339.803215570224
256.91689087190025
239.81756609489094
237.4769781706127
213.6066291176394
233.93855675843952
258.00575431722973
232.57236744093825
238.0411338158301
225.59433147945674
236.1699469184823
245.22200041802716
236.07171332820144
303.0764658628177
205.19807763145946
233.76265532011166
210.14610836829524
241.32355163317698
235.06780873204116
231.65166283475992
266.3718718015007
242.4120762108505
242.28062382039207
226.82193100104632
228.88962600374362
266.2903305278305
275.44544211390894
247.47211155573314
230.0096080837975
225.8607634404034
282.7995134681405
218.2706792474928
234.66286014893558
214.4521505897428
229.67652879178058
250.76329662679927
219.5567349990306
237.67420466851036
262.41208055996685
230.57843645426328
254.26774325598672
240.1015223586728
239.8942154746328
206.95328762984718
232.5525363219349
261.26162713445956
178.10407558259612
309.64619331153517
220.83919996063923
241.988566547574
255.9751951246726
253.26238937338348
232.73457724841137
228.3089805529744
240.3196842934558
235.62938333366765
235.24994564182998
248.76752544178453
212.45607225497952
254.12427943156217
267.747113731195
235.05768000360695
267.8417670091003
243.69455782363366
230.71962170294137
313.1440478309669
222.54798904136987
283.5675939923094
311.50550242411555
234.76550741904066
288.51311319193337
240.43880841659848
271.7267494527041
247.00606400618562
286.91171544403187
212.963001126147
271.28608747899125
234.13773023422982
238.2175653402519
234.8967435935483
271.2170272115909
244.7369948324922
258.5923387439252
236.23756952596887
245.96763035128242
265.0569748754351
218.93310571579786
194.79386763303773
224.53949237607594
219.25620823232748
237.67097748340166
270.488717586195
231.84949750217493
258.70385038839595
244.31788414117182
238.09410244699393
234.32372233142087
249.26705871277954
252.14174698205898
221.07992427563295
235.2010543764336
244.52982015775342
265.8664868626947
321.62596885130915
231.98565838852664
209.70864817741676
248.42855261647492
200.19488604390062
251.65544178178243
266.6829849038477
237.8963566928869
225.70423503914208
196.01434797182446
228.6180758968112
221.84851989592426
267.2245777702192
229.49089927927707
222.9855719924817
249.5227952433197
258.7608533508319
244.67389787832508
269.2273391799681
247.19761210329307
281.0767692440568
233.970543868636
308.4716739417636
248.77210996634676
250.79545497061918
259.1291688083438
253.45570122814388
216.42471193085657
283.1259346297011
200.83850119583076
254.65152065927396
274.6549807137635
235.13291432271944
217.35842773559853
255.3983233414765
287.25344314138056
257.91973517200677
232.4077624946949
309.991027780663
321.39899730027537
261.74093166945386
216.15827558687306
200.6238148084376
260.3592028976127
248.62863028314314
292.0029202294536
245.34277263851254
226.67584746930515
240.8163609712501
253.25519120460376
222.6641761524952
246.28162106647505
240.63647258924902
243.76392587038572
301.92357105526025
259.31215440118103
229.04260301581235
205.96985453841626
302.4536312551645
309.63944215045194
209.7109934472246
252.42056682083057
212.2155476892076
273.22494374998496
212.69933510254486
292.600840000523
209.7678147375118
244.74972183912178
281.1791628987703
242.80687027276144
215.9813720723614
188.66489621976507
222.54536203251337
241.0924633795512
291.7228504426894
218.35601448128
212.55442480315105
215.34708360675722
234.9233370226866
282.45774144824827
223.32115255240933
223.15479863708606
222.72013918866287
258.75853165154695
235.5156960383756
247.99695449031424
245.52954345190665
270.11624944690266
298.49360433476977
259.46068799708155
208.91410862412886
256.5740855917975
273.00345487429877
211.90830276010092
222.3806517753983
254.99030913226306
213.41055327715003
220.67274956067558
223.84962006474962
250.30629776557907
265.9440055411251
255.91281457798323
230.5041128928424
296.3309147042164
238.38856788622797
219.47555733722402
281.63249980451656
241.07244662876474
243.95766854833346
288.3643302084238
260.1357413842343
250.90018484278698
245.46639879368013
249.6755017976102
282.7684195135371
269.2119480097026
235.90231014273013
254.48487028069212
220.51738989294972
204.57327070218162
249.24557308695512
222.58139374523307
245.41330254558125
233.40712234951206
237.6882632339839
240.38110164020327
283.3123291832162
213.41289003417478
241.4028607122309
255.9486728796619
276.2948709628836
216.47066426562378
244.99652274529217
282.29461699241074
212.37220141667058
261.0115377615439
288.7924682502053
242.7336835792812
288.6897571514419
252.7803328561131
231.32691393833375
229.75642111571506
266.4791041216231
306.2982843044156
235.8680118979246
242.4092980765272
262.4557055228215
250.55142524148687
250.27464615172357
244.03600707268924
233.30536993293208
273.328749922046
231.17761896640877
266.2501480418723
254.26830116607016
252.69220886038966
215.2978591165156
224.83299627556698
258.909717013099
277.05516718685976
278.6480132341094
245.65065174130723
247.51644408231368
273.1853776535718
217.5106104411534
196.07070537321852
231.66747936603497
239.9844997395703
242.38515519269276
267.63230828626547
255.18772773133242
209.6255242213374
202.22024463448906
247.9470250188606
311.4665228423546
216.8397550280788
254.49262759063276
252.66971440441557
262.4176938426972
265.6601762557111
286.295109691011
282.297199621069
238.02888564471505
251.12853749023634
204.91784796889988
254.56528429183527
258.2709133566241
258.2034898653801
239.75695013339282
222.63235549704405
304.92067167468485
326.9918992818857
266.69373781539616
258.89955257283873
217.30861752171768
220.13765742641408
228.08722133230185
249.69703787798062
231.93391867395258
237.52712702919962
262.64337087402237
216.40386173152365
283.6623875957739
231.70618507883046
224.47066895940225
301.95118944733986
280.64088421387714
238.44409084448125
252.92344826014596
323.8229391334753
264.0249132607423
284.4685230804316
257.6668124386342
266.06661177729256
272.2267789178877
295.7327460590459
255.3891911675164
