359.04372499487545
359.04714455954127
359.0474732099292
359.04957429201113
359.0486091403227
359.04945855290225
359.04988428817524
359.04882905444083
359.0505100188566
359.05130212059885
359.04958991360945
359.0498353113817
359.0505060561991
359.04972861569877
359.05005702242306
359.04990057380564
359.04974782803765
359.0497061449969
359.05009173589497
359.04897775002974
359.05024233822223
359.0505106741184
359.0501026299862
359.0500626991761
359.0499030866049
359.0495090960412
359.04991912782316
359.0502016516166
359.04894021494147
359.0506608989872
359.0507420901067
359.04976913758037
359.04976220286335
359.04933059403993
359.05031451279865
359.0488496249527
359.050628133431
359.0506685563487
359.0492955701884
359.0503863325466
359.04893802668084
