418.74104809148866
418.746664326708
418.75891236171265
418.73895413788796
418.75437062587025
418.7403010742446
418.7475727771689
418.74788681503014
418.75259688523147
418.7490201006858
418.7530666062885
418.7513564165747
418.75367481310786
418.7506655539564
418.7506822935975
418.75208518090585
418.75150260966075
418.7516454502311
418.7518767574511
418.7515242908066
418.7526821809806
418.7527674267694
418.7522419008492
418.7530584830911
418.7490585492669
418.75241932323297
418.75168755409504
418.75172528788244
418.75385944635127
418.7526922796278
418.7590045020661
418.7522782018277
418.7594505078014
418.7428347829373
418.7473942708566
