292.0196111239502
292.02013844761314
292.0204609161119
292.02065453175965
292.0207691058513
292.0208361070954
292.0208749060512
292.0208971864904
292.02090988649707
292.0209170801272
292.0209211309548
292.0209234000904
292.0209246657141
292.02092536944656
292.02092575856113
292.02092597142473
292.0209260909505
292.02092615607216
292.0209261904656
292.0209262113276
292.0209262177341
292.02092622482814
292.02092622571035
292.0209262276949
292.02092623212593
292.0209262319986
292.02092623221324
292.02092623056524
292.0209262318094
292.0209262315875
292.02092623202225
292.0209262323333
292.0209262313783
292.02092623001954
292.02092623144745
292.0209262308672
292.0209262287881
292.0209262309818
292.02092622888813
292.020926230849
292.02092623192584
292.0209262293283
292.0209262317949
292.020926229794
292.0209262293574
292.02092622759665
292.02092623194767
292.02092623226054
292.02092623144927
292.02092623109274
