381.15438308580815
381.128731425958
381.12345362174983
381.1296705920322
381.1169953970857
381.13061637852934
381.14383423185063
381.1391429292462
381.13942367465825
381.1133352081415
381.11293835429933
381.1480015989637
381.1824271638943
381.1667726599135
381.2147769490148
381.1937022664497
381.14734474850593
381.120284807821
381.1233618328788
381.118704624203
381.1113211864995
381.1141200123675
381.1088605175373
381.12227619931036
381.1812312597194
381.16291760959575
381.1416520574894
381.12846376757807
381.13189647243416
381.1387859191509
381.1343346113972
381.11954574363335
381.1194510220994
381.1126708693264
381.09855662762493
381.1267347923458
381.1557264192743
381.1281828098836
381.1016507219356
