149.0715510926102
149.07171738891157
149.07254495546385
149.07163647593734
149.07292596794196
149.0717589772912
149.0717452751469
149.07146500857834
149.0718446444107
149.07241380096457
149.072008561855
149.07122646679727
149.0719976522223
149.07191905291256
149.07209688050625
149.07216121933106
149.07171778785414
149.07169049465392
149.0718721508083
149.0717290052462
149.07192737769128
149.07267867370683
149.07179707813702
149.07152305887212
149.07246665653292
149.07177822268386
149.07186770047338
149.07184242741278
149.07135584021125
149.0725549950348
149.07207591785664
149.0717586956016
149.07196142867724
149.07200468815245
149.0725251139811
149.07164113308863
149.0717327768907
149.07159655481883
149.07195610257986
149.07198306035025
149.07249277604205
149.07207007534453
149.07161254092716
149.07198087560027
149.07198960296773
149.07235516821493
149.07177473809134
149.07190422523308
149.0724968074337
149.07208674733556
149.0721779579835
149.0723822481359
149.07200381516304
149.07184098991456
149.07120859467796
149.071624934988
149.07242761788802
149.07177340816088
149.07174722048876
149.0717752616565
149.07249521016092
149.07175892761734
149.07205475497176
149.0713763320673
149.07254305420247
149.07208271763557
149.07185919448966
149.07249722372217
149.07211857944276
149.0721365445661
149.07193409678803
149.07189706407917
149.0723396932699
149.07186857073793
149.07207764687337
149.0719330144475
149.07205074872036
149.07198923604665
149.07240617572097
149.07236989895682
149.07198141836489
149.07170683743607
149.0717469312185
149.07257773741367
149.07198665570832
149.07198748380688
149.07182786328121
149.07241340669498
149.07189294966884
149.07177891362517
149.07177365319149
149.07174821552326
149.07188752892398
149.07251543461098
149.0716639720922
149.0725043966013
149.07202708490513
149.07181032123117
149.07178246276817
149.07177813887756
