288.18924121271266
288.1899779690557
288.19008952870627
288.18991815612753
288.19048101537464
288.1904720155053
288.1907345988893
288.19062515026326
288.1907980349433
288.1906107141667
288.19071296588663
288.1906664359485
288.1906167604757
288.1906867592388
288.19071973113023
288.19067282180004
288.1906901458915
288.19065082354246
288.19066288029535
288.19075475091086
288.19064179054294
288.1905673652036
288.19065442382816
288.1906526096391
288.19064446184893
288.1906680237953
288.1906820810964
288.1906237642306
288.19058033933834
288.19069554434463
288.19069614859654
288.1905872719508
288.19064884443833
288.19064700018134
288.1906372323465
288.1907095546103
288.19068352412614
288.1907852447366
288.1908911152459
288.1906646511816
288.1906211645037
288.1906467082481
288.19064529175375
288.19054955623506
288.19064368828185
288.1905076883704
288.1906759380836
288.19066584790926
288.1906463990381
288.1907337684752
288.1906790003486
