183.1783876515692
183.17850497415293
183.1793411949957
183.17855784582844
183.1784381076477
183.17834364505597
183.1785443017552
183.17850688649924
183.17859557080828
183.178555642452
183.17856507196302
183.17844250706185
183.17835031576487
183.17856040091283
183.1784363727902
183.1783501921782
183.1785472493757
183.178507221146
183.17866606274038
183.17855359343048
183.1783956920881
183.1784425727219
183.1783491937822
183.17855859022347
183.17843099587662
183.17839079170517
183.17847498296942
183.1786762961401
183.17948716864703
183.17845865934032
183.17862514423905
183.17856497648427
183.17855253882044
183.17849769508211
183.17852734041844
183.1783507869859
183.17856198261688
183.1784365958374
183.17847093970886
183.17867141219722
183.17843626548893
183.17858127866384
183.17860945566645
183.17844201177832
183.1783257746465
183.17843683449792
183.17847343516587
183.17864798606934
183.17859258121462
183.17835820719847
183.17856184081757
183.17843885565344
183.1785105428553
183.1786047890564
183.1785699910888
183.17868070581972
183.17863922695324
183.1785750488434
183.17844096401313
183.17831070635293
183.17843754221758
183.17834853919703
183.1785570316897
183.17835565534915
183.178443885281
183.1783518923221
183.17941926143976
183.17848830661387
183.1783477985191
183.17855485362816
183.17838704357928
183.17850671540145
183.17863651919106
183.17857481762985
183.17844104561664
183.17831162940638
183.17843764524514
183.17834682814282
183.17855182271524
183.1782704598736
183.17851738709578
