82.57527270973333
82.57528568906491
82.57529742858969
82.57530852543277
82.57531836791532
82.5753275824245
82.5753362944015
82.57534429289717
82.57535161623582
82.57535829954577
82.57536479999362
82.57537065040196
82.57537603734909
82.57538129799741
82.57538585342263
82.57539029212512
82.57539456158338
82.57539825394542
82.57540197458457
82.57540534717828
82.5754085716253
82.57541131545076
82.57541412946284
82.57541690877679
82.57541936822781
82.57542146843116
82.57542382273004
82.57542580345125
82.57542779436608
82.57542950504467
82.57543119101774
82.57543261580213
82.57543418523528
82.57543572475151
82.5754369894239
82.57543828777943
82.575439353619
82.57544063793557
82.57544156870244
82.5754426277872
82.5754434904702
82.57544450143723
82.57544521882119
82.57544609485376
82.57544690022041
82.57544751468777
82.5754483576784
82.5754488836501
82.57544944447909
82.57545013789604
82.57545068134095
82.57545107662008
82.57545163801296
82.57545210291391
82.57545263414795
82.5754529450478
82.57545335641771
82.57545378155919
82.57545406772988
82.5754544355168
82.57545475242478
82.57545493062389
82.5754553386978
82.57545574160395
82.575455774484
82.57545617782125
82.57545628479056
82.57545660677533
82.57545688996288
82.57545716263667
82.57545714797561
82.57545738279259
82.57545755191859
82.57545757240041
82.57545777684209
82.57545797338025
82.57545813476827
82.57545834873599
82.5754584898732
82.5754584418246
82.57545878639758
82.5754586654657
82.57545890118854
82.57545878778728
82.57545899383513
82.57545915617993
82.57545923945145
82.57545928326363
82.57545943680634
82.57545929911976
82.57545948796542
82.57545950257736
82.57545955722708
82.57545958973242
82.57545972264415
82.57545976538313
82.57545991815823
82.57545993638996
82.57545993614258
82.5754598867934
82.57546001618175
82.57546007514975
82.57546013428328
82.57546002158233
82.57546021867529
82.57546018840549
82.57546016974811
82.57546023137547
82.57546021054623
82.57546029210062
82.57546033327162
82.57546040461966
82.57546037183238
82.57546040179295
82.57546044809533
82.57546050397468
82.57546044206902
82.57546051529425
82.57546049729717
82.57546058242042
82.5754604483991
82.5754605940765
82.57546060568893
82.57546063539121
82.57546054090562
82.57546057344007
82.57546061964786
82.57546060576715
82.57546066245777
82.57546060244385
82.57546080908651
82.57546063069822
82.57546064294365
82.57546066803661
82.57546073602862
82.57546075389473
82.5754606592418
82.57546070193712
82.57546072843616
82.57546064497365
82.57546076803919
82.57546074644779
82.57546073564299
82.57546072335754
82.57546073595586
82.57546072230252
82.5754608341922
82.57546101780099
82.57546064153212
82.57546079697568
82.57546079028907
82.57546086492584
82.57546089896277
82.57546079334861
82.57546082379122
82.57546072383775
82.5754608129937
82.57546080113389
82.5754608317693
82.57546079496024
82.57546081468536
82.57546080300745
82.57546075618302
82.57546080906104
82.575460796259
82.57546086816001
82.5754607103554
82.57546073439516
82.57546074082347
82.57546083047419
82.57546073876074
82.57546079185704
82.57546079454914
82.57546080044631
82.57546078295127
82.57546084977366
82.57546076020299
82.57546076387735
82.57546078896121
82.57546082891349
82.57546081023247
