292.6270620310677
254.39230166310125
253.6673302035607
255.0257377419141
206.5289612717113
255.60824427701164
235.48201597344678
231.7458401638046
257.49819831484797
231.74321253070912
265.41696957110025
237.70493738222922
230.68522464276293
255.09166002207712
256.18960308937494
251.68793662010376
215.11360814263298
238.49452809557624
213.81813026575128
274.5114397710331
219.97912227537654
254.75645598985284
234.02008396446035
227.08000170069317
208.1027493483789
226.96430967928154
256.66974753798877
239.54589541306268
222.83702032328802
244.43035349584625
222.58905451308328
249.0565530528138
228.19308055235797
237.38706623326289
268.2486465725051
225.26237822071016
255.61503469005766
224.98509117496724
241.89968877336833
242.95534665491687
237.8380932610653
227.90488102907875
227.2886971122134
262.27577908489366
252.76054274712442
252.28660222601684
233.6972993814834
232.81656732257397
235.10942964852256
254.70341531331906
215.29408540898112
227.52320786895507
203.22220261710572
256.3048906748554
227.17984561080266
242.64673168591617
222.85773674042684
231.08358488266094
208.9760751299218
235.77819141802865
244.19801781396382
220.22774466607007
209.46500535684754
227.09190613475766
228.33294967730762
236.94336447636852
227.338511774773
223.92308545350534
250.60967051425723
227.53243565656885
232.49230511520364
234.42987949295275
252.323887010436
211.53993908501798
239.99766604459
242.06389709072027
265.3364186050203
230.97441641298428
269.1490047114785
256.8914078019734
239.9034340323269
211.08654557417685
278.4614396583638
213.17050744797962
232.33364469241496
219.87021266149895
232.09468405927328
233.85941756387547
243.1545050215027
223.3631676829973
242.8476477377153
241.51469898898358
234.74561831918618
219.09941068244734
226.53714857239902
228.72323228222012
220.01701014731952
225.53371147202415
249.5687220000582
237.48667839774862
251.25604470762846
230.50312123783806
258.43823957668064
245.74285416875864
232.70403419750437
207.21393856205395
240.9106580108819
248.1873396264964
221.83182802308147
234.07439280597828
246.7881755140952
259.45186926647875
241.27388232525846
221.48722810462277
271.93020759353385
225.66672399390154
220.23461961411158
217.36616834728557
244.00553416772527
222.30478184513413
243.33132031667992
241.08908027995494
249.80031093586513
225.93705313985265
233.72064133653112
211.62438343750546
219.51044627611918
218.05458194129824
222.95114644918067
234.64595778905277
238.47616303045288
240.35466447907675
256.87750223723924
238.78696250752546
238.7456177750173
221.57913682487924
271.8736035375514
248.21535892977772
274.73437424031727
221.3296549276929
259.5730918440313
266.39422761354945
236.97779751900816
231.64499112633348
233.5756356847778
245.3959705156085
234.7094694504849
229.3366367834533
240.88906644070812
208.09119676722912
216.43930110613292
229.98021267887088
224.03483882746514
229.70455211943772
217.12935550482507
240.2669744588129
228.4619564145105
217.86582637250103
232.38260932363482
230.97092450900527
276.167794709836
246.91318067423708
229.7498300456573
228.50903242235654
274.91414947627345
231.3496719416362
226.46920980597497
232.01194987464987
262.1572779133421
236.84610512435756
261.35864947841765
239.50643518140714
212.57248757377965
221.30501175924292
230.77180781280185
243.67978377761756
239.54224263525248
244.49421724737476
235.49616791214066
233.99182031576493
242.3396105053398
252.02159398297954
219.26382060004107
239.82244733815605
243.92204017279437
238.23190180606616
224.68148677005956
253.46653246295318
232.6302247854328
238.2572476905334
205.29455308157776
221.26172659493022
248.68876280263794
243.7342824733787
229.0084727634312
217.25972491283028
241.15675618031673
225.88904343464674
216.1112808336984
261.5582765816289
270.7888805718321
255.7171035119536
257.52206075791037
222.7663500052222
232.71522302433004
233.18904466248932
237.0058490165684
253.2516467922469
260.0912205045606
269.8863880029603
249.02460349522153
206.66714783709176
248.34587276486855
229.31523183540412
255.36563430747628
219.78167917601968
241.53741209214786
242.38442367229436
229.57207874015148
225.34160084262112
228.12185420180322
229.1914223842541
237.94329855416436
234.3288494849039
206.16300030278217
274.18646010229713
239.02174930931506
237.54786534094455
227.92807876224106
233.10639563041332
225.39049365970277
229.66945420947013
242.20346922570025
268.9613630340391
201.47571805152256
241.56350529809424
244.5860902314089
220.88759783001296
265.38941645391606
242.5214514140025
209.08949939797458
224.21660239591438
227.80057555877283
225.36406194537267
236.08256620914472
233.99677490549948
238.63779042914393
255.1281593357562
246.4515800368099
235.64239092882053
209.96280283770466
216.30056267310283
229.03467283994542
250.39656489081244
253.734808899957
229.53778887925728
239.96161413710797
231.76469271915994
251.1584704876077
222.26374891764863
253.98417410858383
254.8459194130628
205.3995543982819
219.63462257305946
231.3632854339885
246.94046769366832
258.22802062927076
214.86673710566538
217.15477641288453
244.00080841050658
233.6891695424274
213.50925009152706
229.69964970140427
239.79665809609287
226.7125985057064
229.47390617184283
210.99626669222926
218.98742263203894
229.84754522127332
222.7960807866766
226.72239202450146
237.38521480932832
253.9594270263915
263.022099839538
255.13744253123878
253.03981930926966
232.9304578210722
253.69214791516424
226.66862812313775
263.1080187748739
227.06399989590864
205.23476603817835
258.93232898843416
210.94720224221237
240.8649492191471
224.35270567085536
246.6779763077211
241.35408455917786
244.63850844703848
253.6004369638249
244.04593332529475
233.58291660851683
245.93545533821452
252.2104841350665
234.56123906330322
246.7543892593385
240.16740511500393
282.2425473248295
200.97289656639623
271.82899585443374
237.88679325017438
256.84626710579323
217.1781992832548
226.40516118629603
226.08157010741706
261.6105670570687
226.42370841867523
259.67161567545554
232.34819769543537
243.22383869290934
246.11996375294984
264.4742351301684
251.70988947252044
246.88428615457087
227.13099214954127
223.0114137520868
215.44318079698132
253.5781113654375
226.4148875631654
238.99561059045664
239.94952813276905
271.7626644161646
260.1919801500917
225.49172478346736
223.79737082308566
216.76100615497853
218.0923499910714
228.94592573106638
215.44221802570974
270.4216370577051
217.31717854581075
267.7315990405914
234.48496028906084
244.3632091860345
247.6694785306754
249.7763839088875
251.752980947771
235.83808678243076
215.97570804513816
215.31794067726878
228.279927678057
231.3027995191078
211.28327770452597
223.61478438207996
256.8706905961735
232.7090921045019
242.54153072588088
221.48491258035938
275.1618007097568
274.31465386078344
240.42614472941204
233.53133213229012
251.25247636401036
210.81667211085733
243.60130050125008
246.27727512204729
252.11101880246133
220.3549275531841
203.67447881339467
273.2718407253851
231.10776515434554
214.7093814554537
227.53203644251334
240.20181539801706
231.1959475405747
239.05136785270588
224.0029260476731
248.60594023170415
236.8804783141095
215.16386510695156
222.74055598242558
213.57722772871784
250.87302399039618
207.6489966859226
247.68058546021348
259.111400003545
229.7104787317803
219.854303930304
245.6440561451891
268.8899270839611
266.0211835511145
227.53032834835176
212.83400309561694
217.688336392981
221.3147626529535
217.89046979069826
236.67848973239597
233.1084451029601
238.58547693074797
234.53349809641077
219.0380077784066
205.76781416132872
230.43294822893222
198.68672088407038
249.11589851720782
230.24782987679646
265.67848458896333
267.5722064359288
272.61975462887494
232.76598233834375
233.82234650354076
233.3498340236547
222.50667637202423
215.6858264951734
215.99552904431766
241.38696496056218
232.85335703020974
221.00829290860565
238.19336848528474
232.6921088368399
237.52978784295556
242.42908078891924
213.2227491288213
245.94658269552747
225.94353227235842
240.502478537368
262.4164442421461
228.37502030850737
236.07364402306848
241.8510627769283
231.51382695634675
225.76573127227311
213.17826677461562
233.5694322026684
211.28524184924026
244.8044071017648
251.98925368202617
201.9271158620395
263.5840869025851
252.39380718609027
240.54734336872934
217.57369975064648
242.7069892901054
243.05696987685224
242.74471049729618
248.20329676262918
262.1859506042092
277.7829000014608
225.43829430527694
238.60945055476623
224.41482562180317
252.59058324941725
239.36497570604843
255.67331014027877
229.486924623925
235.09822364103456
256.6813825479476
208.13986830408976
253.22422079768148
216.91353895506472
235.66024233744247
229.12047309192712
225.8394063526939
248.59238269316847
220.3652417271369
242.14364960152307
262.09099755027273
229.72337265698297
216.60680186397803
262.9467703774717
217.21655364267644
242.0566768396966
235.31296442895837
216.90931789299066
214.82895626695245
247.30989448685432
225.1293056125578
262.16720305268245
256.4799304785993
245.084323469855
227.7147134511033
248.5358570568933
229.93983348776237
220.21042013417173
238.71442920125264
218.48310920172662
231.5236520327744
219.85107194524608
259.6059515728848
255.6097794198722
250.5215134640166
240.63418358766648
264.6963389629527
207.12016460404266
252.2378227958543
230.65341864888615
264.8178254766244
218.71042284139548
221.54071601101896
261.0671530737309
247.73683642118704
242.06522691038845
225.3071891489526
271.3318624213425
248.44873854436446
219.1654870180064
230.14511085988488
248.24818089499604
249.34986079325608
230.6754081019899
247.88886033000017
271.5170792409335
233.14486044734076
227.046439246129
271.2448090919934
289.6533528489381
261.52255921508186
254.09495930086996
211.97324906979338
234.88603118441824
241.157439278526
248.40782321307051
244.25643558443699
241.49929893102671
220.4199631298252
235.87011904378596
245.0733196460351
231.42681895708665
206.8781499666511
240.41857578339113
236.36785240923928
238.26484981414978
241.972803329234
227.49393303781108
215.7852330098831
241.81800158511032
225.77901180370827
229.83087943018472
213.9592008072941
243.51396575196122
270.2518707375857
209.47854023068794
228.15709476197662
213.99259836504643
216.99921963416273
213.83915376476943
248.74278387973027
217.71641354409803
278.78146400951664
272.1115735512576
237.10564215609338
274.2958168550831
220.35635778815777
219.30408957821783
230.26803108339664
232.3443809269811
236.07557604365866
250.38597232097527
211.38620005457778
234.83585010445677
228.02698783541564
251.20529498223914
245.90460408775834
253.38530536420876
219.60399303940358
222.6242940177035
234.81743965187343
237.64670228830073
229.4237367521564
243.30068829891388
221.23780160764
221.91463016698253
225.44135130548966
225.31920045809238
249.74906939279754
274.3611874174967
212.717268550914
207.38027240755036
238.80688596979599
272.6353421776439
229.26914288895205
236.94133201477234
236.90782319341088
219.24136154275038
233.7488607027335
200.61571273498703
251.45505491740187
233.75407780273235
237.52335845225025
263.8202302188147
240.01618067835807
252.17020577797666
238.3266213426541
251.20846123603405
244.54773830526392
241.60869802822708
243.82288101731683
220.6539119182853
234.06960030086339
255.33830328384647
236.30751118069747
234.55750894433004
225.10032861994114
262.10577976176864
232.76026314336923
240.06934237177484
242.64566998786177
223.66966470578336
265.5640088482469
230.1759358868876
248.30918478788226
281.0918386669946
230.86197084453306
262.9523327574425
235.5042099939019
209.94193047791487
247.99002349172952
215.87743437977042
236.0896993331553
211.22230123652844
255.6885200883844
252.89967625396093
229.44420608790824
252.57083469018107
248.17639652159414
252.77424580728984
235.80803858680883
241.856263790105
244.50734334540903
255.78074423217913
228.8333616690361
199.89678281679517
221.1828020811372
241.92461995009216
229.55141229869332
226.14324855839368
226.77766114176484
275.1743143318745
222.4741657890554
218.17164432423306
237.94936864380725
252.68128560201149
256.0157493673905
235.17762192094233
235.76198245666455
220.4330527500133
258.8476482965634
234.77268631799961
248.48126803617924
244.4382928981504
237.04545930284075
266.53682816479704
214.93452722093207
254.0151913621812
250.6105810723093
223.926047878369
212.59821000054944
226.1434855525731
203.56404595953063
239.24803971478832
231.28151665211772
267.42914948865655
218.11383035682957
249.41073809584486
238.78610245714663
239.08289636543486
241.5512258221279
255.90271943047992
236.1996147938189
225.76161984915962
244.1480526564701
236.5733028005343
218.67917392140953
215.27803257622872
231.49952697538538
230.05845912051154
255.35561223587138
266.86973339677206
240.4951888898213
221.98813485054416
232.07720439072
234.25484797474928
226.24795865584747
253.43468500074232
271.4838402912719
238.623864469846
228.17823220559512
245.61955100978957
273.01608949602814
225.41308630615822
236.50115666139754
235.76349788196967
237.8564332324604
250.7897734339349
219.61867799932952
238.33093609873322
253.36683087490383
242.55962233475293
252.6886903338018
217.47606674354756
260.56570084925625
255.35021307965508
259.0208040350408
223.96753838090808
214.75796385822468
223.2408770378388
210.43382383385324
232.43472173332702
242.70253797448822
225.96784434851725
231.48893925789162
216.13744174386375
231.4137171843613
210.00421772545087
225.84920790043543
250.75622077143635
234.78559829943697
234.71421591792023
246.44343552956707
253.12265360497986
221.22593674150994
241.38924697664334
285.30808460284607
244.44178975914838
218.21917903635767
285.4450711325917
232.15017728300882
227.25765109359054
235.11720157178934
239.39409086469095
238.73070881614694
286.96058395973523
239.00310868295492
233.8416649690189
216.47177095199004
230.23892006080132
226.29403837653808
252.8119035975251
239.31144304558984
238.1674569537281
257.9365736663458
214.13799418852432
223.85157755523687
263.65302668052027
271.0769413333619
238.6816749405698
235.90622271609027
226.22974821232492
210.36814345931634
221.78170065715676
215.55708761990536
265.1972083458677
231.46615585067775
245.7466894639365
244.4584077608888
234.1020219574566
234.31267011069576
240.97962502844166
224.332336136722
237.6563407558133
239.62457047312637
243.79368507605977
233.61884738106164
246.69235797374859
203.68853278300958
220.40505161168403
223.34554967968143
235.98597590706777
251.7373120430566
236.1502261176065
235.73738180243527
239.62848146024044
212.67939159591333
231.2474644347385
239.03944202826824
229.32437001151266
240.15638220999972
238.89737404481275
233.70576898139552
230.18462991231354
232.25191107438877
238.57511641902965
249.77554069351754
233.48198081890587
262.6263165845885
230.27131165002356
249.03987860213965
233.63104881349136
241.03706489672186
227.45645078606321
211.88038174717803
244.60125092064845
235.30533484491752
237.62119861028623
245.84042381259496
255.59186247826437
256.7172489942459
222.93520976035506
234.2498446161626
243.16066770604812
275.0297071954119
237.90986118800356
242.8519054770877
218.41591307515046
218.0229511964426
245.85526206187205
262.62260942341527
242.60103191141388
273.4949711969821
220.58949070979725
204.33675911001046
224.39115009878878
218.93305078471894
255.54019178962335
242.37263061245903
248.92090187509893
235.3350666507322
210.8772940604249
252.7135698442289
237.82026767960633
238.63976851844927
262.4299586234847
213.96682321207481
230.09830077560036
221.5180532564409
206.67027290468104
222.77528630036977
240.2780680633441
235.15261533501325
213.83745515032206
225.6374218063429
246.63531930017052
218.4858413869806
246.69399882512516
257.13256845012074
233.35068505688105
238.81924161309144
246.47895493041142
233.1727897237579
236.65108538413187
218.79400926546077
228.65825155793573
256.8716437633266
241.3938554196793
213.18241760905948
229.66945046308683
246.80433655009256
249.63479701490724
271.8739612715726
241.21156143129338
256.71953427101835
244.32128247071523
230.87511749268742
238.76023356386577
252.04939741746057
208.7259680701245
221.60129964211956
240.09814682751312
232.29515369349974
231.67323616918293
238.3961598785827
236.29662643180927
247.16335745778633
240.30785463849315
242.20360675168922
269.8096891636087
243.5010561789968
244.11334449477727
280.2259152177139
235.92610090773087
249.45692457736004
230.25970600612345
211.53411030847928
189.7512125086505
221.08605342110968
228.00417169794673
262.74463328323327
260.9801162091899
226.35383980872575
255.16699854072067
259.2411759236129
265.57331202860223
262.50921231420944
228.03998877017875
223.05743208315107
221.3810787043185
267.6611133268452
276.0605140333937
250.0645793490694
237.77598261582898
280.6996402578661
244.89507563476218
238.69370061164955
257.03921866457677
232.0660684161994
237.1027138127829
224.9298251858272
238.96582217985997
231.82848952829954
252.813279633614
245.15483475168003
234.5660409752163
268.64123664514045
226.9445585104695
241.7295251180767
285.2940700018662
288.92619627015665
273.8907978749776
246.6156593497144
218.97112638677936
219.84150330428383
248.54922819399508
238.15248803555733
215.5576818730333
248.87179982947418
258.6683422914939
247.2270258232311
197.70048021207913
256.5839418237156
225.3282004680077
209.40469720665715
215.6117558167316
230.2200669555168
212.62311962558306
227.8786263782531
248.1506220943993
264.02726947667543
256.51728031397215
246.5330739885976
223.0747659127519
246.17634654953144
222.8637169217982
250.71363772838959
251.4213119436754
222.2536478746042
262.2729844088026
254.268732483848
227.0442682823341
239.53475589948357
230.647579961078
254.21332919187262
238.18660648097284
227.71304767980473
211.405960517528
225.78209618473193
251.3579985978431
242.11492230542353
249.95924012668547
221.7944206262473
251.0098529351235
255.43363249098184
235.0475802111614
231.50066917491495
238.91797654889524
255.26615835280973
227.9384078675066
223.92646396852797
225.4435627295461
247.56561740412144
213.40841943275882
221.14812087226892
273.7347652344033
235.109534954041
247.75809599508648
230.29659960474237
227.16942130052485
243.58537187194452
242.63761815434555
236.41187258655555
231.02147124442854
235.45626390131656
236.8177273667825
221.63980491936672
243.22785202920204
238.86985437120893
249.12764489947585
221.3320395471237
232.59541305043967
222.74470906646457
249.22671839315444
236.99147774206358
251.96350168136996
214.67756958852988
228.8474659025087
223.66204502934124
233.66460124097648
214.44301997325965
236.13484518814948
268.77687823656015
224.70492409990402
266.00991248432547
220.33017279568594
237.1560779278807
208.38189943283214
255.33543429686688
218.47457292934996
253.192471150629
251.42839468433522
227.04409571838914
257.29614537995076
249.27470762451412
233.5735921592859
236.8861128023418
259.56746789763565
237.7613855759264
226.89056457512197
225.8595449218701
236.66871456289664
220.14954562703497
252.14846848757588
232.72918259052676
275.47949366559624
243.17426609410904
234.16523568690172
246.66752835843363
207.26608446930186
226.28382062379387
198.6218488031882
255.6109540919133
232.72699882340385
241.84365714035812
251.30100126666366
243.75768325442914
242.2415071715368
235.36253734660568
218.79905211235746
256.0647626389109
263.43460130889434
255.8044290295802
260.18180273802136
250.38949812567444
248.16457616715343
208.4576458943484
215.93937362651923
245.16431843410828
240.31585221923888
239.28678022808162
235.8161202002375
251.72350954837748
242.1368748836103
242.59616626024945
208.89048163994448
243.50510360483895
236.44386359018972
214.06183058812167
227.13173458483652
235.13535566904466
219.2048938977823
241.70897026752937
267.6361600802338
229.63538776960922
233.8886209508055
205.08583146287128
207.15993751378846
233.58278753687046
225.63105581246782
216.20151409006212
223.74679335893597
220.21991055455874
225.7253453391604
261.8881264082738
228.27963706079754
237.52812007075408
223.37237392694806
233.9344142312766
232.81992477324093
245.0262139896513
246.85243257399998
271.2048000411014
241.14340010785963
233.00494753287057
226.59213086625095
250.43862810710561
255.4778752439015
248.5075574447692
263.2099394300312
225.27744429954328
247.5180120387813
225.6477161294024
243.70055209609563
227.12452083910466
215.31694378823158
233.18384495866485
264.54014478673344
282.0970230950916
238.16658642259426
259.66615957042086
219.46751681508613
240.08783879622933
218.49414286657702
268.2734447167022
229.2031773579365
245.28393861307995
250.89245218783617
254.0233823438466
245.3868715632707
233.7807004469796
242.0040514456632
234.79376460108324
226.74185209485586
216.6013809160504
222.01854919554899
221.8120086872077
225.56674857609323
229.05195024434943
238.73156518599717
237.1346725540934
229.6734091337421
254.30627443437697
240.82208103314042
236.8019575154176
194.99064013618045
260.3786802908289
206.36572992097354
224.56073136156192
264.97108770965133
227.76502531394362
242.67363742471207
236.75722765765386
229.18533226207364
234.96624069061363
220.08126163779525
267.2971134465188
227.80138131423155
212.31925749860238
222.76020296494244
242.04777391598327
239.36152068927186
226.75725619407604
228.92661309603136
232.28004464093829
275.8584393998608
254.30689251434524
216.13345914683305
240.82448488584487
235.8658704678528
216.7308353157714
253.33158055663807
253.1916307353531
239.07703057385515
231.54099249653518
205.427249509783
239.60796348488657
232.60977748956066
225.0011683726916
237.75550733547425
240.54122839181218
248.3213596965652
293.575805945904
232.60682197695132
245.95987637346843
256.0378042742377
209.20117281062994
246.4870053222985
259.4092488120077
246.19143635238288
261.05046233325265
221.096848480287
224.3097928382922
213.67548155772965
203.01424214738654
230.76186089380644
249.22042708151275
223.5663652131916
242.2812305362313
223.5849890265963
221.67767244612332
240.2390139126801
202.35281784867402
234.0536036332487
217.42641034041299
243.06986683793366
231.36601502564736
230.5984895043075
217.34885508730076
222.69834107288625
225.4485626919777
218.31718468497274
230.22713793307776
233.74323334079236
229.5356529947603
250.50400822394295
213.37580902909394
256.3075569185894
273.94978632353013
255.95994753192645
233.85701707314
233.03645576158306
224.45781883579912
225.20027089799987
242.5107272301684
236.4380946737947
234.40174594096607
261.86144271702506
243.21271516714478
225.70767803594936
257.68018746137386
227.24503000162076
242.4578289562487
226.49548894370673
239.06756238179514
240.0703409005655
252.2085656489362
243.52383094845572
235.06205330841476
246.87289606878767
247.93735508661484
248.088999303116
213.33024115755688
238.76796382316388
227.03583014535252
224.69676392589463
226.3700665300712
225.98681402328657
281.3684022913221
264.87312989030033
231.2798193510389
223.81533789506648
223.94362087879563
216.166007902415
243.84399922081502
226.19157396262744
229.67822807526682
231.08784848102368
218.75502639537444
191.54760446073487
250.70138307334855
231.10954146820586
227.90752552566119
234.37981603306253
233.85213744727662
217.5703562485287
220.49164033163106
286.6008877988206
238.53534724959172
212.7410950360354
250.9175971528748
212.3701456550043
252.5274819963961
292.70941037422745
247.51874429534655
212.02252551779384
207.67139901034534
236.5450034958776
209.78126845072256
235.87648691004142
246.11862818617374
241.6229785902542
228.86964742396958
218.8867960163625
262.4558950893115
234.3027625802206
235.49391892860876
229.901034970826
269.6147525496781
263.9098920466495
265.1204540116014
264.46303719229763
230.50803620211082
230.4633349084761
231.1103343135328
227.00790359074017
227.9344019642449
220.7091302141198
239.84141937544337
245.24480937444605
219.3756152918795
212.53249934624182
238.17435298650526
233.5277780260658
263.7333151024068
256.72519145545084
252.37780921836384
248.48110883601476
219.8838654984138
262.004810754559
217.63410466141067
213.680594602949
216.2075136709609
247.63983187795384
217.0779241238488
230.97906589624472
223.23503013676964
230.5394452578039
219.27366652304772
225.44165468512801
219.4987180363387
247.71111687849043
239.00898897653678
232.45293888991
249.43814178189496
229.351274947403
263.2117515108548
248.10932383232284
224.7887294437387
245.7420058840653
225.54966517427238
219.76803178183036
218.7112287725904
293.1263308231137
250.9580533800763
225.62513315415708
223.6317910826183
224.43587023735745
232.02941164572258
229.8558808370144
265.03018475836143
276.2083093767287
239.75933610013453
268.1310889129527
237.8558756110724
235.55222843709635
227.3440201462363
261.4874795000651
230.30043484986527
213.9437620175886
242.4807342006825
232.45789224660257
251.08266113710124
221.32468377583427
215.98155173659325
248.41277338127838
240.42905784980394
226.25212738936534
228.85890394967282
216.9460422580014
217.71141539287055
240.91534012032207
257.3481555118924
208.66972372523742
259.9382392471307
225.75299197086133
226.97932158305775
239.57446628104663
204.66638899757527
256.81094533141004
204.0974156096927
223.12814772565616
252.33732744923327
222.02666147524724
228.21607381716603
220.72232789726695
216.3533436328289
231.78112107602647
244.15490481600864
213.03281775757205
248.0778604398365
232.6534252584097
228.7394017681945
233.10299362934893
250.5742695457302
229.61058364721248
222.17763585667126
291.2456039720564
230.19014875922585
241.35838100832189
217.99741262674797
244.44752284220885
302.3403854422504
242.010448778281
251.70688348379917
220.91557470773114
209.96992055152077
267.6534550176584
244.94335599901387
225.79833226610208
212.21032274118625
220.19995108549483
259.0052278707153
221.70200791402021
244.09940511290915
259.03305298509076
239.04410858015763
237.73109189548995
216.46708879742073
247.84401034202892
226.65139093570178
242.0706621496356
229.87144923582673
218.81765487138182
243.8196912088897
240.60181647510035
227.0262949037715
259.9453607663745
267.97597220767057
244.9729106366285
233.04694916738663
215.45828391436953
244.89820787851932
220.4932952997042
263.91474266012665
255.93497142347042
226.80121045466512
218.16347471968038
225.35534433997236
255.41497865581186
216.34379629278556
276.98656682443107
218.72691266261972
218.00198922073469
245.61876915651374
242.81613743130583
261.165294050239
218.95950540632475
216.19153444771655
266.6293596078176
218.81417475413764
243.53225711581763
204.2869281131425
233.7758611117606
252.03685015661176
223.96366762311663
247.40938090300187
246.1194039877155
250.2522719820263
236.80760533496505
234.9397216574871
219.51396826445125
245.40080768591724
231.7561633028672
251.23094164236682
242.14742169965757
243.45231730228988
250.08777206065133
246.17447920143604
219.86770394718042
226.43120334733976
225.72577540786006
241.32879104145104
253.97482164221583
249.68753208918497
244.8273115339107
228.4769448552397
212.84887917502783
222.3628151291632
240.80811888253083
257.5322647934081
216.4181432534824
264.12198275874835
235.42756957444362
256.4827468479052
231.338025269215
264.4304386333097
235.13532015110832
222.9069901703624
250.79259333392838
238.58790887967916
236.10256856767228
249.42465055920184
239.79627005459042
225.63052864489146
254.50243997992948
241.28779828740517
237.51020302274264
237.88325538480422
277.97173071006546
226.64247449621325
248.3626792759751
225.00382277631434
230.85600848618196
251.57234881038312
228.90402144257678
266.27675673534395
218.69414238916943
228.94878311781213
229.0064432201325
230.4717531411443
259.62040409154724
279.84070467506535
263.4086584437755
234.56886573624797
207.35205448628403
234.45806247222936
246.33954751573037
214.3549191780039
217.52382741915062
247.22203045181232
212.61311027227202
251.8555518333451
210.33291011553956
205.54096513515105
224.57107676402666
224.71678446710575
249.6383551711915
238.06177668110467
259.64139340940164
251.068573076569
250.75347454973962
283.1138419629424
251.27076095243683
249.9695660347934
227.4136999612092
221.62163794093067
225.80652311514132
207.08875158563023
241.350012028357
206.40431979030836
243.60379177541472
222.3629613527446
224.68173938064137
236.38487885025097
237.3492498973501
239.2099181797239
225.2244531501783
266.39077264704974
252.7022518130252
243.81646801077295
240.2172351203044
217.0253531015478
228.15808888315223
233.14664224442095
228.56575304473517
223.28919835144188
232.70877489028499
267.45577757345745
223.50312342733378
233.53513968613697
227.80792009225115
242.63708387908991
240.9017645996064
217.13361009571236
236.25310869631357
217.93054397951346
224.97853732242947
223.85862783907214
244.84460276016034
232.8565007376019
234.83840820123442
211.55769993987633
213.4847248449223
245.06680434866576
231.26423623866867
218.18648471531924
226.0036424541613
243.77145231695613
239.45626587595325
238.11866221000673
202.53598601568956
243.57673218479613
239.00479570328025
225.25637789617758
247.0076762996614
226.12618828605628
223.87728975818027
224.29186360171298
226.64866555132903
215.35524613881717
207.73817061953014
206.36050402984256
239.6181021934026
237.24271467578365
234.60714572359575
243.29300228878856
235.8779362422065
220.04220807098318
236.08979123382596
234.32826822641073
214.56678419950185
267.1128757754923
248.63612608530093
226.9233540193527
263.05198388936697
260.26458465628093
219.6821834295988
229.479638889723
218.78367534762947
235.3651765951072
272.5270010623499
239.45489265798824
234.9598755730549
221.54330799501622
250.4562690567691
217.74671356892213
242.89745772746392
231.40010147565044
209.34828596521402
251.5817911675549
199.12208706280217
238.73414471169235
238.71649117424386
219.46402173960814
240.30033052322688
232.72812215978047
239.09905763651477
224.23682136205025
212.51904214039678
253.04619839548832
235.9806961795548
233.27013039396843
226.01762141066138
243.0527410970535
237.45996238687076
233.47302065847907
218.5892553149606
226.665817400557
241.80048900807742
248.0601696895901
247.80537863372592
233.36188762064558
251.86051846074406
232.3059239318245
234.22628577321302
260.2128948615864
282.2418801737949
245.10879759391537
228.17294725903776
228.28562366904225
210.65366246172925
241.77222940517822
238.52393632754683
215.55244292633142
233.4161733519868
279.18008706643013
276.6957545132027
229.71735869080294
247.9536241615424
215.0139097723295
217.2224628420081
240.53302235540468
207.374490965507
250.25247917691013
222.95695718197385
255.07798171881586
237.90784044732573
237.36137526889797
231.41824721550802
245.06833806302166
250.7968084589229
232.05951157293748
230.23135523789097
240.54517204931471
230.1387022510171
227.42879835463827
249.2196730520227
256.4725185955758
237.247280439944
262.63725366216386
245.1855289429077
222.88086404046044
223.1144163493882
228.2470936475438
276.95924658875447
240.70289715047693
241.51503661542665
236.4941370682791
226.50405567605048
221.14114300825167
220.78517667826964
233.369178125693
242.1671735830023
227.03854695073096
239.52042831393192
245.05496391147608
252.16627017676365
252.00561942043714
225.89961395569844
206.31741798325675
267.7612175522954
237.77902111341245
221.6036471076659
236.0796675112215
234.11057002539746
239.2595232690801
242.48674065287923
225.98322839982575
205.97887981653912
252.88686669408344
252.76316114439396
260.33389408967923
265.03230633056955
232.26792312576436
258.4660505516804
245.04313206422376
236.4547659701202
215.48284551652614
230.54602880310267
253.9088462482905
268.3482979008113
244.1284535995219
236.13833818561397
223.46890817495296
231.0968654024764
220.3531623200397
218.4410586382146
251.0962137292372
223.31235880445456
275.46956694236724
223.514058425033
243.18401188752614
241.77557294338476
272.3242348668282
230.31463466084097
272.9008215877111
216.47185944084777
219.43053805973614
251.25234516366618
265.9404633359518
232.63950075948378
230.8299587146612
196.40310159744695
207.87271767645143
227.4257864304236
249.7648967167479
242.50887042994145
210.46003274578834
236.92375999095384
222.6297542314278
235.5436979268561
254.03870571701555
228.74141089548357
217.41469718777807
252.0306146108196
212.33723832655232
224.31256709841546
231.77851920755347
236.88554092950653
223.2975437004934
215.11809756304137
212.05735171411652
232.7901254472672
217.9761176079628
237.24576265836367
222.5992697350448
307.81969453394413
235.2964164055884
223.59051154309418
245.35096920048818
209.93826620624168
242.49295497580897
215.19471871451242
248.78075155580882
270.8570097220945
235.4555240769405
224.45087275089463
243.3288523281226
240.32838286762126
228.29870856006164
228.3053604492452
235.91598609054927
238.19214770611143
260.1556492911186
244.2527088773786
213.2228872961714
238.4426866392023
242.40280172345228
251.91871427220758
227.29852541576838
264.84697767108446
242.79865621763747
238.88259810436284
240.03337365970947
234.72334288666025
227.58233653428033
257.2342990160687
218.07826285151532
228.25845478056
249.1995021579787
223.81708437512862
225.42101614107378
229.79126656259177
245.70600754389307
233.74686461337842
258.51601754821604
250.9495952023426
223.411541092908
217.04080160270678
247.4561537152622
236.22310870647198
255.98872298677452
243.42723688442493
254.76668186538154
269.6623317861231
235.52732206718065
226.11485781800002
223.97764790261863
247.2401192400721
230.56591957755154
228.1147562256083
250.96407462656498
252.14698931772728
201.67147597379517
228.52929712180048
255.61698760150466
263.6837881677202
256.2845746415551
254.8575106379576
225.11102171067614
226.48107584024547
247.59317913174164
277.556540006306
226.65033877419773
247.96616382687353
252.98465299909003
263.2608286763425
242.9105528970249
213.55914133327315
227.15979143773438
250.03151817061007
216.5468701107893
225.40716849046294
254.4075745989685
226.6480016063433
242.36745148553746
231.39919273299165
233.55647979554487
226.05010021699127
261.66244131693384
246.249957221793
236.83627038024133
229.68382918433053
220.27243218082003
243.08231018378865
255.7668380959658
243.25245146267116
235.61069889529608
241.84887250082102
255.45507604297018
231.58169349090895
246.845217811584
249.73969824350206
249.13801207917277
237.45707525516627
222.8190574485925
236.48679454240482
221.6597492734436
241.08363947708858
212.63544095761608
221.10703454579925
219.15423105371883
238.683797157777
234.12477192189544
203.769810195663
231.47344958991744
217.95797362801386
216.81200905394508
224.8934650628944
234.49957537243608
259.9855261290795
239.08348212292185
232.5822668481269
289.76890439732233
229.4277554070577
238.11716313869692
261.82370640384033
259.1160941782873
236.16260522702942
251.64567024976714
242.28379350859905
256.4280998245231
245.27600668993546
258.98245081835194
260.43273668451
221.22594477020903
256.74929052381776
216.36288325459464
195.01543426985154
233.19111557974247
228.2110083536827
230.71496276091784
258.567701029242
239.31557404709747
229.23747776041273
236.62158783897758
250.71455572592095
269.8097314919578
223.6287607809645
247.55522892234148
270.11855814931914
220.3297734602238
213.90610867372015
255.25041193072684
252.02169634215534
242.34457720501814
234.82667297084117
248.38524331513327
215.9042188731255
224.2084053849685
225.68187948374543
234.525562534458
243.57386467646575
219.02819069038378
231.30056994850747
262.66942322137766
240.15641722053988
243.34180768200895
221.55751726863673
209.66753252700437
226.87235276587307
246.46265623980435
248.0840951364953
254.63149732915917
236.08899228001246
225.30175222962862
265.07515395630617
234.35348895727657
247.82772922352888
234.09661656239768
256.43195998697774
212.6499460565392
251.06556494691176
228.2957456644508
250.1854636298376
225.3394313613535
219.23066142952302
225.65990322368452
233.73048079403816
208.66584881668678
208.867778539774
248.3362042339868
256.27001820813166
265.78792702336796
217.30843530246057
220.81381613679696
248.38212946319254
241.51173399511026
242.93681060581002
247.70158619293943
228.01219250104623
233.5931419999688
222.6633209080319
218.635315057938
248.11367855366552
244.83283791306894
243.98694378213258
207.65540925512323
234.0783291188418
237.43205336411484
228.84480097709456
236.78681849234272
230.52361043368
227.5436555056367
221.78361075394787
251.71300634287763
242.65906212077243
238.2776827411144
237.48043757327832
248.5893047870486
247.27839864516864
224.37242867721943
257.3386460086331
216.30266969272634
225.60965435724938
250.46424592030235
277.55340982374037
237.97167364455527
232.7748041540617
242.32183745212387
212.148421788821
222.96353236900177
222.42669137875782
229.0699577141786
249.91385729052126
245.71293496503495
220.20500681805424
233.92757307057036
259.2204364843201
262.0515138306655
211.46359868568834
236.92067961144494
221.42421853501583
250.2448973702849
235.92214651906397
245.48787405824987
269.0906958649284
224.7528474346036
223.98353750276146
249.19995943264803
228.09469648101367
255.74848343629856
238.00715004245285
255.39573064999422
216.43255120533286
241.71908071276266
258.0286337637226
212.4739827864105
263.26228847302264
267.18545066483784
210.05014340166235
276.6443649774883
289.838458202139
255.99401980807306
224.15032096818322
269.7188728778856
217.6557924633962
204.772682120034
229.92349439155078
256.57610907248454
257.2636750654201
233.95100607175846
220.50282477785368
232.4312880280777
253.11011351412162
227.8011742249364
258.41379506571684
209.35302428307477
246.06855992681812
237.16725409048377
231.35976348439
226.73828366870293
240.4626711527235
245.25268791557755
233.0266511052614
215.07042537722737
257.73064761667047
243.87960696592927
222.75518119346816
232.27537029382074
233.19759166694712
206.98781636659987
250.28975444822572
224.08599419135135
236.91910501476377
251.06247226410778
246.4332334669889
208.62004719983088
244.72970482194796
226.58291182661196
264.960297042795
235.17779963609064
246.65840214130003
233.10523767356062
238.04262110986747
230.8143507251516
221.51696629286744
257.9103072792059
211.6793119008653
235.5649074765388
224.23385256924666
225.78255925589474
246.26378715707688
220.84527439717203
235.09286357625388
252.8678473815089
242.66368655016413
255.46411709405947
257.48644828546094
270.34327301365556
252.6949715356459
225.91905086569022
230.0685009433073
199.5718910677242
231.16035998001462
259.94553667941364
252.03544857690576
236.80046781804413
267.6374662075541
278.81044902297435
252.79955124814296
231.86601222807076
235.60852412093664
239.5743119562976
229.6365764804068
230.8234364898526
259.90183156565763
242.2695248189848
253.85986791283358
223.49139836028917
215.83453427744098
229.74089900398394
263.0145355203422
226.04920171544654
264.81628486921545
218.16251618764363
243.59223076718627
234.33036624465603
280.9770214894088
260.96316604933236
235.19450103119016
253.76304138085106
234.7301588197006
227.9246228459524
232.67625312699238
226.17574192024767
254.49996353476308
208.55977651814464
226.51427727204282
240.26896058156854
233.2918354649446
234.8715603533201
231.7186139820842
240.3720375591074
225.02226742485072
219.95240240870044
215.89832916669548
250.84394207620062
221.14648118498735
240.41911591013195
245.63438065949595
248.61555542697897
259.1030665470753
248.0079061749857
229.27215156710008
214.47057278244756
255.81459253508365
234.26649145490956
245.42160364508163
226.39117706852267
258.48104144085664
256.0943236023886
225.88099259330193
227.56506766041275
260.2932460041484
244.67703197262017
229.73106920940336
261.7498965160921
232.7564067207859
220.44360506237717
218.3940508069354
245.2120503601618
228.32978109450778
214.1900693741045
240.16238924622303
249.20380150678102
241.49033699842403
232.968867475749
215.83199882990448
255.57095162913902
243.95113485475304
224.96511737885885
232.62588235695148
220.84772004192928
219.92556852888083
250.0015140454052
224.2856996371993
258.48969423084054
217.81538141687633
206.632723343384
263.0325002015452
241.54003957740497
226.2478113307152
261.44193420239026
219.86926703777863
217.41519576037535
251.57922511239303
246.78599343064707
228.44096039014403
220.08289918571245
207.9800236338051
224.30868457152974
229.49187460012035
247.10639417363564
213.8395237409859
213.87725334533025
242.41129539109534
239.97100448637502
244.94100453454303
218.91748705523787
247.59119874140015
231.81476055498933
209.91948077600682
236.72018801461672
261.68656701390864
238.52507350110682
250.6677561806282
232.10373956040712
250.93821287225
215.26067255879752
203.30759457376553
269.6284854208352
221.8199051306583
213.59729596675606
272.08208878868027
264.33177003706805
207.72965964348987
226.8132049337728
237.03914426238043
295.4503725920804
228.23113882844336
228.15092471352546
231.41147100407397
255.94399163906928
270.9717463827692
245.9599783992744
227.03506860439666
217.67917066742666
202.6400883438182
216.84691657853546
243.79604528314667
250.11951204930665
245.27390515536536
241.17428794474108
210.67678447935032
228.55391345644603
230.90919280261733
268.309990913549
225.7376841994701
225.58889965742128
252.16357572365087
262.97150459495606
233.97276272822637
240.57501002470963
212.31519668071996
235.00931150862016
227.08720349689247
239.50498206669
277.49234190006973
216.97294510510983
279.3599612021935
220.60837669397006
228.76342620135983
251.1500067455927
238.19462072534952
243.33072177291615
214.96474656189093
240.38245533121517
233.64553610078292
203.11152564373333
232.85776483279187
235.58242129371502
245.6499705897877
223.04014794359682
247.48027471837122
215.9928337658057
241.17325005307794
195.31261996738613
246.5433584470302
237.35552735067904
251.15688265685458
239.50061754812486
246.58542756875977
227.27714533242397
241.59384411538485
249.83153902937192
232.8073529014364
240.93973168474622
223.3614758803742
247.96738694584928
247.11564394761808
258.64311666123103
255.07837375067174
248.74747003766242
263.133930809563
220.64796577463858
236.40261988155544
242.0710072250804
268.256518895505
248.9003155772807
242.75880870618857
220.18087223253679
243.6787932360312
236.80181141826324
230.20774308475666
246.97368925448973
215.2298932124395
243.34271858702414
234.92176347074565
213.1895277602598
219.20142181718256
231.82464881497435
204.25017225462943
245.29457463487051
211.28167068806943
214.01205918961205
199.2780139889801
226.71382294339128
206.58520159707405
202.0639238434378
232.37215509417
265.82483996474184
249.6633010461228
210.17159121786244
257.26113199989777
270.70982953417115
217.62059140775818
273.3169480882352
234.57479423179757
231.07395722763613
233.6698833446717
232.51188615488354
243.15849650721066
242.4921209269669
205.33123184158467
208.80547070282046
252.00956960604526
227.26720239175484
231.16292082809377
234.6382494289428
246.39294450019952
231.5297892425442
224.51259500195738
218.02764910866972
230.88115545467008
244.68464789609425
202.94463966228068
219.88249937037472
233.26972128392663
208.75535904127173
206.8548811384244
232.03084752557334
249.04103014734574
221.34926075371914
226.47366613766644
242.42664550198242
224.22353681107052
229.16590644186363
267.83881862659473
226.06547077640425
239.60944566782564
238.61939705116674
249.92749297700357
216.76014780416153
240.20049483701587
207.88427530566696
212.49495153059252
231.31849372014403
235.8506361885229
234.53688761638477
245.85898352600634
258.87653318885714
197.02681974077132
238.17202244186774
267.1014524050988
222.9383117314428
261.6305278278887
255.02256776182912
224.05129298276734
225.54653810919262
255.28822807827964
225.58384325180668
253.24970133358147
260.1396170746302
216.18060486123431
236.70089302072302
217.12059688009322
253.84344345564023
236.56185868335888
237.89501265832223
252.2281645940384
231.22523163468577
200.38421874213964
249.45926953130402
249.9443563001696
214.22636119066738
270.58169051632285
234.88116264645942
246.14011530624703
266.3121233917773
245.0940471261274
212.3577358876355
238.00096711074002
229.60952389833983
234.2183557462413
219.09961118421052
248.43251684308052
240.2292227819562
239.700320527656
231.2685536799254
227.2939919861965
257.48196776839904
240.405607957975
237.91623151348904
222.89591656601988
221.78106293652672
230.595102634863
213.1637762474129
266.5011220788583
229.7887956915656
238.93442452326417
217.6567689521471
242.77515339280944
235.2101762033999
233.19777529709972
237.62216842686757
232.63612074800767
216.72459731833078
248.93530247814488
254.36654971947428
239.77681158552878
241.67724562622607
234.72476716747042
254.78532925317995
268.6566770595964
254.17976462922525
257.3988773127785
232.99025063309819
208.40342249406967
223.46604246587958
225.63467477355152
219.2401648039231
229.67730009381194
240.36880785087124
249.93012300669216
238.5323513125768
255.39691237988882
260.9126686237287
281.31564952107146
219.08542223577388
254.95033795328345
232.9555393975461
239.41315424605273
208.69772300717887
201.88243732170667
244.03744345868472
216.73284378217068
260.6854831788223
219.44541803130414
260.38981254806276
248.95389964734204
261.48667658818886
243.94852236821316
243.90434480796102
234.994278658065
276.8352096992312
192.57891186326742
264.9983506462304
222.4819472930394
231.39985831989907
220.52175578731112
224.95317641843576
242.60629277583212
223.47681759274565
219.03321079723537
273.60381524486
226.35115537571255
248.93360204761848
279.15485528926365
225.09439783531707
232.96792400593404
239.0474611731479
239.96650251711253
232.11053328157868
242.14929250674322
221.2772104855394
251.9903640721459
245.72219832846895
263.2116906362353
235.46725735475775
241.42039717291482
263.09701252612285
240.64330067508854
208.89784264424816
281.31339576502796
225.7295676532667
254.72080566047225
213.11472439125646
263.8486686729593
252.78775954176672
223.97976690845098
250.84503349580336
240.73669840407092
227.20399347343482
242.47695226431824
243.64274756552186
254.24988845549524
234.11894941341598
236.59771962615196
227.07934270054102
249.97758557647467
247.49153859959915
214.03956452361308
234.98712677764706
219.261800943641
240.67562389851082
208.38399785896763
249.89586469100323
229.08197967603337
241.47151130670682
222.56917986948974
273.2500922102481
248.79916926531587
240.37516018899623
222.91031167900655
215.89396024262533
220.8428515709238
228.39974545827135
257.9592133812839
246.15269110328518
260.3807472398039
231.51968410098925
246.239413396921
223.47369520703796
237.0191941105295
262.897396051907
283.58470250933897
295.0515261624241
247.41208034963347
212.8691006487934
275.653474726947
249.8819665228948
219.6859710830031
236.22914900141768
225.29998877213802
264.69604556262493
223.43475579668302
264.22115929808933
254.18737278832123
208.58326842810493
242.03718073607888
270.6836731376825
236.16110707540065
230.90560844982974
225.994327525259
247.58202735870145
235.35960765578784
246.76372362894472
223.12824345356785
249.8573763697641
245.81403466756456
266.65380214259494
233.0448979055509
258.07445760269184
237.45674410345964
198.7767340799328
237.10365407704376
261.68883178860415
220.31189150514547
241.36260377964936
268.08568477025256
237.10974963195622
237.14096058579162
227.3398053345736
257.4125286220806
247.02394504891708
223.6424035616219
233.35309793252964
266.0835005004192
217.378446022165
252.78131282050163
235.30283791781403
262.73965239466634
266.01952847104985
205.59788541821763
220.00707116478588
231.78793973999564
228.90178130043205
211.64500621974003
228.94752625143155
229.340705447481
258.00846732070204
238.39914849225897
299.09214279882144
238.75756064709276
237.17756782867946
228.14182192459702
219.14891179371625
285.4249734270852
286.89632404525764
226.69044714979827
207.2733796501998
240.34692349936813
252.83303426404018
247.2863646785263
227.27599391911644
229.2220323763322
242.62649566237815
230.74642283958383
202.38429299241398
205.81061466305982
238.36127531155944
244.28535131912213
227.18029417388607
285.0615856006043
239.98033535003196
210.59853709535673
215.19210231211036
248.30281116894912
238.17325830995105
242.0820169111248
247.02022523421329
240.94624951621518
234.37231973570306
261.57786978187505
210.96692020341288
236.92142106872052
225.24880897602998
239.4139298539376
232.5463075733278
225.24423477076925
261.63403580978047
228.33998244348913
231.89523578586522
226.09840727364644
218.31213849585038
271.7307466743514
222.97813817416318
229.1592379467329
256.32149483449757
202.54193633515388
215.27893164462876
231.23767065722495
224.77378396654967
260.7769313036697
245.19239740248304
246.80551307206042
200.5945562501438
239.3244877968682
250.06597360630985
244.4143609444145
226.30808222363703
234.7653279225342
217.25640394573566
221.51853095483966
247.588295343332
238.18827402032912
222.77839038497768
249.96083904185798
211.7172349903267
254.04507971182466
239.51357257878408
240.8421321872156
248.9887558313785
211.6545158161316
230.63371326739434
232.2700380651513
224.14217152935453
231.97784106770996
224.93520609976258
205.5532583616441
235.297611843911
237.82444188708905
270.00730905414093
223.98890410724562
222.50939955178183
240.12923323898576
248.15297806763556
215.3742494203616
220.8886213656515
224.89127572567668
249.58282496547326
237.00185315101407
229.22948125505354
226.71404477220494
231.005095471628
268.0462675417075
227.8041468380252
252.82332645519637
213.83419920655433
281.14736568857916
252.2036220568698
241.94578422454651
211.61002861568704
224.39127820637077
252.81522226007655
258.6051624006359
234.23547249822877
242.5441541877808
236.0770402775379
253.37468946399167
235.5039295393508
251.49672842386644
263.68754173838533
231.91489946621004
217.6165528486017
265.4583416591631
236.31355598196387
213.98514002934098
240.56838625029195
255.25975791318342
219.48022056824993
248.2627090245951
255.9205290946411
249.58822998788673
221.61839457042515
256.1507537201978
240.80904070555698
235.3806209298782
243.383658313076
238.70020080497488
225.48557849426288
234.06335033418145
229.87711595604196
254.33599097456317
233.51242443639785
229.48120887984987
235.33279690390918
225.20790898764972
251.91748225747142
232.30852319009136
254.93448957288638
222.89898739138152
245.69899650861043
255.26538247510325
227.2619525999762
240.77835218177643
255.67895197717007
243.04424396064132
240.00613445870113
252.995955326478
250.99115490191616
233.23211072897539
257.37168567359913
218.57596677786205
254.40832360938657
246.10287597740535
239.81271144619677
258.76066703151446
227.03179251472466
245.09916909819003
247.4204390340019
208.9990825226996
203.70657456014305
243.1686665089801
243.02333177311812
234.64087628934067
254.13138196151704
225.81655790796503
245.98481908417307
250.77491292566992
227.79507180920336
245.05196583573706
279.32411333802156
252.28121666167863
264.3442482786486
213.14012787456159
260.12302151636686
254.50812425173353
254.87039467319846
231.27428690588567
241.92363912658766
212.70928296470083
223.01111787732225
224.47549644566607
222.0661243738141
223.33762055402622
236.36578919680323
242.10519607225433
218.9354867686052
290.54045700258575
231.80280856252648
255.67190964822657
238.13621550728567
284.21232820965815
243.75512107287068
250.1767797282664
240.26284379372373
248.636609008885
238.68507657886948
248.9168428692501
250.86373462434858
227.26034053822514
204.48158611136023
240.05311068764422
254.03771394537762
230.38896479678806
239.50056196399964
252.7600466144504
219.9021865380928
246.63363571441732
233.38317393511534
220.47963111824356
247.55719547031913
247.30277601117268
242.47184216417372
242.81088110187557
212.75254332728218
255.76781386951916
233.9168245382607
242.33916517090984
258.0254986801883
237.81451244384516
278.87319775950164
236.3180951293325
236.99294904293492
239.32254624227062
253.93629461550154
240.78711831429973
230.9806935408851
221.63527839712333
250.08100134052802
251.18474700523075
258.62764053884894
228.48455969884526
219.49888480606023
256.81453079811763
212.54069760150742
231.39262646483257
244.72347488452215
245.5762581047602
249.49211749783717
221.1719273243798
237.7828954408178
234.18430879735388
232.35120870231185
252.69118811225053
219.35780810855795
241.53833195951302
256.88810747896787
230.83867920271587
255.8169872929575
249.33879168494605
221.71125874854624
227.9271820897702
216.95125184033532
261.88702813512646
238.95246405806392
234.13698529044632
219.56199937069323
256.51938158262055
233.67941194819286
213.7707389391726
229.30983077082783
257.0906534988899
267.4292023476446
218.84900463058148
241.16762364795431
270.6091198674403
221.04249220213387
220.88014978403226
222.25434622983448
240.21675168769434
241.66734176920727
219.26482802350074
218.83300686441362
250.3939559891587
245.3887380119413
210.49536481301766
227.52148901287
231.35269827162847
232.11768085474614
239.65432782599237
244.92927730316296
228.09354517399333
234.06347624142654
252.40825182176195
251.3545307641616
247.46636557218153
242.52025438752025
228.75505445315503
264.1836718991399
238.68193195178173
279.027091414202
242.97581448650453
249.0123717332026
245.3192176951561
274.51686822168995
255.01500581926666
239.29175142152235
231.06175333959982
253.3975959944073
218.5777302958304
224.88645100058056
219.44579523347784
220.83247089758515
216.06243968638591
240.1479357124772
250.3543284672778
233.16985333326738
243.39738104771823
234.32069071452133
292.5924478939269
205.03405332914554
223.43488462094683
239.6679764308501
243.78803969209548
225.03849014395382
227.4952350932872
245.00853308162186
224.92765671864618
238.04478121129796
231.44378142536152
227.54795036511496
216.76844907342456
249.44182939245366
219.04921861644834
272.77547292935196
265.3799060295569
262.94668776146136
255.77813139616046
215.3425981902983
222.7396411394002
237.47059397248086
253.51620134792756
239.72259318456054
243.03813327290118
227.0818099512253
231.39843962772284
209.7550094993785
255.1619367976673
256.40005476016086
252.41235984675586
235.14214757527225
231.32544709322974
226.6605235771276
228.6999598494731
260.9655046433909
260.6762537139002
208.83544396667276
219.4543636245653
251.30003383383155
254.34940231067594
225.9969209576957
248.41653367725667
257.2423084095353
269.687849685899
226.90448343614116
244.25065058667678
231.54944860027172
269.74744358705357
260.8583064923296
266.4753379507456
242.15313796745613
252.7590998953674
198.2085547010647
219.23105635039974
254.47541315981653
235.54290138185024
236.17627227318007
229.79822641145438
243.07292867498472
236.86946203187108
262.1428148756968
233.6126717897132
254.28992747305892
256.67875416588504
215.4307283309754
217.22957579046488
240.44957758614328
256.8106245144736
237.92335905029904
231.14807647839189
246.12446948257275
227.44319380051456
250.6179715115577
217.09926152648404
262.3577226905618
224.60260915663093
216.53285166202113
243.698571068584
212.4984727757983
228.64817950781435
257.74951981939375
224.87367911601905
225.60438363731373
227.97510808112565
212.09565536305308
232.10962102550548
248.70347818534356
248.6463350164704
237.09341609827243
236.4745984483743
216.80898736196104
240.65616810903884
221.49787312594708
263.5197606110014
232.13960636453703
222.48459419212304
219.71875945781358
212.53138870524708
242.1827940515941
224.72747423616238
237.99295537383296
243.99897881795187
253.46842908894178
209.73979906796012
268.80543122289237
244.20090922550298
247.13115892605856
216.04977311322
245.33432998065837
248.63803012948483
259.01924225338735
207.85842590243556
226.68050003540702
227.22073238680605
247.61967500392348
232.16617246274836
216.27990382909775
242.37484446633607
224.28650237282272
256.90148396079894
228.59749994555023
230.10409180575516
222.36689983669203
249.3378542541759
258.4611158805201
246.609307487146
280.4712455915287
269.90330443007406
235.6857222749386
241.39633902022615
233.44965213746764
222.0622296957299
236.10304574354086
254.90272305428516
229.03723709192127
228.5384003057843
247.96260763367172
231.73276831349358
245.4575646717567
236.387307598372
219.24760091037024
231.97810594306793
265.1379111785209
233.56086943030823
243.0875059069367
236.10401960264426
241.5550823182566
237.34773772477638
218.36215237015858
259.10257127857767
243.84001690894365
219.315555089619
233.55704242677893
235.07567238155752
208.32846316776704
250.18854458094575
241.10573297936935
263.54873287666123
216.3823539383011
234.8032458993839
272.4617461130256
231.983970843954
245.69275508914143
251.91947955999058
212.51695658673998
213.78071978781372
224.16648347314913
228.33067880768795
228.6354056840064
232.53572802548297
264.53663286112715
236.93641559849493
248.65163629548624
254.7883462839527
224.5895515299635
244.36234700656496
215.77302920923103
276.9159318143502
239.6894389175577
242.16838449903298
224.40308965707663
265.5036943653831
303.85360173799563
245.59364697302226
267.09178505139425
235.63327526394278
226.5835231175879
236.38731955294497
206.37508474953938
221.4676788263023
210.62563555012457
243.29046563559677
258.57469484303147
238.72438936668914
223.12013601779472
218.2203370896168
223.8171282587573
252.709361428977
254.12588479882106
254.49242248386145
232.5748496990418
219.9400240930263
232.6030813419493
201.72137729206588
229.6805522374343
246.95473239792045
237.9646575570805
242.23126690241043
255.34497684496455
237.80454481369816
263.0682733039139
258.03124760917854
231.1526510126423
217.35306869877968
245.5020135443192
251.98172105336562
226.29167750454508
236.7679873734014
225.59714055701625
236.81756078172475
236.32819971139543
222.8234607919585
205.83322175429203
242.9401895350311
226.98222540761344
223.57641429663636
279.02133528969716
204.53888895490672
229.91739599511493
221.04326201463118
204.32847183360718
223.2514476062497
247.17164526029956
217.51497119048145
242.43297003256157
248.92460262728855
219.31416589242872
212.63832400063984
231.84365699184127
216.99483834498096
229.92488716705702
233.70114080479834
224.48075546196196
213.7163986931555
240.306591385277
204.46765771543141
219.207814686466
235.8130863381084
245.27028444607276
219.68338222522289
221.37014652660582
224.9629913395038
273.69856865832116
254.98003220604733
230.99579580454156
227.16459736111574
250.48417346249335
252.19215793267358
242.23742491321173
225.1583965816535
213.02816844068002
239.87268728390336
248.64360436110292
232.92369083606172
222.91555261658505
290.7242281177314
224.54415586637333
241.5256785225356
221.43214955017902
234.02854301210027
219.87256805342622
226.8265034337528
218.34885844471864
241.1717536447104
202.34578128857538
228.21008973370772
236.70340844988823
220.32974709395785
226.70038252416998
229.72828227293212
206.66880166553892
238.756678728736
241.8163121389225
247.90253226982895
240.91468604351394
262.7159188792575
221.1694833644433
213.5218349120114
279.19408811151516
244.16570669366047
213.8550513990922
211.3099011122249
266.27762811246794
214.8156963386573
221.71818835567683
243.33491038403008
233.06900169805158
255.99717402271926
240.8733347383095
237.44925237167627
231.76967477123253
214.64418376400135
219.38742358831223
267.24446854693815
239.05690606986172
229.4706899181474
251.30135862983298
224.28758955013473
233.46145772677846
198.79837867466267
214.53370319900569
241.30732485232875
243.66209424461704
249.54990209487732
218.2836561925942
256.23458729544654
253.36795982171316
256.0688804240199
225.4156452686293
228.63472253654618
249.9670134029584
249.8440295639448
248.99500145961065
260.16637077974156
223.67632429790683
242.03613042319193
242.40163188287988
238.67523967532907
235.44169970334042
285.145101314527
240.25820527679753
240.01248525385745
249.06556831405032
237.90805694647133
227.86553742166143
246.6957439322723
258.2352633581031
223.4139118398307
219.46104548999574
217.4289238617057
238.61117121600546
230.92828560411
210.1561536093941
260.3389725558227
219.02116874663625
202.20251564518549
247.87747146817856
218.00691710761748
266.6083016479388
217.58356559835374
202.89631155855022
247.54227846919093
250.3990911586443
251.53746697411407
240.9110892629251
237.16235910123214
246.2088336852612
215.88700981345028
216.03301602753345
222.5803894145647
228.2831816636026
252.17220086464658
239.62508239410818
232.65289395663422
244.69860295194667
212.71273715537973
246.90000308770686
261.54616319271736
246.92979288543575
224.50120973202866
240.1076569352299
216.4882618446136
247.27868196566124
240.55641931318678
262.83204154262785
213.55989696702454
237.32866091944743
243.43152644182555
243.76999083103146
229.6940906024538
237.7062909025699
223.85026761586778
220.6393397381762
242.91698896838352
229.256188672618
221.50553174852394
239.91173570032697
269.54443468444515
226.60299863980617
280.3940236606868
240.80843711597845
227.70423151296563
239.10584109672345
278.04804017127026
238.1920139817521
242.65402064064983
239.34836237272248
242.48265636642464
260.34470167558175
236.50043613859452
250.23780516185798
270.97626764990855
229.57472960127052
242.0000998066971
233.90987806615885
254.20074803731404
250.4050858351402
243.7330116421217
244.22145651536994
239.2893810964888
265.3495604827767
206.51952625147533
264.6056445486611
237.30738916550763
232.88946969481185
214.76605669222772
233.7409766082419
243.68038711266126
228.61822325678077
265.05215254449286
252.19209479691926
238.80728487449232
249.2974735480966
250.3213661822956
238.1067593615735
210.8881565463962
264.34327972400934
231.20565997064114
251.19173116551246
253.63030776300002
254.5727745112963
219.03023655328434
244.01954298245255
222.2421694889199
207.06756771425717
272.1731190837454
260.9029349561315
244.31704551517032
235.64365422329865
211.5127919288352
261.09292815078516
203.72184333053883
250.03906337427907
200.1532655179035
246.05175329872873
232.4971815084573
233.53215991461184
235.93998861405998
211.41365006391425
237.80915055854712
245.87717483262531
215.53611988888588
277.395835280302
223.14916297164746
209.58484923478682
231.1314898780547
247.55972456175368
213.36848651838955
231.7972924662754
238.3481103227241
232.34641789912712
233.01828325737733
244.91118803364225
246.63653389550745
223.8312035840936
264.0501368175028
238.04013210046105
230.81983940093778
242.32897488574963
246.9921777821146
259.3176574361278
229.54488035279792
253.78224525554106
255.07983327226248
269.0601183057297
238.5015419354895
205.5164414762985
212.28330003586598
276.80453099275474
273.37210558971856
242.0195067464374
237.68314744194504
211.58199147181585
236.35417020437308
232.99548940581735
251.29554030753206
232.14527058822569
253.3905938193202
260.67272763117217
248.76699376280885
233.20894469320774
229.55669643695
235.3970717737684
251.2964541442925
213.79642292007338
210.07167271943763
229.0262888892321
201.1892146859318
226.80307823210023
240.0197187709855
247.99788990686648
223.70173214096576
219.7976313753752
223.50564508221578
245.14953488041647
245.81542039324995
217.69297736533917
246.77858795644715
260.58723373361863
228.4289081223542
240.72806145076174
232.54770106845535
243.09864012454636
239.45607076655142
254.04241556779016
227.1195077233715
237.6209427982103
237.81225575110875
206.59008195390925
203.46308555360883
233.12858885573223
261.04581495700404
276.65963549690787
245.84570687427185
244.77021701831836
265.1769299878506
277.41959687136114
258.9317941319896
245.147959592985
253.25929765973706
229.63424099225085
232.94588908657897
238.7779291771585
229.58508046926
224.5103222951293
254.07647709466983
226.18433690536767
210.804539424018
257.74334238213487
238.97980665881187
238.663069879869
224.25276641256642
274.8025860284688
253.51191036496311
238.95392777060624
228.722117019468
238.62200283934362
271.2006880939007
249.5431121167494
243.11129916086793
239.56044824805576
227.63631013594568
226.2006424688734
231.1006722416496
232.64443551946897
247.52152555785142
224.8649960992625
221.91986770567019
256.4569922819501
232.85487920511514
243.52158326923382
230.23934973485302
223.99046510842163
222.07650508394
262.128450071672
272.74477712076623
222.09515283314977
265.8655309183523
247.02222620532848
254.04432910482865
262.17860361223575
235.61693278956227
240.02566304663196
235.05268218414858
233.49911739327945
251.07452343951445
227.7963229023153
230.03515352483373
207.89086843957193
252.86518690362573
216.32784794236068
230.2091763090575
240.16252102516592
232.80308832938317
238.32596507994458
211.28643790772185
260.64194693916943
209.83219737024046
223.5364625264192
207.7498050882714
205.40912831295282
238.92243951978162
253.03591210837476
254.681699020206
248.8039497792488
240.68995167000685
232.49817342148162
235.75813492608722
196.40788417810109
237.8494511526078
229.38536668475717
224.30832841666415
242.58894126070663
223.62978978874162
237.2630819560727
243.6653836837504
203.95520029542968
247.36719963687938
222.09121305437293
239.98831010761205
261.64766547153704
224.30819146183785
233.25179199443664
250.78045019484125
224.96700063964818
257.36267080216203
242.69249143789057
215.45971902483143
235.8109857478412
202.78264498570934
259.95431090169586
242.06390544224996
223.7360839578323
222.1312657124363
230.27911206893623
203.31286353163887
252.60662724729627
225.86072098498698
229.46657126233913
258.83084663108457
258.3312216991326
232.75711042038165
271.1505162623944
228.2556747853523
252.99884745187592
236.23347997001838
239.30884180800058
241.992977833841
229.47050318145193
230.44677456084173
245.6959324942436
247.55319419677835
232.83361241105013
242.31627335445955
236.1851854302222
231.8541954406537
241.3713892266387
279.11572225100826
206.11519259330817
231.6438194484217
269.6421534398105
236.36215473606717
259.0723473771941
248.3923998461105
229.57801842095796
240.48307480930816
236.1906094161095
235.55374991032295
230.30550165032037
227.74639377102721
259.03472579969093
219.420503061614
253.90664078388363
228.75246694497764
244.97399504529312
220.5704670547275
237.18303959525656
240.19150031753816
223.6648431137437
248.03422769822646
228.16930500383023
235.77933113102335
214.05199170927517
258.84393496310804
263.170716199209
230.84459620458074
212.7690907367505
236.03611063631251
261.6488272601273
222.90631732763723
255.01200210733805
255.37261174910236
222.2137139098486
248.0973948284518
244.76814793841913
230.34871778229717
220.40862937329803
216.62467022170313
240.24947861104738
215.67596778972074
234.7872717391001
227.9380473929923
238.45860906492453
220.7971196579747
234.48054705327377
233.63486519712023
251.09043755894527
234.3180640497012
233.5393796202261
227.63675218867138
222.83733788505197
252.84464921779
247.54244021046907
230.08560409070924
242.46237420663238
239.84653534146491
245.07419712399133
252.4727713826578
222.35010149609298
253.38362142443657
242.63262480765115
235.98392750206403
220.93178663449362
268.5229754220927
263.03428890754003
264.42201635660604
202.56882210075855
282.35946726531256
243.48182781040668
252.19497618824244
239.7587139684474
235.98847163957544
235.12768899358343
236.10125484026503
259.65997046628036
266.50146182079334
238.40558598737698
232.45388639485464
276.5172166308621
209.80331167764962
233.60516843223013
227.96733178535942
213.8869627523236
262.7863391248975
274.50114689266775
212.89041761576664
245.63799775962252
228.11567351047415
223.13046577072237
229.316059969482
246.83758807717822
244.10109770100098
205.3361997049069
217.58411306329072
258.5581707677338
245.0690719189588
232.32745046773925
246.55541193741374
218.32695419050287
229.22665199427865
212.33658082678448
257.82450346753467
244.87977154972032
209.58421542716678
245.5114586724667
243.6157717682654
253.5893480218947
238.53946150897536
238.8250187068479
250.8893697555177
227.08817143144552
235.83000029705
264.9179446916096
238.62305161252152
262.0924891612958
264.4083697522292
240.4564578285208
254.71260225982405
226.0302835026523
233.46270948229358
247.3719886537874
212.618680239073
207.1375925395405
215.33860001456924
212.36462289455812
239.36816086049657
203.32635615824256
223.66132319893222
216.34567255654838
242.15829334384762
235.5819640981499
258.1589136479888
212.49904551461805
243.01589745667297
235.9373517826898
222.53354982519522
243.75753230799455
204.15045591408852
243.2190731818555
225.75316532037687
264.96196022466756
223.3756455706898
232.66752030537464
240.2837637247285
244.5136220054701
237.70833835506346
243.49213287245948
236.89478671888355
240.52392387529835
227.569609503611
245.04439747647848
249.17280344828032
239.7727295437362
239.65953550254926
220.92388270504307
234.13073562434874
274.9390063890023
241.2399821988074
254.65384850127157
229.39141768182162
240.2293865296524
258.797743506846
234.48213650705293
248.3212020797655
212.15716028644238
217.4191125330981
228.75659749063198
245.9215395489009
229.94198196171783
218.79131985933054
243.5531208406901
239.6457314240979
199.17541396967135
212.83669339632615
256.8291387730278
218.55125396256335
230.2108056973666
244.59094876097515
229.2560253010597
221.8044933353085
236.35923992737662
256.1083756283624
239.2932720782701
240.07840860588476
206.725117277354
235.99921529449057
211.72495482547674
215.86836683307774
236.68278792581987
233.3951482893899
235.9671252334956
217.24833677813876
239.2091638726415
236.52903304283973
228.34985333983786
241.52288636087906
236.0780826890841
229.14069873117842
259.20998430019245
236.44948368309997
245.07830015651416
241.80465192731936
232.75126538285986
247.73758827056736
219.17231516889296
255.1124470330542
219.1107702581212
239.8881726107793
248.48541227530222
224.62029642413836
224.621688930667
242.08548106066883
218.539915751433
278.72155677643605
229.67213466018438
252.97216961940285
259.0799872848438
244.1122610437451
219.89204390789382
241.0805030297488
225.06386469700374
260.20324814738706
250.2032759806607
234.90604082064237
228.59076841536444
248.4579622442834
252.41800496482756
232.58069994451944
221.06971404247452
277.72611054219306
235.2588959931163
247.202256456716
259.4381191084394
222.23175551882014
258.0231276456034
218.71259913314134
251.66612024395727
270.3438762506703
230.90391609002836
239.46651438367553
233.27060366992373
214.71515154419467
257.8843348406954
251.54240053566173
276.8956397512229
247.53875211975537
236.22839754028246
229.94959735206794
221.99186646321323
252.27562100428622
242.23054294171743
230.52346910664346
233.74223970610183
246.11634179158136
235.29728595144115
228.091368417372
241.23964105860796
240.0632519585779
223.27877824555617
225.86487037630286
211.51425518561155
203.97782393184025
282.4792352359509
251.5709921446396
242.0136607248569
240.83505582157522
252.76450700277928
215.87012053246144
223.68673888244666
233.38092018151656
239.59461606654804
242.83137572405394
230.55771412001923
234.404016168206
266.30002049868926
212.90875129390042
202.02218339859974
214.4874413969228
225.6095448937267
238.34724422963336
216.43339528667275
231.4509053316433
222.96650551166385
232.26314399775583
230.537311819382
231.30285057704896
217.48259408795275
235.36965827282984
243.18442529602908
281.7911760433344
270.23441422975156
227.04674878786318
245.07533884700388
252.23049053514842
248.65368721960112
226.66702766960952
259.028359042597
218.39361638680566
204.52185387013014
233.762847565813
250.49181160447188
256.4437861458864
248.58256248896942
223.40141946543008
248.5560676944442
234.8578322812682
230.49382881855126
252.26661206106655
239.8701910187956
225.64467684028205
243.8132594692288
226.42805424844846
233.69130355876405
258.4040384986438
243.03196794330142
202.99010868475307
245.73646862176247
215.49703420640435
233.33783102757297
239.65062954439782
203.12532233993988
235.26881198503543
242.6578637821367
243.7555763515411
236.08001038758084
238.5619379769778
242.46693199826404
251.2197763324948
234.21415067627095
229.63289047335275
230.96450933988672
249.5510737473378
226.03220268001314
223.48686824727338
219.932674400392
219.15793593483977
237.38461345806718
233.10936179792043
240.13888360455167
233.87371223827358
270.8736494462937
230.94419511128217
212.27597346680705
235.54768103780225
225.68146776838694
227.3637406239286
224.8061310852645
242.18023667181842
242.905213657883
201.9382014280418
238.55404335050844
224.86691972089466
197.4198958367342
240.4374219905585
224.7908788000932
227.32321403583046
250.89706761506386
219.71588261867873
224.48770180216525
234.91071505576838
220.11201651021838
223.98287110158708
231.23957035550848
260.26726071571466
250.68231993471272
216.96720576984808
249.52801156160422
238.26265615585726
225.8421602047747
256.21255909185857
231.77286192576867
257.35069959633984
224.14265818079002
218.66038019803818
210.7838474001037
246.42128960764967
211.70450622634962
250.4995374114951
252.49652106978465
247.6854443444172
246.07700475933962
229.12401565548498
220.87901720986702
256.0803633350879
231.4945601709187
229.8111390605336
266.47230627632234
237.3760638431413
256.2069011348067
205.12226471933536
209.89186197659
238.7401293326402
212.7312413159525
251.925767391338
249.98031271679793
230.3807674171403
200.1196980390232
221.43472263263538
234.4782519802684
265.13168364739977
219.13502484047785
246.1669286674587
233.11592118162662
224.67677677830216
225.3272570493864
240.6613622419536
238.70075358019676
253.77926518546883
258.66369902761653
240.39490768767428
248.3461625810014
250.42279502539895
226.38651657442097
219.36951672914438
248.57305207161698
273.2048126151785
252.99336212489288
257.8448425583774
227.08228927850723
212.83587647497188
218.01001517334953
213.4137143351836
246.28153027233202
237.55718830088153
236.72649255103897
238.5004240263952
242.54211295489222
255.9854615489021
256.4832119193161
219.89199182204902
248.67678159545176
259.85661209351383
256.7820261210436
252.9453028452117
242.22638667421415
257.22763370908797
232.7799847346032
222.90175613225438
231.54305362154264
248.99181498226244
219.435280760983
272.1255154700484
201.15516503411345
246.27725506341085
243.34325970243663
215.78969521052204
290.63098221377004
268.69240345887374
228.88805086980574
261.0011761721689
227.57721161097288
222.00482301833108
237.7545216830913
244.30546615249477
311.9729971168563
245.16188489447813
233.5417260726681
264.5202543977648
217.0005601682933
263.8795395079069
224.85599189333152
230.39812166709453
244.89618048002012
260.19964545057155
212.32776789949276
219.20587379368953
217.07480328110978
265.68455314601306
253.60346012667287
214.97587844007649
244.05242886580527
215.42030632472597
248.08217355958186
227.26356532797217
273.3967708522687
225.2155400244519
248.98139062861446
239.9879682562314
243.49450463918038
219.3788933395408
225.95216723589692
249.42063228785992
224.95259079604875
226.8099213244859
212.19594033819158
226.34336585353594
257.48176203435287
241.73546510341112
248.59756000898778
233.21483910165261
238.1858281887835
226.32435333030298
228.37403382640332
254.78309013252147
282.34197976021096
239.71921642310917
219.0437954257941
254.27310120523907
227.0733285426395
253.00933077232912
293.5439601856051
244.5270291599445
246.6646316809347
240.95403336221352
253.66142116615083
218.16661760571878
229.17556718364358
222.45328742091078
233.8969359297771
224.61351428402122
244.7445353687508
253.55975285591558
202.99896696489304
214.61370465776417
242.77739867463242
268.9228308919119
250.65469021722674
265.0383855352411
248.8979947726475
248.19342242879793
262.9215237107128
235.63043532066513
257.64505925087724
239.12073198438156
244.68073508574162
256.9039095338667
214.18857623124495
282.8675797074102
231.29667811607942
231.0842170767719
222.99422810028773
232.8164187099319
235.99078083969653
236.0482127967989
226.9639958535554
221.68207552202512
208.78389764786698
225.1142938627163
270.2059491412947
214.80937652348075
225.84661567455623
239.6986793037504
245.06663938076235
235.28014624433126
242.89392931875773
222.22752569476143
215.21194708533585
229.94550679950044
215.88335732987616
265.82116198469885
237.08881486777682
260.74147463112604
215.73610186844599
247.22002579260152
229.91687841224484
273.053804620984
216.41046783933416
240.41792666027322
241.86232846206985
254.11959496024065
260.1745876658242
244.85354741010815
207.84410651726648
219.97746962099336
224.1426865948597
226.20691094885115
208.16936544061173
233.00816793728154
212.57980800513178
318.04848423798103
242.73852076963522
221.34711892122868
220.61533635039814
239.3051093510585
226.88601535034832
223.67326560791116
233.05607996124309
269.6072189225815
242.80353032704443
200.2263350506546
248.2908543429803
222.29739906440955
271.5978198662633
244.5983795770444
262.2365839467384
229.8906448832713
246.94222480559256
267.6864841628121
222.2798058919143
245.56615399580915
263.28576604486443
239.94291622180026
229.2765831979923
231.45251295447815
224.62689868849702
243.14510996313766
227.5527132380521
207.37339885369875
212.57051591784693
232.4342584547121
218.10133515798952
231.87606651184615
204.05610415968113
217.81170830340125
212.86646105407272
239.80493490572553
243.0244975121459
205.79030619480181
254.41838206944522
263.5677793880459
234.79787959053647
228.93758521741256
257.2204011712456
234.51201205409598
235.19632054725662
250.10568625899032
224.5108797433786
231.079391019186
226.73953047092073
256.3626316450536
209.1021393405972
213.59279951557983
221.14774498401675
222.28790163621306
260.1262835346861
281.22957370779477
244.07040620816406
226.72556520823855
233.21858051698655
229.80027160968166
220.88729814218823
238.71947848040145
227.78952257952187
232.03073386114556
217.40530647011474
224.23968884535134
239.91463238059077
292.5345565073658
246.88506559771486
223.09495661372785
217.53970907139592
224.982544471859
215.61362694844138
275.13942753360607
240.7814308643574
221.0746046085842
210.97582134522963
244.06738784222398
226.0347449805122
252.20594680053182
226.06094885861967
235.87466884125024
226.3805876999395
233.93675147171598
235.99340545141604
227.9067497268552
223.4830322752241
242.27021452633198
224.2014521866804
243.91773746046238
259.5710616783472
228.17355118016712
239.13400631630793
237.9343933755299
252.7025497581344
218.6724269320257
244.47154259122908
224.9658463730011
232.20582873141393
213.75355633487925
209.43444434960838
228.11116815707646
194.78890280332416
249.63153639133088
267.1126552306814
236.28924833692145
246.17979676648974
233.6334875500761
235.8203603872098
260.051849066047
246.15670241019689
226.84951340709813
225.57472115242854
230.65769719402306
231.62696507701185
245.3935850369744
240.73068958614022
220.45860032283235
231.68360689363908
242.1053982329322
214.96911524352618
256.0264304743614
235.80162958917208
253.0978401125176
233.5057409949368
246.40763278875966
243.3786877085222
256.13593990099616
256.44768139580265
247.30907000321895
208.92531328788027
249.98141740087885
274.8045692705782
225.8914403357776
213.75459140224848
256.5472225775011
250.3349803549936
243.0674554470461
263.1423185826279
249.5022779890569
241.8599329001736
237.35698194429278
223.06157716852613
233.47225503262598
247.55322240758687
257.44354612065945
230.1883820213843
208.4516285705613
201.60225166240707
233.4585951945046
234.80040826566983
234.56743536610156
222.92971313442104
