243.89874327648886
243.89872360013123
243.89850399613078
243.89876878736504
243.8989602863112
243.89873806361265
243.89884695055662
243.89855200584952
243.89871044532356
243.89852256005906
243.89870804427574
243.89851790446482
243.8989197383671
243.89873656219243
243.89868472093804
243.89854428828585
243.8987185389833
243.8985070054714
243.89874418257023
243.89873733728928
243.8985273761773
243.89870731376323
243.89852421512842
243.8985546591648
243.8986002112888
243.8987103794807
243.89850824266978
243.89873487538716
243.8987189308773
243.89874017632246
243.8985269271543
243.89870333187173
243.8985320364336
243.89855630761485
243.89861457738698
243.8987100921695
243.89850663644393
243.89876897072827
243.89852692638487
243.89870344386327
243.89853185124048
243.89855625522068
243.89861512404605
243.89870998511105
243.89850665542508
243.8987706377975
243.89852694103502
243.89870291555417
243.89853284726996
243.8985564610266
243.89861649678278
243.8987098196303
243.89850672322427
243.89876691234895
243.8985402963881
243.89869241812266
243.8985456903938
243.8987160272991
243.89850955047586
243.8987165600156
