317.9127489217116
358.5296944155905
271.46307506399125
342.11788658102637
269.61325300633325
286.0351691232654
253.72957643890368
235.60340806551994
277.9816196075508
286.73244088790307
262.7725099705867
272.6055802141168
266.7884059685557
319.2216339206575
312.610260307325
315.4468866469151
290.1752539592553
245.71773801142808
270.83255865005776
246.2629022405481
293.34917429054894
253.72801052753493
282.26927531351885
312.86914923229415
303.55701570784277
309.1759438487443
327.39199642488984
378.8748003613964
277.7612474601083
248.9496500037967
315.46853718408056
333.90778568820497
280.58107478347847
287.46692529433676
290.088978792166
247.92534573782177
335.726461664206
278.51431188879724
297.4309181437584
307.41785529687877
326.84447669913607
269.28914300666656
329.2136935479266
407.30929916537207
265.5000196531255
291.8105616221819
252.3725430718987
319.41080947199407
328.9459996604346
251.75329759582564
287.89489881545524
305.6356543132388
342.10716275703817
313.64538595594604
314.99608270412864
306.4386194195813
246.10456326515123
261.29474941434455
286.8854250549193
276.5570271226861
292.9322088877925
274.91211411088807
285.38113533529395
318.43180890867006
302.9827766162816
343.33803894176526
330.038837446642
260.69273268189136
352.6214633699601
306.2705773499183
268.6158782804232
385.8357517630393
292.76202298069984
272.363626871811
261.5170618145421
265.8132375323221
326.6088809503308
350.8760337130916
317.8322244430092
293.71031509056047
311.05678368298686
309.192050976937
341.82980105930255
304.0218174532056
370.46939589205067
296.164765920068
343.8938526075981
314.4739393674463
256.55464798861067
307.29167768979096
322.9863712580409
286.20572575108235
366.94169298872293
295.44644899306877
252.14285333532462
315.86660913414016
317.3086735713259
247.9102049977082
293.2980187443609
258.95453145585634
295.2075602422374
264.9192416191072
306.31078943311877
252.53429287428298
317.17509148783574
323.00656688594245
252.75321964262548
227.8544641489243
255.93976182089318
282.45384410205224
228.90370735158285
264.0594349592575
367.651687680489
281.9989032498852
213.2663109759087
247.4746397991912
273.7186768499523
302.8940133457945
265.5126690366669
298.0236477868966
231.58418187451025
230.93801901197003
230.07576737079216
274.79244139243383
264.3515375665884
349.27758035165607
290.9296690485353
247.25894028158655
281.5729837035615
262.1150199012627
317.48156677962106
297.00990602313686
312.0174799383749
273.3987588815871
298.8546583593197
414.938598664914
281.0763278686936
305.0776980436567
321.29828307281423
329.45566752699233
248.1025686696521
255.447951252012
283.9785702095978
250.8514378973341
250.28602797089115
258.35181277380616
291.945031080606
299.2175500463636
320.07957374839316
272.7993272360691
296.61269263146096
250.22424720050185
246.28296276951005
319.91617743536335
365.4478208200162
297.9942970886914
288.6561095432553
294.6839355365373
281.43148005299736
398.2573472068034
303.8639241015626
276.25859348202357
283.2340332853928
330.70905006139947
257.87360077002086
282.0813468245833
328.6382051168257
235.99649463144306
313.0224175621843
256.6088780490609
260.00341720943106
304.82532309256203
303.88391471045907
265.209402826913
284.1187491133096
258.61411834395403
259.50789720475586
281.59451875009836
291.89223965482233
283.3538432041387
359.2393908797967
310.6453625255381
275.3384956285736
294.87038962681254
344.83812834424316
303.98885041975154
370.1360969245725
293.27134523828136
241.83241623547656
288.9196402717789
304.5610897988299
263.13153646206047
312.02985444068327
288.2930106156855
307.4691910094989
278.4480245005325
331.27240474164137
281.20349748269655
267.3757760884546
246.82609788814443
297.25646383938874
284.79088568851876
277.16064255143283
285.61777628452546
319.6638942081627
288.8620479247329
289.0802023007418
242.55539370500628
235.4355759884129
279.8636711214567
285.05947850230586
283.12390946465894
266.99469848980516
288.17950047489285
251.92822718653042
288.29870729718095
293.51806635718094
270.33584233491274
319.7618856537083
284.2571798600329
295.3229637519471
300.4984353023465
267.8824140619836
334.62826009693526
281.0965903100514
283.1807162479672
352.5756573810504
296.5061990505783
323.165334665071
245.4009215474798
302.76209798706986
329.05664237182646
315.541439533612
282.41939668807026
275.4484847032436
246.45672611186455
311.48209192304057
257.6807888810581
261.88494466169504
279.3265811047313
276.9115778605483
271.912337243557
270.0119175148866
292.4688638804073
298.98284082971804
321.2088063579431
307.90926810735255
347.45867691269086
282.00293390349543
354.08103601349285
296.10360785482044
330.3814467624179
359.9807996120944
317.1332433603093
323.7633858085028
316.34783053887077
258.4183575055358
296.5900509177591
318.8683043736528
268.13377136710915
328.2059572044818
343.2945014690922
256.4416318902513
261.8825781069172
259.92479684753926
242.66087967981002
252.82761555627803
264.344220657862
287.2104138347786
291.7942437379097
256.65097734244773
274.7376700765162
284.51904086851573
229.62324177572737
266.2368751817994
254.77985231553612
326.74096735636704
304.28235317594954
262.19778501067776
276.9051400893368
222.60333524341695
293.46370737168763
266.5406984206493
290.6151645064092
266.807026482129
356.5723982687632
260.1998495615553
302.9015136485832
273.86939109436935
295.93305604836496
270.1537130809884
267.7084028527752
278.52777708308713
310.2038008734089
261.2646724964143
253.14445666557003
290.19553035113495
299.5746186417382
248.411159145704
288.39151234182646
294.53420020706835
267.5678284652822
255.45135333840153
304.2952128894394
284.41857146240363
300.8208821689186
223.0524491964461
300.991612226906
297.23831271727977
338.77666264270374
319.6400730577443
263.1381907254108
297.49070943164406
337.14155643674894
324.9494289759896
251.79123854362115
275.5428562424204
335.7779058233282
302.77432987766224
398.9079938465584
263.4652016144828
285.8259870424663
265.75754193215107
287.83743906611926
275.98148869816214
298.38979175817803
292.2971861286205
268.93396604990994
236.97430410094967
278.90537760169536
288.38211761185084
297.3147691826307
259.68228088623437
287.9394436227449
280.57470119981735
236.23393264615152
246.10629826840886
330.1175825372047
319.6439899464167
275.5843022077315
304.34319006607984
315.16214325763576
337.9995818097959
275.6626923068834
354.35262231191155
281.9952725559706
314.34916774422163
272.6675945166935
258.7820895090699
286.7845563359733
254.41226734651718
359.74474442091014
267.6611838078534
397.085569863033
288.34842991446203
259.4215493103402
256.6700873673253
267.83336665776733
267.4877783724223
298.73321140655025
332.1555833481834
308.1616114758217
320.2962848490424
285.56747416983126
256.0140441983531
340.7983462556149
255.5259793579171
214.16586864714918
260.337238357999
241.39125191763742
294.7023180166143
242.03481036321318
306.0243629769684
339.311777064795
286.0797642237594
310.89869026330416
293.16997832621564
300.18815179844387
251.24601694155717
253.12408521097677
253.64235841327172
265.9344685536489
278.83452238634345
286.9605406976334
301.9283995410078
300.575023586367
278.17330773697176
280.9703649814619
310.9216825140611
370.41799341396836
293.6498562460183
295.7973845506349
255.02511323416547
301.5375081802049
288.5044033643644
287.8058848998771
290.55938698166574
351.2886834163219
327.63525095667865
244.44805612364144
266.9135183543258
326.1281638984656
259.8179286795057
332.47766328298894
342.10059122879466
294.9201015209983
353.82682867802214
280.9230272647983
257.39602796277904
260.7176508472039
245.60116455449315
281.6904261974123
268.24916686545475
352.87124104515533
274.75281780041405
246.21609959530178
293.93888074824645
262.03249172847427
270.556474897734
255.40999802641454
293.91525255161105
303.02034342545085
265.6691438857815
290.1514671129844
260.1415238041809
227.06280557019636
294.97957133565797
254.66080171069189
257.4914526537177
259.457719784652
308.23490746300376
311.32988274165837
233.8236077521724
293.5994560554973
252.6400422739389
250.16333461055183
257.51535452842654
303.59991588265984
242.88599192320544
316.7757105883211
289.6397009307984
259.808800976185
294.155243731424
287.357096170148
238.00631003612943
262.25392210224527
265.1457049728924
252.46400700304366
252.36520351754734
275.90402957756305
257.4089306403039
273.9904414979392
292.22257451382757
285.4428441087075
290.57636530173477
299.2843875642284
271.56448261637706
247.75648159792763
260.09710693144007
269.09340802705265
250.83205655639176
373.335633179493
249.94303575038793
291.4781109530304
238.7088851200533
300.6560641016695
295.73612578300526
245.92261007378693
238.82576285023242
291.01811544931843
296.57200164042297
248.5878272165428
292.36139009386534
266.9828439016128
200.91854053278803
238.2584738986916
282.6563039147877
269.37217936327215
277.32096019323217
315.8033254360198
311.4630309196946
244.91192262913682
320.3123016350146
253.41048712690827
302.59363752699574
289.809448961576
303.7971724191739
283.89763325222884
288.8917375228484
324.40892964589875
245.8770938469097
239.18880255628028
339.58848708015285
273.500098923716
365.7253460987995
364.0289790369279
283.0470584325376
330.02644667128334
294.1831449783349
375.39671920146793
271.13589965886786
280.7157187927223
232.3995711361058
271.18950085135293
261.66625912330346
283.5622572526918
278.9049722808995
272.8128789618786
290.9153842223459
373.23868343877257
337.9416364961653
414.7778638038144
274.963348699559
248.00454073844594
331.2031128840172
376.6801759910886
328.36116402276093
329.49413488968275
262.1817572049331
341.52034290193114
346.54785194515716
279.5596124215226
305.8331780723529
332.5183559161378
270.83832951038494
334.6656458544603
269.09768418455496
331.4570643423358
265.24276631351677
285.6044241838681
290.6164354751527
313.85214862570865
340.8029062541027
305.90051639446756
317.96970668257563
282.1236377954483
315.49021280853776
281.39531872965745
286.3946753166965
317.4041959825845
312.9092445166025
244.60989579756279
248.6668233825767
273.37249992010766
258.6949745816528
273.5925706415146
267.5143163475732
283.5197319817962
305.67399951588595
260.8144772896485
302.24918153727776
305.15200040495256
259.7073606608901
293.32716265690397
368.4511998220987
311.07481864345027
244.0544824153185
268.7557712626585
276.19057346560294
369.5006408020563
274.96219297745847
291.33758601007867
274.19208060606616
248.5404963902256
260.6640288729395
337.8576443636848
297.30671283308766
303.0632532093441
323.33303660081583
307.1263136252528
297.46665529801976
328.7382088411541
348.3134104850178
349.2401520976273
259.7224876496184
271.180017397739
330.38772317921394
275.27812134305714
316.531349350058
238.4117858185782
272.95881501128315
252.44293556685443
283.57281042516115
318.65264157913043
329.1177161402593
328.0888193800056
272.1387598341389
318.21758905932074
295.0796274378954
278.1011916480202
283.7637287879188
322.920867351786
405.88743477189564
297.5086452103278
358.1307668830559
327.4915944907989
255.32351431506686
265.62353439009166
278.9934571632184
241.29128349453094
261.2219148511649
258.3063154325064
238.951970660215
236.7546330690093
320.5486627907085
290.3611460010288
313.7790832533501
317.97467138950014
289.91978001294774
300.69456771502155
284.52888148018974
309.402885358053
292.9829443253984
308.2124909380509
273.43832053779624
346.74399341782555
260.74910648999503
267.7878455474274
315.6813285126118
316.62991467516986
319.80089766765013
306.27310943460907
280.89155123461387
259.43770873051835
263.2609854901675
316.87418659220566
241.72235824432573
259.58179374740575
320.73544980437146
374.77326443060883
340.10244388922
294.71016499516554
325.9325156007835
305.09416656033136
337.851049935678
296.6690283920325
289.04782422594144
279.4898045103182
302.37252688172157
288.2439393425884
257.99648330701166
272.0343163186917
239.28983211462037
275.55350758563145
251.36392205412267
257.6913984711864
271.53091521179886
323.7283270920161
298.3114733642433
350.90880388906226
289.081256580801
293.3383450958063
280.6800371991412
357.74992239661515
352.81793391503743
289.0735509287333
304.9385552247695
325.25729090860114
259.8147341119766
298.3665916050086
243.96585410207626
286.38364037912106
332.95912420612876
369.4184526891913
277.76152120760526
274.8439545321453
302.91465284547303
273.53980865198537
334.5521799067501
284.28207790412125
284.63242012885166
250.27192113740603
255.3151491798344
251.97466579286265
389.6549347753171
328.3746606823115
288.19227730395505
224.2037379653193
315.83343997827615
340.0610416729469
274.8640874893754
343.34857532248134
305.8449560010631
301.27461755427066
334.05214827196323
292.2709085092356
321.8156611485465
276.60696551253204
312.12238380344934
249.0768811184971
265.63779668923235
367.95099102775566
293.83081286933157
261.3615853089432
323.40857673078426
292.39029565503006
275.44126709809643
254.28044351947028
258.7460998464376
301.3827792687807
251.75754137241165
338.2083689646679
289.41745041377726
236.06085728958715
331.1448092222854
216.73444306963938
303.7040681116341
245.0441160335904
364.7789773119439
319.8395201037638
284.8117197973479
275.5206903812941
253.4138477834349
319.72314690370695
235.7802917844674
285.8617588109337
284.65925923458417
249.91128058204777
264.0313146117551
286.353481776081
306.6135868927813
339.71495885701734
281.55252452072455
270.9907800492074
308.8276360130694
256.66174942965154
298.6265313801996
289.17889952793485
227.54819327409496
296.31699668528745
270.64421357319225
296.5143504072912
306.5258456963347
294.2534143932571
306.68875571063836
366.1416567584092
327.04421134782024
291.68595863343216
234.73057118384168
283.0369545002468
283.3496191142476
322.042067611299
234.28738657667418
320.8149073756067
328.6701402023609
323.24497310371953
429.52598907231004
286.15926240576664
258.3698425400653
221.51768700918183
262.5906642867194
327.7266072850325
277.1592052321066
246.68722622215864
272.72334235854214
330.61363448758493
291.7505201526801
258.57010593352607
292.3294480331242
311.5499610711413
267.9844440809975
294.5861949137179
422.9653256179299
315.2947946013883
276.12289366987534
292.85370358999353
271.00423108629184
314.60433344665216
298.86243429975
222.32787607976934
292.8170689760009
256.4524116036482
359.8753584486258
278.2540933363489
318.56768401293084
433.4365948509949
288.2550044954696
396.02031086944044
356.9897481254302
244.53987448179396
298.65597434793017
318.5540430341207
350.7337463897129
362.52672119706403
267.0955151972885
272.28585941751953
315.38500919775106
329.7078610577155
335.9581410443934
309.88020160680753
288.8015023601474
342.3926737450529
237.58493567843107
261.7263530911878
263.2076343689987
289.0581730249396
342.9918210162141
261.6228921219008
328.8666980272683
284.6533560745884
305.7619524168549
306.4588276556751
290.29736342909746
267.26686066261027
260.2133438081655
284.1904201641737
278.4611774988298
317.26885552721797
310.89208554598736
273.0456283505191
285.0663621527201
332.06485369670554
281.1317241945362
259.4131532231986
287.8717559481447
336.0936119546823
276.36625030628056
311.0126748523908
323.74320572879515
288.40331099633477
342.52718844549963
349.4057392232353
338.6763602187566
254.89469404396368
371.67020863108337
296.2283043473144
313.3149346676073
320.7098623002821
247.2620765438187
225.91514296730747
261.4573552743532
244.53218897077022
326.4746999508934
407.48260788829066
323.09447268920485
276.452224082459
327.5821738775994
236.02858295710757
282.79007767522126
269.0434968773334
303.4007040252909
239.77328623877838
349.9356470327184
301.60042922754656
290.33978928471333
267.13634462520713
271.15227805508766
280.2229838250787
292.9030195099476
371.94395258661825
312.72289204911795
288.74456053911126
287.79249136784347
287.81262369290926
309.9269017916813
266.30144116521114
291.6438320002053
255.7515821030247
260.7925036616216
270.2320711526845
258.1963241935591
245.9969302668469
234.98557458099094
288.82216584676644
266.0385667392402
283.5438908917713
223.0415794143919
303.36722281147377
321.97947686113184
284.7120170899725
338.21273819633643
275.2601613707957
285.9730117658619
273.2868236147915
292.7014203284343
229.61121404875303
297.7517455686175
307.2871888777008
284.7495227782929
252.53625276283128
309.6768742329441
284.3200477003411
247.1090164273628
221.36520142186782
259.5506034705322
292.8824947645189
329.3052159183135
318.2541740446177
234.3381039102096
231.72528921687626
273.91376235551434
263.9295720515074
308.90951951558236
267.29182263163966
264.7928800820664
294.4646664148604
259.53940425853943
322.06095924859983
264.74291448519216
271.67887133851764
240.60672250424977
309.0694457179634
297.8396641163272
325.07367802469525
248.9389862033422
256.8666708546807
246.84710917359916
256.1272030416294
296.24003204965265
288.7236695746542
320.73871649766807
306.2462525331066
332.3694935347885
323.2804672353668
261.07681343721924
320.2710049642483
253.7214002054534
277.0103935562656
290.5636844226974
325.2361216112622
260.2252243873081
277.1699056948419
311.0563948478666
298.2449276926345
340.6199477399932
249.61068246280774
245.60939788795076
324.72622612980194
289.13745222467696
255.99801674677292
262.9144093928044
277.01210982113844
322.52080728369765
284.31210881168954
271.52472523174947
317.5027517097187
276.28158392122714
331.88195618102327
345.1785361521761
280.7004178776406
279.6178107271553
289.6276068779407
277.1669185779756
267.2114411959774
302.3291943859658
339.7629599335487
298.6856780697126
317.32946065365104
285.89895108388737
274.30370451993076
285.53029570233775
242.62570231349673
265.758649227093
328.08879833313404
287.6256825104938
238.0734118167893
231.82896505872486
254.44294204190373
264.95680458587594
319.87429447914474
272.90189532208024
277.3560784389847
287.51953879278153
302.55370167281944
292.14185479137814
265.0717915139394
233.89061592775397
314.8457922289381
305.536340231949
315.7699168525287
255.31822043692227
305.1005574307055
242.40762499376433
312.08951150096254
254.65240490459837
296.37196715868777
296.287804335705
248.3956732385559
308.7227637314354
308.2734300373704
261.3801941226702
302.62586876918795
244.52226809132844
313.31349872326246
260.1267749988474
303.7956189873512
324.074582942354
329.8556368786958
331.49043434875784
317.2417760110111
269.6546799930511
301.7252460324089
304.9873031200259
269.5033214202849
260.70187033875845
259.3135634435457
284.5539592106943
299.6076381606399
330.735743168334
218.3786400410463
285.88723896059673
277.3278542502667
266.7542107804911
282.9620060342131
240.55978091305587
300.2572179971612
320.4735203565215
317.2658660490415
274.476839276962
278.52984415122773
273.34390212624567
296.4059737136122
355.21388909145026
328.7994610860478
306.1458727323334
288.3776107339654
265.1730496675591
266.2628924192395
323.2258440235746
270.49179784138687
277.3939570656512
261.0754976758035
252.589141118282
267.74388563178945
226.2593770211679
272.5155523804133
276.45570242905524
273.7453966922476
226.16272701433627
405.00962728011655
333.071894450346
259.49971344525693
247.6025558602414
305.72585580387386
278.8678638888523
264.09118884586496
280.07611017790623
270.85460391425295
305.5548573458218
298.6326330311131
266.0039606158971
294.8166608395986
330.947066846129
281.3310249747592
314.0476713961107
357.302672855556
285.4560468622949
289.3172989290906
339.596871210495
266.0882432172075
315.86306427873205
290.4999176922138
268.7219836417353
242.90110879280837
263.4880238096812
298.5557206395315
326.45594534190604
255.4196336522582
267.1428004109184
302.852206090407
218.24928493855987
297.4803484924487
304.0223880941048
249.7763904015883
260.64435566583415
224.75979189464124
326.9453033716418
325.50147413811646
248.0482159954845
299.75162436952814
252.29438873397885
253.13680003629997
260.5598608345608
283.0800688274321
339.4642719284748
289.1864951826865
261.21910106379073
272.9711701417109
315.0365297309472
271.930982546648
378.3397692120634
318.2155290261144
324.48456847365014
282.1136853544158
259.40468292002333
271.88363030191977
315.4245696546277
292.4124247416039
359.38038596563274
307.18412081321003
254.65160039043985
309.20427085942356
294.76342845044564
300.3249370055855
265.53581201215275
293.1271761720418
292.07555865345057
220.35475502099143
320.8060237207101
256.5354808528209
323.5551190938568
271.5741578520392
298.33808925916674
306.18442199210403
279.49038533645216
299.72004721325357
232.6767488247715
315.6056762204389
270.75091909599723
288.16809953784104
235.85297290154267
264.69457669876283
264.5250218656147
308.788498310023
285.67218488437356
252.32346595730633
297.6068794327439
292.8078263778589
309.50193330226466
315.2937415788765
321.5357137941173
322.3353811795241
303.4474708751659
311.8027964698267
276.5558014771086
313.68446424312424
330.7212229567813
310.5103501440026
268.9904998734128
251.69136493251426
314.59089723514626
310.07397698576096
311.1340397396707
292.7819718432729
232.79966996627627
302.3625558114727
308.2800697432249
279.7498738663271
371.5451301955618
329.06041512201773
352.4315199732082
305.7205599981244
280.65724261896685
283.9150088179158
282.9943578534294
281.0609596436261
315.3043295072275
236.65074731921777
235.88888800767018
288.5226658494212
311.63350345927756
239.8182383424719
281.83467366494006
311.56389354303246
304.0220679724007
279.15133951138705
297.23324170766864
280.93169651168864
278.64083967974875
261.17606837302446
255.1254218640388
266.0711684214184
366.75634736043867
278.35995076218387
346.0168434989755
325.76571501482977
241.9989662549342
290.7726839748793
254.67006143630715
313.7361474672798
365.4921410679817
298.63788535335334
256.2035234486102
264.51349566254066
343.2483927901485
268.6518236186821
359.9823077408946
322.63294362835586
293.3753733774065
292.0492798513733
227.0412640259019
308.4889303005766
318.438125574321
286.02014598285314
302.93793405604083
267.5718569254386
290.0420979933697
311.91500728664687
383.27385378297186
336.3960920771933
268.53918285726104
281.8224037580658
250.74627375713317
263.32036930456525
255.18615772842895
268.2625355696655
260.2201896159677
241.32598500634776
231.62896930368152
248.4954214457539
295.24590162781533
295.11873826629017
284.7443847579998
273.4887682972476
295.4378694865154
296.8718128138571
267.0065270572086
239.78507733449806
232.7698016060749
292.94029737485107
243.56130476441467
254.2824115063413
306.0184941914631
218.81810372130712
269.02791125298245
277.17580194800394
226.53908350196434
296.2262453776202
296.8392380925361
266.9969174397993
271.3316672228975
292.03736176452367
255.53549566247966
277.29363305907464
331.23154692095704
278.2275298073073
267.9815971283824
250.8740753007587
233.63350923528196
264.83135681052227
307.60453198547475
252.92859862436308
287.67365608084947
279.3375953755458
293.016218744684
350.3644886132097
341.17753784218803
372.8472908989643
286.44906630710466
291.87449368083617
302.1057953074924
301.7294447873719
286.05239428498317
336.6088661493268
292.49654204043327
312.59612805757206
268.98834927222924
296.7705062177847
251.44338724628324
292.3801571566728
315.108696124109
255.46381426980952
229.34837540402077
236.98560747154988
263.54474271053914
300.5078826354584
287.3252402829239
299.53813333198195
271.0436840506736
332.21268007700564
303.10537171078613
282.9921133076423
305.36370932136197
283.10549526131945
286.2770894069108
308.6384165759082
337.88248077989556
332.27575783914654
289.5243506311672
285.2430741486023
288.60510962834815
295.6376678333618
253.03003159258515
296.8031909643905
359.974731824419
301.83383215474896
277.83627910813084
265.0384657010436
398.496029993752
279.5239604898961
273.7163792065694
242.92317132698372
268.05162063013995
268.7226237533032
273.83529341750545
264.67714206228266
275.7294342648238
215.078435781179
303.7647393475054
246.93096491566394
298.9200786014553
273.9051359084551
297.71932603721507
262.32166003016755
278.98881879338296
270.1551096587791
280.5163391411188
252.66728290048195
299.31837381311925
333.52801316051045
352.5770229922491
265.95129556779284
224.59479265182745
316.8596800265368
235.55419162247563
305.41095403622603
281.2730500738253
326.7722794735455
265.4566692929948
346.54449690290494
262.9530248971423
287.74684133572737
250.45628599938937
329.88567128241993
261.86508014815627
352.36342676437926
225.77135437406832
283.109968992474
281.4905324864085
245.07527616171865
282.4498173680622
265.54105891258223
284.3149135457934
275.7188208224834
338.75720280210953
289.0857738168561
272.8120426578098
313.46795900713187
301.5395876200055
294.9293260847917
351.7719954451313
352.7527088817442
267.9531980191241
234.78420711227227
296.1492848073831
274.6336668471922
270.79685740859713
293.95802372234175
251.87766399636166
288.67578139109537
298.53356149129104
242.71349901071517
276.63067420589505
284.6114779210184
336.7062311152695
300.499942501483
331.11414977669483
248.7543549539987
265.5518227146822
316.8577537505189
304.74156233796384
289.21731590491254
317.7791101366165
301.7225652561174
267.23006159695797
322.7431248843204
264.68220193102024
243.07234328170307
300.94294940662803
258.6003416843596
277.2420696982299
288.2507206274313
282.7237801626907
298.96990012569586
260.21324284595903
324.66183285665466
317.6157602253952
270.56438047927804
259.64905569760595
300.4484713341226
329.38736368209356
348.0328967591049
322.0934414957301
305.02622059645364
251.42708760872483
379.63170897739474
262.6357950628735
315.5948207009933
305.67969479743624
311.92011531675234
262.14739919273416
277.63941489480203
356.9111256596516
252.83770216588164
316.1008996908786
301.08445673424285
326.5343527242658
283.18959840619937
253.04054402856855
318.97792545502307
287.6454151045764
247.5669557558722
253.98858671612106
297.4568783530267
292.9269498042413
294.18513627845095
379.9838135957252
285.97653715562774
316.92140467080753
257.15692234784365
275.7644141186029
252.7510664545698
314.93392132845474
286.4264520354918
262.2069115116028
301.56725451053353
334.5306970766396
254.83864439156605
318.85747542855097
289.81178240664303
277.1756610847078
273.9958066060208
319.4411550980876
304.6303929251735
254.29066318052355
315.4754634118872
269.54823683865834
266.0773323800531
246.9555059885024
297.67919449391775
272.6296767612803
288.5811469531036
401.412114833307
314.9647741000517
296.9494433919899
227.08516247669468
373.0867553993012
308.5428607927752
305.0705622077803
250.9119741501636
275.1932675894932
278.90379925403977
343.56609732087236
266.32614689855836
268.07370991812786
287.0058760222164
281.61327199160587
289.2290937252692
310.57455018442124
262.9606038691127
254.28657494211802
302.50775344565045
248.54091013636207
306.5437048575841
279.3457691313233
272.69018595520174
246.45095836831024
252.70055781537667
292.4625269033713
340.6075826077722
366.67538289312506
359.87472625880037
257.5048897024826
289.1876592716435
331.7593192203203
317.4217468521092
264.9075574509334
290.0238025736762
356.9695985983708
344.45788951648865
255.0789094272186
313.03426727763144
310.29332120821346
278.4152769841021
314.39787756605074
369.3253179626772
239.1697901528678
319.6385870038648
279.1214946156251
256.16503009881126
318.5129759743577
289.07573942205636
317.8618948314688
355.10909575002734
294.45928316307254
290.4708505003946
336.692326926277
280.0320837314939
219.30513235821854
319.92985241720453
261.87844888761174
237.8907518053893
245.59022216545418
277.4708892274066
277.55676024168497
273.8889081723173
290.64933732675854
273.7799740197952
274.2263579960563
403.8953867480741
272.20143887220183
270.88542666542344
298.11555671325186
328.4556532273418
340.3917453311151
345.7709898505127
344.04766886273865
289.8250022828579
318.4033686890034
279.97623753437074
261.27235851890873
283.3445929387817
257.42187016661046
268.0888541463646
282.142777985835
302.40687936218455
298.6372771259048
368.1855985963484
301.4309394454467
331.307118826604
311.48742714338005
276.5366743153427
259.39068609982496
320.4932963512838
380.4664816876757
312.10954569268506
421.25907925493084
348.33246028708527
293.7697324002511
314.25537952862214
300.31527001899667
259.4681045114994
243.59696486452594
307.6692334457766
287.7435190336546
350.0662872037501
268.2821022431599
319.82908137951745
293.98817456071265
313.54222748737084
314.41972412436735
296.2818957142299
269.46257554506883
267.70232487568865
295.8778151355218
258.81339493690757
260.72349766409025
245.7579340278171
332.3177432058146
300.6570592735661
305.0391712455312
300.406723159831
232.95311118941754
268.29423121979926
266.8851186244865
265.6327504425426
258.5947183534154
273.511262029293
253.40263099217555
270.75331305136206
302.5688870502054
286.51601015846245
281.0503304080921
286.5172378759016
318.39269633905496
276.9672742963885
376.46905798313674
287.371833570709
256.3643917639856
306.22333469742443
243.22455090191215
373.30050169478636
256.1608852687641
274.5435297387885
249.77231182041578
281.78318670013687
272.06389802281046
264.67903934646165
328.36685995705193
301.38741127733374
298.2131737548625
282.4162893097382
314.25761372968554
301.7279151431867
285.44381014286773
264.2567148654489
299.66403492097743
349.25203802325996
270.86049409682164
249.9508921734523
337.34622219449375
319.5316548740957
281.3355094456929
264.05273500568
352.60032686032355
323.7621141966665
281.3798672389239
318.2699788080645
292.4606623929576
351.1506463831756
304.0898536114255
302.3343081989442
309.36174779810244
295.5202218784252
398.60770977137145
306.12750440317905
348.67138963058824
375.9623064920306
334.48249033431057
297.1897190666641
311.1359027996659
245.97560845781118
323.8549510249868
270.49983889085706
293.6591562012327
325.632498272229
318.2020483064698
275.94132342917146
314.91847917216364
259.18718500214163
333.29354090359993
250.40283271757653
246.008298162953
317.48605064925505
329.3350595695083
262.23714007873787
253.11284967302345
277.4168261732557
288.9243804201833
242.33276811998803
283.71706748276483
283.48665609414456
259.7147658514441
298.6472506405553
282.9895585683407
246.5850691360538
256.8967570416862
267.41818495170446
242.5094613772235
232.1135552248452
286.63976959488355
260.2086471897783
244.96338186966022
298.92133862670744
271.17584888264537
253.44447509519523
271.3462446454214
291.7464209487662
279.91581132094143
267.9687865639571
333.6750931167626
327.1452679776121
256.36251819116296
265.5130709041259
335.14789510087576
237.45673794060713
301.63850695232395
307.8995090884273
248.79002303961897
263.22266961156856
270.5064253038727
266.94603543006815
247.44849406194407
300.7068041359307
336.124086670985
278.0553775280714
258.3077207217575
298.95548787125153
285.03023964585736
259.390295589983
265.7609289526008
279.17250952939503
301.64866438054014
272.28559694066644
253.4568402908626
266.9407983752899
248.73845179466298
290.4918337156996
294.58254052256234
270.25733675353695
333.0754062938504
261.085849799274
236.72527203412028
282.59575666999444
230.97866406361572
284.2020528388093
318.5744991877582
290.08790017757565
327.1927791197086
264.46649357053684
369.494080500328
302.70557248499244
297.0420536779566
279.617448822828
329.93503043375676
278.048166780849
359.06509187538177
362.10554973740363
304.1336887055659
313.84946644393494
318.8015131780412
277.542030970857
301.8018069145037
252.8005294475588
249.94869011157425
298.73527744424064
286.0172247286537
359.0202674414613
339.9607662514318
268.8098418546142
289.33354097325355
312.7539280586061
271.8467541883001
273.64071267604595
273.9841267205775
221.79469369282015
313.4652152189519
277.5921883857227
277.3723203394329
398.6410740689025
301.52642347553046
288.27565768623026
267.3289898131043
278.7381518399343
281.11002531432314
306.2927098219516
293.13154910953017
274.32906791800633
316.45395280537196
265.2162930556806
245.51312914816663
292.90268567262683
354.24638450925704
309.2954736278625
291.8972066628048
307.66977459879126
253.87543702864787
310.04933881707257
285.65375485189725
251.4335809755721
295.62811138585676
248.68090284016216
334.5083306177985
296.80460268753814
316.93927239999175
331.4187297987519
238.36389077123022
347.50731937994715
278.79379258764675
294.1340278672287
302.5484145399532
315.59413234953536
248.73416219628416
287.93501081934664
251.7872386648669
274.19656614703126
318.7781729322742
299.40237378829625
293.5087199561531
332.08275144011714
247.61999127909075
310.45116772770416
270.57316324248677
347.13113863259787
266.59954363369616
340.7660948714474
440.80751700297697
241.65995890594786
282.5959816161776
245.32810776314
328.83643781614956
428.75695473869564
274.9610235572327
259.10093881818466
245.12280034611467
244.18253999744775
296.2920208994765
313.4965910061728
345.9360209853621
317.50655149656814
312.7685261942097
275.4594191905344
267.7232808358385
251.13697966345353
328.49073857686017
292.8003910444095
268.7575054115732
307.93437061761506
350.7998269973323
292.3919150796719
272.91005779604893
299.9062011965434
276.7018526477041
251.99297066783765
274.34299118537456
360.0357713671983
290.87347762228455
248.91359142179135
296.0894379738602
293.1153433480067
316.0382589705405
266.19097361474996
307.8573063997319
258.6057994996663
260.289595258655
290.9795273639029
349.83046117099
281.2874655054766
250.620761973958
316.11298992857337
297.242228655552
321.3955033357488
264.8477382409619
277.68846679653507
237.18651646596845
228.4188407070469
265.6025189323118
338.87501818395685
300.04676565888803
327.0094711650163
334.43412646406796
395.94845176057424
253.55688771733548
267.53094123431947
280.4378343101125
261.5596674736589
287.4688905789517
345.09036792383995
276.29023181286175
280.01112792349886
259.699607149465
237.82632696151268
299.3036795394728
300.67559625103604
286.85662218846846
264.8976330838632
240.56431212916505
269.2081576101482
306.6827113511972
310.8272937821457
260.4241766135674
271.7821876851376
233.4904938157415
304.4852087695617
314.83500389487017
256.28254877915606
275.05412846128456
256.9782702343073
300.79594051500317
329.18375461548567
250.23321148077957
279.790869387798
350.50463150721043
272.54358426237013
313.3967616223963
304.6774645266123
287.61088756646495
300.19274363445584
363.85970768821426
269.0390968398424
356.3417181818513
335.1451153823873
260.4572238146793
313.7493006188888
297.79969478957355
238.8799094290007
251.29750160174444
360.8087330892449
276.4403035782743
286.5544966966845
298.4495174944168
310.43313622800633
268.97882016561925
280.3675400450593
276.95267654268537
308.18902694259305
286.0773941860534
299.04781718936283
353.09640339168254
238.7763904450694
292.91968495899346
290.53126274526585
274.26005251694005
309.05701402539853
238.7814465587726
268.04468753840774
236.61047853331547
333.7829899992794
329.5466130604036
312.5546762467129
230.75035439792555
270.2545125936158
292.46618298150133
326.9517822358757
235.07408117037266
277.5787515740376
305.7267119961325
316.9058111057384
295.15780583419837
260.0997099225642
285.9577766963048
269.4861150549259
303.10585500567686
282.5591273038881
276.5876073008403
355.50399520108476
336.1358622346306
260.06449999357574
319.21629526268225
284.43268117448315
248.11562452313956
323.5849943771027
284.31839243427385
230.10705853055697
274.0177895523375
243.4363305264851
307.6111691982951
268.16739630990196
261.77459920512047
293.49689143232536
255.27247716288548
307.8174143645447
300.92702137795277
287.2920446312055
285.02268298878334
274.9953401850071
291.7725333897397
305.94004788575694
297.6041616824223
266.11690413346514
258.89458795648534
293.9695584089495
299.40234264638275
243.83772217144724
279.2395099872956
316.48277477221563
248.42612601537257
290.6980971596204
303.7915624146117
286.1624168877024
348.28183186845854
249.1855840376811
337.03696132602636
403.2669550066348
309.126775427605
345.100645224913
303.4027357316809
245.55731051566545
284.69523340731394
344.42306632350665
284.96999603160657
248.30772378505208
280.3912240198115
270.74407898413483
242.35031769005582
323.2055557605345
343.061294799787
356.22543119080365
282.39276140893344
275.37615582405124
317.97649081388954
269.0189483168069
275.35262839111965
259.8288725198945
262.88934213109314
299.43063084350433
235.31648282147944
228.2741024933057
295.3096632468514
320.97518650454003
283.0720023269532
248.1895255986601
280.7913178168237
258.1280002821004
334.75430770684034
267.3578940599691
282.1075133383274
269.70808792184107
306.59128442255314
288.5703659338178
301.59369029058143
353.26633351435885
295.3256834044587
304.0552516099997
277.31014346005395
303.2740221051499
256.00762591464445
268.2381506728707
268.0936092539923
292.14743472170085
311.17292216047645
312.1331647851039
377.65451400296297
394.8728388522286
278.9790544605348
344.918152922648
337.1501691499725
290.0768773490563
260.3581687598489
347.9722438006429
316.56056915735826
311.61119516927283
285.5530364739243
345.62224884610623
295.9271311298944
280.81121254421305
304.6198045380879
334.5181480400497
286.3932470434811
316.9420131361112
407.6165698393015
245.74036969523877
255.00567933614366
269.9672433860833
277.791804759996
353.7399601532379
260.8287550485693
280.88169333385304
330.3008757220814
348.36551496759057
322.26159812672995
363.94555398460943
310.4468765950296
317.40512075985316
288.1590720323147
322.88159060978796
307.3660604194738
261.27054751769174
310.98454654356465
252.86818163807038
244.16477295919321
257.6523900021566
285.1081160114845
286.0661090670619
261.0566344850231
307.8705887894612
246.966140925535
268.49162180919666
317.246232709731
321.9329481573077
262.5537458584877
282.5393321517622
285.5185198212275
271.81394283648115
298.2617057834286
302.60523054667283
240.097976566758
280.5347099779174
297.79003760952037
250.71530302043539
236.01316653483082
316.16865229967516
261.54574143118225
262.5274929762818
300.596486561466
286.3155092728557
309.50669744529296
317.23499759682454
288.8841019286774
244.3302029054612
275.30476906569675
306.244470089674
260.22467282181606
264.05700359120965
224.23323184275068
285.17461195297074
325.42147880932316
301.1754533147905
290.5296673157718
285.6852345879888
271.8401058912277
307.52285836811643
348.86952109634876
256.91013274749275
242.72570065711625
327.9173242133111
310.4588099651737
306.2334713493474
292.2179838992888
312.38791477656923
301.00264020683244
363.3081612768583
313.50683012395166
313.63607318059076
262.8499712421326
240.11686558497604
260.83985092211515
304.0479089956498
291.7258863246534
276.0879107855726
313.07523059344385
327.0761004827218
305.66646966326516
372.4837903936859
390.9808027180843
278.7943309798138
312.89732082304545
327.0337285140995
266.63563477864955
362.26489659945946
265.4269708452048
282.2900527685415
334.89180250035133
385.92646684660576
275.5578970737988
273.8470452207839
369.2053551877616
303.0259081553668
282.24175573827233
346.1541228845017
343.6792682777159
233.38765781361144
295.06746425142046
263.86970942257904
274.03400688408874
248.19010653090663
304.7625627157977
266.21911725669634
272.1798622884089
250.9348960260395
249.00916744593997
245.40382809378207
317.29715609631967
245.7091870388249
309.67741104692686
324.2975312913768
291.5149515629746
279.9725532504963
304.59729095734656
300.25866040657274
360.4654420375591
295.75996398786083
311.25637732516043
362.3842039128067
350.9218993947143
408.9579909882741
299.17217946017627
272.3182050960604
286.25465894001536
257.05857607082
322.78091023955494
240.31383215729147
291.6950948908925
322.17063972575124
324.00279389938805
283.5854935902171
260.54357823438477
402.8943602077197
242.13053401536308
244.18474836694077
295.3163025281392
279.6210481938906
287.1510899490677
227.12845993146766
282.95926707424223
298.04562188172713
251.46758983505424
348.5088250555564
289.3742026776308
276.13941341638565
297.3366739904741
282.12867082247976
321.55734866822604
335.7536867115414
343.6347350499127
235.86428316752426
254.65316765743773
324.9956188624492
269.480974487029
256.10164865036495
317.3050428517163
261.9024025956169
304.1496249950724
258.2481591741089
281.9118435278069
252.8528042556718
217.54701877583284
236.67436838103458
319.52704675716814
283.27125582960434
299.1156096260529
313.7418452828424
348.45964712824207
253.92637355113402
311.38743069092743
260.8848730546888
271.5722752310103
363.01569531694986
358.4668825631961
255.79897694091778
275.1070759522263
288.9715231478913
282.2812861002749
298.97473348409403
249.045479948516
271.9676940400386
227.31432022282388
271.4193306416273
273.8486211330164
260.17711198912
295.2592408725759
261.98789460072294
294.9815069230972
315.7488673784537
302.3686056820443
362.791871868656
302.8091710343724
227.50708490854595
277.88431659317575
212.97926573560107
312.499875628273
284.39992959285155
260.8237398529891
277.22493098000996
341.91453924181405
262.557583017624
324.7976959662046
267.9356921222061
301.4306949680904
306.104999576346
297.0473051110748
250.7677908662008
296.6142758583883
468.2606277841842
318.29855569882784
303.9561686718371
277.945325828623
235.88863686448894
239.33091888716444
263.09426287410315
259.3386133175809
262.6441400795011
293.15762114105746
283.11563861358445
330.43708528683055
279.02216505340766
260.15501421072986
290.6831198637374
276.36691004387103
255.40105777024291
324.1312382527394
300.78212220116984
298.524893998052
314.22238528798334
292.552597436239
259.1574822891271
324.09384614008013
273.7429433183279
268.9323520362377
250.31602907984052
281.8122520855395
382.017442228389
306.9018553568749
297.49994566175155
327.8367031447124
248.60090735775884
318.54621382569894
244.6360687892884
316.67242693400476
243.03414831496775
280.90287341200747
282.04873799777124
258.1869247335708
371.85864291584585
272.5053625323344
316.3632962249685
299.07149904966354
279.3098428824451
248.9228993090801
264.782520167646
227.2325443085283
295.73552686010953
310.3212258321
283.03509518515784
268.6345459953882
314.6644022304099
359.32644394994713
249.4224904339062
213.58768674731255
299.98611771233846
289.8644530235324
260.91815924446564
332.49344133550767
293.97972289589234
274.0392765350407
258.24598397198133
281.87218175374437
277.5490959919989
308.8176334131276
281.84028682741337
264.3082604218507
301.8229561096523
318.60972437716555
292.70237335108686
268.71546835429035
257.38526463345625
292.22777606837917
283.7246650038287
318.2027662190376
285.40723602555227
286.9980928914156
273.51409159519244
308.39664911525324
248.34506373025943
278.54932510491926
280.1561837824993
329.2730483735213
305.66843636578415
285.8152545313351
276.3359714599792
281.64351591526065
283.2233902461594
327.91444869793486
240.43099327734672
328.3589298623847
299.47241978230886
280.8398247914156
265.0923367405776
320.8480616280576
274.44217272894457
278.9376052878797
292.3982909854967
351.6560487523675
303.18557119730394
278.2081604003906
248.28148542973213
299.75624676863663
285.6750994080212
321.0299237641739
310.79284788121004
270.87482214916963
270.72167479631025
323.0153645022074
264.0424428273691
245.11184475535993
262.8599473114591
276.5025526357349
288.71345453476533
303.738087798818
328.5462584736524
325.6120334294392
267.80882421077695
252.36755128053483
275.1818140181713
268.98477146192454
263.20413641328923
270.0403581337305
326.8288206892321
325.61235741735436
290.708147147554
274.83161762927193
299.1493356305873
300.30694620951544
316.09973581240047
271.9451145499479
323.1445422557881
378.75669771560933
344.25613079359755
286.2257056765957
320.8346023380291
277.65057406027336
305.18132027832326
271.55531377217267
394.98545507888775
301.03473508381285
270.93708493746817
241.78289132122882
262.71042263659183
228.51608134852722
287.18540355656296
260.61279928078875
272.9084418985294
304.6459717078833
314.5656414470868
265.0963542906102
257.9086801598314
280.87255673564505
283.01530354993884
330.112532533356
262.8027761284029
245.1100392100634
248.061780066113
243.78660502133425
297.5619750182377
269.1305336864898
291.17703014682047
300.4628705858486
277.57868708414026
233.2755379998125
258.8222365939291
248.66589577903505
217.63777977519203
213.98206983401906
286.9147866195999
244.12546220992226
267.3000438165618
352.3988445051946
263.59256356349215
280.675508890301
248.2171800286742
300.7783905916149
354.8139869743027
241.0663740815362
291.1602009163471
262.3023639373714
284.7352829199517
335.8373974194983
328.33786496776156
354.6127872467041
300.4881004692288
247.94994467147626
388.09714356285986
292.81707055598963
355.30261311412323
303.05282694427297
265.1774495312711
239.34808005893137
280.1909287185408
273.6574639698956
272.73044440173544
227.4336439218605
290.81570133846253
359.60615644056816
331.0457269094186
264.89389616670087
287.96368240122683
322.3069613483967
300.7018721627537
260.859565050574
274.3187397548463
254.23858573043253
317.15601147094276
267.1628048274433
296.7395278085023
290.57026298716664
341.34002195543144
309.13327545591164
304.1949822679162
268.7899878900498
250.93819646537304
268.0439845669316
256.63921056105755
253.6303445547819
250.38966337020975
289.99455412721727
257.25585788779426
250.56645113951527
322.545406644349
296.0538859014632
351.6309084595414
317.99158466095105
307.2870497863041
313.10089899075683
274.6242082006065
288.06468277517706
303.9543947817292
242.89245306677185
299.97404627432115
274.72507146408316
298.31373046629597
262.96795566601213
266.7816548271803
341.5902484827675
251.84574369271286
244.21712026465684
326.1332815408241
270.31616070959717
235.65701342490502
316.5364139453741
291.8377172423061
320.6221057078801
277.00929873704445
265.39649974764325
327.31213155644946
288.065041251597
326.52597030985635
255.87251432111952
284.11766270152293
282.402300641872
248.75009291165043
217.95614341751207
235.0410214876756
252.6896683301311
234.31251918233465
250.11950665607583
319.6288065344561
255.26380084757693
230.25952449149918
282.0589722642908
315.5522239468992
292.94150146492757
269.6280387255829
292.58669625467155
243.7045708107762
295.46146742161363
292.5404622767819
303.7023702036822
347.68752829451114
235.43107007234357
244.57387897267472
276.28428709786385
305.49694318533875
270.4454644701909
334.7733487144578
335.86542872712016
306.13866512302775
317.71527123707347
316.9292129346868
260.66637968923897
377.9949856803287
302.1192027250072
264.5847446981352
300.4103895261651
315.83193346706685
292.2419694942655
281.18600242759567
304.08293693105225
285.4204973184969
279.5403707086807
311.6023995728465
275.9215506094042
292.5430261687143
351.03677826421335
260.40751372859813
304.7697168396553
277.0000121103367
296.1159177653026
307.640308865346
284.21657177840825
335.2960174479522
285.2629278029781
297.97959989577066
333.7945455585141
309.45676334307063
276.8589415313909
304.67810122598894
275.65477032773197
248.00371196353808
302.0875821597874
246.3915434642695
305.2862544711679
334.115171750891
260.76265872013755
263.0561532495776
262.81724666408263
235.49227334186435
216.3846765664639
263.4794456111267
264.83986381278373
267.01415342872497
296.9330063689267
289.15184547787067
330.9460206426447
307.5321975311963
273.4184981493745
339.11566804535687
298.62530038284604
287.58615830074996
296.7284056249773
267.44885691290256
212.30182238307316
243.88333368231542
266.06369842542335
307.5019834347768
277.21024995308835
302.71519442275167
264.00103232450783
272.2554285785882
203.71250422962476
260.0252824954223
337.0142059272621
386.3217317898525
327.96045233798213
250.66034776880406
265.5263886395842
251.86745920463
289.97021308296826
235.49222652090248
316.39398652513046
315.7132945628837
230.55185896973126
268.8069271687418
277.823217495461
271.2219096249901
300.42165471601766
291.56024789903313
274.4940322727198
256.9551997479284
331.9210678595118
358.63192315609194
326.5365786096081
313.50056839652825
238.2649304245133
295.2053381918231
299.2579522107262
342.5276808424387
311.10387995128985
285.2609084631549
292.0484179420164
294.9237827868201
277.77584563719574
245.45185437379405
268.833768663113
255.43000803899486
279.2037805444561
271.2300717466278
286.46805497829337
259.81351972173434
318.49745164462365
275.17627409659326
285.1182723509846
231.5841024799738
287.9321129672462
290.5102938268101
325.60899193864316
296.62753314035945
325.40598069829866
278.4605265201535
327.2289149221033
328.3197081348626
268.9021420079516
338.92446838889737
250.16638565831818
364.1641267364612
310.2079638936557
244.66007064492442
303.08895024773665
239.3870684237918
296.01355765387416
270.6696932516061
325.0887752820272
278.3022709565703
247.879083374748
345.33638124121353
294.8188007645076
320.95177595107816
288.25658594304696
299.6266274191439
264.7785738919629
292.4023159148637
301.863441096968
338.49629979615565
278.81904939271044
308.5197086945409
282.7221570746042
323.76959647308104
273.8141320970608
245.48803594440687
246.16125967889093
232.85016629146412
316.52854455972556
281.01549568097107
354.39277463336475
276.54665425792336
278.60568090027664
297.1138285254128
325.8366433286574
290.1331563211279
245.37909287423827
261.95335413492285
256.44841976929456
238.4792256837245
284.34736648888793
360.4431810469832
318.2228535490576
277.124667225522
286.11816603608895
275.29104256338906
310.1720061941305
287.9146838922752
285.71386780182365
270.61778149718884
281.14223865268286
328.42014881561045
337.5354060899699
337.9858769776765
275.120362761314
261.84570151381195
283.5157131263986
302.6959123086417
246.33778737811372
270.39337602304295
285.9085896827746
289.1232821744634
274.5343702097889
267.6643168327864
262.5564787351759
252.49307588418014
305.0708467962686
292.68978225567844
275.36461253324524
235.07840476208366
271.5353493388975
245.58141463680658
331.5297958323499
294.0919999083271
323.2854014505865
269.79406018869486
308.00991784757935
250.3569311312167
315.37619017995894
288.15416887099855
232.787261900492
273.7423755238997
289.8147958975751
296.9667109288275
335.6282721214229
280.1320254619932
326.5865402503405
288.3764849752188
284.9443182508694
291.206455324078
264.8483966883505
356.7461310684448
240.15693616739009
323.901162629365
255.42166402726434
358.7828331782948
343.17887153686024
238.05821942246985
306.64640182117
278.7247701147571
348.37891039811075
228.3586716100108
303.8298313120613
277.5672131431056
336.5067929669749
268.4990934312809
250.53186207846738
245.32515997230075
300.2154840704752
393.413414364215
310.88114938745275
290.7415524398675
350.18307637015823
278.14019985706545
282.65758871054277
253.29372099833563
334.80964857223444
382.7998476244975
330.416053943336
311.80799377080984
313.8565864566481
322.66627046617214
242.26976621174254
347.404189613997
292.25717935862485
307.02529936109204
257.0853679165011
246.51716073870193
259.9871857815888
277.9811623833375
303.126298050629
308.13155761826783
299.3870886042714
289.90435498044826
346.10457286587916
268.7836863955017
260.6576016738545
283.1752002025023
301.4680579035776
304.70133317122236
287.4215233733412
313.9801553132711
309.60926036408637
299.26079257170204
299.11473859858233
315.0262883778196
282.6266344769392
282.2519920000341
406.2549398372648
308.5209130794974
316.8727969684405
278.49668475589715
312.07500849314965
288.64031823782716
238.35298885847442
307.2217081206618
375.50921208329964
291.226285192417
285.7978370344499
262.7114725925494
279.5709423229564
248.97852349537425
246.84910518408287
299.7760094971163
346.176365632331
352.472669104347
238.72776673652697
268.4303971704794
265.048353795195
325.09378535836004
296.6167287970893
302.3355850131484
287.63230971607845
332.90877419675235
312.7205191907706
330.60664144915063
273.7828054165002
287.24823838146403
278.33338704146445
262.74303658341523
318.1547461912269
324.1784808366792
292.89487244340125
268.1620920452988
295.2540457814466
247.33492827962618
310.23399682634044
301.46239126008004
253.6121539331507
309.67178671748843
248.64847881393507
264.6374693613034
268.5569477165118
245.92714361078106
263.6277274832828
247.8713957282016
281.89782486343756
277.35750482813455
274.84437872469425
282.7137329420075
305.65207195759285
283.4600102286786
307.9830593499355
352.1300407886738
287.20358627988026
310.44152083969675
336.43528212059755
307.0342578769196
249.96756332891528
289.5473532907199
394.66940022457857
266.31103988096584
280.65337104385253
291.78369540465064
426.88606470113155
306.1567647542106
218.6610104951542
291.9908454354154
308.33495292579755
270.72188288439065
318.3208383450983
274.63934842695016
304.0360300366301
397.79727317998186
314.1189517241437
329.9100080890348
282.02987211360596
298.24344194028527
287.2966036228463
253.33518323360477
286.0305679204175
309.4481469419552
256.9082359907916
306.7280767164193
305.2627404840896
255.2106261467561
241.54266704397742
313.77894150360953
301.0336864015553
296.95300060720183
327.51543721114285
309.70776106778067
248.1917547781486
359.58837007079273
264.1104835915612
321.6308956228895
294.5609327343991
268.2221975676948
318.5948019766947
306.4392571329372
335.44479805009905
276.9799009390408
323.9275214567315
249.2887751547387
326.7849823553115
264.49713660555426
310.3022924787365
271.29914956213906
302.9996943487786
267.43439910490997
274.0148049845593
235.92745047993958
286.27141382324044
282.5497969823191
312.27568180742674
270.0293725733645
291.7441218623426
268.00650493777357
344.47105091298
301.22277209348977
315.45659110718407
288.4959642053582
400.5123227982549
309.8959274010267
250.12630762986373
294.71044814016204
257.84658301086165
276.78044479188975
348.46444810181856
236.23047326982487
300.40426893893164
316.5011781677604
376.798786063795
322.21837584336754
292.8237347686663
299.205991200055
274.764810866327
282.9329440925503
256.15762430871837
299.86636122246273
278.877565955976
316.9581821928732
300.01379703136627
274.6815613337094
270.00022092915606
248.06908421160188
319.76078544033226
332.97095938923303
281.2485129365232
249.70437660103198
359.73922592110466
310.01047246309463
304.80370618775487
266.22185468440875
305.56746014906093
314.9034336404875
303.19893785135355
246.89719876402523
327.28202650893945
288.8293824949069
309.01309117954224
260.68964725220576
295.5221482657362
308.862832002691
280.96639683889225
322.8053966758307
266.930754458881
272.16828848654404
324.32504845410585
278.04422812350094
324.6488004620187
327.54046563769225
299.2764685914153
457.39144410111476
298.1258663343033
324.14254664443433
368.0956574083539
253.01735114085022
297.91818461136427
290.7253244650783
313.5725468127057
254.63371974451002
300.8188239799347
329.16360282094683
288.52645859343465
315.63700599293225
312.6654934816761
316.4892285671085
294.800677162013
280.12710031482857
326.68821783631574
289.87973826075904
280.63585162954405
289.27200552623253
300.81257107958663
324.41573504917324
286.4673498466145
299.98438993270975
297.4440590395825
270.97276941593736
251.8581936393166
266.300015167566
265.993506361614
283.1624676119536
248.03862649411894
310.8925375940744
287.42536476883106
297.93344029260334
268.8712972996291
309.656367585063
309.67046716436744
330.4767175943125
330.3296689132694
311.1039868782973
217.77541551575996
266.86535092489794
296.14372986892704
282.59378934896085
287.1186172039015
278.2388619768899
285.4543493135134
280.4979476464214
264.79028737568296
333.87835413007997
269.62404880241957
306.5296355508035
289.2029916800093
260.4588383419905
273.88169694133103
304.0925568351522
327.8790706654545
287.9763300924096
268.09350190276746
322.6567767644301
353.1146049598465
308.68435711215716
265.74585674970876
309.87621527852025
238.31393458030652
262.80421937652864
226.73060070420615
286.17379870137665
262.4963730138261
323.6568349925801
264.88098990463186
246.91597885615192
291.0697354207514
280.6896581262117
352.5967325818492
264.7696372126229
279.79340543516446
285.64073995815124
344.70191036048345
319.770461048116
317.9562147750985
276.9999563465826
307.17477086978033
324.21843437850475
288.37046605465
277.4070803935174
237.42581532534678
315.21037967468146
355.8780297632329
239.95877808495425
321.7432031625649
294.72809035901446
259.8945146766491
288.67107462033164
330.49375679634977
298.735620692838
266.9058032865869
290.8809597492218
334.7783156366786
273.9938778060023
408.2560996094253
316.4286316705402
308.16394678130746
285.6667872503167
292.5852240130771
354.59069350583013
260.45490233856253
272.86908454820514
268.5005482712295
257.516306118574
251.36190508829895
277.82268507464323
296.1864859475754
262.6431794562377
320.8800810961984
323.0543250805931
276.53416501905303
288.1085012034746
292.281871105195
302.8419816158712
289.274877288728
291.6022627179045
361.3478777426062
311.8955619778717
286.2564200157067
264.56601274746936
285.78777465887833
321.73791856272146
269.5195080920821
251.27596604637802
351.3755192414392
262.21167501364835
318.7938497962896
281.9935465293238
255.96201339992695
246.99042514362372
294.93325655837543
270.11276825820096
290.30358688917477
336.7006403566338
293.1329793580808
283.82318877382204
317.19769467785954
319.08866334415507
242.0006010273937
276.47509726765566
350.96796930767596
332.75038429535925
324.4456932719331
297.2269955945667
261.3243495322531
302.64320135023445
272.0790634570876
284.2649360744981
282.91086185059976
364.9680698773591
292.8743429329479
337.3461658444721
271.96022362913936
291.03177871066146
388.17325319722295
292.25346124742646
278.91090687329415
316.5930209052749
281.3642490345519
283.5116426560562
254.46772257681005
312.7360317191342
241.418817529222
284.2017932990566
317.3425936695421
284.2555534655694
344.3031399571337
325.15780605515465
268.8999014464207
260.34202435589395
288.95529388671275
308.99228833639063
295.31867986149155
264.0823590446962
279.04155655635986
232.70368646585848
258.36388679232914
272.1651486897608
272.65216039901134
246.2224827798782
334.22511384414975
285.76558773452416
292.92086396482773
204.03192533156835
314.77624483953696
295.067278478411
260.8425455499673
314.7741455906071
268.8285758335842
290.9162925501587
297.60517579643056
472.0991208034102
339.2365194670856
319.4013168499805
308.5643098675646
343.551073303679
290.31788429641165
262.5745334820822
255.29072423966136
255.64637617138214
371.2069199576508
293.12091269763187
276.030118500581
271.6313517949311
247.1646474666195
269.2333734163549
286.49187260319013
337.7192422779044
262.1205685354071
273.43234076106455
301.88641509239096
229.5941901402548
309.31892452714965
307.8629882984096
333.3360509631457
341.77058118977584
321.4726940735709
329.65918147191405
259.6936031553196
268.57414020737633
315.0153774773935
302.7628058003029
306.56559169478714
302.15290080267005
294.23087564553134
285.32182442280464
298.9374103046721
242.14457921683788
262.84543008031324
279.7354285439942
228.72566280257888
286.1126740729669
272.33330433035735
266.32935587712564
268.38710527017247
378.61891143000685
319.13666672154795
294.3432786607882
416.37097618402913
339.1189645094564
353.90835112927016
322.78860211896244
254.44719671097118
330.455060143373
267.0184177864576
317.3103350158781
267.4532793641556
317.13757261435967
317.22411472618114
246.5594547378132
296.5607798262499
268.9993962092558
238.0166462806519
283.35936464264523
266.5764688261552
279.5434578601271
309.29549333278555
321.31335100368597
267.322159158648
270.23081162245944
229.94563466287218
278.3513162494637
287.921612955397
397.05351552483626
313.1994557401631
254.7914796784753
294.3955125993816
287.4816684819525
293.27821905410383
245.921336649335
307.61620394908823
311.32493457058445
355.42028654227033
286.5588862198638
286.07405456446577
289.4003546736203
218.7568042234052
312.791167811607
301.1773986289045
320.3085568905808
259.1083275162382
252.4952263358282
295.07726926519535
303.92388120060787
267.3609615234891
297.6145351738669
343.1534361158265
270.35495141043793
296.5365677368827
320.4470861174632
252.9425410600379
245.52749955793843
282.46349129325245
302.79823230870534
236.60808213602286
286.32819855434354
337.05644658068195
311.04253052175045
273.4453437406337
280.79688213334884
331.5878367811674
299.426910488517
323.6090456515085
304.4125409744447
358.8765535342973
290.3187950748252
303.92854837630875
282.1314044232713
258.32579203369096
376.505174419377
299.5146161968587
262.9151858895784
287.666602481273
257.375835356419
304.7453045749571
276.4521116622491
277.4220092979958
325.52216599835083
233.28388427873142
316.0428521791473
297.64717321342323
283.93575802713167
276.63617169775534
248.65018963976763
249.62923070555553
245.85214929608628
245.29830275499262
254.2480101386318
325.0585999705363
286.0325107134413
319.01198732922785
315.33443094219547
299.46541248541325
223.87331449904013
271.24717889667954
306.2782648355933
344.07782490574755
299.5892679943936
278.6043380511692
262.0425605298951
266.9373950002482
252.21769234305248
262.1449087668443
296.14094635180663
284.8793570268899
338.3560126812663
315.84066655568313
338.1732490931172
267.1932332320139
316.32973447069526
250.33792716288008
280.6278486358933
233.7481363847619
341.36785300122574
259.035856526345
288.77140635915566
267.0678761135787
289.80024999787565
269.9870266489452
297.0466162286466
337.50096376251895
302.0446652061073
243.2173657094827
290.1761515698163
315.5223124019103
344.0397347062826
273.0074050714029
316.66352210659534
295.02929397602566
240.48252049495932
264.742970243562
286.1570011456497
281.63487587997224
309.8861305783503
308.15536985034123
289.98909632267896
308.22365566843655
318.52278150687926
287.49567585333716
321.3508400763385
285.5241375142941
266.19969143520575
314.60594322544057
288.20836024347227
282.2992334138835
300.979755461216
249.27692068938632
276.1042614770122
326.73638259456493
257.08807732583955
331.1871829177253
300.0141859110445
253.2423903803574
315.6155923209153
264.12294829823077
253.83451888826676
276.1384144241456
287.05316176393535
336.8013945458224
246.9133605438983
267.59988102677744
250.4468762880424
255.9135519899428
275.3656790126115
289.64515596372075
285.1601492444752
253.51202235452365
286.8332299889298
286.25913141318597
264.913809556514
326.84559196664486
302.9917546098586
304.0402539107017
233.79013500036672
261.8066824680427
288.95610175281763
351.8758153570816
274.9799060667865
286.0344879425829
340.0736368149519
261.16521967202425
237.8786499130074
270.50713923189323
301.41047402471304
311.85030316677876
302.5100573261734
254.72668471978977
285.2644491636893
253.88906247948762
327.9680041136453
333.53035824536346
297.5535353164887
313.5247561817523
257.3123794296989
266.0951114310883
296.69210644823033
272.135620847228
348.90977609262336
220.15714091714472
247.75661060167477
268.60110940702725
321.52914295054507
345.7311116991332
278.69483220076654
294.0235115971882
281.74181626329664
322.7411057103891
307.89184629532974
262.8171577064786
254.59227453905623
271.72996937541757
288.24738070205785
271.2645857032621
265.91013196401764
273.59874220832717
326.26024788839277
246.16140420595184
337.2283237184165
326.3282290601637
325.6309385227505
242.0295965167461
260.9426733580185
288.4483436670853
300.63090083480347
325.080461091944
246.12880537938327
255.41226469213143
246.42323132080492
283.61847809446044
397.240641626413
263.5155466699507
278.53979987150524
391.3062956267968
308.33151198527776
288.4646876043407
307.65100177028216
242.7048011641018
297.30948607157916
321.3372341960203
259.4789455778664
297.8008605554933
306.3542773851659
271.5669891501311
279.6752998253796
282.5328286323929
254.92655644984916
246.2234227323206
322.3940725866705
264.65449759876356
244.56961081491318
303.5622941593174
276.1198313535424
300.82540336227976
243.33159838523716
282.7221697716741
