321.204977811778
321.2066047823755
321.20757093974134
321.2081336198971
321.20845628090956
321.20863897264917
321.2087413084855
321.2087981065715
321.2088293771212
321.20884647272214
321.2088557517636
321.2088607626065
321.20886345019244
321.2088648877816
321.2088656520209
321.2088660538302
321.2088662663573
321.2088663792092
321.20886643618906
321.2088664668736
321.2088664814619
321.2088664896437
321.2088664946841
321.2088664963194
321.20886649708336
321.2088664971143
321.2088664980638
321.20886650055036
321.20886649988097
321.20886649778004
321.20886650048305
321.20886649929525
321.20886649771273
321.2088665005758
321.20886649872955
321.20886649858403
321.2088664975163
321.20886649847307
321.20886649805834
321.20886649796375
321.2088664987423
321.20886649839304
321.2088664972762
321.20886649831664
321.20886650103785
321.2088664992225
