243.92965669764362
243.9296739414458
243.92968787004975
243.92969926269143
243.92970867870463
243.9297162085013
243.92972233526962
243.92972734666273
243.92973128488848
243.92973458444158
243.9297372644196
243.9297394056539
243.92974106646852
243.9297424453125
243.9297435874596
243.92974453812167
243.92974512289948
243.9297458284109
243.9297462315808
243.92974663079985
243.92974692139978
243.92974731101458
243.92974740357204
243.92974757464071
243.92974765529834
243.9297478285407
243.92974784766557
243.92974796409362
243.92974795861846
243.92974801336095
243.92974817516188
243.9297480265668
243.92974817660433
243.92974814833178
243.9297481418871
243.92974814905028
243.92974826686986
243.9297481432459
243.9297481988615
243.9297481078993
243.9297481733065
243.92974825972487
243.92974822941142
243.9297482233178
243.92974822456745
243.92974826905083
243.92974829551895
243.92974815449998
243.92974823925397
243.92974816866263
243.92974822650285
243.92974838723967
243.92974820041854
243.9297482591719
243.92974816653077
243.92974833626067
243.92974816527567
243.92974822540418
243.92974820481322
243.9297482672373
