333.51153607186984
311.6558631806563
241.53227202827748
276.9439351248029
285.0130180201047
255.7773987181331
255.33219977996214
287.17128471173737
273.7166687725612
293.9739474526814
269.54082322163185
253.7439911919564
308.354432175016
264.4799543545828
226.39573171835036
255.20451039581712
278.9817719995881
295.7664178869745
243.30098095450558
242.85925501516613
295.8179701185909
275.3951209758043
243.2308812935289
227.62477920112997
256.7525458032451
276.8949882169718
224.5969895479593
268.0823398205148
282.0186667146645
238.11474544667453
271.4133328715425
283.9527075526257
275.54360235414606
272.2867643680838
270.7283263070967
221.90593275358333
266.11914652518135
275.8978055325024
223.83669158652265
219.81250349918264
263.29284408588865
307.83983906331923
237.56614087017806
220.0733044407043
254.394465732561
255.4750077730787
273.62792214870024
277.23884532571174
229.52660344787
244.41462237143787
263.0266039212438
295.4366876078129
250.4457174629788
255.36223803529174
245.03269131250636
233.97413165628132
245.43963460765008
274.73499579060444
241.86608689534842
328.0611000309491
239.71746248990348
257.84615544974076
285.5366383012988
273.15612480378695
278.6025343313813
281.18873734649605
252.92760252533117
260.3579347794803
247.94359246328895
221.73908650932572
233.9142977441079
251.1297712230844
250.7823146630144
245.44576245364442
268.24348386486236
280.36367154732943
246.29060815413322
216.4988222997854
232.53699512934327
233.65403629757202
252.29956860691527
241.4557024902715
228.19025001724367
283.6217664420001
253.00263271588483
271.2547829614523
275.7430959543235
267.17559157492724
280.3722726962733
299.0279515778311
322.85442251064524
257.6676209283105
226.4606573681849
249.12924629015833
236.82423806481893
264.80766985558876
283.4613833298863
245.38664540760146
238.73560122719573
227.8409060082522
228.8925675565697
232.5778229129537
253.7778846371657
259.0113703014904
232.865757875461
255.3016450735231
252.21475764533534
261.80119500098954
250.90294613656806
256.18510697301826
233.7583990696221
255.4125730407759
235.1029678433515
231.31409391712805
251.43661397559117
253.85542521092066
237.73087936034062
228.62207894468156
279.9487493519082
236.30727033478615
193.6706371839864
232.65324495795358
254.6881520770039
281.1393276759263
234.65577577799922
254.90275410869435
261.2300112531884
244.42727220009692
234.17076413739414
248.17359618150658
242.89556900922616
250.23456372301007
236.34065246544924
245.03492513093806
266.4287483238659
234.474059621607
266.40381756905845
308.1312907722531
234.62319448391645
261.7456340343924
230.8186873988525
282.1951079945429
219.48160854222806
234.79531764241983
243.2688991029936
226.90754577640473
239.99279732086143
245.4756033077647
221.03573685393349
241.70233211811137
250.56185595287388
300.7221440787325
234.13932323409244
264.42946381848014
257.6443561321357
242.6402379664578
243.81218743046338
256.9397349054634
253.00086521436606
270.4895609258965
241.17719790568663
298.56855515544885
270.8387018724752
219.12088164502347
242.2282685483151
264.43111242402665
281.06024516366597
256.73001582777215
235.57014485017862
245.46829786292074
265.68930446540617
321.6863235371202
249.1205569026206
285.409869754134
301.98034841065237
233.72107530046196
236.05807530268066
223.28225902688428
253.78110963629297
267.8713089898447
247.8278439850037
249.7373709093008
281.91222543299955
307.27695986219624
266.95397501578555
252.68094067722996
255.27593806987716
272.49526913613954
282.0747627640085
330.4945647948334
259.18810330791894
227.42511811346048
225.60800370723882
206.97027201827586
237.793002827726
248.3832484747545
278.80545820375846
253.1600576254641
258.96312792271056
236.33908973723737
240.5734012000612
291.4462597389429
300.0807691864902
299.60273837132263
261.3511535947255
272.527195354196
251.60078469431028
255.04515399075171
277.9695923967156
259.32066800630855
229.34271029156662
282.2473728559853
270.43271518869005
317.62106986236176
283.8911025817797
262.11334549156163
223.57435853776406
254.15933725983632
228.0344131616148
219.70456668833503
222.41249936757958
248.34736145524948
257.0397058465751
273.1555665195847
283.76947106780426
293.40014101089037
279.37649393377797
273.83275540741306
264.0994027643392
260.059752091227
285.55933801781066
241.32768512910843
279.84566229955817
215.03524288166955
216.23488038974756
208.13900097209262
234.83329425204283
229.5510137284291
270.9516225902771
282.4640541218614
252.20977405710437
259.4024993337225
280.8695551038618
232.52567644311057
252.68383494494628
260.753802238738
242.1845814023036
253.64206468530028
276.07730413893296
292.0151719704445
246.9214811934362
261.8078113116935
255.01974413563585
248.26978189034708
260.31731272237084
310.29026814312965
258.5946055921231
247.44256275547377
262.01666687494435
261.61450780201994
278.4195859050815
263.9663774754008
283.98644270961813
246.7827138829307
282.94155284749286
269.23812108101265
240.69458517506428
300.79371048101166
208.3234944553842
255.84578797801805
274.4360574348975
296.2887218173564
272.8836005169869
250.4216017981962
217.44435509569303
247.54988552366558
249.5187161660724
276.8148693096009
218.03785754019918
274.0323103527189
287.8352365074534
224.24188229220454
252.61040637140104
268.74369111943815
237.7499114281527
255.30869412551692
242.27756708447123
223.73479653180402
246.0874735293619
253.01527379495383
273.16598545754096
249.9191620559286
268.24461461186
287.6502191069885
224.3921354917402
252.26102627176442
216.26903028621746
278.9646429948334
265.6710113790905
259.42787098229746
298.88112544715113
247.45674862427404
243.1568262934452
236.46694635268068
251.37834449049842
220.2659378194512
248.75232165228226
237.01798480772413
252.65832586938632
261.44926763154217
319.0769379053381
303.84608683727856
281.5663911331503
281.97663721758
273.21334369624674
267.18027792309294
254.17794059510925
236.93039933711407
253.58003718906548
266.1288385125954
236.4123354387266
220.2560232977412
258.8030106263177
230.41750172276807
198.4190778494958
244.0768712838617
256.01841345809225
205.22589317246457
279.2729659227334
264.9840087372577
243.66293563817453
282.33288797743444
278.87445098365424
254.6370204857376
260.2818318695063
257.30087494963664
262.19072503173084
259.67540209366416
238.3677788755449
276.6325051794847
249.88934940524632
292.388118132556
293.9460826005525
259.2952390198625
235.72080053163518
239.66296789272747
221.0502824845462
278.92264204702224
275.65485830945545
245.66226252922206
270.3871618939447
243.65826404606923
246.41815111499454
243.473494290316
252.49517125617422
244.516847923951
246.892382126578
327.1522762631648
281.20368556036556
299.5522074682376
248.59706828859635
232.75120213633636
294.1201064232155
239.99829880270408
262.6036117390031
238.89104201688315
217.99827607617772
259.4574274956685
272.8554465214547
263.5522016992909
271.3225547859038
253.02663388542715
231.07557047068258
260.99002496949106
250.74684975515993
257.4206255913159
237.45788138698845
231.56024054762383
237.4888346677035
258.8195345645945
221.99562235361373
279.52673110031174
281.98154911230085
239.85924560726562
217.6062393536995
277.38828536892834
279.368295660679
223.96267732532579
263.453352797922
240.69181806372944
241.2669334263628
274.334101900924
287.8315220558143
258.11214563509566
291.4262953792786
242.81444174617354
244.08462708399747
247.74167212634347
276.8006184403057
236.34056198378676
276.0496244804817
264.88300909382815
265.18018247935106
223.88025122060208
287.2739414054813
232.08801023376873
270.5776478966145
289.9449431493704
258.69132482913847
256.2128335284651
246.5890255978884
261.837669427885
230.19837819904205
256.70238303477527
281.6036980565259
311.1807934798562
260.06181754036515
245.73606005581678
225.32217941245472
273.4379381544568
243.31076138469507
242.5361358581431
306.38003811537055
214.8193156941852
277.3212453349115
249.3816368503176
242.17425893650216
235.21443851572985
228.3888733781787
276.03731304584653
251.64947149457294
242.90605343300558
200.8920063244732
253.8899730063422
225.64802340090682
285.20228516176576
255.75653329455236
216.94762422013446
246.0438021486043
271.3139091884659
273.7701641893218
247.6336234229384
288.20027409151953
245.51568009758194
226.58326037255756
222.13896870387543
227.66764766487177
278.7452841655613
227.40580274954846
253.81379663510597
236.28808632845175
376.57484354270855
265.4109472214186
253.48006827676727
233.57529563701246
271.64690981093736
250.33793905656785
295.4149080575444
271.4078949383402
294.97916092400555
267.0982190651994
250.65610852232203
242.80270660207316
253.1838880002906
247.0865132722538
271.1760988515016
238.64803694518923
225.51139572265674
251.45876168880204
289.60111986560514
243.2753483557608
241.4874914677639
217.78769868507516
262.7861181098706
272.9214638311387
222.2881533405016
200.62772961051087
220.6330747759348
264.0372523397382
253.33523777841765
217.1384318801429
261.16092727679643
240.75964597359416
227.92470494851295
271.27354649148765
245.17296886755503
270.37344291698537
249.36265335841745
287.21057887659117
265.8939877960365
248.29058948837337
272.2017171795742
244.11250558460597
286.3690024509997
265.1436234929715
265.94053605569934
319.48780101355806
259.3523442800215
231.84039608424064
282.0823955979431
247.44020273641217
234.7386767534481
262.064364240985
274.3546216208051
263.10231503214163
292.9610739280324
268.72867464229057
273.6136824854475
247.80707414147037
263.49621426904923
237.04359708282573
238.93530526739778
242.02726505874307
239.2414775005891
277.1959255830152
275.01965568514424
231.89621084262035
246.59849099058192
242.29379469007836
280.52956695476314
221.3586239129654
266.8556935765082
219.72090436331928
226.94322968431516
274.2639549341693
263.875466708123
273.4503335036279
266.41206884750864
248.79790810649865
307.3642233815917
253.07715644183918
245.60477763644303
261.35105591101456
229.05515045268112
257.5702937441529
273.57350238377694
249.18300623891992
216.41397727606818
233.59680028291768
227.28959474823205
240.6061812779808
232.1187023286475
259.1748218014545
296.543082540913
279.6305532642582
303.0989645384543
267.49927040425246
251.99878445267677
225.46419927856186
259.83118834887864
246.4950237548619
294.30979776833556
302.4108835075749
253.61248607223388
226.08334360117442
258.0147899504809
233.49007302772952
217.86358741275035
240.07113550996291
242.04880049359053
232.50151485556853
252.22592788323527
260.30359768282506
262.56764979229774
277.93758866164717
233.06072401246638
279.7572261302266
248.55525338929147
265.1723050660221
258.9995712430682
193.5425095310784
219.2759406377445
255.21408357980545
291.2374200480117
292.48678921200917
287.5798299932212
263.3122444363835
251.8165642162785
312.867827385111
234.60664668295067
250.23038505783188
247.24008585172123
240.15086968021933
234.03642940128339
249.53257040760946
266.7895954535343
255.09224399740924
273.9680358035257
266.6061804194469
237.41718988746288
286.1962929701549
210.0095552643179
230.83897723892005
249.80505142139737
252.15409873082535
260.1284452813561
283.38398653367767
253.79541972465813
276.9667301856971
256.10512854528497
255.7662401656271
280.7314355620765
356.71616557985544
250.62836218136363
307.2407035116921
278.36597587596043
272.6228324318654
274.58969739091117
271.1094393390231
266.9548675765109
297.0702125649259
244.98528921464458
253.95695982221514
255.74927607557038
220.49071794885094
265.05931057120324
284.87975522957277
230.74981881445274
231.3109844501887
274.13697335642064
230.06020253311726
260.94792718457757
223.0778706735873
230.89381683507236
219.79043393363827
231.95923626219155
236.44088849250693
287.0264605608536
288.3295690326195
298.53420380406897
295.98905901578837
243.85562185486197
293.3064930890978
244.56660252905567
239.40477415558416
246.94739390019095
235.2739597252803
249.30669689463684
280.5586243758735
290.34279715592857
251.6185347472492
232.75789308242383
288.64707539614756
265.7472414460208
251.7841268547636
234.64754807585268
238.57049562511384
256.79353565213387
267.3886091055465
278.73949901235756
224.39560300752055
283.96090558721335
247.23833335223026
247.6651212311699
231.68262270846753
274.4925911689934
278.1173475391697
318.44496434158646
239.34827416215558
216.12769773381297
241.78104019266902
314.15109611532534
249.94985248462763
237.41299405280733
225.3781002428732
251.2669962301443
307.77862518973416
264.90393141211825
270.0689728635771
245.54245122158318
215.47598746686708
243.62868124904344
217.62557349537383
245.81503450140008
247.202785934438
252.47752034137375
235.7609126980533
221.12599393096752
257.83484863469494
241.41361419393797
253.9051143451943
313.7866116190562
276.69289988593664
254.55402878968744
278.91816663419013
239.3047270780953
247.29165828719852
230.64557058052742
259.21465069186524
266.99648050995893
239.29501310852356
310.1673120340856
248.80825237563113
248.75856960462988
263.7943105340237
230.72020215078373
236.3799586883979
285.0641559798678
253.6163179524301
272.2284324023349
280.20565327777877
224.88564739131834
267.72634487671894
241.84786288242321
250.40805986858322
244.69681932998355
265.315378474741
253.9980407707335
253.55316574848257
289.3530744238524
254.07386413842323
264.22782300351537
235.8665099539503
254.42712953567388
263.070825571107
257.2604595765879
250.24364103237167
217.55024577351287
212.0877951394359
258.1551451635605
264.1594727721822
251.04648039973108
282.4642111903522
284.9121732446656
273.8422207610274
211.18490582247614
237.48808484472102
279.0008693153504
252.57615750696277
310.49501615719055
298.50239494952257
282.6451099656988
241.34770565695362
239.4103381689929
255.17334323964315
241.26242500793887
285.1746974485577
281.27014276737464
228.9463169372757
212.56324440267053
298.13211166564724
291.47209045581985
319.54900628261385
287.8638817347528
242.7074286477873
278.21699972078204
234.27403070795117
313.0875206812925
302.76166783980443
230.05541115737287
224.80634694820037
219.5491951883596
218.80931586859515
230.65766191037255
219.474807690538
247.54174664843595
240.3876850938832
219.747933835024
240.25014473774354
260.5747745244007
242.3000154454785
252.83411382045597
249.35425842844415
277.9392743287317
251.27374926683842
273.94233518792316
274.79481516973465
291.0227424260811
271.4548249427753
215.28762959039886
248.32737451553112
252.65209394867998
237.68913622651598
278.5263598175079
281.96252761542564
271.55041873286245
220.6293061597098
250.1848796401755
310.3806475230667
264.7293861054641
250.42416604873142
285.75201005110284
282.1110444922524
272.43332968335017
253.06159831702826
244.32443529120064
260.48011396906804
254.3560402012663
258.8200005729159
232.66797344226507
253.6016551577777
253.8118830556632
245.4307849239267
239.46340515068732
257.22475610114634
264.1816841130785
301.9436340085231
279.1952088033722
247.8675886016863
270.831680937903
286.5647026935767
230.6672106901242
253.87789550589514
214.25839186654775
225.18767794413725
245.81837877631187
272.1733900666295
266.34960048357607
235.97832435157034
279.69777849991806
288.72231369573274
257.90798816570896
272.51676818940905
233.11652101154323
238.27077971425024
280.9305347332265
273.8810481208202
230.4218337480852
232.33446634194115
229.1643076755572
226.48276092702872
285.2534693888738
283.83988114251406
245.90591994218994
229.1277488168853
279.893082942639
244.51677762769395
260.3778132434527
270.45615248629474
295.3092766414047
233.00978908396792
233.19192772824317
251.1091813799576
249.21748836740153
216.2137457272911
258.89271270579775
289.91213912673993
237.39745191956172
282.13311162692844
260.76615499705076
259.12421791497036
253.2325012626825
292.4728540300566
271.29998655524105
252.3587202365743
248.57028901792364
215.13892527861753
214.7423029759375
239.83005265516113
232.29241810858366
214.53716801395058
238.73294331456418
226.59035617185873
281.64956948315375
271.4527083791618
271.94919578181
243.48877980661928
224.52125167447957
242.8953204600839
255.8502641551313
265.98910121130757
275.0764655871317
277.48020364233525
266.08806450650445
286.41343252707156
273.4600067701831
249.05710062224534
267.5198495078075
220.46447080920916
279.69129816739587
331.6537400405796
244.66061068687122
242.66564575044322
255.09158860114985
254.03869194927393
233.83297840913292
238.69643281024764
235.58165266318247
266.1273745059152
255.42655766304233
250.58174731588224
222.5897053978988
235.74377601672313
264.44785181008046
286.366654890473
267.43174201101647
237.661665845284
254.63100863902946
239.06585389311658
252.39701609057374
267.3003211915784
272.4882807803515
290.21113461192
215.0928947418288
283.76902449072804
239.2312274352007
270.13753105231444
234.40771024598507
257.17829992834595
269.96541738673113
225.8144192143227
228.088718593237
249.29888097080402
253.33341464208206
259.12638809514465
232.94425309356302
274.1332977246493
217.2399600755598
229.0179410126293
274.87239994306583
254.87268619675888
230.3217060388415
248.9182645083347
260.8974642358662
313.3390247016796
262.2316271348391
257.69837303162785
237.37665192096028
286.1292342823581
261.7161365143256
224.34599296937813
257.87088256084826
225.29085496795597
275.17108159765485
239.26478093495825
240.58164252867573
248.9428771919047
277.43321984782233
245.86556330497842
251.53632742716582
251.19915496156318
296.0154627645388
228.61309744726168
259.3417303209426
235.09241126751294
278.89405468915356
297.47023105373955
272.2864770879969
277.30558034198475
237.37349902576534
234.35373314769822
241.07941126506194
277.4197266069532
246.52251250544214
274.3429205416178
290.64182649881695
280.3601023363299
249.5072675323172
244.9957673161116
247.73702754214173
244.75510070787277
263.36853557205177
267.5538641526073
214.95616727825836
244.5793078628194
290.20412769098766
242.36959722242318
249.15524432217353
294.1752091014059
240.82759641547455
240.42353370142519
259.08310781925684
300.99016127790674
302.05485543981194
258.10567154482123
214.94225848803762
249.2619277232152
259.3338788250403
278.9793172920181
225.245414614561
251.50889193848707
285.90474969739444
275.7168520159612
229.89422823875793
248.2055797118228
232.03980822913582
258.954735761974
246.69102823873982
266.76307919237297
316.452042031422
250.24223599059042
319.6028327362437
270.93539678529487
244.85970506601734
256.83010953088524
228.83391368255252
250.358820020454
231.96586247219238
224.0595202210534
277.57816909856047
274.528288798203
268.0817954597296
256.94630211990443
230.03270889434498
218.41419380012667
238.45437918766402
218.6679721013934
273.5691324325162
243.00321197340963
233.8989074213314
221.486022222467
214.91937171760947
222.76920834346674
296.0080519752519
262.19494932645466
229.88816803356167
260.14146385830827
214.99388346128399
256.70963045363897
242.47377942851745
235.26125849201344
254.92370433354517
208.46077022721875
222.230350145197
221.36026134266285
298.08030791123747
222.0134021997801
264.34733717751806
252.018699500215
246.1550889679056
249.8513111321954
240.03301433997694
250.0165164048376
291.34192160266684
270.71843263640767
290.58675104920985
309.87637641612673
246.6528411321342
248.12475137331057
233.4300237611751
266.6505320140859
263.16161732253386
256.1023033277015
240.23977330577327
274.0634466901538
217.58592123095877
259.2362973021809
245.15116809122264
244.16934867890086
269.553898517217
285.1942870253115
243.77829878096236
254.97452413634164
252.10986257583136
235.27720846707234
307.08127485227305
266.5037228820147
268.5467168703908
253.78054451575736
242.63722563127521
240.85173564526485
248.4243239844218
258.19450750853866
259.3749019089155
225.4605382269947
295.1277754489565
263.9182035609265
227.56733462464763
212.62348925956758
223.22740314342082
218.17637116007973
227.7901640572818
245.22389448445756
244.57645169715397
264.9558114198735
220.8617838549544
264.8830386622576
236.7640214706771
265.8909418841358
247.21581807354232
331.9826580308145
237.09060953720473
278.32293882779777
251.7755103072268
274.94111268938286
247.79339515662286
272.525977476791
268.2990570155671
248.43221998098306
231.71875213441672
271.18344182689907
228.73736062983517
243.56876566266874
270.3705789402011
253.9888615765958
279.0783169904025
272.7295387709164
281.76732307160273
271.2131682470208
221.0226680698688
203.36008102446795
245.8423935524188
249.64050656795735
269.5017692685942
242.4436024184106
302.96806722384645
259.0250840783701
265.4935568717192
242.49645149247954
269.3321772819618
238.30292208644096
217.80713197181467
278.93528873613104
240.1309666382149
244.1340558283846
231.52986254455755
277.2868742560386
249.6451143117156
262.5171999569284
219.52270410140045
239.24204393749824
259.8023143588798
250.64262766262982
234.46628669131314
220.57766583014745
267.6193807346863
194.85331646673148
260.3640833477257
231.885597971268
242.46747966913972
218.17798195488285
244.39517388294917
274.33403974422254
215.45416685426608
284.27323524083477
285.1298414010089
287.5414302792633
299.5014073122875
197.84475345216924
253.98290107236244
273.09863082383526
232.7718685946311
244.78119342407444
216.6652735909447
259.62791301414836
266.9807206518017
291.4675108246156
275.3754236982786
245.6742318344768
225.59137654921506
252.7819860825548
271.3020199746243
258.8609672184102
267.2908039862523
257.5864438690478
249.2693388837506
229.0703007207485
268.9529657206149
294.3612120950711
262.03631337557454
256.8801571012009
254.12170980812516
280.8110971747665
230.03856485051801
256.37341159558855
245.45742241613334
235.74132448830642
287.91197951475624
315.3194059401867
287.8559686106164
239.93990530062
228.52291926107137
262.1680111757014
238.01340753037948
259.78622661560075
283.5916480186861
304.104846426344
251.55442196154036
257.2273529233644
217.37500011839438
252.1581080776523
237.21514165581902
248.42195099330274
293.19802913838066
271.54324600310065
250.48524692322826
230.55207100795815
278.61888324440224
220.6069106477662
254.73003267805325
267.954148654826
235.5210179819842
292.79664542048704
246.50582650571596
241.04658509558067
266.78560093574924
287.1050263525103
291.065758726676
269.51715417951345
246.10371308989124
248.4273738596239
237.54114105110057
239.2744951513596
225.73488215298858
269.75135293911444
218.3625267543248
199.90261062548961
216.2573347633588
252.20727423537755
317.19780022877967
240.73025079176296
250.8632637311821
250.7769987116917
257.3543302162434
220.23060817224905
211.26526467793155
259.27349059528206
255.35052466165507
237.4234890458174
236.0198119818233
272.21203071350465
255.06532061478356
281.62401647877414
247.28944766888162
231.81154382566456
240.2634027011227
259.9232938750647
271.08998094132403
217.655009923561
243.4413802276249
222.35895573341986
245.9678448503837
237.85612124798354
244.75437036098447
267.3184766471386
246.1190532357432
259.6619756206055
266.61799225531286
258.01459406962385
271.52155063766986
294.0310797909042
303.26599807624007
257.1621149991988
296.27474810468266
241.78211528318934
260.509941386641
212.19855836161878
225.9914018821437
225.87004269001773
292.7425446708221
244.46416216011858
219.24377190170344
278.90126599848736
239.4315200636629
316.29802683973685
253.96036477497546
269.3790919680032
278.5335545215057
228.25914714398095
257.24869131925516
231.48939179163426
236.3016937818611
261.2800531940302
267.68369437364163
225.39041512977565
233.93333607871318
251.82214836613275
219.79192511033034
262.0311346461531
259.961396077415
256.9714615449775
290.5269198385067
257.42464725789614
208.50007055531023
272.4525376581005
287.66399584989995
281.63915182242636
236.95943578728475
238.53366379596991
302.8050021007075
275.2112468734849
241.6881113460986
276.48112704604864
244.38863844412845
245.0808128801873
285.2206262992113
272.22004193410976
275.43518507509725
268.44037494889926
270.6807672721916
244.00070905813482
213.75415643677115
233.40702282456914
269.4022580580786
227.78094481682638
247.68408023932716
235.15523605723865
268.38868251489475
249.7281412523589
248.48601996467914
232.96284413558897
241.7768782878993
281.20656461897306
261.47190468315966
232.02391584892757
265.0119905291358
263.0708119656192
257.53463456762256
289.9003096750239
248.0091803460964
257.61853318521753
274.0205565515207
273.4771862148773
203.31198058009613
245.65192203148035
211.46091796387918
222.28474736318458
255.4685494255391
233.51489480800228
233.03035297512542
211.11333920340985
267.6031958559761
258.26870955358027
262.67809814511565
237.67090384336188
249.69269505189732
255.11579492187593
239.53083966026315
248.95782224426512
282.983650308277
240.96672742068768
255.68820037686964
267.77071820630226
277.05113234586315
236.77764670469332
290.7635050806566
266.4349176372052
225.27512286318233
255.6908790031448
213.7713798925397
220.08626586571336
283.2825272953487
269.8718096232624
249.04523757187417
230.81774555379525
226.08038592437515
255.48152615339495
228.90956000151346
244.90537650696933
257.5209896576125
264.31173360935645
265.55466915504076
288.7734825168154
251.5345919887768
252.2684378142585
267.37674306856934
255.9546973782708
212.84749627136625
240.86076980899088
264.8273797726142
233.30572157149436
239.54692627908662
237.0464226399199
246.70433706894983
267.7741506032762
287.4432385393302
250.14287959062494
256.25596902059624
282.15677716734353
282.3907712486107
217.80016620625975
258.92151865176857
254.84656225936487
253.50037331390195
230.1320342484396
260.636804493668
290.5118556537782
224.0095423590392
244.69236977328546
285.9992498770007
198.5294407812762
269.99523227196187
293.1734853825765
252.75289604108548
254.6366729561123
295.04832433961565
247.8370447853813
233.89275234588422
254.2374442743021
278.653749238234
277.57880925020436
277.80043489544187
259.68688116275007
227.33898237149697
294.59244504070375
238.85189876914956
221.82493622647598
303.2518345906283
234.0307260438567
264.69558039831463
239.51495219097706
304.7614413215779
292.3725132464315
237.23235463694436
231.29283418966224
250.45358018903062
242.76336926809745
261.0561755957897
227.67883057839936
250.3910352854873
226.9560288595385
278.20015659189085
221.93180283973925
227.11337642546277
327.2233759992523
319.9605097951717
267.469134562416
261.39660572534194
249.58540636644466
253.4353575219866
284.7578600377892
276.0909233482671
255.4872749564238
258.54354690533364
223.49207326746546
261.2873623459018
228.17053719668183
233.58723387739155
276.80408946517855
287.9273027618765
238.10703929857118
256.22818756848574
272.43831969739404
282.92826543946285
235.76393363211537
263.4697278896929
241.62361664697528
259.71291429834673
260.6390710779233
232.71399041672703
270.6525110664079
292.17926008842187
292.75011999270646
226.2327067440492
234.25939999055117
223.65456987876678
254.0530081477482
216.5726443072199
295.61759538343176
229.80712188384496
228.81396518164547
233.63967414037324
297.05153947579674
280.45366827829275
235.06974061066285
291.83178872370627
266.8838995185797
264.83012579131173
252.13367081718752
338.31021393835545
249.03380541875958
249.81358680542326
242.16352847433882
267.9778737248853
268.2643490701448
248.34924005786888
242.38279457582394
239.1824936544872
302.10947445669444
250.2905683729914
253.3758088821196
267.04541947040707
254.30315352394246
262.7838984138216
244.25526471983176
250.08177551924018
271.31470698380144
232.38530245691072
247.16727452038322
273.6938982253778
242.56047091382788
228.65851866081357
251.6500533882645
276.9941308320267
258.0546403687331
229.93732965103118
266.9521967722103
244.40739097469486
280.93700434238417
276.25377732957713
264.2469732964528
236.99804028042126
252.88868460035883
235.38317254174035
260.1656731523108
270.3473177407868
224.12186851981096
250.41250944661442
276.3974991381401
212.99699251132552
272.70367947698105
233.54384421161376
263.8529695844045
219.85286867601098
321.5903299478232
269.0322278002277
275.08715344703523
249.92018498084508
280.81702206115006
233.28906144108623
270.2304164931993
282.5124259343138
265.6182627447415
242.66892687988002
268.7965681144269
299.4387515950948
293.1496934967581
229.30724892619764
225.09288882825058
250.87941892421804
262.76203441713005
227.33549933385802
244.88658255292103
285.9359324758407
299.027901182184
289.9867424166878
288.6065479251556
238.9521424146369
273.8331962939119
216.46378802106483
234.5904152438743
264.8487573026214
217.20069631090155
242.5866724999505
269.1629803807009
214.20872083649738
225.16053155146074
237.80513035308104
240.13577712286497
283.50869022333063
245.93060250236886
232.3132591455942
293.0616483085323
276.50336291012354
266.16863023105543
250.4330592554179
270.1933368392638
249.68895390623948
289.10471563163446
265.9739612649428
271.6753590494045
301.47892007185146
263.53691781678936
226.83301306783687
227.41657620109618
299.77639972791076
261.8584702849621
307.74631842022063
215.8494329220266
221.08682654506993
315.8385240814532
277.6675288886763
213.48364455456613
268.64009976631496
214.44975713588065
247.56541419198038
265.96450105379336
254.87056212458992
246.45034301734995
298.32170396245783
255.435557174962
260.9858019417734
273.8609869428328
295.36063794011716
290.6704792244709
263.41126493847696
228.53825899231015
265.9184278900502
247.8296729652211
247.8956900049816
286.283929395373
279.0342420747038
232.17781199963065
233.99649450543802
221.90510710835224
251.04053432686487
297.75311959919054
265.36076727492036
276.7406328652869
267.4712640895159
262.08075430372264
246.48713822261197
247.99811704357853
278.5724681604188
258.96030365570914
249.04706364287995
262.9032901106402
248.13115334458416
257.53877969057066
231.3061463246704
295.73540804605
228.90939947310835
278.0225481792586
244.13877232075902
252.05751848593354
223.71262136055157
279.427697112842
268.59812790254364
281.2843846412143
254.425609826867
260.4636721291463
274.59054164920235
235.17831670003943
260.11550829478074
259.90491897432366
286.1072875977261
232.85569610696984
294.26465296407696
254.42982741468586
287.23248571832664
220.61999311880209
240.83134273410542
274.93485715275165
202.93329731398262
240.74694943166105
240.70379408606095
225.31172936968505
252.19958302209852
240.44165568437893
237.66022745642113
265.02498085953994
202.4470217365888
273.39390136359725
294.5302625246695
230.53339675732423
235.54231423366582
278.09001607616665
252.9748025785666
226.65372835460585
229.6059641111642
279.8697620534804
253.06344972649822
331.3554851793451
241.294273327454
246.76412721787347
231.82639400003245
291.436108113965
246.727289335744
245.3063382016844
230.10053668747423
262.5159966602223
256.80598342994926
241.92704183235765
218.8888606688124
258.31880194920814
278.79650514706736
215.40015022468287
301.6881824262091
244.4362042702851
277.2765195586253
244.84909183514537
236.86706368013984
217.2858974225819
228.86083301878534
235.06529775069794
264.4181366508128
262.20338971557794
240.39905960659962
244.62003462947905
256.2324945948785
241.9721972872503
260.8443179068272
276.23301805590745
237.5856703495956
240.36574947071495
272.8387120402185
262.31092443939997
257.15007330372464
279.20220541907474
218.4792722624843
260.17020171735203
256.49423262506025
257.60028760752175
288.21674089174485
246.04797326627886
273.6211734021781
246.6501104501076
249.73813618632266
275.93147468130337
270.6886794818565
283.63136533478973
235.38311244541546
343.2330718401354
280.00751066952944
259.9413435245515
253.7892781268456
310.9548585137236
260.3648618318839
271.60650370345684
242.64359535870608
288.64635822188575
314.82076082844287
225.82464205630822
291.8520715291379
238.11168175173225
242.31244370288914
259.774330255168
236.66037967259763
218.63112323358655
233.69140685599996
254.95879842119757
240.61645133187994
273.61974141781684
272.93181969213765
318.5332656709943
252.65411946928361
280.1427843957208
259.8772722695139
235.31474392785458
235.0906893858919
214.8518957386841
209.4323307404993
292.39561038819375
223.5384899621713
287.3774711188744
241.0759322217782
277.68684123508865
255.18326081428677
262.12645032443106
294.7415392284165
264.3191675315029
235.26617793092737
257.16684022470145
248.61539414763683
276.65449111623457
286.5402782720048
229.95496613474097
241.38810836680932
265.35733576415805
225.6273194864625
236.79737265309086
265.0714651130256
248.25824614119483
286.88935430609854
312.1007717507309
268.302205904678
260.2166902592289
264.3988537385594
299.73217538231984
312.6546181711601
237.2112938759965
288.5847188208718
228.71979762183037
254.91636765393196
273.56277608464006
300.55402674450306
257.971874986426
265.3107708240859
264.5997424373054
278.3167624354828
232.0721136374632
248.61955864401534
292.39478452201
240.5649265376269
299.47475481854053
260.599426568544
262.8353644240415
295.55091545934556
276.0192116815015
269.12989023473347
239.84850819036365
219.30330258788308
230.8485598466359
224.11701414454728
270.57353313529165
230.19920223666122
210.36972899205284
252.80580771248788
251.75816768943332
223.6105511507485
239.5082588289515
250.87281603936572
230.49811900709756
268.47782984626247
256.11113972082967
242.18527181603713
269.730351114471
224.67294854280772
258.4976635987987
219.0020514174248
251.47642962198006
236.9223672284279
285.8036624536617
248.8134542379994
233.14640483021503
335.4361719193985
299.781051265134
271.43569285143167
233.82411381212296
307.08477602736093
304.95431389217265
264.67865246365545
271.2000192827545
251.8798375200131
246.40709214977687
253.66504662495572
225.58761441824026
259.31667429744266
302.092226666864
244.2216259581037
278.5089241437381
275.4167683038977
260.5284915458178
259.6690034986823
258.9834473048686
260.9958776027779
284.11040461628
221.90788249653997
252.24068080051802
284.56197764194803
226.54090402199654
262.13846640189877
243.87589187262347
267.5785649297759
234.79570246732328
258.7686032122001
249.95024300710065
255.53797858185135
243.2666243488784
276.6912309770123
322.6817220018129
278.95337877067504
250.80229793250328
226.31345289910678
240.33710844622692
246.88691364321858
235.70825447619427
251.6967737553059
266.4609455735772
322.75969398452435
292.1546514502843
260.48815344279865
229.19539512961637
286.73862757056486
278.3136087972089
241.0855282705743
248.7379244765034
279.1734737928491
226.73403903463623
261.4534643495572
265.1817916332511
255.73287733725738
241.28456799546257
256.6061521557276
301.6260636114748
260.4911927776411
253.68611272634007
286.2390954827424
240.08436048048316
249.45411375485128
218.8428972925758
233.09147064137505
295.5063399987994
220.3176591657102
269.9504842980532
267.8757693428197
235.73114902200177
249.64274857449345
295.6468379373546
276.2784946701722
264.2739457403659
240.13789879513206
228.9619776153122
270.54059898707783
269.14381596725434
241.93917896208586
257.3658333835192
245.61710612353636
267.44803292502183
266.44174444436794
237.82519696687814
256.60314681293676
239.50368309090845
282.6570520408568
251.766818435397
238.13196197000798
220.46044347522547
244.68835306703113
233.03453781083226
239.93984204437584
278.1691994331195
289.0715044401004
245.91762119642226
244.72253063920652
330.2921343703638
256.8716648106929
286.96521069295704
256.97131924226414
220.61105372809106
254.13776139449328
276.5221638667281
249.14092026243452
220.84599331079517
264.49118757783435
257.98565147828776
251.13265957438853
226.00634668616112
252.91539122647373
286.2105442802422
261.2463997587329
247.03739309840603
218.65197427518433
198.52460017660633
249.43605659127934
242.13580762286438
268.02037137391744
276.42311012838036
232.78208071464906
262.5437740178895
257.3738960393821
241.86764933849918
337.7872925659758
280.91879812662955
291.7716578987893
327.6525808375445
222.18776019313373
237.14547097543254
263.8120095937047
252.5519487246056
287.81016613234533
230.46429723419715
258.14810075057903
268.665452513902
272.05208717880305
266.24082645896124
233.57039843971143
234.7948718944681
268.70050082332455
217.20307320350548
238.99175403628033
244.54247536353068
238.41807530255755
236.22613241604995
319.7055543276947
252.02054716768907
259.97606621077284
225.09017902374035
215.33863661816576
242.021751566499
263.42668775323546
255.9848039437784
257.7410047228914
274.4388851976837
283.0165066148038
242.9532354552066
258.86467750003794
259.67178912245436
230.80670491658384
248.96657009777846
252.45927594951354
280.2251207632944
249.68414074653992
242.08424910990288
289.3735557036125
250.5971023478778
294.31478328286903
280.5426690145978
259.9882438786444
205.3463254715316
264.8484764248715
274.23892779194284
242.0178132643341
261.4663953046547
220.2978836002294
227.6080501509132
258.51813270000275
257.92644771153573
269.30165676394245
212.98988825449487
277.37044202751713
246.9517493932508
255.27756529307226
244.17157341958955
308.5358293480822
298.5392204800155
251.3830766575411
266.2474483613041
272.9296806000639
254.41862061992288
226.0905858814367
245.68374724232126
273.77934368443675
263.40803231013706
254.78202581050573
277.41575547569664
270.25508569873637
259.18207317066845
249.1866056690924
232.9567388946889
241.19626178807812
310.1502827794757
265.57695395936025
301.54358462186065
276.96577555220574
235.97508266876685
283.4626146686496
234.97463452041848
248.85193282162072
236.06669132376555
235.90967944427393
227.28308390860911
207.72612064657733
248.04389966477174
256.38244338630466
260.6272700703703
267.69992945948616
268.3812265070155
246.0911883142544
235.36294134147465
266.16154651291436
294.6220908439136
237.25116977491416
247.75341578322696
246.6633780709235
225.5865813770797
255.73702298587887
255.92573461000575
280.63689936028095
234.57673673325917
238.67734205489978
242.79665413073963
328.21243424876593
322.49316247802926
316.83051393250935
228.32259708625497
259.5270495034056
303.656749520218
242.79214700334705
283.961135169724
261.1236965972348
234.13657354784664
255.31090444384608
232.26765894453274
237.68728963122703
320.30482230358757
243.19733301916858
245.07651626423467
250.53472150443122
243.99069719191175
246.2088354632142
256.7964929440641
235.62670338503085
246.20924918190576
240.13017024251167
281.3775499710464
237.4270519100828
234.291798066115
229.46697443991434
260.6503144392045
287.3828602974536
284.66453777987044
274.03425452124793
281.17007721436676
251.79285482515115
276.32998291461263
278.56588827748783
244.6750354290707
247.14352013985626
226.74789697874803
233.9720255121356
309.0286742906319
257.1029738961952
276.6095852392027
263.7492488033604
260.90161195769906
282.9418133805739
284.03493786789477
297.40855975903105
250.18041359214112
269.43857324356213
259.7715756043326
323.3728851620108
227.73375343566295
260.07034151104745
266.9985506570665
213.58819413837045
218.66587713360786
258.22428862797096
262.7423022474395
230.39606588007882
280.4860907829134
252.93095554760657
268.29409818409476
258.0485057409387
227.96341242454946
281.11097698903177
216.67545015271753
266.2631386601133
255.4883922598092
231.48670404346194
228.83224218338728
287.0098697375506
244.49065902165603
238.86257970321458
267.4688320175046
231.4391864903737
252.71841855184175
267.87167091749143
260.80045054049697
239.67938095517457
259.88710194826126
246.3132728942437
274.1282644405728
249.87374878895935
233.0313075101003
282.14361459808424
248.07599924330134
240.11532184353564
242.10967242880724
271.9760005462449
270.6061958055943
210.6610755682923
257.764416660415
235.93889737664722
216.61075931706
284.6434457610594
264.106990075903
271.2033468049485
288.9092300911434
315.75851847580634
262.7060021837242
290.66251697880216
253.71309707686305
268.80145989824086
308.7145547530381
281.91125633672345
259.9186271742219
232.38248746434692
261.24782647786196
302.3597949158866
262.87832376232836
239.62544898036867
242.52438583620824
254.20869920996483
285.161201784038
228.01202518783975
236.3986246821005
240.06867419567425
236.84355248347856
238.02245792979375
247.42565978714265
216.83255727484357
263.532765973825
252.71783576230519
249.46827253256924
231.3120167228626
248.33849104773253
319.4709099455504
359.06091204402037
241.1336360347923
253.0672676617978
228.65836664650124
240.75721524038818
226.85918738681357
302.3774589753011
251.00059987569693
267.54243123263586
264.88114033988677
269.35619801678695
235.48883966798894
311.6883944175206
278.62106952117756
261.4511546223657
224.83134370029438
269.31468156853225
248.1359464051202
248.10307311418
260.90657783683855
249.06216202198993
281.87522954435553
257.85678374941926
250.79193068109453
283.181156720384
246.76862190302927
237.53631064970978
231.49005128315184
269.5715087710414
296.0440372353187
267.6530605137814
210.00661318737548
279.3877783952048
218.60055929387454
223.00787957606371
229.79291992553044
293.8652146126842
243.0224586018594
251.99881988600828
235.24644963047467
259.9894111211179
238.67455452727154
222.06806152965873
239.0923306007171
227.48364755895454
263.7851984166773
222.54120359907392
267.4214184238808
288.9511348201195
237.30944706161972
232.35997378698085
291.5169653010089
241.81127683143131
240.90290986711625
240.82791881926823
272.8414580929093
307.2941419475246
233.60288096359
262.43273347395007
259.7525391317904
276.96363090130035
244.2197464038618
214.6183932600543
199.09319700440392
264.12501705100294
278.47227363160346
245.13175877381582
259.4205384859815
268.35423442942556
233.31388532428537
268.72475469647907
258.2113455173094
234.85281461162958
237.9985161733348
240.58361558709294
256.0576420809375
246.8773910283344
232.57199533493258
220.8035646524513
240.55518623744138
248.8753163247602
277.36165218113456
258.13999044324737
251.08500805008225
308.5551735556219
280.9422600613907
335.53527165111154
211.71411864145193
259.1979152975837
257.7088170964271
246.75627602578606
263.81652337964624
290.06693949212786
259.18501951440703
204.42699181474745
279.9013611698756
254.4768172763288
258.1621966920793
206.15388483158313
235.12370571121573
243.89486979681533
215.4395068133017
308.59636861551553
235.0502988183871
263.96996197337285
272.0303101557074
249.32036919600796
260.5203586127609
280.73493116803
270.82742750970647
236.09449895645957
244.13640210218728
238.8184213739587
205.43573415349238
232.08377183543053
282.88261656230316
232.7025755449431
299.88115600089077
253.9144016719656
239.32586046122015
254.7642457068432
261.73297041933984
240.0613134627929
245.59539011633024
280.28484219452366
272.55864375270903
232.43713953054976
255.2825716699008
219.09804291080218
300.1610724645434
212.53230040846393
256.15669590525795
273.0163849249948
262.3129377171863
260.58442622201983
274.46772571338806
210.77967277925927
292.00536764087155
259.02927962120157
242.43368280807044
260.43433122860733
257.478763514664
282.28206315776333
221.20389171293937
272.87694302771706
246.76930615713354
231.2963632773608
291.45903969253413
279.4888944727136
254.33527690474875
246.9020815800177
232.63497156242374
257.656235348084
250.51770027459133
217.4281655412633
212.48898270074278
244.4307338835206
225.90397493890487
242.0199749255553
241.98043376696296
223.76245833875146
269.07207800319884
251.08872143970802
280.7247584159486
273.6708259067964
206.28081220353488
275.20483598764986
282.35636552993674
237.81888915831223
248.3965196692152
248.40769633778837
262.5876316742506
235.19369004236069
256.8509393178392
222.6219830350019
280.031234975555
264.501145184855
265.3225185701158
236.41141959186643
285.45447399141267
254.55139145161957
221.97384450724348
240.07388230611105
245.3772944631055
255.4583791071782
247.7031706640264
244.60363124625292
246.58603864198085
233.24602520500775
236.2769536166452
233.00496696913615
272.64608435169794
242.4404796026647
276.0463943326613
298.75880850921385
259.2186297036242
251.70181081804913
253.09212380973622
267.7223870588932
287.8761241682805
247.53971370239742
249.10202896117698
239.46851266967133
269.67825981241185
300.8519527470926
291.0637275011977
277.0502958248835
284.8875136056449
230.42931335885078
241.91109269252047
257.1477945060469
234.76779957709368
252.97336422442459
313.49087898794096
227.30978501564823
255.20899985986762
246.02001012372784
231.28129575168714
217.68456586787943
227.75661202904303
247.1315545780817
273.22314531425945
248.44199056224898
316.6730307280086
249.75058994267602
234.0659019834129
263.34936880972236
253.36676939576864
266.2142745415913
255.80489564524032
267.71485929656774
266.06747355812695
244.40296679746825
288.29603624355514
278.9480358363362
261.0961744287051
276.068060422549
271.4074286336545
240.5702347693732
282.746296824771
304.04413688357454
291.73339922656305
293.9365373905748
221.4063972728327
271.12157292920165
238.0874043816002
267.9504723888822
258.6054248403525
252.63169694691896
251.32722554309294
281.40873906132765
264.52134810667485
230.70910310314503
266.07698887214065
255.77477505267598
251.81694518856239
250.75521165016107
228.8429212870542
304.1712010499323
250.8597489608219
256.5344053575536
260.55663391784765
223.83666146360338
247.75685079884715
235.58379200741183
221.4869208568707
254.1543730897829
226.84300725592766
265.7304432471283
266.85783380572684
220.406656926265
212.87256427668035
254.9808859435143
213.8174186508404
263.56623927596956
231.0234399891924
247.81353953666985
242.82430778909475
235.33299760473892
243.93440373090561
268.933739408385
221.02117056958377
273.7581381945638
222.6589549476048
288.8241312383907
298.2076488605235
251.6668250261573
300.13673820509575
228.5737142051803
254.53405689343344
235.733668423607
234.0468131620437
244.34936692693736
248.5915297510801
248.42927831155248
301.0786131286295
252.58997249696404
253.4958694234956
242.33675280865282
239.64695318916347
247.23150130850263
225.20838080276735
232.17303965974133
278.53376226488035
245.60907529084943
229.86106261459645
271.55656453070696
266.1783921903698
234.07016585429665
258.46282545267604
263.43448539543897
264.690408683382
216.4157057509292
252.50336727441754
249.18883791577537
268.13839211163577
262.9043905787403
238.53277651197277
280.6681403799448
232.03863375808578
287.62110908015165
254.45165855775122
222.0929724391317
270.7785333915381
241.52854617265984
230.58413489465602
282.68764123972505
195.69086922740098
232.44818752026185
243.83162226877175
272.93119240994565
229.17711203335784
252.7259694142267
224.9185359341791
254.29240259178914
238.8321485175984
313.5544189022621
305.6257411070401
283.7949691109825
246.1700977778528
234.6222638102481
256.6121645163512
307.194861699827
255.59179726499133
265.46226061915513
268.1661179694347
265.6626657550223
292.16455173760187
249.36686540290248
252.97189407551195
261.6612820290029
242.27763667004183
265.27986344275996
231.2029935431201
260.86157262988854
300.7529717545258
272.62247011694126
297.73725935514085
247.16776677779853
223.60050671803765
253.17377029219642
331.8293273842428
249.23815855162684
295.6962835810846
276.340130463941
298.2058474976802
267.9291504683206
221.77655145828612
219.1489613611484
268.2530882298015
320.6736948353937
262.3100047917105
274.39166018588
246.33733132656198
255.94902536994778
266.54919243464246
270.89184889383614
263.6026562207844
265.2165570935467
252.8153518566396
275.2806439899141
239.98152465559542
228.43271511851344
259.7075400550384
239.45537842647173
283.95221410377417
256.1702526238514
261.73952726169955
265.68376190110575
231.97168466076255
248.4977076924406
271.9035844670143
210.70694367506076
286.6228796996875
241.18771721993107
246.43400910380296
251.32487548445351
266.48711851774715
249.19118654169142
307.9051892339485
273.1503587292973
274.42475572484545
248.65717105777003
233.258062439505
260.7480424925452
270.8495423340937
253.02702167083044
252.32575149752665
283.94271010835655
281.4360462097684
287.8785927287536
268.8398289239267
273.7058459999971
230.3625919391634
289.0075702930335
240.29383983649313
263.6648969138041
267.83553583407775
264.2804071196588
298.45046131755225
214.8811089625815
268.5187535152072
248.6691482081078
250.74195942713413
226.55543473223224
240.08407584344968
265.774739608285
245.45952727587428
233.96030905167572
301.82996706757694
287.61853701551445
291.2303191192914
291.2494405065663
275.2424002161715
262.7773540908238
230.21193240687717
252.0374319665134
233.70373537181877
221.2955396529287
222.53396838880144
246.93062323273625
258.90909394214395
242.2988378163427
245.36325926776044
273.38821507792454
270.9170863197651
254.12197852006648
220.844560438185
283.2562848199159
288.48026351619046
279.3412559159333
287.42172859283164
231.87138161831535
298.3879508813843
297.1780935761053
250.9337898188969
262.01189564412925
240.86059124476742
248.2884045400424
260.93587209424004
232.83970659261104
283.0065487702377
231.90802792971954
253.74232905404642
295.0587324438384
322.4882646857295
258.40911459352355
266.02260758914053
280.9363882150501
206.90891295520123
252.80726524733473
285.92699432198424
229.19149533077143
312.66230213153176
271.83235482580494
246.68604953947943
249.21924178209156
252.16119604569394
225.41487436229363
244.55820207111537
261.0870778866811
264.2444068888435
279.62323352193926
281.7847266163444
236.03420634148642
243.88283264043275
282.1458681196673
288.9249806270236
266.07261030504014
240.3914950506296
261.52944914542604
247.91099652263802
232.55412737897132
214.58986344886944
257.3983936688164
282.19919128192123
294.703716290649
264.4557755209971
349.02058747503906
266.0287022293778
276.3107762563741
292.1669022354763
246.85102483304217
247.34913409827277
228.94211583398283
297.79941125935875
267.14898197480943
272.73290024790913
247.9570919558173
254.04390263208188
268.90316656127106
262.8267398411408
252.0814147348283
247.3170251196716
246.31938634521794
251.3274786111433
255.84932621265762
249.11077026603743
225.33805817831308
255.9659668870736
254.31105281063356
277.3780243692454
245.82488943694625
254.52021433738992
260.3143785246648
271.4372793120565
281.0079908435
231.64486363646574
234.7430747487815
251.89678282651585
286.20118862437084
268.91625980031677
240.25885997561272
254.55721608863678
221.47457388578914
253.57900675036944
288.5483796352055
250.65353157033678
257.5525512963068
237.66570898832288
211.5230141566135
229.13512484519742
298.3938544525299
250.3714035663288
258.0354975622613
255.27592747088056
276.39155424549244
250.52567930263467
230.72484494419768
232.49855012400076
247.63321682915557
243.49437163199764
255.43504738772754
270.6119934025919
245.95339534489904
218.3736626293976
261.36142883147113
262.24707888101693
241.53472236427478
230.84390827524476
240.98584293213207
241.3451601905981
293.02018297754694
243.36463387252297
297.39881621906534
279.3365492312005
251.04710321431048
273.82496410794556
284.19891637167893
245.0634114635177
271.15240393707063
236.59574107499793
302.7230921245646
249.7830247465754
322.43837365787476
279.153568945243
258.63145437510684
230.17733434250113
258.481317081023
304.646696680109
236.69939719419926
221.60880635422654
235.2741394971963
236.79103718535043
252.8904441841878
290.56331284181215
262.49223593610805
254.7932514938293
234.28526237024926
231.77935892355163
209.40714943909552
280.3550026473822
315.02898325468414
226.81054365308955
258.37623703526333
316.72676933556795
216.89935566671193
235.05605850170832
248.6013986961916
229.47526859818026
247.3975857772166
272.97730729263276
259.2824687677203
276.10569677047897
252.8201649544062
251.34312488837168
212.88747185340617
216.79576493648347
259.92948857846204
269.9314351013163
311.6375127934152
268.4180872333236
288.0109258763259
252.63044429395813
274.1339164901292
255.92316401016433
252.74598928634077
291.9309670685325
246.3138709840132
300.3331463681534
254.96936675929464
232.9490338807227
234.33433937851805
232.98700671631377
237.72996318573132
276.38843871001154
233.51398918859195
241.1496636411175
227.54257824469823
240.67669416370336
257.191166821518
234.8413854923565
240.73086028231774
233.78185836412013
241.17144330323208
237.2275102850981
273.6440801671706
269.6556825649459
272.43098988442216
232.84652687015478
247.86698035278823
236.20268180745188
243.53810279385652
260.2206477402942
293.2618154877564
254.00636284425855
249.7086235943716
290.5635053963633
248.40230671467725
248.77204071893357
296.0114960358478
276.7089470924111
268.2885920354165
222.29988754435908
270.6572203974938
258.7383402744308
247.2527886775788
267.66184166807216
288.59346089232713
290.5358483289601
255.14121976005845
279.7097567503806
231.05682401615195
237.8595042541856
227.2699197534239
242.3155230297707
261.47390738793183
232.66100135736633
275.7900044786511
248.2446458323393
249.31353838485666
255.89003533346113
275.0979491578182
270.01089247094933
206.74864355276804
275.22124545427505
234.1736537644174
257.40391770517454
298.0575503206346
323.18782663939055
293.8820826880401
279.5085595805431
287.79159412917215
263.5890789233381
290.24777628062293
262.34410761715844
233.70452700275928
282.92261857143603
292.98597241169773
297.12525090936106
251.41549036081415
237.23278345447034
241.9205291956896
263.6983190055471
241.12507219635881
249.4200967391953
241.50191884674132
260.7350901803002
267.22126301028766
248.28125009627547
304.4072016363498
250.254246882163
274.8667838193942
224.8760790672386
244.5890282355249
265.94629818061367
218.5823597725248
212.48483874823432
242.60704744397663
254.00403699011076
289.55539864464663
240.71717884682585
270.7953155923169
239.0908722259337
280.41547738271765
251.93924509431235
257.2471413182793
247.80218816187698
240.70962519722525
215.99127140268683
261.0548556043068
280.1938150859205
233.3836628481513
221.00913641648367
265.68270313506946
255.2311960438965
219.90592113160528
307.5391281932825
241.32104472036008
263.66076464077923
237.649339790456
230.74921252252534
219.89046427619178
261.0882439025445
308.52769400179386
215.60472864750773
299.09598635614384
256.6028240189189
237.52894179080613
282.98882905219216
242.23831482150126
258.8530505668605
285.3848168386612
261.7340332638705
241.28764266485814
280.6629122563172
268.04154747573193
225.3040935753379
243.24245532997884
296.301092953654
229.25294179527555
222.63415516901296
284.8375192693202
253.92235711112153
208.37381998368073
236.81948448822368
237.26678424724378
276.6507605040679
253.77568802249152
304.8262226128718
233.50991497864015
246.78606873180252
216.59970405872446
243.42597497312818
243.52532029966824
380.81453374412376
244.6187430472346
231.53876095672604
253.0038311961107
228.38860296306666
231.66375827265438
245.63728769531008
281.8026564620668
221.68710992019624
238.3424995857058
243.11270605854224
271.02331738593057
252.74786136997864
250.0915859915549
251.5326478574425
216.85433754289988
243.13234326452948
246.1404466695385
219.65097174292896
275.7596578032244
303.81207970448304
272.1279859696515
299.2502458936069
227.10562617180403
239.51633524568751
229.63398620148655
261.5279843613971
235.63716200203635
243.0039249304682
238.53203583322465
276.00850824138615
238.92461391887628
280.0631983290659
244.27316056820564
283.74409225967247
272.00301984208636
240.302521071746
296.982887078193
230.56858427636325
242.54459428414702
220.2094142306596
233.11638331029098
313.1192512215348
226.07036229595542
256.69857164053246
277.1994050445501
279.73515831155237
279.6158732266631
257.6298257166054
208.9061423682142
250.3914368120022
250.24844089406542
277.8857483608881
290.2544870917918
257.60178588796407
255.37623408681247
322.2453254632419
249.45127322769258
242.53461499873083
255.25297484104522
241.86074842698872
234.65501743287314
219.3988826252753
242.42635110823903
234.49414768861607
238.55290143645834
316.09283240523655
239.24974743218627
316.69599179411307
245.26319258462172
232.62279487459455
215.3663800280774
230.84829777735285
244.34248919878155
258.7285968840588
258.31977640022524
219.24548594851512
259.35091174254194
258.25095468072686
240.194844149868
248.3667286754353
283.5248761216644
238.93171237257775
262.1333999178605
313.8287861542776
296.3742331074318
256.9270556065021
300.65309857274406
242.89969090931118
254.5001482045045
261.8300420747837
277.1919745116029
263.8492122697644
261.77205003763083
287.6995034213178
252.29011486691888
243.32540820061695
260.2125225572381
264.61659131920896
216.50152490008622
223.68761751183774
251.1175049302401
259.3331813636469
241.16582613624632
278.0863550200593
296.54659755458124
320.84941907285247
265.6241183774546
332.20518965285737
244.64249388163444
271.2314375056885
246.16489688470028
252.81683644931763
259.8029498353135
255.1549717669841
223.4394669769099
306.3177919242298
248.9394367535133
229.41447444504593
253.32183042832185
228.82878935546614
221.166786588612
225.84428393957205
237.87634674471337
276.5867536885198
275.46560504857916
268.6018506998662
273.59541223966517
238.94477370253298
275.52698831493035
231.5496645559324
272.8248504814692
266.33965473470744
230.90254777413793
206.40583734796382
212.631518672104
287.67797690525185
266.1790626893053
259.9430680469377
230.86315250734333
270.3013043877436
242.72032888489775
265.75064463424496
235.93969255452976
277.9138381846715
261.58383551682346
269.4575795340352
294.78270019427873
283.5268083345145
268.7619398923125
242.78054763085674
266.6040083861444
247.93390950094908
278.6154416623758
246.8688208599342
247.83152284554671
267.7184718357166
243.9479661588557
258.2378635626519
240.0759092773078
234.49043219175655
255.654525102349
216.24391207483131
244.2907871705247
289.4906730669318
254.45017998933326
250.42099657398649
262.2316647073021
279.6970668910071
290.9360146182589
289.77518271596637
241.52177222026512
246.1385510257678
291.14233745180536
274.4565339118708
222.98259221296757
263.2402330428595
313.42073814873584
240.526412894018
269.8007912010653
269.8952106455108
257.1768592041917
277.87886096851435
250.48643762874417
208.0013036641758
259.58005956502166
259.6489813289372
252.98065361136105
259.7474553376669
241.60292640072294
253.64649339776952
299.7433242792031
303.2590446138056
226.34114073077217
253.78581209515687
284.8118607904762
284.2509888841305
282.1095001604408
262.3321266452549
285.777667452232
319.1727679532487
244.41389224422164
266.38248127978295
292.58124360244256
219.3559165034676
249.1305822347058
266.2719818097539
216.95148119016085
226.00381721684244
229.5002604488982
259.0817380802473
247.01609205140267
327.10139990225434
229.1383484811522
267.3015704097925
237.03728875285015
293.3166979844682
248.72981827438343
249.43022177333478
230.4185017242562
231.4098979376722
224.06067564804107
236.20993546186946
258.43845398246776
226.74403813597746
248.9842020632932
244.81226224370766
242.72905849386007
315.7951845736243
250.7830875327345
255.88917983707506
247.27306077000685
246.94629365834408
293.5503140479559
270.4398882876849
276.77233034477104
258.6295671685366
225.38824755465612
338.63361861312296
248.2691230858909
250.86482148745563
287.78132354689296
263.29700043809135
246.809790388681
234.71475662384182
225.86960457568057
267.58093785413075
275.1547878513811
201.06079680938274
265.6874187269714
235.38987877906766
227.04429249383975
247.61395714303944
256.0481723934645
265.19502160453703
268.7476123125525
255.73558605776634
257.7974250888219
241.4662979854038
212.05515706981532
274.0251183373621
228.9293848547386
237.23040611087345
242.59745729982387
232.26462233113125
228.20291658572387
269.7386316485936
283.0381443501683
294.8663773648441
251.8274283433566
242.60172096383758
258.6932388173882
224.27653374813963
300.47981759603135
282.49951919261366
221.42579040117562
266.0488344668411
271.02851472294424
234.6623838316882
240.7337993378751
234.1664833133109
250.3024601067882
285.7949535760563
269.73522516840603
248.58308778086212
227.31253395590466
256.3614651240641
263.45495158818085
256.18872943427414
272.8773942986736
273.78808346006554
262.6859671549173
277.98634067724925
238.82922799570952
273.650902762427
276.62094654736575
223.81818483246025
272.7273336529033
276.3387685541529
249.468151695095
276.5978453394491
269.2325873771915
243.16049663105514
227.85193165019155
217.72279675735626
231.39152557053603
301.0476010161219
231.35722341993824
242.80015048978385
224.20425218122546
249.10010336479172
276.9958465376403
242.54142197815236
271.5155393386958
247.83017451572232
273.41400858503766
211.06739584926981
245.2379756247392
262.2620301373536
235.27737800986506
247.86192237457726
222.1351511089597
268.79458507720847
236.04172333795577
273.3932565629948
270.29049782373477
279.43480477982666
285.92509986355435
319.5776958380593
231.26604987459723
297.56648243626114
279.7164345943602
255.65798500506207
257.8315361266723
260.261636922718
250.87959129177034
248.33136286574882
255.3867091081338
242.33009288366884
231.91074695019051
265.20110501814634
229.36852135905065
270.0475422028685
245.32903517305385
262.26893408061005
283.6551326030167
260.1128464587964
273.70137663313653
234.28925975132734
223.45116436155513
252.24458935076836
267.423457299592
262.0363659427967
254.74271538609173
250.51750875951257
234.810630965163
259.638450859813
276.85945612122305
276.6778455710737
266.9700754848309
279.0098609192064
251.29092822188977
248.23237213038374
234.2571226201253
287.7806837547105
253.19628838531207
266.04527618479915
245.35739003797062
269.7951806363417
260.38458699861076
244.5517766296398
284.7922104492318
295.5633291597478
259.0119103991892
241.18599916424137
284.7415574888
237.86197838478256
254.73854662838858
234.00647772836965
314.6573144372087
264.84909303311724
283.278039402212
275.9432749755215
257.50236204010434
272.984663502546
257.3637811647495
270.9668748304248
258.5912505398737
253.36987489415333
274.30690150987357
226.12753373547457
235.23011948692147
232.59669839346316
286.15934231341816
258.5234487063717
242.08530104835518
285.3607575899223
259.4394556391053
258.88823415501975
245.04440166044515
219.84492190286983
239.84017714404035
230.7680500135757
233.95148640777916
261.05491533409804
247.0046840987634
273.71602279203944
243.35263158252928
220.4187854663469
275.0284288901603
232.73393776256125
252.5163318972336
257.0562992460327
264.70894844445866
252.35206570918672
225.0446890060557
272.0927397708874
295.1075880394783
269.2195975310169
255.1938578451518
219.6251352018444
214.01400336017832
259.57564473035745
263.14400891715195
252.51536990050226
245.26173374056816
258.59462973545305
256.66846264817286
289.3180962401675
219.4832625540439
257.9644159896998
243.7062912642723
222.53195768105797
282.6445694559952
278.85799600416794
281.24364907096606
247.55843177461065
292.192862572032
258.8339266071562
237.96202254469972
251.1529086381197
224.72839968500193
290.9601161760511
262.5635535964975
287.97532117995434
267.59833720023744
219.20155766350217
210.15512107533868
238.98458675551228
253.23200690210797
218.40330985479522
218.2362471644301
220.86347918596584
211.80901170207653
259.21942979702726
248.16721087123733
263.9607040397823
247.39036331512034
310.0233408549102
275.31114545778837
248.93965846765786
239.46413872239646
241.04865323239937
244.8965921626659
286.4803922671126
244.70344165491406
264.88221357308794
264.35732424037997
268.7185761096189
276.6090360325761
229.53920581925195
265.7437068368308
230.9160476088291
271.33463845506776
229.5211882299045
260.7577065071091
213.80705037154257
261.1129055530764
247.0652713793097
282.1186222094111
285.4323487015208
237.18185197387356
289.36241451615933
237.61712920258287
337.4849756724434
233.56808946852107
254.77072722977027
292.77580746111926
234.9449385709595
222.72019536362495
267.82938766118605
259.24549364415
303.07494704052806
332.5044742001919
283.91719960514456
263.24182017636485
280.0550451379968
239.8797221322311
252.07179153640755
260.4306755706202
244.67491673061159
256.5108007303206
243.63178568845615
248.79694374348037
272.46261718543246
240.96495574177243
245.11557849217206
280.591579398606
223.425000488176
259.3959956226172
257.162688526907
263.63241976860445
230.47465948434547
231.12839288567193
278.5737265960779
222.84909296163823
245.5537434318103
249.37214386241976
253.87048845051322
281.4194714105688
255.03915546438657
268.1392475728644
317.7955932134064
288.66466740495525
267.92402163986117
252.71565805515274
225.5823504255386
240.1125200636452
237.72735222033225
238.998740083538
273.3553762452211
259.46327081276104
251.30109197401907
254.48661773256026
234.08884565276094
265.47059801069554
278.9042742078891
245.9533883971162
252.5810875344323
257.8596949679777
262.80406097718515
290.5446683255723
272.5723926490173
248.59852074249648
241.85983258392662
249.6630534430733
234.73703760409262
258.2186504788697
253.32827756193
249.99775080080144
216.68610666354652
239.66120153211523
250.62847459316254
242.58890521223657
248.0353761356091
269.09251554112416
293.5408270357875
288.5617988478625
246.970934209181
300.20941906259395
255.8007698507281
248.9525509927189
236.126030599582
267.91322048928123
227.66584427061025
291.2804433166748
261.38912443083245
265.6416072426364
253.14392602618318
228.30406215018593
245.92539447173476
239.52999818953685
226.45420425920747
238.34941378689837
248.2072824796196
228.24113669455983
261.5872116240207
246.91711233113892
276.763322941144
274.20255070819985
255.3695668525761
221.52380326227285
261.0012173810974
248.76487732795067
247.7132584352512
237.15227070148103
250.09666153322905
282.34818124910817
282.7553002203349
314.1543738475302
273.8353428458795
210.89349300344475
248.83336337923538
248.53216933750082
243.5176265327027
243.34427041339222
238.3061507550301
240.8863341815304
219.96088243531995
272.1764758428326
222.07034805230796
269.1543700203765
233.9837484495947
250.24845138762612
274.5028623690596
261.2257884572027
282.46801066724584
226.35198566899635
218.39796011766884
235.8684709459776
260.09416731400415
249.2363696009852
262.374817783013
296.5675303010503
271.97869740764145
234.81389409978874
213.83677067630924
258.18110079539474
276.57131554046646
246.43045383132994
279.6658381646266
250.72693753743079
266.9186290964717
305.89554413070437
245.22871152765583
266.79391768644564
242.95878384786192
251.6590707100695
257.91531670384575
280.2986496395897
243.7203464100603
269.40630560950376
268.0447901816806
301.6483812913066
252.21700470952783
241.87644105800427
244.96489490638487
270.35218297143
260.82757922809105
256.46996618574485
300.2272286833031
254.6041453933576
239.93514196015894
206.3682344770059
247.91129791736603
225.05113663792145
251.49092568655033
259.175303402124
246.63622261583805
290.86292832088657
228.2764196761418
242.06895880273078
244.86697133991402
227.9386999310227
248.5612329543801
283.86361242551357
290.1929588834755
243.2487935833633
234.53989704465494
280.6680483126547
247.22288549365476
270.65762762725353
229.8238311901223
250.99704312579706
268.01524828677066
245.70187711564358
294.3194386556279
234.43218445195816
305.4796581469709
291.73072285589296
207.32563373271842
264.61600986286066
259.67091179359704
240.1035015535308
247.61439248756506
211.35223272140138
215.1632175182458
252.36841502587777
287.8704155825544
310.1880561581347
263.1001768166898
282.41996266739443
292.62843734701164
226.45254179707263
274.40391892334446
264.42700971255545
239.04652841051575
227.4766340800561
207.87091557844542
261.37921774212737
283.6884600603953
243.48314278852195
249.34793035301846
242.47363308956847
246.2818217050517
226.27571101114154
234.48583476012573
270.2583213658072
262.58788397174794
255.54360010055825
205.581061749137
262.04117481713183
260.51538919925224
313.195839828928
264.648266999051
243.85864753113128
203.95462550362572
245.2317107548006
276.5985321017215
254.95054816710763
246.05933496553916
217.54433947301004
246.14865091897082
236.9998646894237
217.1488973555388
249.9618580227252
233.24591051856987
272.411275996943
241.52251268795226
276.3682229768019
252.19790618889965
224.80748228507582
238.84535454574507
241.3348935567774
274.3422145083314
245.17812521546148
241.0512035889551
275.9928201766452
223.07453542284202
275.04529897181783
275.2230336793
235.3928884427296
270.0287369651487
256.5455812958535
275.6215545537416
284.2327451738529
287.1807191638509
264.62022417399567
234.87926316517405
227.02134364307858
244.65052604908124
256.0299239458982
254.6572650183225
247.1876070779981
266.4673179590609
269.3238823793363
246.35640314687043
202.34796523675323
246.80749451636802
272.13815607933793
305.41015367547516
283.36731665953994
244.619159820606
234.97903921618126
256.6477744479198
238.3108476321213
252.35622481105383
262.9304276481271
311.8166807361413
256.0453591555124
240.48611697775777
240.56793983432
229.69485624681693
254.7414276340278
206.65482880244963
273.79857765801717
255.61046796757728
269.7488198139472
254.25879214832094
243.21171673957724
224.79378556157462
296.76203270512633
298.94285825581755
258.6550823339494
289.57724559516646
234.41914039326366
243.11722478899173
241.57012562081218
270.4703622707166
253.33082002284937
264.51681957079563
210.1079443093622
249.1287536455784
303.1760462129023
240.7370904935524
253.42667482455727
271.0442891016137
264.4798595998436
274.927696581115
248.65217196836602
243.78001713717822
250.80695814592764
318.80461458070204
224.42127627588343
266.1542096810881
252.16802975640167
259.1964401729638
253.2031504146289
314.9560172203928
308.526618939708
245.97389524884056
237.67635383910965
268.6409839546541
216.1322256111307
263.7927957898937
249.1416146159172
239.01234728377312
302.9316806093557
260.78283773188014
305.10367003350984
257.70335925766267
269.4875332361553
203.0246171663748
228.0860947520705
223.1811643469846
287.7909598314436
291.48294528690167
241.67105835629627
283.30683188536204
252.10905440780334
239.65279286773875
245.1698817574652
242.1839667535387
228.04067648854107
254.27337683713995
255.69956324342638
262.36296189948916
240.34229574655183
285.24322292453144
268.3052888538223
282.293391021085
239.94951895973645
263.10036735306494
259.0972854598658
295.6574400026584
221.9708232593257
244.3134730446618
276.4663222556701
271.38780260051135
256.39725624851417
300.77031642058864
264.37409690138884
237.19595453189686
261.7896362041356
245.49262939114124
231.54219368682243
284.16467509395443
254.0637527386425
229.98450673255138
244.64935450570192
311.4481209878577
218.84754608548246
259.9256374462275
260.65677356987726
250.52619153971318
257.33375179674476
245.9490374586312
258.3338161635911
258.2602101218654
232.68760422547348
232.79121146944817
204.7605117681669
284.3833831856027
217.17356204765383
242.91814429708757
282.1571126001654
245.80987208301667
299.29220485617407
265.04652256611735
276.12830828363076
250.982644092408
203.20104335516226
228.15708293241914
260.9011682951823
219.47811204346363
247.8313188799657
220.7893604603596
250.81371156394016
272.34616696462035
227.3238909378415
280.91585766815115
245.49984822550323
259.08998471451923
251.71230003831442
243.9245187236229
253.5944671984762
241.47583807108458
249.10828813933767
248.8984893935267
264.07885253371205
259.1924734854838
249.9057262596907
239.4779202126665
254.68585285998415
268.44681878830306
257.731086170068
264.7133796897251
225.25224838312715
294.1857450045645
265.3759991512634
267.3944924008101
270.3698417225387
298.76396105228923
245.98768275557086
227.35881065402646
288.3603145276429
265.38018183025997
270.00169690151233
231.29502623423468
266.24478520429693
241.7293669823557
251.78744127135724
221.2175954193808
290.92628908285405
252.14462747448124
286.4007219757186
199.9271868126234
236.1098954428453
256.6564283464104
264.38538635056466
299.69324629264884
215.47176060325
277.49757242796477
258.1210398370167
317.8148143446306
255.40499470138457
245.66748661827296
240.45551784115378
253.08476484322455
230.81283498508856
225.61249558231793
240.0409176115645
240.73636588070076
220.82591967342887
244.70021791942418
251.06995215965435
321.7500696028583
241.16761679248884
255.3603126029484
270.42710163095035
232.02155974670313
227.82876090181526
253.6536797824083
251.5767591438489
232.66404086071998
214.35167346708477
241.2420986383222
279.00425407325383
257.6413461206248
237.54326653690077
273.8352504116483
250.93236980214715
221.64890479214955
255.63575533521362
227.64723814162426
280.825280595338
226.8808103161864
259.29347029910423
209.27477877307683
244.38200090138707
242.0306683536619
244.27218076307327
251.29582501051482
265.1635305308737
218.65886453608982
247.89249575778376
253.67888596223202
228.61003045039251
271.4789829211077
224.5329353311099
257.95949395245407
230.7253347969381
242.23939675244037
263.39491294615436
223.7638339069672
213.31030830938835
251.8683634182671
349.18774929945357
197.77187867520843
249.65902545466088
247.35152969812043
265.9978061200818
252.1935856139753
265.19451251102146
241.10682018147781
249.44421206892002
246.97209869802464
273.79530164506286
224.7761732650688
244.64534174150322
