473.45354485776716
473.4924331466
473.5153327610333
473.52179022751807
473.5366030307814
473.53548956415307
473.5365955152356
473.5329308599448
473.54038392856455
473.5343351530955
473.53618229590575
473.53628138759814
473.537097663173
473.54320262006695
473.5352408335566
473.5376197982987
473.5339529877201
473.5328499326606
473.53968596878985
473.53865334048896
473.53855104225295
473.53431872379406
473.5376409518394
473.5335248383999
473.53700439880595
473.53332206918276
473.53727562982385
473.53259751159203
473.53627701340884
473.53747849371575
473.537346711415
