144.0289465939286
143.96503297952404
143.9569598122598
143.96471164378454
143.96563165890439
143.95658680412453
143.95377253063998
143.96547898178505
143.9584741195058
143.96016097035044
143.96543296029085
143.96022472912318
144.016954333616
143.9598548100248
143.95425765076197
143.9561806208476
143.9594585325649
143.96473372523633
143.9556188195411
143.9293084535375
143.97411923984237
143.95641233320111
143.9655716670277
143.96031154631964
143.94868203517944
143.9525231743246
143.97372857835035
143.9597941029151
143.95475479412198
143.95548990546922
143.92881354913698
144.02742775847764
143.96550369035685
143.9594198544819
143.957619829931
143.95689099578885
144.00419391123614
143.95759895090305
143.95834385446324
144.0047565354962
143.92260764100138
144.00458436793815
143.96562485934737
143.96017527558251
143.9570888952985
143.95767660171805
143.95622627609737
143.9542475932667
143.95505163144298
143.956167377979
143.9528380011143
143.9789223071748
143.96052524693914
143.95848873387877
143.96550356655098
143.9603060985628
143.95698162780354
143.95705974362681
143.91794338225554
144.00718014161794
143.96486140918933
143.95588598785434
143.9576306794861
144.02506555948094
143.96554201715298
143.96003666312754
143.96554576280687
143.96034516182954
143.95855880949966
144.02771311149445
143.9603781782189
143.97376427103336
143.95846677994086
143.96904100137908
143.96551624794665
143.96014282844044
143.95755053426728
143.95531754271906
143.96550291051062
143.96023083217005
143.95691598231133
143.95787182870845
143.95920637858944
143.97313401680003
143.96550159690742
143.9601272347354
143.95762584142722
143.9544681938678
143.9158048195859
144.00636037026925
143.93613972120875
143.91835005827306
144.0072707359068
143.96486997876855
143.95592239545658
143.96019742478165
143.95430620415573
143.91220048410105
144.005873951377
143.93253545335028
143.9615822350388
143.96378787478534
143.9595996408243
