280.68959547552913
280.69028263230666
280.69011883071835
280.6905314945361
280.69033846015736
280.6907371895868
280.69036434923055
280.69085035621174
280.6904417460946
280.6907865706926
280.6903925926408
280.69084987748465
280.690448662961
280.69079077243987
280.6903946952043
280.6908574247009
280.69044982962623
280.69079080383017
280.69039506663466
280.6908494673389
280.6904492203266
280.6907911004964
280.69039487408554
280.6908563321631
280.6904497848609
280.6907909222118
280.6903950390424
280.69085260604515
280.6904494841292
280.6907910009686
280.690394953941
280.69085494106366
280.6904496751704
280.6907911663857
280.6903949511452
280.69085714564244
280.6904498623717
280.6907910222035
280.69039502785563
280.6908511850943
280.69044937333456
280.6907908794674
280.6903949661137
280.69085104254555
280.69044935091733
280.6907907295972
280.69039499858263
280.69084875677436
280.69044915380437
280.6907908915491
280.6903949176922
280.69085300601364
