309.03268421442135
309.03304715142986
309.03396818524743
309.03410656605683
309.0348245026089
309.0348262728776
309.03448700759964
309.0349557975587
309.03486359648014
309.034843815165
309.03484520778693
309.03471397045723
309.0346183961683
309.0345771535067
309.0349332717142
309.03468205879653
309.0343353355438
309.0350319556637
309.03474892434497
309.03490230789794
309.0346627349536
309.0349274486525
309.0347006189695
309.03461107892326
309.03453185666694
309.03461576885275
309.0349433596584
309.03472588254044
309.03489516314585
309.0346409623635
309.0346081899661
309.03492702343283
309.03473914455935
309.03489232436914
309.03464119530145
309.03460926881417
309.0348394705343
309.03503379635004
309.0346015957912
309.03479831478035
309.03461874421555
309.03496938085664
309.03483763539043
309.03464437740695
309.0349503838406
309.03488857840784
309.0348654590489
309.0347143793151
