364.37170009162924
331.5174130807141
291.5291077812981
332.9739973808222
311.1623284279501
258.6368373203659
268.55867964941035
290.4918275822797
257.4201017949972
258.8845746955735
271.55376481204485
331.6999893438174
272.1884707042591
288.32786907354694
299.87622486669807
279.48523888777436
308.6223273710975
255.09915376039407
321.0452131808388
288.6128769787574
285.6605365566702
299.0001844746912
340.1976735297112
360.202400401251
381.6155073668515
277.2296859854969
275.1750592041153
267.94466691877733
302.61012857675814
268.2340072784755
269.9291766391161
274.12895226723776
361.68988846644606
321.86681125499126
312.73943252790923
320.117616310361
315.358300985783
318.95096355060195
336.52075923250595
312.6981604988614
274.4834635018233
298.28675298521375
292.7748541849396
317.6606940268666
292.3129027124287
341.75115273646225
301.45212342912055
296.70529729529335
293.77977805792034
274.8727916129501
287.5505406768043
277.31013604578584
312.0041157059077
271.81166912891604
292.66378700780115
287.49964705266757
275.9107065476528
256.8855722532571
307.3438358507083
271.36857916125155
307.3429082078401
358.19018927770594
310.20276552017094
317.9267235576044
270.3783564889418
293.08465617703405
312.96594368877777
287.9914626474856
317.7907321873354
293.79683769119583
282.0615194623315
313.70975532341254
278.0858115176816
282.24437145623597
299.83727987853126
298.5699508669968
316.61395740322405
282.9208399709314
292.15426866974667
272.10547529114046
298.2158733877659
269.30677746874426
287.0695899698185
309.2665589726239
309.6341798170397
277.83899866656793
271.0514065274838
290.62110884611684
289.23742438556656
251.55272998262444
305.3676652270806
291.1770552085982
296.98646275506326
283.60833487026684
310.48146342102336
271.58872051265644
358.95549211373145
309.2928719881056
308.9052748905269
309.24108418472315
302.8496445036508
340.668832457337
285.21615394788387
285.25414073494903
313.65624803620085
306.2547513633763
336.0566002087071
320.887029246107
306.9516841213954
321.214518975652
299.27791038912255
307.0451927396789
294.0703825626988
288.13652583555086
311.3657532218567
317.2508085463778
282.0714617677295
272.9282074460498
300.23191949724423
307.0869356848343
300.07524682381336
275.0444373752616
281.58265941358695
278.1800821668585
279.54838232375187
288.6767894232107
317.61461689913995
338.70636492979247
306.10265716976573
278.6824836886153
269.5492431105449
271.7675136264079
270.68454260194267
293.0844948502345
278.1442504959996
285.0516008822742
280.98648991281516
311.4379688664412
269.85626825615327
294.668696756984
290.0888302313906
301.68497754893906
324.6719812371739
260.0738484931135
331.6582843818469
322.8177810799971
274.4524057924864
280.89024112465995
297.6369990518215
291.82391869878484
291.32848422582174
364.15634157682507
280.2578244511824
291.2144685156891
306.61916656467656
291.4623267205752
301.44348341768637
289.00879085998895
252.11449635469035
267.3709366017938
334.7626298187024
341.1153101935124
288.6263963428355
310.0190368545809
317.7301051615141
317.61501425556344
307.18607864815567
299.4565125247682
334.1282323673586
273.76629525799217
311.2215352160638
324.76405248214724
287.2719637612536
297.58512742428866
306.6276829656781
287.4057329431962
286.6352109491563
294.64175175433775
278.88263101345365
278.5451968695779
314.238577572316
291.969537023273
324.96556586345105
296.5768803061146
321.48314921648125
293.50621383699036
301.29788868570904
269.3862461332101
285.8524741721194
297.8006814418186
360.15535162699234
290.349616241896
314.3555394244031
291.9611238810321
274.2471463931797
302.17965718086634
277.04748303621454
294.7564903470702
306.5060594428287
323.9521152989182
332.04132261059567
315.2503669629659
291.21008258093207
297.92328987575456
299.73436197689443
306.2199875103761
303.5624850993845
263.4274979519105
292.8188138472615
313.86723700376024
327.24940673526726
301.19087535164
288.8032829530639
262.32406315424305
315.2579301315782
335.959304233671
266.86978214851115
265.93276033222355
274.28548813006637
282.1936461944206
292.45377105803345
332.1613242376043
271.01667376904516
277.39271137338073
292.6664101082133
259.44469131658843
271.41105685030925
295.155219339169
280.736535675489
328.8880946335412
272.95837557419145
287.72368349881435
317.1834752816503
308.1390017670492
307.33703656725993
310.60788494454755
311.8929510281305
335.7066251331271
298.2295026439824
299.26915644900873
308.5794206714927
347.17068299524544
324.65246203390416
290.68493623608083
261.95605423502275
296.04967835437856
292.0021712741436
252.56358057628677
279.25140835328784
285.72762692823017
298.93978953076294
298.59700660425005
323.85065292906074
279.25762847923033
345.4454771616438
270.34893167253176
290.5751268136519
300.231942819868
297.56111007776053
302.06322818336776
307.5678583685367
312.6069973343692
368.5408277601673
267.74198102271475
290.2409132637986
299.9614011653757
287.3277416478959
281.75289617216913
246.77558165305527
295.65802654730214
331.03041306324303
281.9480659419787
311.97320753095846
302.2283594287146
296.57149906449195
289.99652932942263
314.34281945791736
327.9711791747104
263.4332273665641
296.9873016838246
298.9970787067432
289.8101487110689
315.0449937591766
266.9615591165784
311.42280272959033
304.40148029894044
331.95561084270594
274.2410944600124
314.0193241038796
267.8081399929215
344.83131621852226
300.24117955692054
307.0624914574728
266.07651683685253
305.1575057588634
277.71771959190664
366.0972695347009
266.59879398047633
299.65275059855776
275.01209613469837
273.3419189829874
323.40831304366293
286.0522051370208
306.31000872922596
284.7004691609618
300.97887505310064
312.26369574383716
338.3867608234141
291.4136498403823
310.53046937671024
300.88554257462965
300.0742149490834
309.86210652931186
306.822905136738
281.2039304912032
292.87642337733996
291.27293849617126
292.83835724325036
301.76655455662694
345.93172307011264
262.79447466271813
325.4277483161568
359.2460000417923
312.7529174946976
281.7894134843955
288.7074966831133
294.7888351078727
255.59459316202265
303.7752642252308
312.82700281859434
251.20368986755784
264.6480095391307
267.30590856756316
304.05313314235536
303.7486386525561
301.76406173952273
304.59965897708025
299.38227065562387
334.6109309096937
296.2614222122502
279.78521227226884
292.3185475588107
290.91383530893654
258.93767586385366
273.3493878640438
294.60005776034086
323.4490335485898
290.9128910283762
266.73256875478546
316.1884882001614
259.7182420970057
313.99675964693597
296.54676638095407
327.11931168120645
321.5637650011631
276.855975687693
350.8319678862026
274.25262436857156
298.0606877404789
301.5170581065904
295.7545934628288
286.30018222173385
310.38468638589256
294.75957107607974
256.78410888767394
294.44335698771465
294.61982822169375
293.2739506621583
325.9421041366004
307.2390480223985
319.6014577353344
255.7476083200454
305.54872429587704
277.58173853810877
309.29800975295075
308.40140355573385
274.31293517346785
292.31665483913093
325.66823813795054
314.964284509173
292.44934759238095
294.47042080081883
350.43837233605154
320.0274125601718
315.1484823967039
315.6627383728046
307.2511876809731
310.34336987334245
319.9785486098117
269.5100355921895
300.541914680638
298.00024127542565
293.28831398513285
284.3027911527897
313.0129074287397
268.2597766772524
283.21674739173613
298.53715204317996
308.4306680251757
313.1124007171311
323.4427170171839
268.0297132527048
291.02785453933757
275.1195266341674
285.9130944662029
312.4844613234163
283.79862286419666
297.2075738174026
300.0406311656552
247.2287589293701
314.21015619115497
263.617725825854
295.3655131987616
260.13277774812013
291.67546649996075
324.30400215620466
346.1753665058932
313.84231838420965
341.02218693376926
337.36499891664425
314.96019528529723
305.5658187828085
282.5669697835838
278.5872472048941
290.18661005957983
310.3152958560677
328.04494780230743
361.1077404567477
310.56619541214604
301.2910594502173
278.67794377036626
277.0002865674178
276.62885535102396
267.34884404372133
313.2074637803016
254.35177559580188
290.52528046813677
252.8152398414677
304.61079608845466
311.2505152963131
265.6664018566662
325.8441322197905
292.72834952018457
348.3778285627195
316.27639947031275
345.64288485929137
349.15625146991806
341.69228091998957
311.2512731445604
311.02526674588444
362.3448620418494
295.64064462596434
304.8037840707693
305.7270283268299
317.9183891323046
303.0956325540028
332.4882104365097
262.45646741669043
305.9602411816304
269.79506061275606
281.88142730030813
320.97347221299424
279.0454940405616
282.6977199643443
295.517296213744
300.09000855562044
260.2614099019265
280.060937971808
267.0512419396546
289.363815608609
284.7454342294368
268.30929827934597
293.7543598712655
263.5715202126303
315.5487212522421
292.081569251779
289.2676664146129
292.101878367248
313.46407867534435
331.53100825173897
309.9448302164383
328.88651021089754
297.8446518983692
284.072393190203
287.14180308321374
312.3591237649671
266.693303082051
290.447887023096
288.0934326607967
285.4976968478295
325.2055122742604
312.9628287256346
385.5978466028464
336.57157838504645
273.9545958097442
315.2606056802033
319.465388435754
297.055227230303
315.0891285050602
341.490946881735
290.56664163200185
277.28843241228606
309.25498110221815
323.5846299562254
284.4140515109175
289.38489832298364
297.54000642779283
308.09167813311797
301.3546967547154
295.539201271371
283.2968068783812
313.85187049524393
251.69791929176426
264.110214471817
264.1619482449314
292.58319011723506
322.162674834457
307.94025360175874
308.5451954000746
335.5145471977885
275.3852992399188
311.4593197738868
388.4471664838493
324.2647276534117
317.4808909079002
314.14268653214094
297.8144681043923
269.56062476924853
295.8131848067569
290.80895113851875
297.1920761707297
304.4282530240889
293.513418967661
309.3281708137656
281.7374875669775
291.15432795585366
323.82437242154265
312.4963351970655
256.37030028318986
329.2370036583743
265.6680124773702
322.40467989852186
273.98679070873186
281.2291970165388
263.97227500594454
287.4025327740819
297.4373739902512
295.92131343318033
314.1656588532496
295.34684512903914
265.7510053185106
326.3391440080886
275.494537733437
293.4723128997721
295.57810007134685
291.58023136263364
280.66513305035187
312.8219969737984
313.6887136816222
285.6016367255943
296.2800848928164
290.3744130090636
266.04237455280963
305.0734861586825
314.588722334418
328.51469449710567
262.97667869890574
281.40907563379733
307.6978049785248
289.68136943591526
292.40587639040314
329.39465886802645
284.8037136317871
334.30042913602665
306.40852957824245
267.2976280695584
276.07747258609743
276.9258269566344
290.25760472909315
312.99501621886156
306.4545242427266
320.7453355237085
287.08727950789034
341.3389046971861
289.56431408194476
309.8615433209343
323.053929755697
295.1183825045591
297.49345618597
299.13802074850537
297.0875532726641
311.7459372896701
286.81107635769877
271.18480149647803
298.6571338120266
306.39031660120236
316.4571486711793
267.07463225215906
276.3842475282145
283.5652865873708
312.0023296927393
291.9133463349717
301.5866796852788
279.20561552912113
279.66135810117703
278.70492472610204
345.7168123954907
300.65302397246705
331.30898120926577
294.6281283098797
306.55233606137335
310.45628768383176
308.12585305570974
297.4174387079547
283.24356891762
312.84453572149505
303.1918398797279
305.0466931221017
301.72884867474204
283.93644774661516
273.45346008925117
329.2245396678918
265.5835551591008
269.9213623368705
255.34206862509018
312.11619216558756
240.04997060578899
305.01235472681583
280.9518065091397
279.93455760064535
280.7521621543565
316.444232852984
302.605628119607
279.7287327259546
319.32294325440307
299.53303982826765
320.7817161461862
277.60355615837034
275.8285939126217
307.9190550351632
326.36914311905275
316.90453264376265
308.4670785605267
286.58693780042813
314.6180181619129
334.6556779606035
354.1317174350552
306.061648207542
329.84477889200207
319.14871329648304
303.1787275929237
255.08097883113078
282.6755238784244
313.2147202138731
296.1628145627619
334.8703189603402
273.62085517458036
299.65239877210115
336.27567461988656
287.90567589143757
302.7655177982233
293.2749833580747
323.7974311549624
258.8959448519454
277.00194758555153
293.6755901588185
322.5491801108874
255.40488913020818
288.21818593190983
334.08611580036813
281.5399570813461
333.110998309101
267.57584784005303
248.9975437782996
290.7370616248227
254.55229757269262
277.4325174757105
287.6431338491093
299.06527551283943
273.9094079544302
300.34320944090723
322.1659944533021
267.1120969703479
304.9480895436136
324.31553791245096
279.8671806228813
311.7920968887629
303.7383553846739
322.90413170246757
318.0120094442391
274.56689010039554
266.4325642042386
303.97530885977903
301.16812418960035
293.9250887117523
275.6762053592538
313.92855533087277
328.0807153788046
304.31078673462616
281.9436888175551
321.99709458608413
301.5764729634102
288.33808978949673
280.17845799960196
323.02500861961744
273.184800585208
272.57210204261355
280.2184650179988
284.5762766385742
270.82451722040423
256.1906236476498
305.69090268283617
284.21177143859677
260.8141929222911
296.3380513311422
298.5721471206052
298.19166935497196
259.41028808103874
292.4700798736012
286.03255489154253
253.63106505945325
288.7631686788518
272.2995525835722
337.2839886643633
306.29701601096895
321.23650337418076
288.35904832041706
312.6829367312894
273.171678859886
292.0211503954779
302.76480355870444
321.6118309563899
338.03766755995457
269.8285923092917
301.347094531171
263.5280237108236
313.7806483786262
289.13896257369197
325.2114545290242
313.62546248096623
271.3287779063103
293.695421138691
279.0887369609263
329.42591872726916
284.23564862451167
290.646949798218
261.31888876861194
259.75004391901894
262.55773471840075
282.2312386924459
262.68526978589944
310.1066466613265
258.7004069094837
296.0153362091223
304.5372857299226
298.1376866348728
279.9535905108787
284.9081675031048
264.89291267236695
263.8436823867669
311.86635232766275
291.53130677575245
261.6032195855223
310.6384812796314
286.15348623949103
292.69263186480384
291.05627386071137
291.79192398124724
292.9177882196964
316.82970560202375
306.45874649318284
285.3839353140793
278.1671966872527
296.2882632270921
290.87428362839273
295.3134890963265
271.17409439443145
280.47897858746
309.3927991925739
283.3683935358713
287.88326804255485
330.2326149066794
275.8482465806301
305.6154298049514
274.3267128758016
306.72078029837576
315.111172294477
278.354278086219
273.09644685449894
288.2444121475273
290.8027707760921
284.04615691371146
334.135818470153
274.08167607634095
296.1521479120711
279.70914224442095
267.49541316827526
285.89463621922187
285.1726664151356
293.04359633408603
309.43569263629615
320.9319624294876
291.9369304694701
332.35673109817435
282.95536029705545
314.9951122882776
283.1677258439886
321.1680932584277
309.5993246510334
311.2484505586617
311.8537596950773
295.5162928698701
317.3858868731768
334.96802435294376
271.57010726234876
289.0648244759068
277.08716135830036
258.51897015274153
281.46826697382494
315.5580363482295
279.209496174386
268.92157061200123
276.41232941966155
277.0918541424908
347.517733289249
293.5531200276455
310.61658687971067
312.9890114715672
281.71933627914404
268.4269637008547
320.9396586388757
299.7804795059492
318.973181870766
300.03796958888415
335.1708732047118
269.6126609260973
295.0955974176177
290.7425189226633
305.52924242120935
263.9349067948642
266.9916061037802
288.7507590915484
335.67403237582766
325.59692066101707
285.0895555494353
313.5761010821152
283.46011202925
305.22407105754246
314.21621418057475
313.4582524780417
313.11785651699756
300.53327966629877
292.78451961732935
344.529807877494
328.40665239308146
299.9979906354274
269.5672304535983
334.271390270791
330.5121602519648
319.82055307293194
284.1966493591026
296.3316353800474
277.66927926882636
318.2008673234959
286.5669848691614
273.5681763261673
301.6163438766671
302.2233448754705
276.36315347324125
301.4572077690391
334.5107379182591
296.01503073007916
288.1837303318025
276.46537597922725
266.72426304244436
282.34616835269844
298.5365492554847
325.3290503594908
274.55990746081807
299.61490429821424
303.60818266900606
291.4484279603348
295.3091753224144
333.7891244677012
299.32714375003707
315.0820804142277
343.16496872500284
293.7868963353685
286.66697283182293
276.52228807791835
246.65373761794763
318.1658596221241
305.78355728130555
354.56273278885055
276.86724316794425
292.9104923051782
309.48622972832527
317.53270283096936
274.4710771145765
285.76700558752054
289.9246993556735
315.3307941198582
268.7905399497249
303.0034289411851
282.8716918309219
289.14227995305555
316.2754297272768
309.50201313605066
275.3116952482378
282.6997932129889
250.7351259564166
264.44300756789744
269.1226797075942
276.39165819704067
292.2005170751945
348.0839527155622
283.67112848727265
334.4795018269215
278.64301735162735
318.13492506253533
298.17863997560926
323.7441173156258
303.4343904136913
268.5548631125712
308.08850173366955
323.8207789227599
276.74672823620494
307.3718163406593
323.23391936183907
304.37634367658757
317.6360309747979
310.51329675538
290.53455840959214
288.0298934477032
306.1597327669733
297.032689720334
275.3652182506048
316.4094086479163
306.9326102536288
301.6314945279155
273.71587195346365
316.34893727954477
273.6250323957647
275.33415376010817
303.11163385468535
301.0318016704405
309.02377538883593
314.22218902461464
297.0828233146458
279.52215416461695
313.5147030944936
295.49012766132364
269.0954942450044
301.4649635195383
300.28522007726133
287.1033475502627
318.3984830562258
337.73007841868093
297.7336488828296
308.1279943268164
308.94704851525603
273.59560811071424
308.21580914471997
281.9543083026656
297.1943676552037
314.50336168549256
306.7167709603091
315.3154988777824
331.12474547489546
295.103887211415
319.3993768535438
269.8781042556511
307.44534769369056
327.08158710354473
353.87622913363157
365.3418692131527
316.07066572399344
278.7121788620134
294.23115441098344
297.9011764114257
307.2173244903097
287.2443215592648
276.8955545515055
276.07945721800206
302.1890136526199
289.25921433023177
288.0409719661111
320.0912727972609
294.53229396190727
265.4267794688931
298.8528842709493
320.1039252332994
289.19432976748794
298.87563398340717
307.4096384345321
326.7064584241598
367.4533370215213
282.5643682545633
261.45801030128496
289.7295789187192
289.17380342661636
306.29486994759645
369.3691761409282
300.6020570161636
286.89430554391583
291.04295132146217
278.8684011340956
309.06977103016106
284.6167718069628
281.2472599001485
296.29096773889614
278.4304878161056
281.2378570984001
331.8057639604667
299.32693980645854
307.1155258816434
286.49813805532176
290.133865066804
308.4237651323783
308.05001609266037
307.74871034373064
317.2692173029063
308.0545609348337
324.8270995563944
320.5975929281558
272.35182512097526
282.890214142506
309.7737622348941
293.1211745571927
293.85515849868534
277.1944713469129
291.4594606059254
309.9016538382857
279.3619473547442
275.4560800790787
242.69796887860866
280.23001077841036
281.7038525590906
298.84957600716734
282.2968539746362
260.3293903170852
311.7381874928251
329.4696031137719
294.2752791206585
298.9607569614891
290.23408868844854
292.2691083093523
321.208547053684
319.5990156731568
307.2036552222562
311.7614502577926
294.55989690707065
285.7129168829997
331.0973298040917
277.1160502657294
337.5974546201178
282.83222267316887
252.56550047150813
280.98458416823996
293.3372689685784
318.0701799048693
334.2524032735382
302.5090339189046
284.33696199249243
280.37953614239814
266.0822938362835
317.2823598187533
262.11753451504046
324.8608130394714
339.6882402559859
323.8892837202875
311.62336744897766
312.40999842388555
338.544007201388
311.2745839562849
304.1825092147337
310.4569618772366
299.9377158017596
316.5540579883964
311.769735213893
310.7215036863927
303.13341147912433
298.596976728295
303.0835946170264
311.472231785825
329.22752601269167
327.0727313402458
272.5631109541864
304.7334304836695
325.34325283789076
283.74555894208606
306.30716161913006
288.5294582193019
296.21208591078175
288.06616933556506
314.54289997945307
277.3132753575919
295.7616861619754
320.975284120359
256.5297372660716
268.0713410847238
287.3653753818362
288.0957446201355
288.9871922088787
344.9553589056013
296.09484195773257
328.80539267667336
297.2918316628784
274.27612658875296
367.04153391654836
271.67610681423685
281.30917785072234
319.3136421114323
289.68105231702793
283.4270611097454
326.075490789779
280.5197950244765
304.25928064237814
294.59882394218585
292.88674610917224
287.24607976764673
263.28368987562135
286.40155117143877
296.83870620507514
293.75746738450835
291.96167916513514
260.1940510860295
332.58244068652857
302.72465610248037
293.69757829612354
291.2811454999028
289.5001600214164
294.933924064273
306.8100802556146
283.7327365219244
287.4457997761201
268.1441380131291
285.04280070692766
232.99056079005823
259.6292866365402
292.070692278503
313.69484488863964
288.49151348427404
326.86019521707203
310.4396540951566
263.0405844526249
277.99894380243495
284.0622039894806
297.6351635226747
271.5059018843458
292.77637496375246
256.731908732967
323.70226842194097
288.172487084812
311.71377545420546
319.71751007519197
270.85987834382104
309.4497424267465
348.43078742269427
268.8901429239195
321.4846966910409
305.9922924909042
283.01915029546944
337.25721315137343
280.4020866546198
286.24511154030915
318.02447864133865
289.37248828762677
351.4120453877258
310.2458707700134
313.5311788295512
316.30225923424587
272.170934526308
282.102916236443
275.51846850977745
297.851630324556
279.08426749921637
278.4883817876689
301.470068843395
281.1412141135079
290.23395255970536
257.78789647412486
283.30228551867185
304.49366243899567
279.62375393585535
323.6210270738811
283.8867764505558
303.6340415588347
296.4477096289629
279.92357786826324
273.5195563422749
279.5616716091754
297.93106226378586
307.2275674797711
288.50989933207165
314.54232786688954
293.1214426988736
311.0779865710065
278.97692588332575
307.1688092164113
257.04073163546855
311.4996723391232
284.6581812411314
315.6230822163634
302.6077269492671
290.047206295887
268.72862367902417
283.0298589539598
292.06683114444604
244.41032152011758
295.720661453146
316.2246025633649
323.70842248154804
359.6767065594322
271.9486381826573
285.09064546681475
305.53848715283675
279.1629833666957
324.78275456879055
377.8651094174711
268.10017334506847
269.015285021218
323.22958631650545
286.8037406722433
309.62938131397823
273.4368677950697
296.33981433085864
281.0899294735282
301.3287440299173
263.0343564876821
305.8919028509408
307.06884685502155
290.65836445620516
303.825623913086
341.96890080184676
294.53877373214345
288.1758068247
294.8568982685101
285.9140366477659
263.474371411663
315.46941806655377
280.32465989497723
258.5627795418841
279.09936212032335
252.6826199174975
265.07828548923135
263.8384554722579
286.1526875618147
321.52396903513
271.6727974958485
264.96899802202825
282.4496826243121
337.5161512513296
303.00828630907927
336.89140883937944
274.8336775866919
299.3032309046248
280.8777963760076
287.07275118958205
293.1608450344647
300.0560295130708
327.43734338419745
258.1292470350163
303.1422612768947
273.5624692765414
273.4661957899225
250.42329124367097
308.9984821700491
307.1712222970673
326.1337120930548
312.05787957826396
341.90239003510214
278.9407452684827
281.0402198249358
264.5311630645301
288.13755678368034
289.0711150353309
305.74527691298863
277.6554685481824
255.4954147026874
306.3600987638347
327.7103983516572
286.9373686116305
288.2587531763129
274.53591957112076
315.19245963264257
289.45219768962124
300.63246113213245
307.0855598501512
294.10241832287284
290.5767123189289
306.7813595017651
301.3438038532622
295.3828318955493
269.72437261859886
283.1908996059792
285.21308363386197
294.1540556909167
315.5970318680047
323.7359143733047
290.61739855620544
374.00683496001875
316.8016276364797
289.92648012703285
275.7969022608013
308.7579557331628
271.12963795737596
292.98620101151755
297.65002398053184
328.7894493424101
319.71191522979643
296.0029758911696
268.7208006652654
302.17497807199834
292.59161653218325
285.0158816355397
281.6331253653625
270.7887097801431
295.66764141927706
270.58728357811924
302.85856171534397
291.78671464300714
266.1634107596474
286.4122024237877
296.22423508384963
293.67016544239596
293.0518360452843
322.5695709679858
279.39210365572944
309.52005238988204
307.15016595757334
288.20620661316207
305.90790142008336
306.13446037925314
316.9137528744177
272.6483482074109
295.88161996146664
310.78992690786254
293.96015083021484
347.09252559696324
297.72165959724225
268.8852802842157
276.1629256506567
252.08323701727204
319.6385698314407
272.7475069385255
296.3070880903397
285.47938728542067
325.9955413569114
280.8329218933359
294.104305009183
296.66826966853114
302.6621991918073
293.5929716404062
292.30318916623946
323.51616325741634
342.6998803297756
293.1414911597385
337.9949026084505
294.67630895547336
266.9584634457715
276.1924034632393
307.61934014357394
314.2157304477878
323.09842760523316
289.91982507071225
314.7552722194814
295.0102256690734
272.197410693625
279.0760949983378
283.57569544482976
285.1111591021181
315.62039504002314
365.4362707003602
287.4184682239429
318.6572267789743
329.0365615572082
272.94077782612294
334.1521381229395
267.2229952319176
279.62871986819664
281.1971121021779
