118.49584418711947
118.49583969348078
118.49583550790248
118.49583189467558
118.4958285721068
118.49582567852758
118.49582298175301
118.49582053274753
118.49581834627315
118.49581670477346
118.4958150826642
118.4958135304505
118.49581211621353
118.49581087341903
118.4958100586673
118.49580906410301
118.4958082311332
118.49580764001257
118.49580681843054
118.49580638502812
118.49580575046093
118.49580540815623
118.49580503726429
118.49580482376223
118.49580449749465
118.49580420663824
118.49580399492243
118.49580377887287
118.49580343806156
118.49580337163752
118.49580312915168
118.4958031737915
118.49580280400187
118.49580261017945
118.49580268142927
118.4958027248249
118.49580252993292
118.4958023019899
118.49580248759958
118.49580251399493
118.4958022802657
118.49580246563346
118.49580243071978
118.49580225308091
118.49580218496703
118.49580216166942
118.49580209130727
118.49580217462244
118.49580238475937
118.4958022693827
118.49580209148007
118.49580234197856
118.49580227134902
118.49580211802459
118.49580205409075
118.49580213261288
118.49580196699571
118.49580213931586
118.49580204137783
118.4958021502498
118.4958021823004
118.49580210067688
118.49580209786109
118.49580219794007
118.49580207201143
118.49580216754111
118.4958020422655
118.49580198116928
118.49580201672325
118.49580214423804
118.49580218679512
118.49580212117507
118.49580209843589
118.4958020729955
118.49580197193973
118.49580184691877
118.49580210120621
118.49580196019815
118.49580195355884
118.4958022270439
118.49580216021423
118.49580201537538
118.49580213555964
118.49580220770076
118.49580205462735
118.49580213485751
118.49580206409883
118.49580191266614
118.49580198945478
118.49580203956248
118.49580191883797
118.49580197170326
118.49580205400162
118.49580211228567
118.49580211840293
118.49580204812082
118.4958018715115
118.49580216517279
118.49580224493548
118.4958020554659
118.4958021622515
118.4958021473467
118.49580215815149
118.49580220682765
118.49580204424274
118.49580195801536
118.49580212731598
118.49580212988803
118.49580204115773
118.49580215732203
118.49580208818952
118.49580209038322
118.49580214633897
118.49580195282033
118.49580217350012
118.49580203963706
118.495802227073
118.49580218164192
118.49580198237527
118.49580204089216
118.49580213363515
118.49580212595174
118.49580195140516
118.4958020155791
118.49580204094309
