311.1089342488249
311.1084834328285
311.1062339114951
311.10934313965845
311.1091277409432
311.11168346354407
311.11117660573655
311.1092577844265
311.11055162534194
311.1117234735402
311.11184501090975
311.1083024135587
311.1041387170535
311.1136694907982
311.1089817885768
311.1044019607689
311.1124662234488
311.1141010848605
311.10916600031123
311.11165043445
311.1117266787096
311.1060069274554
311.10980850920714
311.1068049749774
311.1096487849936
311.1084396061033
311.1137216372663
311.10768375843145
311.11033538389347
311.1084312867497
311.10990665856843
311.11065496927586
311.1112191925804
311.123042172263
311.1018481033534
311.10678165694844
311.1081743842642
311.134155507345
311.09264270463973
311.10292081141233
311.10417987137043
311.10741096554193
311.10780632270325
311.11014648202035
311.1092710775047
311.1091502353156
311.11145092923834
