300.0538518967487
300.05263276553615
300.05205563864365
300.05408380666177
300.053966577153
300.05114141637114
300.0778366366985
300.04730064838714
300.04812765195857
300.0521722009744
300.0519221797276
300.05495953099125
300.05261969381536
300.05233791076716
300.053858011579
300.05524429110847
300.05120567214
300.05363814397606
300.0551660013316
300.05352275797304
300.052866628479
300.05221956383866
300.05540257871326
300.0530115635029
300.0523307063122
300.05553191819126
300.05017067043445
300.05397052145963
300.05277437060795
300.05266050134014
300.05492486402727
300.05036389433553
300.06031560630254
300.0514356910462
300.05185473069105
300.0518914240711
300.05361020194505
300.0542653458306
300.0503725460403
300.0534403499769
300.0523331861514
300.0548498524731
300.0531952519268
300.0523848311677
300.0542880874382
300.0542951730786
300.0528212764002
300.05335848512186
300.0523468921274
