305.22250576669103
305.2230801557689
305.2234644770033
305.22360685782223
305.22020288949534
305.22439223139554
305.2194475169772
305.2247544419879
305.219836678697
305.22489976141605
305.21996993957146
305.2249491495695
305.22003144934934
305.2249623734242
305.2200518042446
305.22496431044783
305.2200560481688
305.2249638549474
305.22005580916266
305.2249633535939
305.2200548564342
305.22496297215
305.2200551749502
305.2249629481739
305.22005421916583
305.2249628253412
305.22005447197444
305.22496283640066
305.22005377012283
305.2249628641821
305.22005469774194
305.22496288786533
305.22005388758953
305.2249628781301
305.2200541373313
305.22496290629533
305.220054672096
305.22496286254864
305.22005453900056
305.22496290098206
305.2200542933351
305.22496276825404
305.22005387930403
305.2249628784848
305.2200545759806
305.22496294377925
305.22005400549097
305.2249629600301
