175.42958198220094
175.42958367445954
175.42958505329625
175.42958617303702
175.42958715254008
175.42958789940985
175.4295884962985
175.42958905978503
175.42958952499612
175.42958984145844
175.42959013309974
175.42959039628295
175.42959059878194
175.4295907948972
175.4295909367147
175.42959102459736
175.4295910949868
175.42959120315845
175.42959124606932
175.4295913111
175.42959138048536
175.4295914186314
175.4295914308277
175.42959146762405
175.4295914861359
175.42959150101524
175.4295915190487
175.4295915082912
175.42959153641095
175.42959153242373
175.4295915504208
175.42959153467018
175.4295915282546
175.42959156812685
175.42959158589292
175.42959155577955
175.42959154736127
175.42959154516757
175.42959159388374
175.42959156918732
175.42959155568678
175.42959155828066
175.4295915687053
175.4295915809107
175.4295915445109
175.42959157519
175.42959159595011
175.42959161286308
175.42959154988966
175.42959154014898
175.42959153438096
175.429591547987
175.42959158978374
175.4295915634957
175.42959159239035
175.4295916059691
175.42959155264361
175.42959157036785
175.42959162039733
175.42959156681536
175.42959158739177
175.42959155871722
175.42959157649238
175.4295915751627
175.4295915747407
175.4295916152514
175.4295915639559
175.4295915904222
175.42959159177553
175.4295915601433
175.42959157803125
175.42959157475343
175.42959159660677
175.42959154662094
175.4295916147894
175.42959159669408
175.42959157658333
175.42959158847952
175.42959153916672
175.4295915778057
175.42959155984136
175.42959155791323
175.42959158264057
175.42959156557845
