246.81818392974492
246.81712303701715
246.81772175900824
246.81631917952836
246.8174285161058
246.81580292205672
246.8180040860816
246.81813647660874
246.81817883774966
246.81817984533882
246.81782449430466
246.8176989891963
246.81791334130776
246.81755493272794
246.81771430515073
246.8185327503379
246.817877038995
246.8180899998024
246.81771557041975
246.8172689804178
246.81808848754554
246.8177320220093
246.81783032204294
246.81730688175048
246.81739101829407
246.81773968952257
246.81775067248236
246.81784173725464
246.81780315917422
246.81680886450886
246.81769638729202
246.81708523002453
246.82247508394903
246.8181802895433
246.8174066695792
246.81820047882502
246.81747604656084
246.8180856309882
246.81834236202303
246.8167636417511
246.81742247755574
246.8170324038456
246.81740878210985
246.8181214524284
246.8219470217664
246.81818141644726
246.818197517714
246.81818000651037
246.81827801523104
246.81813767053245
246.81746382040728
246.81716830427104
246.81764942520385
246.81726931480807
246.81770067036996
246.82580058724125
246.81698251367197
246.82469292127644
246.81667881623434
