301.4750509228561
301.476151302777
301.4768882816852
301.477140770191
301.4773402973233
301.4774299999326
301.47762844174304
301.4776168563885
301.4776105065648
301.47759254845005
301.4776107804282
301.4776076544822
301.4776163343686
301.47761295370583
301.4776217342678
301.47761246347
301.4776191457586
301.47761429103593
301.47762242565295
301.4776128606245
301.4776194087881
301.4776143499421
301.4776223798908
301.4776129171896
301.4776194522856
301.4776143441977
301.47762234615584
301.47761293328404
301.47761946626997
301.47761434058157
301.4776223324043
301.4776129394213
301.47761947199615
301.47761433881897
301.4776223260051
301.47761294243537
301.47761947507024
301.47761433759115
301.47762232188325
301.47761294420343
301.4776194768492
301.47761433704363
301.4776223205117
301.47761294426164
301.47761947649997
301.47761433704
301.47762232052264
301.4776129444326
301.4776194768965
