411.3544182738806
411.36540267060354
411.3702695407046
411.37393591500404
411.37541142718146
411.37591606580827
411.3763401569877
411.3760348007054
411.3766140860698
411.37671397175836
411.37712696520066
411.376540027768
411.3767405604831
411.3766839868331
411.3766724590969
411.37609436086495
411.37696918492657
411.37624477550526
411.3766942655311
411.37668611223125
411.37627015307953
411.37636291210765
411.37668092433523
411.3770975658572
411.37661589349955
411.3767113259182
411.3768091592556
411.37572686718886
411.3771002640242
411.3764053979248
411.3766211676375
411.37639904585376
411.3771101204802
411.3757163020564
411.37651360082236
