302.0286278752237
302.02961060384587
302.03020624283363
302.030562448459
302.03077129234316
302.03089270649525
302.0309623370731
302.03100203496433
302.03102443440457
302.03103701844975
302.0310440301955
302.0310479243308
302.03105007025806
302.0310512504384
302.031051895543
302.03105224610044
302.03105243886966
302.0310525397472
302.03105259721815
302.0310526250032
302.03105264310034
302.031052649043
302.03105265669365
302.0310526554422
302.03105266071907
302.03105265727754
302.0310526602625
302.03105265975137
302.03105266074635
302.0310526582889
302.0310526609137
302.0310526604644
302.03105266107195
302.03105265902377
302.03105266047896
302.0310526604262
302.0310526603316
302.03105265872546
302.0310526601097
302.0310526602334
302.03105266020066
302.03105266042985
302.031052660499
302.03105265997874
302.0310526601861
302.0310526609028
302.03105265942577
302.03105266034254
302.03105265837803
