225.26407768435092
225.2640770902226
225.2640765959868
225.26407618705434
225.26407589098108
225.264075625666
225.26407540898708
225.2640752590114
225.26407513854338
225.26407501928315
225.26407493963052
225.26407484998072
225.26407481836668
225.26407475302858
225.26407472164647
225.26407467942772
225.2640746603447
225.26407463640135
225.26407463813302
225.2640746085126
225.26407459198526
225.2640745878416
225.26407458222639
225.2640745809531
225.26407455076878
225.26407456002016
225.264074562323
225.26407455057415
225.2640745725239
225.26407455494336
225.26407454623586
225.26407455408844
225.26407456009656
225.264074572171
225.26407454378568
225.26407454980108
225.26407454154287
225.26407457181813
225.26407455736626
225.26407454910623
225.26407455675326
225.26407453878346
225.26407456114976
225.2640745503777
225.26407454091168
225.26407456042762
225.26407454781474
225.26407452955027
225.264074555138
225.26407453872343
225.26407454341097
225.2640745476274
225.26407453937645
225.2640745480603
225.26407453391585
225.2640745352037
225.26407454549917
225.26407456507513
225.2640745559329
225.264074537321
225.26407456728703
225.26407455407752
225.26407454181026
225.264074546114
225.2640745392855
