464.2118889730018
464.24676234849903
464.19267379460143
464.20181948962636
464.1251850600311
464.14919569629
464.16593297041436
464.2882012750142
464.1421205318002
464.1475252401651
464.1324687109118
464.1504261575883
464.20206610617606
464.23081964917947
464.2154337424945
464.22276718482317
464.13347932681245
464.1952148650744
464.2534504074156
464.3007095949397
464.28188567381403
464.24166182904446
464.2021827333574
464.11669600913774
464.1829971721745
464.09343276431537
464.0981043448446
464.0467088059522
464.07170637373565
464.1028613383751
464.19120269635096
