115.99891605724497
437.9585236078374
110.56176065664386
422.73327934466124
114.53259378233543
436.5924447230718
111.08768168566803
426.3304119788636
113.75881770382239
435.47359418388805
111.44830754626037
428.44471965855155
113.27639007129801
434.457097931916
111.76101442313484
430.09911131109584
112.88095534540844
433.6314243845827
111.95922530839198
430.80065546046535
112.69150069669013
433.12533015591725
112.10178688156702
431.29354579540086
112.56668761421861
432.7964389920726
112.17351939613582
431.5508928039817
112.48452411557082
432.55591999841636
112.2351874287433
431.7284961284622
112.45609888529361
432.4847556641944
112.26515353623108
431.83100505751463
112.42674081735822
432.3773659443559
112.28668450553414
431.9314610227957
112.3936733477749
432.2785285701066
112.3093319790787
431.9935527962043
112.38438864240743
432.23833294145516
112.3136920537545
432.0099133469739
112.36632462988928
432.1700849104418
112.32802012079628
432.0609519205718
112.36117677901348
432.15536161005
112.33655729684688
