217.92210465183325
217.92211276043872
217.92208220198881
217.92212289072904
217.92208956969807
217.92212997022216
217.9220942486927
217.92213461664142
217.92209740049202
217.92213770376657
217.9220994273237
217.92213980226097
217.92210077952586
217.92214118071206
217.92210172252726
217.92214203220465
217.9221022654201
217.92214269909164
217.9221027224321
217.92214313566728
217.92210292140044
217.92214336954748
217.922103089546
217.92214356428667
217.92210328331385
217.92214366699955
217.92210334862102
217.9221437233282
217.92210339127632
217.92214381328813
217.92210341950158
217.92214382663406
217.92210341137252
217.92214384464387
217.9221034262937
217.9221438449531
217.92210347357104
217.92214388519824
217.92210350891946
217.92214387065178
217.92210349325615
217.922143856782
217.92210345535386
217.92214390239315
217.92210344920932
217.92214390552726
217.9221034865077
217.92214390359004
217.92210345180683
217.92214389132096
217.92210351379435
217.92214387717286
217.9221035028877
217.92214391254674
217.92210353656628
217.92214395042538
217.92210349513334
217.92214388731009
217.92210348242588
217.92214390404115
217.92210345602507
217.92214387494823
217.92210349401648
217.92214390499066
217.9221034893817
217.92214388063076
217.92210350190362
217.92214392204187
