233.6481436534168
233.6481389479104
233.64813521113956
233.64813209777458
233.64812957360755
233.64812749726752
233.64812592074304
233.64812456467916
233.64812350500233
233.64812258240636
233.64812196824823
233.6481213545885
233.64812083157176
233.64812048060685
233.6481201651659
233.648119909225
233.64811965993613
233.64811962240128
233.6481194718217
233.64811936392834
233.6481192617357
233.64811917467705
233.64811915271457
233.64811907714102
233.6481190060913
233.64811897881373
233.64811891916906
233.6481189793085
233.64811897412073
233.6481189047663
233.64811890881174
233.64811895573075
233.64811884794653
233.64811892152647
233.648118864161
233.64811891739555
233.64811887874384
233.64811885205927
233.6481188894977
233.64811889943303
233.64811890658348
233.64811888652184
233.64811883393668
233.64811887343603
233.64811888822624
233.64811881755486
233.64811889187877
233.64811884759
233.6481189334936
233.6481188794096
233.64811883275615
233.64811884958908
233.64811886469033
233.6481188796388
233.64811892796934
233.64811884221126
233.6481187964091
233.6481188829457
233.64811885489326
233.64811891091813
233.64811893794467
233.64811885201925
233.64811891588397
