149.29656861468447
149.29657310514813
149.29657668091386
149.29657986091934
149.2965826207046
149.2965847609039
149.29658649227986
149.2965880723632
149.2965894333529
149.29659057963818
149.29659133709356
149.29659240986075
149.29659289726806
149.2965935184393
149.2965939325204
149.29659435630128
149.29659462235486
149.29659477709265
149.2965950474363
149.29659532167443
149.29659538955457
149.29659569706564
149.29659579081635
149.29659579218787
149.29659585292393
149.2965960152651
149.29659604221342
149.29659604023436
149.2965961323498
149.29659612037722
149.29659617774996
149.2965961205191
149.29659610577255
149.2965961813752
149.2965962243925
149.29659630262722
149.2965964038358
149.29659630813148
149.2965962518665
149.2965962607177
149.29659633763004
149.29659632948278
149.29659636358338
149.29659639473357
149.29659648006418
149.29659626377543
149.2965963702245
149.29659631305003
149.2965963235274
149.29659630928654
149.29659646063556
149.29659627615365
149.29659645167885
149.2965963430779
149.29659624576198
149.29659627389265
149.29659632407493
149.29659639456258
149.29659643690502
149.29659636627548
149.29659632802213
149.29659635335884
149.29659642027036
149.29659642016122
149.2965963649167
149.29659631896538
149.29659641430408
149.29659636036558
149.29659633094707
149.29659621591418
149.29659647386325
149.2965964376599
149.2965963321385
149.2965962823273
149.29659638961675
149.29659626069224
149.29659618678488
149.29659623682528
149.29659642527258
149.2965963125862
149.29659633140545
149.29659644630738
149.2965964165487
149.2965964004834
149.2965963774477
149.2965963295901
149.2965963304523
149.2965962769631
149.29659641434773
149.29659628085574
149.29659635205462
149.29659629458183
149.2965964013929
149.29659623339103
149.2965964550931
149.29659626606372
149.29659638763042
149.29659625231943
149.29659628484296
