216.38222335791215
216.38355205259631
216.38256715173338
216.38227091855697
216.38228685118065
216.38226451908758
216.38229860428237
216.3822491726878
216.38232325431272
216.38221572311795
216.3824585181501
216.38267399561846
216.3821919743923
216.38249175257806
216.38229159372167
216.38230177532023
216.3822473066466
216.38232830465859
216.3822105922045
216.3824700533496
216.38229255886472
216.38230077335356
216.38224906170035
216.3823258959419
216.3822140225675
216.38246397619332
216.38227776851636
216.38232338559283
216.38221755056293
216.38245828568688
216.38267383280436
216.3821901880092
216.38249360991904
216.38228808068197
216.38230764943728
216.38223934062626
216.38234090949118
216.38219399835907
216.38249077825458
216.3822928596037
216.38230045899763
216.38224963909852
216.38232512020113
216.38221516816702
216.38246214295577
216.38226554317407
216.38234245593776
216.3821919553866
216.38249227844608
216.38229153386783
216.38230239273253
216.38224688207265
216.382329364802
216.38220938697486
216.38247297444104
216.38229140297335
216.3823027904291
216.3822463180877
216.38233019769905
216.38220829084094
216.38247496646727
216.38228876128778
216.3823069393111
216.38224035991152
216.3823393256098
216.3821961349022
216.3824892064731
216.3822911919342
