353.71605369123154
353.7186465212426
353.72008931213804
353.72231087514683
353.72203946296304
353.7225131986552
353.7231908750373
353.72141153104985
353.72198925434896
353.72336950173667
353.7226139761369
353.72277844006567
353.72334272581793
353.7217388940644
353.72231249809374
353.72186375888487
353.72328172257585
353.72269304571455
353.7226891545688
353.72243266113765
353.72324919819766
353.72277559028043
353.7242562493866
353.7215309501389
353.7214062590356
353.72164377140507
353.7231305408768
353.7295282324576
353.71671811153647
353.7222652161872
353.7221634107191
353.7232613642391
353.72227104906415
353.72259565986315
353.72323537249395
353.7212392091533
353.7229418788702
353.7253370096405
353.7225650547807
353.7226286533805
353.7213233195289
353.72324113283685
