350.85682561073827
350.85783872449065
350.85897617052524
350.8623303094828
350.86189080315216
350.8622475176362
350.8622741728577
350.8628080752396
350.8623950680667
350.8619462585448
350.8621524921982
350.8623220895115
350.8615852500643
350.8632018613789
350.86427565682425
350.8605513972507
350.86187396559944
350.863240683444
350.86221473970363
350.8586108730324
350.8647594189533
350.8677147941107
350.8600643244754
350.86257025453597
350.8622103737034
350.86138176237546
350.86270386869
350.8620819846292
350.86265685993385
350.8601381351691
350.86443309369133
350.8621557494371
350.86175586810896
350.8631021831425
350.86182784010816
350.86141150639014
350.86343609102914
350.8607672195649
350.86356961785714
350.86222005201853
350.8640859560728
350.86093457641255
