158.20448226670112
159.94138470537177
179.63947019262184
200.07559178118106
165.91787528384486
194.38107292599648
171.38020412067522
129.44261788908375
193.52411579031332
152.86801353276655
220.73797548159837
180.71026404678514
142.50200875338714
228.007125607347
157.88355321498557
190.24660998997024
177.5275194079668
201.41452691805762
173.39213086047994
166.18959222739431
156.57492239036264
187.34883832788228
170.7197534530469
163.07108758324193
158.94331819434137
179.04930296680868
192.51642639943384
141.12170831005096
196.15605507733926
162.96792643858498
171.75045942476208
220.44503331894066
161.30807165899387
142.51595279972662
226.70187969876497
187.0660081925589
177.23975599691767
159.9385508774003
251.2150626861303
171.64992127212372
176.87452882786238
175.02869088859188
217.51674295241355
161.15952241096784
189.24896218389677
165.61812501266832
237.15712707591774
162.3364252767933
222.65295811197575
236.34006205948936
163.3125539603643
166.225279003811
155.62348070622647
216.7199011675857
164.74026807716655
186.05079702817784
210.66713800909565
196.00009103923912
151.8014553597004
188.12943316324163
239.0770923918717
204.96870800176657
236.65090832023816
138.88495533362766
241.8959914729494
157.55261655424692
217.32269046425063
166.3053328728838
191.93915015987295
188.06198927705373
202.35503077231442
173.43882125433993
158.6545620762481
193.1059102113868
181.6806416531308
153.7567257994342
229.94932528682875
213.44374040435105
143.12358748326915
190.2892655342057
170.44966916246085
168.47232051888204
194.90175677117986
160.07984361734998
211.7548219658711
156.34842764046152
202.27711328753503
179.7567680731845
181.65118691917814
208.57772327116618
207.06523869680677
171.79434643611603
183.2775070940188
227.7788048996881
161.83506234321976
196.67870230190965
157.69125513828476
192.85288407362532
150.92321306392478
194.25239054145277
166.6945086480191
179.05699592525343
196.21714299650557
218.9720049859825
175.856042224852
166.39232454111698
213.86717760415195
186.05962088554224
168.3526653414774
162.5540980142323
173.2829166101983
192.49058866019186
156.44551819002663
202.76663229928454
159.470504730034
196.05759320873767
169.11807582167603
194.66985617891987
158.85461624898016
205.08173468985478
187.43067812415393
171.03046149722286
219.73668614239796
153.43276687870457
196.45936555905064
220.76686109473303
169.08172159151582
184.35768796047705
179.42429111102683
194.78025583001727
171.01191733044834
173.01278122399162
212.21172342901627
152.2382381587595
210.54358861665605
160.49927521936115
167.77521578257438
186.8385839693692
189.47555346919034
212.55796812950211
193.51423546992373
186.75508701572107
204.0986078600581
180.1385202058009
211.29760367627387
179.6379436603347
175.28081512734207
186.9159805242307
228.34711441041145
161.7287864169666
186.60620206403837
152.6746384675207
179.73553780245493
186.73282871832998
203.97900411155206
177.99255377794543
252.84470866628544
158.05802662018687
170.7715298956864
243.54107084239877
116.27006896571402
185.63483472353255
205.97597431309987
142.20778166430682
210.1497180682345
180.17302056930203
163.43008936268234
199.64081348127365
187.76656521191398
164.5093147980224
180.7411726087994
203.87147051007196
198.48157764882126
166.99193333435323
170.97571378510474
180.85732317419752
146.12140895122866
183.76313582166767
157.28017504664604
203.74586916720727
198.0646170911641
167.54228794503433
177.73735092199058
196.11228347049473
151.2121428989194
171.1093631693584
176.9931910765008
148.0974360100663
194.12824425051804
207.10609092502273
150.97333129878825
186.1361911029162
156.60569246525847
178.15812887245556
178.98817039858113
159.6929548358603
204.87922568147042
192.928399924509
157.13645333991008
193.21020872293593
165.71504128829838
212.7998883649052
148.04814467727556
194.49375868376956
208.5288167068211
153.00502337923535
210.6102017616504
148.63405424822122
218.81857017669245
156.2818087268388
169.3408226959582
188.88090502830164
189.51126714201382
192.7180858529464
156.32164276197727
201.08739142088598
170.08082458096032
170.6759684311255
177.8624750565068
150.9508193705842
189.3577896646675
193.13703000554233
211.5736081854193
144.79385222294513
232.7947984253624
137.87353139388142
198.03463619347895
132.5425619996895
178.9512627986478
171.27542660429026
166.30380816283287
186.04073523038096
198.83496729229228
169.03517064594052
194.234426508694
185.9096884998362
186.37252893087862
165.12810118618654
162.64622838713694
191.9643449121213
156.220270733058
210.3349134185919
151.41922944165708
204.01360311178723
164.46397911254462
197.2083629587578
193.9985438576041
160.69276305903622
204.77090320379648
158.73681876863702
185.28813745210937
232.29378068333608
157.50902839791524
177.8003280013363
141.91500000880478
203.72624716512655
150.4190041756301
169.6530589205795
197.71570249692013
241.63800591446488
133.75353117044142
178.0529213949194
145.83178739131108
216.61852725066274
158.1557844675408
179.27517561060813
185.30529260013282
175.26998868605733
199.16288140382676
204.84964024893998
147.93825851775182
221.8071083264731
141.6556917728958
184.43278074896807
194.6164503770924
160.5916138204775
169.51242160930997
178.0005825766275
182.22948254598305
178.87349221861223
183.25549771368242
197.62477413423767
137.01724590863887
208.65648263489857
141.81181085910794
182.2114263738331
189.52385244934703
187.83416455660335
181.40111196316866
180.35650121701474
150.54189807967487
191.7298199575016
202.0371319274418
199.55615716683678
189.6302069305675
141.10155646602652
208.7397368620732
199.43068106947612
179.35678546097188
197.90027531426313
187.84095285634976
172.8020112876693
153.82186283489136
199.5018099675799
157.34527410601004
186.41213119417807
180.2614954054079
174.6841203346994
202.42336997856182
176.0483202193791
176.30093596706865
207.65577731812664
198.56824706468615
200.98202955767192
211.2920374798705
188.10743189929053
135.56867321865866
286.151784132162
148.3140389152686
198.54368005000288
148.77902261364216
196.68820854104706
178.47002369794063
175.0287254962168
228.31600450502447
178.7360697165641
192.9205189524073
180.59882180648856
140.61138632860093
205.15644632453768
214.67311673608492
184.8749837775831
172.3061028359807
164.5546652806952
215.1753160159642
147.420276527213
179.8774625980368
190.81184675912664
179.82166120386682
235.09671583644376
192.3477850626732
129.13644289238437
192.5794778941563
200.2617586968263
174.4430492675092
196.22555309676682
180.0252740976357
171.45740340981865
191.64726406364207
181.76061051382567
213.0815256961214
190.78999339642905
197.8548022197283
182.07713299233728
165.6744921159916
211.90360051098105
159.33057755431219
175.96414258846198
191.90043986988894
206.6196406851086
181.29140046046814
165.8571624651231
197.59073319405434
166.88842785010638
167.16237869036559
175.1801003304281
208.60428286240494
129.18703790388827
188.16812545737776
196.25591981742764
186.77425134260557
170.4973439250316
182.2038899724139
175.9810154895531
177.65042196745344
218.36253406516335
163.19909197780362
159.5103955881932
201.98718976705277
159.97883147872926
207.26917585916817
233.53197422453377
173.13678819854977
148.64965394524916
228.61828406812856
153.88273677347752
242.8334458333702
127.16955039091408
216.55125707082334
