272.12183498988725
272.1216552373553
272.1218953488824
272.1216229481406
272.1219063757826
272.12162195563087
272.1219081345698
272.1216242488008
272.1219084428685
272.12162607920527
272.12190849383205
272.1216272266365
272.1219085376524
272.1216279723576
272.12190853892207
272.1216283424965
272.121908576195
272.12162858658667
272.12190857243877
272.12162872974477
272.1219085745943
272.12162881481345
272.1219085776065
272.1216289218846
272.12190856143206
272.12162891134903
272.12190857874884
272.1216289744152
272.12190855963854
272.1216289640488
272.1219085776738
272.1216289763179
272.1219085749253
272.12162898274255
272.12190856782036
272.12162897903
272.1219085804114
272.1216290079101
272.12190855332483
272.12162902304044
272.12190855785957
272.1216289623717
272.1219085869343
272.1216289472759
272.12190858752
272.1216289774093
272.12190858019676
272.1216290067241
272.12190856872985
272.12162899424584
272.1219085714001
272.121628973513
272.1219085831435
272.12162896942027
