149.3803756529478
149.36811839090478
149.3520424795979
149.364142177129
149.36449565072144
149.35729254375656
149.36497987854364
149.35172597922883
149.36445298241233
149.35847787138664
149.365038763759
149.35167799030933
149.36458813294666
149.3590432527635
149.36508823273562
149.35177146444767
149.3646694103727
149.3594474521824
149.3651236939695
149.351919960317
149.36472017222695
149.35974234918103
149.36514789467947
149.35207117510254
149.36475392211105
149.35995352885038
149.36516488665802
149.35220684623528
149.36477699904572
149.36011277767466
149.3651763060352
149.35231864495108
149.36479288666123
149.36023066979033
149.36518483877808
149.35240918972704
149.36480498149467
149.360309679274
149.3651904609851
149.35247747969152
149.36481350840586
149.36037317699265
149.36519437854076
149.35253444274167
149.36481907492453
149.36042044775604
149.36519724458958
149.35257303189792
149.36482343827083
149.36045305464359
149.3651992068062
149.35260578420457
149.36482681229427
149.3604791524067
149.36520078962167
149.3526293109917
149.36482906173478
149.36049791303412
149.36520203871987
149.3526475095532
149.36483164587116
149.3605107422136
149.36520279534125
149.35266021152893
149.36483302776105
149.360523404559
149.36520352752086
149.3526701056344
149.36483454920744
149.36052949987243
149.36520400594236
149.35267513241706
149.36483528133977
149.3605364992236
149.36520426088282
149.35268115376857
149.3648353339704
149.36053994927715
149.36520444661073
149.3526886376203
149.36483515004875
149.3605426317481
149.36520461013788
149.35269030755444
149.36483507716548
149.3605448166818
149.36520468140952
149.35269300828077
149.36483572488214
149.36054914660053
149.36520484435823
149.3526945002086
149.364836479097
149.36054573483852
149.36520485912115
149.35269732950474
149.36483636577395
149.3605484306063
149.36520469440802
