273.54247158362796
273.54276585570824
273.5429489781818
273.5430608628567
273.54312823577584
273.54316833312987
273.54319196655797
273.54320578173247
273.5432137991784
273.5432184205738
273.5432210699364
273.5432225881359
273.54322344502
273.5432239339425
273.5432242083789
273.54322435909853
273.54322444814716
273.54322449587926
273.5432245212505
273.5432245399952
273.54322454661997
273.5432245500997
273.543224551986
273.5432245528136
273.54322455355396
273.5432245542943
273.5432245546672
273.5432245565771
273.54322455590955
273.5432245553329
273.54322455602596
273.5432245550437
273.5432245553129
273.54322455873444
273.54322455686815
273.5432245560696
273.5432245562806
273.5432245568609
273.543224558558
273.54322455627516
273.5432245584834
273.5432245564625
273.5432245585289
273.5432245564152
273.5432245570155
273.5432245587908
273.5432245544507
273.5432245583834
273.5432245545744
273.54322455666625
273.543224555553
273.54322455817965
273.54322455615693
273.5432245548036
