209.93429053962063
209.94015331200808
209.9327231534735
209.9367624661163
209.94004989763653
209.93661553718175
209.93793888673372
209.94015482536997
209.93682700784393
209.9373515720872
209.9400367671742
209.936893989925
209.93715490496925
209.94020330598687
209.9370283900289
209.93642948404886
209.94019384418425
209.9370339065299
209.93688354663027
209.9401723216215
209.9370363403341
209.93665930872885
209.9365371977783
209.9371116033999
209.9402976647525
209.93703729397384
209.93659500991635
209.9369922603637
209.94021745742975
209.9370384453341
209.93639401402652
209.93701937576407
209.94023162077247
209.93703872394508
209.93634130954706
209.9368604594565
209.94017049950344
209.93703906754672
209.9362672786756
209.9363784860234
209.93694766264525
209.94019655899865
209.93703889509197
209.93631558354537
209.93674009070855
209.93285132402343
209.93693951987188
209.93733323675042
209.94022639003379
209.93703892121448
209.9363220762025
209.93678527837073
209.9333465410491
209.93710564590947
209.940145711098
209.937039397817
209.93618320038877
209.9333761317248
209.9403725776283
209.9370384463764
209.93643684709605
209.93710973815178
209.94027943095716
209.937038607859
209.9363961847921
209.93704636011535
209.9402493681555
209.93703851117607
209.93641525017665
209.93708597898876
209.94027866190663
