169.32678906786805
169.32678978553304
169.32679034855846
169.32679082657523
169.3267912270012
169.32679155420465
169.32679184922927
169.32679203903717
169.32679224326694
169.32679239239042
169.32679253143306
169.3267926360695
169.32679271750112
169.32679280468074
169.32679285607173
169.32679291926797
169.326792958208
169.32679297925733
169.32679301383087
169.32679303776058
169.32679304036537
169.32679307709986
169.32679308081242
169.32679310481035
169.32679312109758
169.32679311777247
169.32679312360415
169.32679312202163
169.32679314091365
169.32679314368215
169.3267931448372
169.32679314420238
169.32679314082998
169.3267931569353
169.3267931442915
169.32679314884444
169.3267931458322
169.32679315703717
169.3267931546834
169.32679315541645
169.32679315913083
169.32679315140012
169.32679315697897
169.32679314787492
169.32679314579946
169.32679316015128
169.32679315435416
169.32679315952555
169.32679315978203
169.32679315717905
169.32679316185568
169.32679315317
169.32679316215945
169.3267931565333
169.32679314756933
169.32679315327732
169.32679315554014
169.32679315787027
169.32679315812493
169.32679315168753
169.32679315156747
169.32679316001122
169.32679315935275
169.3267931528626
169.3267931576047
169.32679315850874
169.32679316085705
169.32679315388668
169.32679315390124
169.32679315252244
169.3267931500086
169.32679315794667
169.3267931607952
169.3267931524606
169.32679315762653
169.3267931581795
169.32679316029316
169.32679316299618
169.32679314464258
169.32679316384383
169.32679315210407
169.32679314951383
169.326793164455
169.32679315615314
169.32679315876885
169.32679316199938
169.32679315179485
169.32679314665074
