138.7475599780064
138.74614307724278
138.74759398657898
138.7471618988675
138.7475967504961
138.7471967807487
138.74757328974192
138.74611315668335
138.74756256881938
138.74613535739354
138.74756683178748
138.74612601392255
138.74756451670874
138.7461307600597
138.74756585399518
138.74612770909334
138.74756514761066
138.74612916039587
138.7475655661392
138.7461281932592
138.7475653706324
138.7461286107182
138.74756555602835
138.74612813336716
138.7475654593345
138.74612833496576
138.7475655221515
138.7461281719843
138.74756550411257
138.74612824823635
138.74756553012412
138.74612817464913
138.74756546608296
138.74612827192504
138.7475655389335
138.7461281728829
138.7475654480004
138.74612831966806
138.7475655847211
138.74612807401172
138.7475654417176
138.74612835968037
138.74756554842133
138.74612809918654
138.74756546492608
138.74612831847844
138.7475655447888
138.74612814549982
138.74756547110883
138.7461282966142
138.74756551086284
138.74612822972813
138.747565482523
138.7461282600998
138.7475654938953
138.74612824165524
138.7475654898917
138.74612822377094
138.7475655491744
138.74612807655103
138.74756548039477
138.7461282204331
138.74756553509178
138.74612817503476
138.74756552711915
138.74612815183718
138.74756548988444
138.74612824527867
138.74756553706902
138.746128133178
138.74756547000834
138.7461282793156
138.74756551589235
138.74612817013258
138.7475655268754
138.74612813299973
138.74756549711856
138.7461281960259
138.74756549412632
138.74612821412848
138.74756552098188
138.7461281642627
138.74756553664338
138.74612814946158
138.7475655062699
138.7461281692449
138.74756552316467
138.74612815160435
138.74756545442506
138.74612829389662
138.74756555714703
138.74612812762643
138.7475655127273
138.74612821632036
138.7475655061353
138.7461281734977
138.74756544239062
138.7461283395969
138.7475655430535
138.74612813549538
138.74756550029633
138.74612820145921
138.74756549174344
138.74612822630297
138.7475655352282
138.7461281401993
138.74756545637138
