172.54818329732097
172.54819291243803
172.54820135296723
172.54820859434403
172.54821490164068
172.5482203302263
172.54822504782715
172.54822920763036
172.54823278523327
172.54823571666202
172.54823844822022
172.54824069849838
172.54824273304803
172.54824442730387
172.54824585314327
172.54824715974428
172.54824833192106
172.54824928377184
172.54825002697453
172.54825077553687
172.54825139303102
172.54825198200524
172.54825244432868
172.5482527934837
172.54825310693923
172.54825341420474
172.5482536631116
172.54825390961014
172.5482540466419
172.54825417546454
172.54825442111724
172.54825451797478
172.54825471862932
172.5482547662068
172.54825478351086
172.5482548646578
172.54825499470098
172.54825500143852
172.54825515310586
172.5482550786146
172.54825509084912
172.5482551607347
172.54825511562558
172.54825518819052
172.54825515803532
172.54825524798798
172.54825521271232
172.54825523162071
172.54825526174682
172.54825514965705
172.54825530640846
172.5482553253987
172.54825527246794
172.5482552871963
172.54825532589712
172.54825530298876
172.54825521505882
172.54825533879557
172.54825523942782
172.54825540271668
172.54825532367795
172.54825527780486
172.5482553639631
172.54825533489566
172.54825531293136
172.54825531879396
172.54825536286808
172.54825529660593
172.54825531993993
172.54825530749076
172.54825533258554
172.54825527693538
172.54825528328
172.54825540243837
172.54825531531606
172.54825534672273
172.5482553134607
172.54825530214657
172.5482552751855
172.54825532063114
172.54825532975156
172.54825532797622
172.54825537893703
172.54825532614632
172.5482553155707
172.54825532815084
