512.7057761355536
512.6343284439736
514.369391174162
512.6553147283284
512.7155988671666
512.8733778702572
511.2403615207786
512.3920049405424
512.5024076307564
512.3017467962891
512.6450754669677
512.9219927169597
512.9214164836158
512.71555508452
512.7186115901441
512.6898134000312
512.4975537634346
512.8682767990704
512.5400161786802
512.5995844878344
512.8829009232195
512.6609086933022
513.4098612426242
511.6378039017545
512.4648985052445
512.7466112213042
512.5904834371431
512.8466306066512
512.8343169564614
