186.79327720707988
186.79329977389534
186.7933295880357
186.79335134204211
186.79337062164632
186.79338552427635
186.79339775753033
186.79340855080682
186.79341681075857
186.7934241399862
186.79342982211801
186.79343504704138
186.7934388861977
186.79344267806664
186.79344506487632
186.7934472494917
186.7934495102145
186.79345000875765
186.79345178251424
186.79345249630023
186.7934542658113
186.79345502607612
186.7934553356754
186.793456307385
186.79345671685223
186.79345708229084
186.793457779675
186.79345705565538
186.7934575121999
186.7934579269695
186.79345808318976
186.79345803069373
186.79345831520914
186.79345800914234
186.79345849328092
186.7934589311517
186.7934582731159
186.79345872109843
186.7934585466428
186.79345856455984
186.79345861781803
186.79345849892707
186.79345920046762
186.79345885637485
186.79345890889454
186.79345869004283
186.79345821985953
186.79345888655553
186.7934590851146
186.79345862712216
186.7934588249518
186.79345920540982
186.79345908997675
186.79345872717568
186.7934586060219
186.79345831682258
186.79345905901937
186.7934590194236
186.79345858716442
186.79345865241703
186.79345891864432
186.79345866850053
186.79345898402244
186.7934583090573
186.79345890719196
186.79345848258527
186.79345898028987
186.7934580856454
186.79345901620763
186.7934584457107
186.79345885403018
186.79345829085287
186.79345862217815
186.79345847869627
186.79345896714221
186.79345892681158
186.79345890650438
186.79345895398728
186.79345849119636
186.793459215849
