148.91349326153886
148.91349334129245
148.91349341643672
148.91349348442418
148.91349352966517
148.9134935629254
148.91349360220192
148.91349363283553
148.91349365390306
148.91349367669773
148.91349369991258
148.91349371125307
148.9134937191984
148.91349373768207
148.91349374693345
148.91349374533092
148.91349375656318
148.91349375311984
148.91349376380185
148.91349377309234
148.91349376869493
148.9134937733288
148.91349377338338
148.91349377871302
148.9134937861727
148.9134937758081
148.91349378099767
148.91349378189443
148.91349378780615
148.91349379068015
148.91349378123414
148.91349379130952
148.91349379059648
148.91349378031373
148.91349378504674
148.91349378529412
148.91349379224266
148.9134937875897
148.91349378309496
148.91349378427913
148.91349378687664
148.913493780512
148.91349378983614
148.91349378497398
148.91349379062558
148.91349378849554
148.91349378054656
148.91349378271116
148.91349378197265
148.91349378327504
148.91349378116502
148.9134937973231
148.9134937853214
148.91349379271924
148.91349378055384
148.91349378773884
148.9134937929739
148.9134937867966
148.91349378941413
148.91349379044186
148.91349378551786
148.91349378640007
148.91349379370695
148.9134937875824
148.91349378821906
148.91349378477753
148.91349378915038
148.9134937815852
148.91349378614177
148.9134937882718
148.91349379160965
148.91349379006715
148.91349378595805
148.91349379245366
148.91349379353778
148.91349378838095
148.91349379425992
148.9134937951494
148.9134937966046
148.913493787255
148.91349378989253
148.9134937917479
148.91349378578525
148.9134937803974
148.91349378999075
148.91349378701125
148.91349378122686
148.9134937808849
148.9134937839044
148.91349378685845
148.9134937971212
148.9134937883391
148.91349379974054
148.91349377853112
148.91349378649102
148.91349378520317
148.9134937932613
148.91349378108498
148.9134937912313
148.91349379048916
