145.57081652612487
145.5708163635809
145.57081625323463
145.5708161618868
145.57081606504198
145.57081599840149
145.57081594946794
145.57081589295103
145.57081587225002
145.57081582404862
145.57081581540024
145.57081577586177
145.57081575197753
145.57081573558662
145.57081572661264
145.5708157102763
145.5708156941464
145.5708156827277
145.5708156792998
145.5708156815017
145.57081566500165
145.5708156648725
145.57081568214016
145.5708156694982
145.57081567050773
145.5708156581095
145.5708156518176
145.57081565999943
145.57081564670443
145.57081563919564
145.5708156421788
145.57081564415057
145.5708156575256
145.5708156600158
145.57081565264707
145.57081565497901
145.570815647985
145.57081564671353
145.57081564792497
145.5708156510227
145.57081564323562
145.5708156493347
145.57081565289627
145.57081564102737
145.57081566288252
145.57081564383589
145.5708156536748
145.57081565603585
145.5708156505716
145.57081564888176
145.57081565088265
145.57081563085922
145.57081564205146
145.57081564516557
145.57081563433167
145.57081564597866
145.57081564008513
145.57081565763656
145.5708156431665
145.5708156493729
145.57081564182954
145.57081565716362
145.57081563553947
145.57081564603504
145.57081564017426
145.57081565033877
145.57081563904103
145.570815647181
145.570815641644
145.57081565980116
145.57081564662985
145.5708156430992
145.57081564297732
145.57081564637883
145.5708156531091
145.57081563352585
145.57081564380314
145.57081564485998
145.5708156444707
145.57081565318367
145.57081564552936
145.5708156516448
145.57081565264525
145.57081564696637
145.5708156412511
145.57081563724205
145.57081564893087
145.5708156382534
145.57081565033513
145.57081564350665
145.57081564669352
145.57081564348482
145.5708156404071
145.57081563998508
145.57081564701002
145.57081563600877
145.57081564809414
145.5708156416731
145.5708156533874
145.57081564162945
145.57081565838234
145.57081565104454
