278.99863967389774
278.9988498068342
278.9991440046597
278.99933061412594
278.9993780786017
278.99942807040134
278.99952963091346
278.999470006881
278.99945963434766
278.9994835224552
278.9993721639048
278.9993782540005
278.9994809265827
278.99947737803814
278.99949427569845
278.9993202846799
278.9996069767949
278.9995805595154
278.9996315388562
278.99930935912926
278.9994483527844
278.9995272699962
278.9993125473884
278.9994516892475
278.9995401122742
278.99949679888596
278.9995950725006
278.99950482611166
278.99948761303676
278.99951595562743
278.99939373160487
278.99945373373885
278.9994711433428
278.9994756806809
278.9994940047436
278.9995851293497
278.99942591456784
278.99937728219084
278.99955223683537
278.9994487211061
278.9994248995172
278.9994678685471
278.99947264960065
278.9994755073203
278.99948704774215
278.99951535262517
278.99957421723957
278.9994811331235
278.99946614575674
278.9994661666533
278.999466745041
278.99946735016783
278.9994678320909
