395.0296509762484
395.0352675640934
395.0381274511428
395.0395707141088
395.0402753727385
395.04062480711127
395.04078541456056
395.0408672155854
395.0408994339414
395.04091944325955
395.04092342187687
395.04092977832624
395.0409282059536
395.0409315370871
395.0409291544529
395.04093167820247
395.0409294143101
395.04093156509043
395.04092953778854
395.04093143863247
395.04092965436575
395.04093133617243
395.0409297545739
395.0409312455595
395.0409298369068
395.0409311702533
395.0409299111234
395.0409310931391
395.0409299703206
395.04093103837295
395.04093003909657
395.0409309827264
395.0409301000036
395.04093094260315
395.04093014854516
395.04093088797526
395.040930177649
