151.54878779350474
151.54809891517652
151.5489616188852
151.54798660688903
151.54928924265278
151.54910660655332
151.5479672402098
151.549080792759
151.5490822582242
151.5490807826236
151.54908209798396
151.54908071610043
151.54908198393787
151.54908069206977
151.54908189779508
151.54908069678186
151.54908179679023
151.5490807048027
151.54908174035972
151.5490807209062
151.54908168076963
151.54908073911974
151.54908163951586
151.5490807650931
151.5490815887024
151.54908078512744
151.549081550329
151.54908080420864
151.54908151789095
151.54908083379996
151.54908148295
151.54908084541967
151.54908146002163
151.5490808798604
151.54908143462126
151.5490808966133
151.54908141318447
151.54908090733443
151.5490813953984
151.54908092945152
151.54908137836537
151.5490809541625
151.54908135934238
151.5490809517123
151.5490813604847
151.54908097196312
151.54908133303434
151.54908097260522
151.5490813285487
151.5490809873936
151.5490813293236
151.54908098467058
151.54908130719377
151.54908100099783
151.54908129330033
151.54908101042201
151.5490812852404
151.54908102914123
151.54908127214367
151.5490810405663
151.54908125841393
151.54908105311915
151.54908124932808
151.54908105184404
151.5490812622029
151.54908105781578
151.5490812456046
151.54908106404764
151.5490812447497
151.54908105587492
151.5490812322805
151.549081064848
151.54908123439964
151.54908107431584
151.54908122846246
151.54908109325333
151.54908121914195
151.5490810967858
151.549081207384
151.54908110093675
151.5490812040298
151.5490811105774
151.54908120939217
151.5490811050986
151.54908120029722
151.54908110876568
151.54908120019536
151.5490811129239
151.5490812046919
151.54908111684563
151.54908119244647
151.5490811064701
151.5490811981399
151.54908111267287
151.54908119610263
151.54908111441182
151.5490811823911
151.54908112462363
