86.40426135342113
86.39379801769792
86.40401196551102
86.3937830003506
86.40379807603222
86.39376976822041
86.40362102748168
86.39375829857818
86.40346817703448
86.39374837509695
86.40333767834
86.39373981410608
86.40322818353707
86.39373233145216
86.40313444366348
86.39372592267136
86.4030542082628
86.39372015502522
86.40298494245963
86.39371519710039
86.40292457056239
86.39371103969461
86.40287279926451
86.3937072095232
86.40283009206087
86.39370416172733
86.40279178789842
86.3937015092979
86.40275722214847
86.39369906875254
86.40272475530946
86.3936969518254
86.40270333490935
86.39369508397795
86.40268078830832
86.39369339209225
86.40266012828124
86.39369214031285
86.4026453770075
86.39369072521549
86.4026352528017
86.39368965853464
86.40262085783979
86.39368873151761
86.40261111261316
86.39368813136207
86.40259936465554
86.39368732125877
86.4025922217752
86.3936868962046
86.40258440173966
86.39368626828764
86.40257801751432
86.39368593457766
86.40257163910974
86.39368531899709
86.40256999260237
86.3936850696773
86.40256520204093
86.39368468184148
86.4025626068651
86.39368451832343
86.4025577850498
86.39368429050592
86.40255552975214
86.39368410743009
86.40255415872161
86.39368390413256
86.40255304852508
86.39368384117006
86.40255056425849
86.3936837112924
86.40254833119616
86.39368351386656
86.40254361609732
86.39368334952633
86.40254542299954
86.39368336155167
86.40254513987566
86.39368333213497
86.40254326929426
86.39368320722679
86.40254327319599
86.39368314706735
86.40254220350107
86.39368297614419
86.40254091126735
86.39368314628337
86.40254054917568
86.39368308392113
86.40254095166165
86.39368288745027
86.40254032485973
86.39368290519633
86.40253873397887
86.39368296472276
86.40253976954773
86.39368302525327
86.40254004308008
86.39368280604322
86.40254090064445
86.39368282774194
86.40253892748842
86.39368292077052
86.4025405755674
86.39368310914142
86.40253720441069
86.39368297968213
86.40254061899213
86.39368293539519
86.40253542227038
86.39368297720648
86.402538253089
86.39368280733834
86.40254112730872
86.39368292913059
86.40253728637072
86.39368300433853
86.40253606578335
86.39368294159249
86.40253657704125
86.39368289846425
86.40253706857766
86.39368300370916
86.40253901422693
86.3936826711415
86.40253741202832
86.39368274338085
86.40253968315847
86.39368286448007
86.40253672469953
86.39368273531727
86.40253755149388
86.39368273410582
86.40253979133195
86.39368276367895
86.40253635195404
86.39368276847017
86.40253444920018
86.39368280651615
86.40253802827283
86.39368276209643
86.402535742709
86.39368265101439
86.40253742416462
86.39368287913021
86.40253691325415
86.3936828448168
86.40254008300326
86.39368273997388
86.40253720392866
86.39368300684873
86.40253739977197
86.39368287820253
86.40253579778073
86.39368280456983
86.40253640450464
86.39368277924586
86.40253766690876
86.39368296715838
86.40253504631983
86.39368256422313
86.40253810405557
86.39368269752958
86.4025378090264
86.39368270779596
86.40253574844974
86.3936828860642
86.40253725689035
86.39368268429826
86.40253875294002
86.39368281509087
86.40253661399402
