327.5294160836056
327.53079414124295
327.5318881341191
327.53252978740966
327.53276476902374
327.5329752157222
327.53282923924326
327.5329837864019
327.53336843823854
327.5333090460372
327.53324547982993
327.5332921107838
327.5331076940074
327.53325932705593
327.5331267104848
327.533171193194
327.5332003031199
327.53327731160425
327.5331870179234
327.53303123680234
327.5332332244179
327.5331899861085
327.5332052834656
327.53322179000133
327.53324657848134
327.5330448584955
327.5332763060378
327.53307613161996
327.53317730417075
327.5331911353678
327.53329643556754
327.5330350639342
327.53318239873806
327.5332356796189
327.53337195189306
327.53298137795355
327.53363464341237
327.53305265761446
327.5330219612042
327.5330968670678
327.53249495347336
327.53359137414736
327.5334352981554
327.5332688085473
327.5332100714659
