182.2176300580013
182.21814758527034
182.21766117558127
182.21773217566442
182.21765674627295
182.2177402413963
182.21765294063334
182.2177479386064
182.21764933994928
182.21775502533274
182.217645982284
182.21776156252963
182.2176430453901
182.21813213194673
182.21767658239605
182.2177159987159
182.21767407340485
182.21771875156082
182.217672026718
182.21772169296855
182.21766979255335
182.21772494792458
182.21766744508568
182.2177284028403
182.2176649261055
182.21773215493158
182.21766226163345
182.21773620602653
182.21765952689566
182.21774044698032
182.2176567864317
182.2177448384955
182.21765398273055
182.21774948156417
182.21765124149715
182.2177541080855
182.2176485181535
182.21775872233957
182.21764596492903
182.2177632171206
182.2176435992551
182.21813222755736
182.21767744612043
182.21771562565846
182.21767497466135
182.21771809604434
182.2176729744133
182.2177207992263
182.21767081848884
182.21772379982394
182.21766849547566
182.21772703854003
182.21766605404264
182.21773056437996
182.2176635155247
182.21773441673395
182.21766077515167
182.21773860993926
182.21765801683614
182.2177429635467
182.21765520245572
182.21774749163342
182.21765244041308
182.21775201614582
182.2176497490982
182.21775663516746
182.217647121357
182.2177612354244
182.21764456027813
182.2181304364094
182.21767849679236
182.21771427579733
182.21767615211502
182.21771654976328
182.2176742341835
182.21771910453754
182.21767219238973
182.21772186470116
182.21767000717955
182.21772487178896
182.2176676849631
