139.08485479546653
139.08430696328287
139.0848544487235
139.08430647690238
139.084854194969
139.0843061450896
139.0848540153147
139.08430589885938
139.084853907445
139.08430573265923
139.08485381114133
139.08430563390448
139.08485374313932
139.0843055164214
139.08485370799735
139.08430545929787
139.0848536753283
139.0843054349507
139.08485364612534
139.08430540918835
139.08485362299143
139.08430538231823
139.08485361288604
139.0843053582994
139.08485361502062
139.08430535319349
139.08485361013845
139.08430534025683
139.08485360763189
139.08430533370483
139.08485359926817
139.08430531940576
139.08485360270788
139.08430532355487
139.08485359909173
139.08430532303464
139.08485359149563
139.08430533363025
139.0848535876139
139.08430532584862
139.08485359101905
139.08430532570492
139.08485359344013
139.08430531542763
139.08485358827238
139.08430532681632
139.0848535821333
139.0843053140852
139.08485360231498
139.08430533094906
139.08485359271072
139.08430531559316
139.08485359698352
139.08430531671183
139.08485359503538
139.08430532336388
139.08485359255246
139.08430532040074
139.08485359683073
139.08430533617684
139.08485358826692
139.08430530203987
139.08485359969745
139.08430531285921
139.08485359799306
139.08430531115118
139.0848535961759
139.08430532128114
139.0848535985442
139.08430530551414
139.08485360478335
139.08430532781495
139.08485357295103
139.0843053132703
139.0848535976038
139.08430531897102
139.0848535945497
139.08430531872364
139.08485358953112
139.08430532552302
139.08485358379585
139.08430531645718
139.0848535900259
139.0843053142853
139.0848535902005
139.08430532254715
139.08485358623147
139.0843053210774
139.08485359407496
139.08430531880367
139.08485359781844
139.08430531088015
139.0848536018857
139.0843053304452
139.0848535913865
139.08430531367412
139.08485360194754
139.08430530447367
139.08485359757833
139.08430532066268
139.08485360211125
139.08430531617705
139.08485358981488
139.0843053243043
139.08485359032784
139.08430531734484
139.08485359883707
