397.3425257093982
301.0758772130983
274.32588108661673
289.94558641424476
221.95717724220913
237.94224236750188
315.36030961448046
271.28924351022397
244.72997304318778
262.6749473935156
303.26911955077367
351.51370439127913
277.59388172997706
259.6263792533741
324.30690884520664
244.40702188677278
262.3343761396254
234.429225759176
246.00844884422077
203.04960307647798
239.53000982264803
227.2496350038682
278.75932960078535
290.4142410106888
382.4382786128417
276.28020862572066
283.5049525652348
276.60861751598077
287.390796000519
293.79543002629
264.1131671086132
282.04441041060454
210.8571346677054
233.62926102520214
272.23388038948724
244.8395193717115
300.9458756380536
195.9362645441597
229.14582251334468
233.82144716870607
282.524153583081
254.52849526371574
243.41473856028824
229.85748602604872
283.6834415714802
250.98632194459424
238.114320478835
202.43444996363178
245.13413828087323
277.70056378087247
250.73361448895957
247.33189098535695
250.27622141722895
235.67266590907457
240.22335806163574
199.5732861246579
259.4875459244777
201.98404802673758
259.45069614962085
231.64419314220686
267.4299417185066
273.31965351808685
231.4302453548844
210.05237043288798
231.6574825107382
212.33716009963246
278.5535164746798
249.51147449456766
285.0651588871806
208.54266514765186
244.24241545861514
253.81187611346832
274.53486045178215
218.3592929672741
260.30087206769167
238.86209349217097
309.90354017107165
225.67602174690546
273.8941118505136
217.62992325570667
257.9426551212091
232.90300524125996
304.32744323724546
251.78745496796546
243.113640129719
220.92373931090333
247.41168072093933
249.3894267018477
253.87691283602908
215.97202897866737
221.3795125726283
227.22462476616056
232.76994191626727
279.59459953723854
268.1537696763262
270.5212428014638
274.7328803966011
282.87327218974315
345.76853262166696
224.0971845562526
234.98436110900366
258.1971514138713
257.8915007180876
226.2850015668664
296.6657822839552
241.21053794723775
265.43650733935283
213.42730886023855
213.01380594343937
282.2200647092868
234.59551841108623
190.96354572985365
270.72598298083904
241.37139626947828
257.28046249723775
245.4108803474046
243.44534826476956
251.73905618832214
232.1330744609768
268.03710034122923
217.0126265283361
255.55563418646125
215.41369624259096
261.1884753203922
242.19024615690796
264.22604162753123
234.07983588803472
225.94995237296826
280.48744146086756
234.6725656471608
262.5801159547773
241.3311146868873
301.2648872300124
227.0552846789651
234.27780972050823
317.67331358418596
218.12209951207478
245.45916361416312
225.88564094786852
246.3771903556917
218.71770551578084
230.40375970092282
254.93220441391895
300.87087952665024
301.5586429555042
289.26250529060053
257.0348384456229
277.97296735183045
252.59907734807348
270.94649638838746
239.97003301783843
225.53893681271438
212.9852368031643
198.67869640347635
235.67664092611085
244.9270088876292
231.60586427866656
258.5058119004607
283.2060638067778
263.24935936519614
218.94280296718352
201.75089331257914
266.6581415334731
293.02621085160354
265.7792826054938
268.1635050244586
234.06417499020608
255.1162608101804
240.56730539250566
222.3499307429811
211.00997967185685
362.7267794756481
237.13561032395228
257.26553353983036
196.7747075452644
246.5269142450561
218.02612133116054
205.18453641751694
223.1335708783954
262.01379188441933
269.07073041486
261.50412283840706
276.0926758519636
275.0728843830584
248.0122687940966
291.6736211067182
221.91692300596333
254.39072136671894
243.9471804484201
237.06303609722818
255.08834617515095
193.26941933421767
240.35397249332163
275.8434368299204
246.23551252062316
302.58525611294317
280.7293369383842
261.32539973293024
229.99903177831584
242.85828543899697
249.5829009761801
214.605941546979
272.551194285581
245.2679005468235
234.88656163615087
228.1183607487692
287.49623727246217
255.97148360749998
243.5551807656957
222.98408126994036
267.89842781303014
270.4065930651268
231.13040862608614
285.2901496087943
199.96314590134716
270.136962426659
288.1645752657132
265.01705026139825
235.32585175892018
246.39817389468226
279.68138979725336
277.7533352391765
320.88315099079773
299.1759101957796
262.11661240964895
269.4497486760156
240.28162934298598
284.91811951408454
269.56683918142517
350.44909336462297
222.21464876201935
237.99686810184357
261.4753675170723
244.85970995603566
248.43586919718655
231.11285994383798
265.46818356544827
233.42111499625025
253.49132649225794
298.3124576963746
292.7267097528311
231.1386121810574
209.2533325924087
262.07401690347615
248.78515778051224
245.12109498047357
280.90077629049483
252.65089280534448
219.51337604250875
246.96677384232316
295.7837714702837
243.94689322325576
227.56049539702508
235.1963332198502
223.25077898397285
299.4057697629323
265.0331082673074
247.34648468008527
253.89091667505272
294.15605821911595
295.25519788287056
241.53345885442104
216.41578938197927
290.26739332679426
269.73375772411237
245.72900726701482
243.486720673347
236.95542377747188
248.21068751743587
203.46978695159487
260.60422359105723
277.9753323115001
264.32772465974267
217.70542218867922
234.60539114076528
212.08275844727177
239.69048555460176
266.62530223502836
221.96763886018016
277.39447019132785
314.1021325982292
267.12295781805005
279.60884022661776
264.75187841847946
267.60726751397306
277.4944607730722
262.48170955997193
284.5117861877079
264.94060518653714
275.40722324413946
213.3214855422557
324.7240416613495
291.840906998812
233.19424250774318
245.00841359159676
242.57947712147143
219.31812508463918
288.29679251999187
249.06285322432814
262.0951750721579
273.4154880851129
258.9210794274695
219.51969086581084
247.47792586611467
216.5055602296925
225.59113804987282
255.7706744796742
226.0854696843744
283.2633825830271
243.23223893773684
231.09499811592104
249.27491447467764
276.8755043346755
195.31034037111385
269.9709776684904
240.29439550091047
245.47112519302755
319.3605687772506
330.0005335194146
232.43764783351799
243.45953300831025
258.8523964082997
212.3349495400762
272.5909087369655
234.397555147385
256.2132987786026
230.662918894217
216.48100921335572
240.33146096588462
233.0259962980781
263.88853148245835
248.3029534240486
263.38154865980323
278.3296554550325
259.4977326893131
208.88596527489426
291.9975064416067
251.70455173014489
262.24664224706066
296.32412548473803
268.04808378830785
234.68805057369173
250.76936279371148
234.35701370314928
302.6631413692521
284.32073567266343
295.8587187490921
251.2069412553683
327.1615294380608
256.2011043010716
236.01088107033866
202.8636581683677
225.06041704474774
238.61087324812252
241.00026712488034
233.52882842127292
254.00563595854328
213.3371193196217
275.0552379619039
239.48357059988484
244.4884938291798
234.69781113797217
226.30510024713294
256.72087346721673
297.1875029841758
264.2805517291272
237.1408010515879
250.03616131542367
221.6098174045037
231.39043922707788
252.26181248037028
249.77306346708792
282.91958397281996
205.1273588022741
258.09517731438973
216.57140995029476
283.377895614758
268.2606908609887
221.38702166767325
295.56304747816466
286.75769639920327
242.0362107405963
228.43963049855665
264.3989073680277
254.61586350062862
287.6775790647953
222.49985228884907
283.47361588894273
277.86559626723465
214.4209378400701
230.88318807700125
277.67540567950346
234.90066174813546
234.36562960676383
234.91279549972387
247.41349902229558
253.09738342411583
212.15703661204316
289.08847731338756
206.0918865815038
237.58612071601965
228.10243377870938
292.21880818925274
294.8385479701101
266.5534407795203
260.78111910430016
240.33803576107312
252.46017362461134
259.91390487764147
212.58230351629027
282.2922912121285
240.67787392236642
282.6624477207224
294.3951275326981
195.7397735810664
259.5135018037836
258.8387489689485
232.74677862202225
312.7097947448492
233.21333137416514
235.70775279778172
227.10447067860514
265.17513483301445
232.47515175786975
201.49187771709694
233.5154706321191
231.14525530931132
227.93825247616041
224.1869126107922
221.38028257514816
257.05177627314697
250.09199435552
247.12403114738117
279.1206403252727
267.22706646581355
264.1474073740683
267.4344729130098
318.3147877325973
271.33914060467214
271.9336712170625
249.19813012471423
263.0874684748851
289.83149380194664
227.35001573966292
224.71810847407323
228.57810776944098
215.46450685807213
282.59224931047356
265.22348864233936
243.10994884021056
236.5301445634541
238.36431492429983
242.14097913421574
279.3731812960614
207.90243421845662
242.4194626450335
215.53749924432486
260.36122108099516
215.78111377613095
239.7742939095915
213.15526093813241
286.8317642392649
287.06236041273223
255.21053729965934
259.6909911643161
190.24534010438947
256.69575616712973
291.89104505114665
265.8175308038044
284.7993193429429
217.6028009410802
264.13983034488047
224.69049380312208
238.7151715591899
266.14440724680026
264.9177731584641
260.5600871761417
204.80085746779514
224.2553985252016
233.83606261045497
269.2163554831204
221.7554517131066
217.84023422797327
240.8819236237032
208.00693381788733
198.43974415351113
248.17204458381457
266.49187163864553
319.1583765683754
241.044158296354
246.6011433081003
240.74878406664357
250.0218788577913
263.8337433865672
263.2159500991402
197.28963208771893
232.92918070773885
281.41165258642286
237.3357117731357
227.02877829295176
244.04735254506522
242.90546025546791
307.35826555572567
224.91129768104292
217.53061028280354
255.2935811430507
281.40614255749097
269.9874095732375
215.35723365837475
272.9332544223871
230.47245536951232
250.91585964629485
221.13186065435002
242.6502202409756
215.6574073886004
223.49107655260013
247.94952722998278
243.9963754121418
270.48406263998186
191.06853962608147
260.77420376695227
259.8705323000031
246.0197169118619
270.3148834707972
248.59921070039854
290.12381224060664
210.9572159103409
245.72031166616944
217.27540675591445
244.99838861776516
255.4384326893196
263.32994152829633
270.00622470266535
310.58896132418886
239.71432708765496
223.38750216164044
258.58420741776354
254.53346678201342
247.4420727735269
233.06736662620096
252.51777358129038
255.42710994565277
246.23550085051102
257.8154376379971
196.53950251205242
238.42794123388012
277.89216302827117
233.87575150761404
244.21990387668484
266.19181986845797
238.11286464927252
308.8134857623663
322.2357519992802
255.40400009963196
223.79749874741537
211.4796865323151
249.5468998273427
197.66586029937025
222.74664395325817
282.7634491289791
222.95701142563485
238.53096188310883
300.4496520916291
207.64627526071854
269.22638990628184
261.0015947232605
214.66666128873476
294.407557322731
271.0070418487012
258.6593216891051
295.6964538403554
258.3471552175761
263.37069055080065
265.18981021406944
315.6647200259613
379.5224889550591
331.7127622482367
228.7938653708843
247.91450749782962
243.34993550475338
239.79150335516897
254.7995867820864
243.24077866764856
237.10144689530716
277.40962214488536
277.14270129360375
224.56036588948336
256.43649454423576
271.4738635606773
248.2923400757718
322.4008100881765
308.400801740092
231.4899276306969
271.23491315497085
269.73665422268095
271.5565233216912
265.18590009585023
241.60480596488924
212.29545112419873
265.72269311119453
219.98952593674767
307.6273394274176
264.94375291417236
245.00547084890422
280.1309994928888
229.27053882798646
215.78696635033702
243.03542411423405
224.451331931632
202.6779509089538
213.30448905358207
260.9347664435918
297.8069528443448
245.33895095449407
238.2399016795389
293.1991999739548
236.9106845711358
250.06619512941688
234.45059873291757
222.81879537479836
233.6058790324896
235.62890056334436
211.69367424567463
319.21184478644864
243.4963073192048
256.7631034127553
285.03283645480406
235.04896557045868
252.17894284016802
210.01172126171878
252.36980764963664
303.1945611209667
267.10755942962714
290.66404863563366
238.5654812354478
249.36929273692658
264.83714758514543
271.2402666931448
294.69618038952467
259.6390851760225
217.81228240960627
251.62514237564756
244.13472700188868
217.60796346867573
258.53313994256314
223.8243440402439
210.6532559156476
270.54914812458446
255.24311017157743
254.6924163613876
230.96575774622033
263.5179962285911
277.52939106934355
230.647511630581
223.77404947776813
258.1472597765678
255.71796315151732
236.34881937302998
264.89714106958127
241.23594525177032
294.839266644296
211.9387261637312
257.534040406259
259.68878768821014
244.6752990995301
272.16068636241835
265.1809559054964
223.06080647732597
337.977681908058
220.69727987030637
316.0375896379701
236.03157230003853
268.09737308803597
284.8712869575247
276.4136148733378
288.40927152513177
326.2599641192937
246.26193248888012
279.5168444685696
244.9233819732326
238.2068156125315
222.63527639125823
260.94227555798716
228.37579131225357
247.78084431160823
237.84611668728758
298.5542521381576
230.90553225780604
223.90220450313063
255.74016304753604
224.41773997241398
232.200441760564
240.91123858303763
227.06222366559086
221.58889469967107
240.88663712196285
224.98974146833643
261.655287689995
223.67957217778894
256.1291365593788
250.721189756674
242.6702075037465
265.35469140441273
244.8692983004148
263.3487961148203
249.2611912934226
249.73863366505248
206.67113222528133
256.10331476540887
199.54062153655104
269.95145354550914
277.9523418387107
297.29237096663564
276.04510976257734
255.49680760127376
342.20254040232976
213.72106150910258
233.0712329217058
287.6650127550529
287.17770093429135
212.32439834202523
241.6778744578478
234.5275040102133
290.1037720022432
253.51261581431027
224.77710409311112
230.72889293174376
267.0199028911302
284.6027542423981
255.55302229858353
263.99881334160455
197.57831822213484
235.49756058500498
259.9372225239931
233.092159473832
232.09622400760418
238.82007497971063
282.3107178811624
207.74853274415364
240.24430590946577
260.3672386214894
220.01524922889075
263.16067803197075
238.64139730346506
324.7553047995898
269.76397748608724
255.37614980508806
270.1212571793294
221.12214247017982
248.0489763582591
258.54631665500347
283.4139327883895
245.99587787518976
273.1773758068448
315.36667570951977
254.4054874163412
251.51944660401205
216.17023418325698
227.75279704175773
272.86760835547466
228.46540729602566
190.0094394250773
233.74852208362427
230.04637818486663
241.661287474446
247.5820415985072
249.55495566345053
199.59826156526105
264.9780581263185
257.1328232817759
293.33630204643123
223.99892932729563
277.8112691414426
318.5991703355976
275.00944087817334
314.22744061623234
243.56379333487712
245.8462752571504
227.9685472024721
257.68626602590666
310.12088897038484
224.37122692001867
210.58850886841537
254.1825482788845
214.48336097726133
217.09763364278479
225.20702034406713
274.91351854710956
262.4957289636077
223.24100185732823
297.2421493202273
191.96547179695335
243.3669529214967
285.9361533127667
225.59396126889624
234.8882479350723
248.1483494420536
292.52783834020374
238.7164068146085
235.34453909253352
226.21815087788855
252.31450798650621
245.8215932311432
256.7517647164932
287.52786878478946
399.67716882168315
315.84447464486584
203.94281920796493
269.3601155162032
248.4955860846385
279.5152312317223
218.88298153073993
245.41824285438634
216.02291361484095
253.74942195700714
273.17074207466794
288.8480023499287
250.07552470319206
240.44600656349212
257.26536850159755
235.52646581927547
233.9046979525301
258.18233768624486
251.66677513095783
225.4580270005972
222.5548500845034
215.55174167794758
277.3869444121665
246.30295299380668
274.2599114125478
212.9852766119293
256.391333752661
216.03566061364836
257.6468951051356
304.39247468372923
209.91954155336134
211.02840173532604
214.70837323841988
222.76212362301885
263.78997114903177
295.24326241970994
242.31507925860933
236.8610415913572
253.40720121527556
241.37587280006846
254.09622252636473
232.52149941181415
281.6843123069848
239.5766318110982
260.08998982424964
290.7952092430496
211.52249251352623
256.31539522475214
262.3256314264436
258.58647425379604
229.35154736984987
274.0179746791255
275.4022696025495
330.32029539282667
257.8184787609498
270.5970671696996
262.391941826063
313.6120607801713
259.1773704664665
267.89057459522155
284.06612259332906
216.9050791366608
245.1296137108002
255.60452398349298
250.81104891607538
240.90788467990933
249.14176892355317
298.89482737568324
261.9216348998307
295.01499962664093
281.512541936856
295.1973720169335
256.83935715275584
267.91426134406356
293.0616774614027
286.53214727679733
246.32418298374978
281.8448506287532
277.9366676736099
291.33725866882014
263.47737888022675
265.48565462819533
250.25495328445686
258.2290170387423
254.5777542044525
322.6658922905335
286.35142867887043
255.39756970229791
259.66743882061564
273.4128494791221
216.18383223557612
225.63829952300875
240.12845822627423
259.96744989565923
207.6638891021139
289.4845872554288
247.6952269085159
226.19548141938867
241.04314733095816
258.1725075308641
270.1952585367253
253.16972270948463
227.93355834830436
284.4612412182905
224.32242910508648
247.411948064022
234.93006536312168
262.37495085108094
190.53357153138495
254.92676218244014
246.20730144079425
217.45258010263206
226.36473122457392
234.61680018925108
196.57790248948731
223.28763186951983
255.04600169652258
249.24830573782674
256.50182138138916
238.18285091003054
259.0512921072077
237.64806063100696
255.71714216002147
236.36673181611695
268.28762074082624
251.9632864310115
264.07274646806763
268.88037785395863
266.2400982090039
214.05260677082697
251.8143705847324
265.1967978904722
226.84011674573412
240.64170527702663
249.85541802443913
230.03179154143436
266.9992260617437
217.29185063226032
220.0863048376632
253.60536960474565
260.6270582967263
255.54455208205036
239.2985200539115
188.405444980599
201.81602282894892
229.84185599678312
234.4318298008002
236.87350137368776
242.77736617496703
304.8018509524991
247.4991198820644
262.1919303118775
242.36970296589425
270.01531867467565
251.19741831204738
234.58678439998766
235.60972658681567
328.9564802890818
277.1596259129583
238.8299008271715
234.70417491724947
283.93173401025706
266.33389880959294
231.68557429048815
258.2040291710291
251.31295188050717
213.23610677052056
326.4809448872402
233.16875642520608
254.97504213979119
261.3738437220454
226.27428107886226
257.07454611407593
293.3601872124127
263.3496241835237
241.76382748121978
271.0429253145994
284.8268305468955
220.70980842472636
239.48386852012482
243.48692473521805
246.58873746023164
206.4997994621226
263.51891552770394
265.74795385671314
335.72067498072283
251.95789000811055
274.4079583011917
253.14684704769752
258.7840372467763
276.52986956882523
246.80993364279857
237.26569376411499
246.13025234037195
250.0887322484923
211.23125715571223
254.12351996806683
285.8608159631549
311.58256648058887
262.3690232759691
262.62319231874426
247.57918452800368
281.91675140635925
280.5487736031937
213.27334409224568
233.71458695552428
228.03589484340046
267.43446726023103
212.86350715337903
217.37117948461673
224.5250545120216
242.0772761705448
237.04145893114037
240.89935854970827
299.3627292129968
287.5069180261926
254.28471328149317
277.6312024310464
227.79024927763385
275.56441166237346
280.06728111222037
250.88075204464258
275.2968630200194
272.69980837090407
262.05014988355106
273.99684524006443
255.58886753642582
178.83439902943792
272.0034684523707
258.2353703347035
226.77306812177994
275.64109307323815
237.94065157230943
292.07272601284785
299.6763548394083
227.21722417121055
259.20765453740023
253.67380938481074
293.24586423061555
289.516746389505
273.1836099323118
284.84786505659577
283.1355782485916
241.01098432054278
244.83908414898906
239.82449850952253
247.39100127725396
225.5623439946212
217.90200638386887
200.11662245955085
224.79356442851713
260.14118666690774
270.4847220418742
252.8915502661257
262.94714483758435
217.5537400544854
220.98303575220052
207.22492961474927
228.37839514372172
286.27749883633805
274.13383461354533
253.1193158722017
220.70176170457853
261.55887710198294
270.7401747748372
248.64206664118683
338.860229085898
256.90157350123627
232.1278464248171
231.80662626656704
223.3480383224669
255.8479425010737
295.16524221235886
250.17975454719272
254.7173954391037
286.1264864677796
247.327234194614
226.4134220306296
253.9838982896763
218.9159133459907
304.03629637358245
261.79352656332776
204.37144475744572
228.24731130583677
205.77220556308748
263.8740289862617
237.26509472320322
265.43098209105665
262.88548159133643
212.53366601507878
253.64895053161308
233.10808364389231
282.5274881683872
241.39790142077254
216.11692555522313
220.479729922954
238.91865376627538
291.0787462911103
245.7773793079541
263.64298336656066
227.31137838424183
294.11486025934573
315.2008995974902
214.42086045170436
244.77001901203766
246.81300566002028
279.3138801812893
252.04764216084732
239.20452356064925
297.2460554665304
329.9390760085662
230.130725814146
260.9765821067267
252.74134337319992
208.26745114574442
236.93396416091127
204.76093430520268
272.2850141614326
243.98635806684615
215.3058228958398
238.9152854415588
241.20840505085653
212.39374031272018
269.84585615538526
255.06949767592596
291.9438913881895
372.5166082996875
255.45131025387673
285.61299745651195
254.69152809598017
240.56328368006507
280.38777810009196
229.106892581156
223.13519866683055
250.8341849236749
273.05731340212515
244.84177573950728
299.2650674864999
222.66841049760114
259.48649555578595
256.92593771318207
260.300766120723
241.71641310252016
245.70099811936961
204.34256375249242
228.54738510138122
364.4278939340729
251.70165285252733
301.84738203522284
262.4757648642408
267.0302909145248
253.7459611679078
263.4772357613547
280.3081341238576
264.1958881954197
264.5764659324195
231.62354414880974
262.5918608325301
263.27501993242186
283.0314726816141
228.57273885060567
248.77659252774902
377.36222823988646
222.40583585237619
296.5854906553286
241.6725202332018
361.5092256074422
307.5923500460922
276.42183593765367
201.12069731636439
253.201658366248
226.42581453261664
261.13740264822263
228.71054016432026
226.60326635785168
233.15366167289903
261.2784340720391
230.9211216326803
259.78434038249543
244.1438724923064
268.77873360936064
265.0595071494463
229.92033831978915
229.87142167799175
300.2284225138719
245.63544890726916
326.50300542259356
288.44744964770507
224.53800988057628
215.45530558441533
255.4081149363774
304.4495834138943
260.49462752061663
258.06524121476104
263.699189961364
291.50030188797973
220.86613424436655
248.3104989497806
256.60818074509734
245.38987984642154
255.28047173080267
248.25076249142876
248.51768112485297
243.28553396143252
233.9562603420345
263.3748045657994
213.6338060341659
252.05656619975343
254.92840176669415
251.81374758138554
262.43007317133015
251.82630304561462
195.38901915639872
227.3773189597414
243.68797957914649
226.52018521510763
282.4566302925814
270.82871740916744
311.70548932021484
272.37513168051373
238.7499938654364
294.7779608584824
270.7554344162927
269.9279385069385
224.44975920947036
272.5795159441186
281.3553034286597
235.185666856647
257.3155013694195
259.08390425593825
330.4357588554267
307.7491210367298
289.1982865915634
241.14969960605958
247.54128618061077
283.0614138353849
211.97656806948362
323.7459444499109
226.2963865218917
244.30986999731977
269.20649294980103
219.9175418423838
245.1990762616042
265.61011853808304
256.1763161289273
282.835137858754
271.4209188914974
245.25326736620627
332.9562610301655
271.80611643590964
256.67847213853383
235.79804478387814
271.40220367966685
327.6377353037824
236.44780637527583
304.59659955167444
232.98214487422956
210.56683406280354
248.28156510688132
233.47760632348945
254.6956821141648
290.1945143913035
268.91519555519335
237.51353203097824
220.37558918615105
225.89569925836986
253.78770031419117
267.31568472017534
243.25065240368713
243.22653155768057
291.7209156441386
241.35535115515813
283.8599609209341
248.7672564694658
259.35165330639575
253.01560261275154
222.61821947462158
259.5675733834505
247.3997284245561
225.21124972385587
269.36199129902525
293.64053619425977
273.7841332205571
212.63680875458522
283.9486138811917
296.5516130454489
265.7562358029536
194.76268587372033
277.025399611739
288.88207841239637
261.7783465246903
276.0694235037663
216.54157903470332
232.94721059751464
252.8626592855435
229.14786203968106
226.2643970666686
276.18423462769715
