166.49887143799242
166.49872522572878
166.4988722977214
166.49872582262742
166.4988728842909
166.49872623821648
166.49887327600663
166.4987265295722
166.4988735671468
166.49872673208847
166.49887375538765
166.49872686203162
166.4988738855418
166.49872697082264
166.49887398877127
166.49872701876848
166.4988740483359
166.4987270667325
166.49887409176426
166.49872709633928
166.498874123301
166.49872712330034
166.4988741416728
166.4987271432983
166.49887416030106
166.4987271511891
166.4988741672023
166.49872714355843
166.49887417866375
166.4987271641785
166.49887417933496
166.4987271579157
166.49887418173057
166.49872716853315
166.49887418581966
166.4987271703485
166.49887418577055
166.49872717128164
166.4988741776615
166.49872717287144
166.49887418922117
166.4987271711634
166.49887419319384
166.4987271697937
166.4988741886973
166.4987271741993
166.4988741920988
166.4987271726277
166.49887418824255
166.49872717424478
166.49887420054256
166.49872717156904
166.49887418632352
166.49872717031212
166.4988741884281
166.49872717163635
166.49887418987237
166.4987271737118
166.49887418927028
166.49872717836115
166.49887419386687
166.49872716708887
166.49887419387414
166.49872717323888
166.4988741838697
166.49872718096776
166.49887419148763
166.4987271648297
166.49887418793514
166.4987271718055
166.4988741930465
166.49872717124526
166.49887419430524
166.49872717307153
166.49887419211518
166.49872717212202
166.4988741858324
166.4987271756072
166.49887419437073
166.4987271719292
166.49887419310107
166.49872717324251
166.49887419198785
166.49872717462858
166.49887419232255
166.4987271629834
166.49887418810613
166.49872716807658
166.49887419099832
