493.9366125617962
494.00899500404466
494.0317038107023
494.0446845890783
494.0522084372187
494.05373936850356
494.04863185480644
494.0556709876764
494.05819648280703
494.0611313839345
494.0406482973758
494.05443041191575
494.05452661362506
494.0743346488307
494.0298859291197
494.04840259358025
494.0570345456035
494.05536220644717
494.0581414564567
494.0588223263221
494.0577242327872
494.0583463487219
494.0593239629234
494.06028393647284
494.06117372818335
494.0404190767549
494.08917447889326
494.00019289669217
494.042518182996
