174.57189620794645
193.9324378376246
166.2591172572761
188.11757435929246
182.11394336698663
171.54872323189352
179.65024910495572
176.0123515732489
254.60460138017038
141.49384476909836
168.50675615512273
208.89859203917558
164.37293414459373
220.9347629020226
158.81535627624453
222.23156273740187
144.58888998521115
159.58920746251624
215.3200309183403
173.5902960997496
152.97077210183534
226.05540303887665
176.03331975270612
176.4326296443478
193.25546891935483
226.32513504062445
160.8388490836478
155.84997938189372
221.02398126163735
172.5853132302591
153.846803832128
206.4447730280317
150.57790944362569
209.52740858908328
160.5262325690719
188.2526046846142
204.81531245584756
152.75266343883231
221.51005392743718
143.97441648385757
177.80717657773312
200.34236803091972
212.63297943294765
169.74241223992794
183.40210761491835
172.0316342299393
188.85885554133165
199.169154020321
195.17919728348534
203.8613807992533
173.10659063253843
176.58664046055674
200.50013637965458
200.17169680337065
177.3183359457562
231.30986045292957
153.24548571195737
222.16026036515723
145.13461628524965
203.4116470104891
204.9302199340127
182.6078100042214
179.33191895182244
178.485951433202
185.34752513808962
153.82081921216377
203.27989158063428
186.2775831597628
205.69439580095604
205.65823817139972
180.5448144452639
176.3503317243576
211.14486714097075
153.8447101627953
186.13928479884635
192.43523477647068
180.79622301166637
201.71870611855047
180.3117597133969
192.17103039018912
170.43411154918067
190.40309437775431
187.97935144587973
180.33681705661184
178.92761536463695
212.83223572094903
155.74925586502832
192.32200116005697
167.16960600945458
188.15371359041455
196.46608965968335
174.1320925945074
187.48234905640493
179.13807868306685
189.8029754387644
194.8249363109462
186.88913280635097
227.5615430980979
135.13179176210178
217.80915892186022
173.72316157615205
202.5796304955802
187.61524787393864
188.0612800310264
165.04715533954004
185.01550218440389
177.65436643108114
196.38145014365
187.899463992213
208.81793544976608
173.54522085997087
186.1662099730529
222.31983831045
157.77853353707178
153.17081976860936
200.68293637843817
156.41992455899526
186.0658651789745
167.537110490779
210.47022476924394
169.213083164399
206.16900219181116
171.91180880320098
152.56644543318907
197.11535484258638
189.4514679445092
193.27930957336503
189.21779519404663
147.5787968017612
188.89749796557226
193.83632433054663
170.4406702784945
173.27225802516477
194.33587773247928
160.9043833695505
167.63839679744342
170.69192171220857
179.35713221847618
151.19261854710567
207.75462697158218
167.1300096234445
211.68194833357484
152.4757237832673
229.28277386567788
127.33850648862062
230.62846902072488
182.81056340849682
168.18586957082152
212.8625027961134
160.3664001055986
164.57168179520522
191.07597695933146
161.91516160222454
161.03580068071824
180.07118447383255
136.441298197602
178.26081007500397
183.96893464443565
212.05991909067598
196.83998137187882
162.77719438563145
167.39546434267686
157.74808997653236
180.21040983972853
168.1859596966642
189.33772904566285
186.25855283753845
186.80290422518374
157.8378773678669
177.4637753473071
202.02883785820086
180.49274821639847
191.81008870868027
204.50600096684502
184.24690043074588
165.6361030143853
211.52702984110874
194.2518416743842
184.91980947307457
193.74340567563922
170.0140001869222
169.1098706079647
195.79051897642057
188.72952197321138
156.40723126885132
193.75912426680588
176.19119279702136
193.5390222558126
177.83060946198384
185.94620438085985
187.29167071460688
200.02321658579604
179.06406153389253
174.19558947197947
172.97848585408792
169.99202697665896
210.0807838377441
169.15727940908982
156.41038774311892
205.9719552255774
167.40895046076912
184.74033334992419
186.768967459735
185.93878467115428
149.32784042255662
188.28406352523598
172.9587470375045
165.50685210224765
209.62130924913072
183.8198174401914
174.71933024370082
180.6805419263983
184.22631560384616
196.66460621180886
160.741740756559
162.81812059978256
182.679153014622
193.96776060028787
221.5678114966504
163.60445707944746
169.8233382162798
198.13896840802045
182.8689793678277
211.24295894242823
206.79981937895354
153.49847560514172
210.83215649515478
185.66216048647038
164.91107096548512
245.18251343649172
161.85999838681892
157.82951800047886
184.72318478337547
218.45127991541813
181.63329031700414
180.93656331501552
185.35242652626766
196.32947165489895
165.73196633788757
191.58483965177584
188.38619792301324
217.5185409183905
168.6047849642273
185.68738024438062
162.16496697627736
186.5560343628531
171.32226969742624
160.77893555197807
230.31690067021555
165.0240020209967
193.1368921690664
201.20789137492102
156.98726967340917
186.07397247795598
188.47083955478593
146.54215200324688
187.73012952669524
182.9479241197696
212.25516374131985
153.53351049133198
195.05666359348834
187.41636552393174
145.69103285914753
169.19713012120337
198.6405682298573
170.16694845179882
174.56662136405794
172.94401150056365
178.83124038336973
178.49200172000565
175.14819053991232
186.29114277346525
157.7763662336365
196.42119473788625
196.67994606427237
172.88807054556673
195.9727528853109
170.6317517132411
231.6102582935855
197.49716681773862
191.58094823805004
200.77719870545843
165.51347749912384
182.53478215280484
209.40817643373157
171.53201476007962
194.73705674301164
185.397141878806
204.61430301769724
166.99365893357754
170.1555091031696
176.75364511185762
202.47785373273655
196.70530661129305
140.7167869048426
185.93502307064045
207.81831176298147
179.45428673375136
174.51361036352318
213.12472456319665
140.61983888155373
221.52294808807346
186.99936492921552
156.68239694262593
192.76022004757397
181.2241923525944
179.76611668586702
181.7933891431021
219.37148322132998
116.48091884909081
188.9959157914127
200.17378524957894
182.92406321913586
183.7612959667531
183.9350615690346
180.95591578478343
215.06573135319195
208.02563195335097
155.87627143706777
197.07063862096402
153.05083332837967
185.41245483561215
173.3603001330266
188.05215806976048
188.3347920783781
212.69710194550862
203.56996236075793
222.58206291123497
166.9454074674868
198.58951824779797
186.6017323766646
178.36765914273565
183.77450220658648
212.28497697879357
198.97427040982438
196.99466414012568
212.1449093100382
177.02275051371544
259.12236598314485
148.28348515975085
180.1445897364465
178.38828806000674
177.92826117811637
160.36338795280608
189.84545981555857
175.93152063748857
160.5098933252957
190.48905225531053
183.2323989316792
194.54583538322186
168.3427191124283
201.4308101632414
199.93291320834396
176.42312741397473
193.447543337541
222.82234718138352
164.43006560122012
187.5826068516035
173.4853810597706
180.5271002197842
216.69767611729912
152.7159436072543
199.67704241858155
206.69720680313185
185.66942430300696
181.67403867081157
210.78160193409713
172.33245953456208
164.5759582727187
186.6946150607546
170.93972498571384
199.5321257286123
188.01466801771312
175.28842633480963
213.28333579932223
187.0748468203965
146.17851888878795
206.24930815579137
192.96958770096535
175.32348251309304
197.53970000553818
197.35476130488678
177.62545496934035
225.71044887270546
166.11604723396886
185.20073795792996
181.55285319495306
177.10143439313106
169.0172932787682
195.0119275455654
164.5135075313883
170.196202649342
197.31599540551542
168.84504514970467
179.12438394350465
175.29364945620182
159.66626566907507
189.11235212170868
171.9095211258682
190.88392304042645
199.79111984702467
160.59732991048077
214.94025703745137
189.4888041503291
165.15857547441556
183.73742107547878
170.17073776965844
181.15554307702405
169.0830409622722
199.83784750021005
168.0960716589325
180.50248150259722
213.35959742164414
148.62713848604471
211.60188490143628
213.83697029660107
174.40751663970877
206.24257222402957
173.40105301405129
181.22032163167023
188.4764530312823
199.7090823042381
185.21349975693738
179.32265112437017
191.56393555468821
190.67508223137702
181.92823660821887
178.1987087069574
171.61717682787275
210.62734723508765
159.20281023476855
221.0927642386523
157.0350082567893
262.5613554975571
202.29526513034943
156.38903216253675
206.2367080677941
151.3115036355157
205.8350861188228
207.31610472525063
182.87184315815102
186.30440900335088
201.191169744503
163.38291860657046
208.2897673202533
190.73758096268284
183.42107257321186
173.49663767789025
188.2591962456936
215.8506036522158
169.0858837531414
190.82854504493298
214.06719684090058
189.13625863441848
188.5847917949577
224.61327769621857
172.8035073603678
167.21090899831324
200.99229477647168
169.7918410016864
196.88231143538724
172.4436246073601
178.24876210563525
174.08964664863015
171.01988342740515
224.36141949008743
165.86875988902466
184.39283335907385
196.4812711881823
220.39357757325342
184.13822277236613
216.84789534285665
131.8985524015734
181.01355545614206
198.92478559966548
225.4971980126429
163.2112726234045
221.0923016079323
138.9131165537401
198.5499282040546
148.10985133089707
204.78524281409045
170.15364849141042
198.16003033077868
211.21912870749657
183.62360978886136
180.73461032149498
184.98870947296382
206.10598441844922
149.64134566079883
223.17651010429836
170.8208556721802
171.8330850246275
207.64568547563977
164.62398369384755
222.64358054664626
173.84901147587516
196.02015044842847
159.2259469863784
215.0047780850873
176.05971252071322
179.571288718289
186.7397433549777
222.9843537692359
194.26392512347957
216.8390879607905
194.84619814070174
167.15368130468414
226.8113903580379
160.58101557988266
194.484550807887
172.3551482470939
197.4013879244594
169.30261825656635
186.89662963156297
191.9409298478713
192.49191234297177
194.73512684098387
212.79330429047695
146.77041953984008
198.91586329587153
182.06341177923605
209.38379173689464
151.28859619400464
191.62039132221253
176.04364699292637
160.71257844961656
176.9919947248709
160.0107646243414
199.95585618425685
158.8527770739165
217.4929699733766
157.38828280921734
209.47034245423856
193.96347834102926
148.44990836671786
184.85632867457753
175.61663339518418
163.72261886343767
180.53936507410253
181.42403289684444
170.70635702872823
195.17347078135936
203.7878553369228
165.29069122561486
184.17892889461655
193.88788700186706
194.45636016859498
167.06295169194345
231.27479056247103
176.1705388868868
155.7994302631414
178.52067474016803
196.08588873887493
181.39109841441677
206.95063789279084
171.3999165254645
201.3529836905509
218.76481905250694
190.44446260959376
198.09935842917184
166.94029366137693
156.9541789148061
192.47276452586812
233.9027340417524
157.38817077311978
214.33587124338374
174.69343548602774
167.77640440277173
165.0162310317537
174.9936000676389
181.55892127116385
174.89495828466897
190.70369476899214
194.98247822535632
179.24130065503414
239.46573495314806
188.4273938617116
189.45606058675912
185.52289863332408
204.07129968605295
221.42065397914848
152.53267287436756
211.455937889099
204.49102932433016
171.60914271771617
197.48076802153082
205.098308472996
161.4502222249721
180.9529621922702
182.1962176028028
202.17498716083355
185.44653091256623
206.86797893779294
180.31789090190432
177.72922577393183
175.11714620947896
262.6323355728673
156.7247835900198
197.8145582259167
151.83495022525312
165.50282877712743
201.2156357509084
204.8394863391004
176.41411493094347
204.10087970559835
157.9319268236577
152.91015236744715
181.6873601728439
162.47030898425146
173.88937951382832
175.2101981015876
211.94412076185108
183.43705542563112
187.49351643503178
157.16758408145688
212.21244907952496
200.18911033771292
186.83420647734602
177.97612463973928
208.0413685306994
147.64993201942707
186.01189502923808
200.74954924470512
169.3365453458391
204.3566894634132
187.02242208758253
167.9252214730368
198.55835795073654
177.6657835769438
164.64012830637512
191.525627048366
158.11586349587014
183.1708887127752
194.11838945296768
138.76656687428476
198.76114271208644
208.60648359426705
196.60092479850573
173.10578796890331
150.59104079403915
188.95951634300582
153.22745781236154
248.87670313155104
140.6731295724603
198.90227547600807
192.31891473244468
174.2083680906362
160.43829763750546
184.23690268970677
208.00014159777493
191.5461304676719
174.22566591687792
157.95116191689158
187.35383364750305
181.3466933407617
181.6031974432699
242.77779487839143
160.2634217005252
208.01555035852653
215.81607081301627
211.9689340680925
194.32490087456245
151.11170482022862
205.95765534607926
163.12488871073583
198.3364754046197
215.53810109545884
157.75278991027153
218.7100576148223
167.69593782660377
170.51735976531927
183.6917064510635
167.84684359859966
196.38636754703475
168.6186365844478
221.9983662078157
190.2168727965618
184.6063740131649
189.16826360342384
156.77216366933135
189.20662424250622
154.87084681856504
209.40380935651774
199.97299861539796
158.47677006626327
197.2637030101323
155.5683848781482
221.13300258755044
178.43101717588434
161.2721099468763
202.06881898072606
206.8202529974369
177.49790440048673
198.28517692247988
190.3248598822538
172.21558427052514
219.6080999744736
172.56909153783636
173.97295328916516
191.0830707608111
194.25486247210938
170.9659164702898
171.91334472376911
183.71935703488998
155.71025773289148
190.77455226705933
189.09035047265934
181.3870724903245
155.98370067740325
211.9843520182185
141.92715267124004
182.5699223196716
177.11914435619838
214.76721238467144
155.55737556668464
199.91685681883246
189.76977684898884
158.47495915045147
172.10271472804016
213.0445091429865
168.53785622338182
198.08099446099368
195.1693247742951
196.06462331305374
162.79919602311566
200.11904814720037
150.62017203003052
202.54726933847996
219.666007209511
181.61182080497383
179.69762034338783
192.90655333071481
207.08707459960715
196.17783313043765
200.88422997534508
199.29061503434787
184.4571171522839
190.88718168478226
204.84640111253248
228.14790524425916
178.10883441774058
170.7957617888751
195.79766622182797
215.9434840164904
183.63729832333047
196.74113040108932
146.61859566380735
196.2784289814008
199.76421280927025
215.84666538870079
164.94031608078512
244.72797368624015
177.9639738869737
166.9055161876022
208.73906041283044
200.086849814601
190.32547126722056
174.2733520255715
174.50201819083304
178.21342034076224
209.56065839450457
215.88667176521267
167.52847276360262
197.5812164475792
187.64604167515063
223.34103093389422
194.8896188319777
191.75683202137589
184.97672786886687
193.53892369905952
157.69870657022693
199.7404668892559
187.92922052415088
209.5663445367827
181.82443892970332
186.53700670576654
150.35250888654264
209.23872027979814
202.96344165719347
177.1558395596221
184.87569350880221
172.40957079891814
205.38293878748664
133.59048641633126
224.94636672968045
169.5361061753065
179.00385322325747
197.19237914701807
164.9123145029589
206.69273147522472
195.98740098171402
197.38383032783167
190.65197837370215
182.34751384763513
179.17657037384924
134.25942450153525
204.65263023710577
171.26760771195404
203.50521213188767
179.20895559879136
223.16427008082974
172.1176099392178
228.96031367618707
197.54268898282317
188.02488979004556
204.9414786217094
183.59695305657806
157.54809650601237
202.73452539360733
154.2574970885762
180.6652458671888
190.61242942715762
186.1090674920415
167.4862688173016
166.92638972398709
184.97366084653186
206.82606611520168
156.85526476523955
214.91480185979162
136.9393484465836
193.25185804485227
179.0380074956629
212.28078912573983
175.90752974178758
197.31365606648615
160.55900856413064
210.99886571450043
190.04306773320423
178.05970636676648
187.6440961669723
224.1721782484965
178.63784405967453
197.06086918749497
187.0101674067555
169.31978491233895
182.9258815300709
203.4887123122462
168.4958435893932
200.94550256969524
151.98221056172042
163.53197517016088
184.68360206799116
179.64011520030908
161.68626499702805
177.31470491050277
162.32029055137536
167.7461106007977
209.0064342036203
171.16404604932177
187.84264647998498
182.15962490616948
190.84255688579287
204.082506170962
158.16372893733205
151.91039479032042
187.89237657032209
186.38194961077534
174.1581675496127
203.75480041617993
165.00836514201364
168.8923413423472
184.68339516379638
197.47056521679042
175.8607630089682
181.74305889679817
201.49582884670235
147.3088753388147
210.78536997150513
164.8638404555095
168.951320676686
166.02724366463372
219.09933582748636
169.98491115219076
197.03802741254913
179.52948018579627
200.08698642862146
185.18437692412408
211.48599499984994
159.73986868545762
209.77591988284257
192.13118294769083
198.85804028226994
172.42796715869918
200.10087490847218
192.32796364094247
168.3135003200441
148.67941471977974
185.02264884035685
179.3811959157756
160.7181552107795
174.53736428180127
217.05962394434027
141.96824920622748
177.9886656468443
137.27868583673262
200.76009461234207
192.71234529989306
187.9984007763851
181.92408176820027
198.63343812624225
178.77981999338954
156.5320497074572
190.448008700856
168.81602613517316
158.0485127956199
200.21094296808587
147.21561167010805
245.90593631903175
175.87442507527885
196.8818486596574
198.26720386947272
138.8184517667978
198.2485724115686
180.02516468285467
184.91443852998782
147.6450207333255
211.4500306226255
172.98112731674337
156.82559439050965
185.2452042804798
220.10998765463592
166.84682069250266
194.31462271799683
191.67827534070238
176.6378900705895
226.3260832587257
156.61591230877093
210.1573659100104
190.31121581452317
160.99306041398086
188.95438856782857
171.57532828077092
171.80900980904698
211.7029638227541
206.10775565743097
181.1545790283417
158.384936358314
198.35782445326913
164.66041706167744
176.65086564360536
197.92744256247533
177.783088538039
199.09553948615212
137.75769440786098
226.28585263781133
219.18672824822715
157.6524034528411
203.96310489877942
169.73144285660237
167.28827688554884
165.59563886158867
212.5715202243009
140.72027588030323
203.23564233802608
162.35263868191396
161.81265864879242
209.78263581218198
167.14601960833534
173.1836573613109
191.6711332871928
195.072655260592
165.87283583468525
208.56420792688732
163.56905417371308
231.3110065992514
165.50755169332842
152.99977963822312
215.58092969984864
156.32467103359522
180.49429685168434
177.78964653264848
186.08255018806085
149.01526530162664
169.7543637213239
205.626163023524
216.45239009702345
138.39098706888035
168.85905534552876
200.5155629046494
208.1550444304885
172.179824709252
187.61341816713684
194.79945970591507
183.54592653858708
160.05053357052384
203.11651046731276
153.95358552623657
181.99770179775078
186.54081524533103
179.89018860767828
207.27773921538028
149.82614603906404
212.31995333204395
179.1277157664008
142.01620496890973
216.78826859698165
177.04348306686734
194.1685945664358
157.88257026631618
178.57120833016234
178.65984731714707
218.35904367495095
200.40860446941224
198.77199984010076
155.26060695949127
201.2318697286246
242.48246617350378
154.06431520319893
192.7978050611273
216.65717315432266
164.4365948974155
200.3232183169166
202.7162563574384
180.53024308531894
174.76281654799823
184.96071393141756
186.50770110054873
205.8298409114941
154.80900301062502
194.28770575113595
202.71641342522344
166.95196244723047
174.04686202097218
171.3399159621622
194.99400849972153
192.96008154487936
191.58154718211154
171.31915587981348
206.00302822509548
170.33551963532227
201.11409348389134
208.5533179619233
172.19431303202873
178.02207123761764
203.0329915690818
158.32301906810608
182.35376086935867
205.35355947524658
186.40033298448543
162.42839918733807
194.0457686438458
201.15066760216723
179.98933629717794
199.61422180815134
144.54451859250548
171.8098350695509
182.16511930862907
160.32159751676954
195.53958910124493
185.75064043936436
181.41897849726956
212.02689567947527
172.6055501587398
164.6083598472469
169.76939770160243
219.62202002489357
197.7744831754244
180.51235658981022
206.51192985416856
197.47058923030272
191.07150897712563
175.1601932734775
181.57864167669322
221.1290240745002
182.39393676928012
155.70947229408193
170.0979754893924
227.77260199957527
170.17276139374007
145.76318495359737
193.25450066529447
167.14664037071634
205.40044782831683
202.98156913855928
209.10416798706865
182.33359866173123
202.22724531355198
173.10509877689765
220.28931133594597
171.05222967325244
158.49241687651374
179.61159696814138
198.95682892770856
156.84153281734325
179.92741163357277
172.93614214548143
162.06659290764946
207.47045621019788
177.69186936909682
184.72081903979415
232.1207001277071
151.394434149086
177.99870062046102
199.4024851208669
150.85931346018333
213.02085943843122
180.77496559621068
202.3946553360438
146.95890268473886
194.9197324317065
190.13557001241134
157.13371580996318
243.42150449220208
230.35688243139884
176.28065963921836
169.84048620372778
179.2318145322788
202.87741424396518
153.58986610602005
181.03627017344115
190.62285363281262
179.55531490125577
210.46556731598685
157.53982620616443
183.75374495983124
189.8781134126766
155.32214860265958
180.60978953525773
188.00856476012268
211.14820309416973
181.3410674870247
179.6054207502748
229.96716462707263
172.01651038049022
177.31336306058802
173.5771858963708
171.45687012467533
256.52761248109164
177.97724487283267
172.74333312839735
192.52296715043485
194.7396159573691
203.50280618935358
174.38886810070835
176.72454043413745
194.35345877875807
175.62268591325847
183.07545928194304
170.40418237046106
167.56139035520027
198.25137902909773
168.14714950491907
196.62996299608494
159.3463029115519
218.5288649837603
185.05389865490724
177.19340386919794
171.2796274375287
151.60390131466556
191.14053037404665
168.10023047481081
226.21337784751086
153.71149804859306
174.46352103809477
205.0835793131555
178.5606202618219
188.9647171999095
165.06661048013484
143.4782758676156
218.732741308806
180.26469066855498
176.42088907695143
159.97426566143986
194.3102576182282
149.4483697238902
167.21042477560695
174.09563754315604
165.58532572939293
186.34960653504822
214.36248615541263
195.25013576919446
168.53115468431497
176.547908054461
181.84355909677106
174.56383922099485
171.64116921534878
163.85112894730992
173.72094067998114
192.68002605461515
182.43157242573216
174.8007627609186
192.88813684825436
205.38043168088188
159.654846201709
184.3164886138984
181.97455855619046
168.5242353756039
197.05942767087254
192.2013906290813
193.90556514330092
160.97363724952447
200.48857950302772
183.43128439818975
172.82825032633264
200.73114043465466
180.03499780915445
180.19862728667795
187.1246932275535
183.1361691133061
192.3829308167915
173.2699034968682
173.54495129466522
207.7027503453137
161.23769050373812
211.10293440389796
171.54425513886963
190.82606138210394
149.52685690371436
211.12878023376106
196.03896581861773
177.64872185204877
207.12911965322564
132.41691270351293
252.26499354015687
129.0597447847249
193.56508949716226
148.78431550625828
214.5407554397534
169.24191315248027
196.36446171734133
171.76234259956982
175.4436727585853
176.47121134615736
172.62075013219146
193.92255776340608
182.96102793005412
163.914220833336
166.65542917823768
216.4918198796222
176.58952222194057
176.5035779599275
183.10704718294437
145.90264877740992
240.08871575584635
192.67125757952454
185.5533510206442
154.92350049194647
208.42193864597357
206.79743769433117
191.91477477154694
213.47584683069726
152.72304963722127
184.93773513415363
237.71916857815813
169.96941938239615
215.21323345904239
193.80466693124617
185.3107608051796
210.39525775937364
184.9510340260167
202.7352600665472
157.44650216930313
209.4726455513446
182.11470593564445
206.49731615933706
164.06223453456187
186.0725555837853
194.35331252636388
189.05369942172547
176.14076521701645
137.85686989259557
191.37072120668017
184.06666094536195
181.0832049580349
170.55093635374215
223.39514434032026
172.20185820676852
191.5500127679261
182.00081876080367
165.30484323421842
194.08784935463336
199.36847947043134
194.80935279204277
196.69539912696928
160.7929961568152
186.1160971800855
219.13125115758157
218.5948208118498
158.52644690993475
150.29620528104715
217.79420655278955
176.5643056492554
170.71115451480728
196.111716878484
150.01473535315017
190.91490976963541
191.99127514500287
215.446907678328
160.3345773119654
190.33213585068006
195.41913324751658
181.83062060535303
158.45192521938588
200.7988396823057
184.64710455480963
215.11003043167875
162.86269812719547
181.26370781936566
189.24855577360722
177.2644702786347
175.89088987468858
209.33442742587067
181.8132832486299
210.09958445318625
170.67979230091441
172.51254394004354
229.72752342530293
171.45390581394895
237.0551237523032
135.7560203872854
172.62520815621247
204.69592247041874
161.5618537729024
192.39018426841358
182.82894749942352
163.893190214294
190.3660617249261
178.38850685357465
170.71347307469114
213.48568527921452
165.0476410695701
205.73124879450188
183.71821739221923
181.21660187619273
203.37901344060083
158.44804809539346
190.31762032856932
163.56461498182034
170.59009983713622
213.7048150935443
177.24512621350004
179.18781705384026
197.27675195364282
170.2657897977042
167.44196259597084
189.25173308484955
206.21822964694002
192.97234567342093
192.40860463972786
158.36562642690842
180.97249534566072
174.26562547852518
195.95522935152985
193.39482988134841
147.18752465749276
210.6333704587305
153.1449747327133
179.20238123863237
175.73724978190148
204.3325840458565
206.63605531281792
136.92012670228723
198.1314412172651
142.01631578951492
185.9016500831931
181.96716026210925
203.27261911105597
203.43216998816933
180.74598844282445
170.714007300121
180.59013052633964
174.84835966021637
218.20946536737029
165.9508375750156
177.51126302979537
181.9403697795642
215.11887304173433
177.44137368598604
172.92629963721265
174.61955886293435
174.43490524523077
174.65919879940338
167.329742071277
180.82311507413397
181.63057433324866
191.36972579968278
159.3203889147262
197.90254300064407
171.24438084376743
171.5109248747176
183.969916574948
176.26596329800668
197.69452619802905
191.70053180589457
221.0463564620295
139.85929905204102
198.36655087320833
186.98651662148768
168.40135591317085
172.86077587556792
196.95594240320497
198.98525939049432
188.52730978798354
159.9558689596597
215.33472581315436
186.52476659885724
209.00269083312014
147.1033166217385
159.2368399029947
172.74881855185959
168.24271491737454
176.794718641293
191.62863394446322
208.80084306144272
190.52225379954325
166.06006392711424
209.26079891368863
190.6231687712134
194.22759343191865
143.6620889690821
219.13337860294268
189.3876244566345
146.3524920839991
225.23575790924951
148.97518092751852
202.65175050255493
192.814550011768
215.2444140574662
158.7816012420808
196.48080712760566
172.64380490564508
162.70738756406354
213.04542778118048
149.29505408654222
219.23643591679865
167.71761208435055
247.38593908707844
156.26189036818687
184.23385859385598
183.29706473497208
192.96353634860134
179.59394019079627
161.09006465756102
199.61279917828506
155.80465764761902
200.24964434758294
183.58645961229922
164.75414314540103
201.20884838921484
183.38498298829654
208.3783199211466
191.3680696914671
171.368393408251
151.11474302882561
237.73843963968102
134.76185440761037
184.70516375690931
177.78419429261703
200.40961384604452
166.42232646176126
166.6647512037307
218.19682910933625
194.47585017199162
168.91659420216456
195.43210382282268
187.98509881849168
176.31486360973213
216.99752296914812
174.00516250432702
159.51724745938554
212.8591653208132
159.40282384335296
195.23744532006094
218.83359526423737
167.49395364505472
189.771686401451
168.96939343574923
183.0086199704674
190.91702593152877
175.03388467326295
183.837319033104
186.8589275184204
198.18165565107483
178.4906496355543
188.82431251963135
153.6864548336598
208.29712038103025
175.4447009054711
151.17990850913338
190.02225802652538
195.4603050936712
199.6160408158321
123.46517110767309
240.0645559131517
151.07926290202886
189.8429805675405
176.34466870641336
206.99979246774456
164.79101459594676
228.86603554454632
163.67001102730865
190.30356328870403
180.11768622137606
171.50437561044237
199.3189686468686
186.02039557357784
213.79817079450004
194.17981565539958
171.95585772104096
177.6032700172509
177.86422285455046
178.87325612461427
205.71429850388085
167.77691178617533
164.1883655966376
192.13671218318632
181.62596465402748
196.06739688914968
194.01803300791653
193.86250342673156
168.3406188475783
141.71944521385012
235.98386142170057
167.9334690932883
182.362816510431
185.93156850116793
181.35416026518214
186.5023036277853
201.655298559519
199.86717289307853
168.8464582063025
182.68814563786145
191.1120287743397
192.12520172121003
177.86961146170506
190.40809815307148
230.77812186570372
162.32140847976552
192.2437853293959
200.13502581143985
166.49413168325555
214.1139572446118
154.74636349937646
215.47560545580927
169.00416787387803
200.5876295650378
148.2433924236102
175.66302564000944
200.22342424211092
203.07974497665418
159.27378942730138
202.09238424286013
180.42352410341846
159.79178750241408
159.53033321379917
213.27515661081998
149.9015833736048
154.522020970413
196.70114714244846
233.74133494636044
179.5473984402488
168.2218907768838
208.6702465491835
180.6238013051916
179.1817368042539
162.15483180922456
219.2555683593382
165.2204887145781
191.25595357519342
187.4934799267794
167.95235989103094
189.48681210173527
197.73299392993795
236.9077671202831
178.84177384647774
163.2971347970888
180.24721914727706
164.9873565993621
226.47895070759114
141.36922324175248
183.86484477936756
177.65296275430592
160.72566602827283
183.96741886396194
176.67973187024472
217.03473381942604
167.2316423963639
180.75377533392748
158.65182109706802
198.39758886850905
219.4944321339135
153.42928890138865
229.83103300601942
136.67073263198836
204.33463054848835
181.72426058421843
197.50987692154013
195.50001863809302
156.3283325660741
186.25983760814415
216.27148090698756
190.54486713930964
156.14295360114193
170.59081867861096
212.30901601503137
140.36559623060748
179.3497503499384
172.9543585862266
209.00998429243919
179.671176092932
163.9935191249824
178.95553491346072
191.8409340896178
193.37529656855622
199.225433147687
165.58431442652363
180.59270255157026
183.56004788225982
208.51324070442934
158.42354462115327
172.15314920182573
203.95601404149784
147.78825379023328
206.67364078300307
178.91668521170504
192.25575514958473
211.30464195692912
177.82485425513005
169.29152535216417
198.67230141040636
187.1608310745214
185.13553508685436
159.77103963826085
194.6330158491619
190.5552253498463
171.33534487505676
197.7045780197368
181.5194158470258
154.93071251176298
169.90169782936573
188.42482358048437
176.66850159975002
200.5020343316137
201.69176053995034
192.39410800981568
185.56447091541486
220.7241594098159
153.91484209988266
179.06309636234073
196.2978527256637
172.01514223770937
157.08522298646858
210.37326839350862
182.2570398687967
173.6901207002229
181.6525220302865
232.05175983853405
159.97079207014758
160.89153114933288
167.88195234665181
186.99418625730323
204.1328944377019
169.75996135809692
189.50375083932886
177.67574646155117
184.64034855173668
174.31265751481988
222.23874601599528
213.09096490353113
167.42729061224964
169.58702644705772
224.04047081951285
154.11681795638287
187.81189558515325
174.4789918511524
185.43709245102946
155.92028778861277
214.00516220671125
187.35563607723452
201.71770594856935
177.38101712655043
194.08399117930094
172.82078079908388
175.58768034906825
175.58619683067081
193.34788042667788
202.0084404562367
169.47926994448062
183.61750692990609
188.7307349050534
198.34402923175367
171.63148724997882
199.67100650223438
194.3125100301113
187.48270731093362
176.06215561646968
200.72776389180217
177.38679056690307
173.34589369111927
200.57824007968884
184.1261631618836
180.1664923763019
164.58031692891382
196.078626284434
171.5591513485415
159.681123372633
199.27842740970664
138.91114324628143
204.1771227256977
220.4552153046825
149.7403976281057
182.96366770920577
183.04940651200013
166.80677979736356
160.57379836845212
194.24272565788124
147.52122270409018
185.90860762720695
176.62832642748253
209.56938247161452
181.32718964741798
176.23531548096798
175.49672342231497
184.09143452130957
193.78305608249502
186.15233766677557
185.80497186793946
189.7552327562007
164.7261123713688
194.07988575764466
232.34142487408826
145.99924094899325
214.11081469041528
185.84153603494633
186.9768010659609
162.46361598209478
206.84927224821877
151.3822652559611
224.48028204136062
163.32763993891422
191.4335307975416
176.09134517755592
175.1960522410227
171.5133621309069
194.02682471455773
153.65638739056885
199.47261531586992
179.15108731534565
194.46836045925738
150.18795998283895
179.8134810444899
194.86949117062613
201.8483165454818
167.2085934790084
168.84021431370638
186.40019279130502
208.71274243138032
176.10474508698098
181.82081841590116
193.75663895794423
188.70516153692733
186.4261511451914
155.229775001877
188.30014592123916
185.99874727107817
197.6740065513295
198.37796355463797
137.48887564102188
193.74589667463442
160.3623047521105
203.4264705851674
167.38285044534132
174.4709410679061
233.4480861237389
144.45217634766595
187.9101146121393
192.44305698794778
165.03114978637313
176.41356684308266
209.06003760063322
196.16333304799628
165.91328576591332
165.41554821224418
180.75913314829813
160.6917453103233
203.78032195632113
191.4974051794852
224.91315784549806
184.38439413910965
161.46929734555306
177.85102836391889
199.93262586998753
179.6741718306439
162.41414456337225
198.4559237489011
169.38911899272352
167.2650728437584
190.8510573617532
164.99094645591686
182.30405722401338
164.53959322051378
203.83525882242247
187.53418255143333
177.55197473906446
176.22138917457778
184.77972927567316
200.1502364097978
181.89351257146336
162.2463976079598
172.7556921801879
176.94343537924578
192.49316734483
192.75037729757605
180.34920443058945
179.67229277465958
188.883116572164
160.46076868020464
166.58279949310236
241.2553535719053
177.71754825027892
147.46189162740484
201.95398505573394
155.08192011294886
169.6318039103062
186.22683392214822
174.5871646438609
190.3464183587348
180.54055533756036
206.4133827869664
171.64635441306746
175.22195077920333
209.58098730974598
149.64384370786138
239.8801456199726
174.07588582206517
156.67816106957616
228.34188881493174
163.33453258383088
217.7487022645073
148.80752716830466
215.50719494442455
172.56770352006424
181.18757537659258
185.89173642435344
173.5317044670228
196.76823169877753
191.40668621571967
136.00265398959164
198.38183670898434
192.19158671883633
192.22687104530632
169.70687895920128
206.46759744238807
160.86270859243814
216.92643011477776
144.80870757595403
207.7436947437236
204.04408774449257
129.56563749717316
217.20045730180573
177.44316554593388
202.0838092166814
186.36892361490754
215.18190795578994
159.2183784461813
203.82352840615204
176.81472897942876
180.32684714149218
209.51687507436145
194.58188509504544
194.83428699098295
169.96909498772584
172.61231139762094
205.398133506882
168.2464997419156
173.80935181450332
171.5622102750349
165.88537075353088
181.81007994222455
236.39816209225683
162.3065818840987
202.69821503938874
203.5631231406005
164.724172203918
192.57405411679065
183.0696029845276
190.66181794571457
171.51908828347223
153.2054010858992
229.15701167454245
165.72889461286832
169.83146017586114
212.6513158151065
169.2382283064071
188.00016900955234
172.1724020485999
191.4836725635687
184.7980717419996
141.0761511392775
199.71351923496695
196.1776052362984
171.80761123244883
176.5402782059973
177.8765265707043
185.21477513364516
193.79417430469766
155.36803172098007
246.6078506820486
172.02336061286042
186.32427383644972
155.53640359675046
204.6433828001609
183.71091416105628
170.58352298638783
183.66879671497736
182.4397830198286
188.75179357785964
158.08672092756024
249.42486979201203
149.8977891713148
192.83121508121258
176.98015263158595
187.8860604717047
169.873961492558
180.02871902444167
183.15672439016635
174.60484118165914
234.01679032418178
140.99922570440685
207.5040951014962
170.3349116658792
163.8096040012315
241.52299744240008
116.98412158101564
178.81959038594505
191.89820409356616
192.19435389200225
191.7645900247153
188.5453649784904
174.79389563319273
229.8320611717645
173.7248054384254
200.3398640555679
194.2041125339456
169.1353459567763
229.95903265557718
164.35809480247553
186.07870257622562
164.50839347095462
184.01263548905263
195.376692592341
147.6700369080645
218.5670316001051
199.341621848871
163.17159386194544
197.016822708596
183.92095000029076
213.5453026520554
146.69740289240144
172.08463251346257
192.4461134322919
176.53596565237967
197.45627988968045
185.04609857173637
156.77096268127207
191.28718040400418
220.81583550176583
167.88619706931058
203.1201391708455
169.59706596750766
182.06267261086032
192.50903523585293
169.8399553594645
179.95528598804958
158.92016085673822
205.0415548851015
173.79013655427843
186.06726282497402
158.99631203478202
190.02626188279828
176.88115961372387
160.12921476521296
210.81098211265635
194.4905019440921
174.2355034914217
227.66678419150412
157.79791071318323
190.51586309919367
158.72856624104315
201.83151491102763
202.83603479381418
182.64424205658725
167.16972833068576
198.52876921533607
165.52642769017257
222.77691093151225
200.43900705623673
141.32534328330075
199.21453559031943
158.2988366772188
196.65364494005917
171.35659738862887
198.72599566233112
196.2160498543526
168.9168800553889
191.43328024155926
175.5062566997367
169.66819293581648
156.91735791479005
220.08534498134395
173.86104469408747
176.6351320843096
188.97603740991326
156.64322493207874
222.68319242901634
184.5024096108973
199.58653175045038
192.77803454658715
170.71439716155874
192.36607233062387
191.89892711577704
160.52569850173313
209.94576215720735
185.993247356324
180.14451114629628
195.43993485497776
159.98012372362427
196.3784199609654
185.29798272094922
192.18395026016515
198.70998557587154
179.94222649512812
185.67428196244873
168.14936033135746
216.90020886895945
165.35427753190743
187.73929132893682
202.25170218927087
169.95002302940702
203.32334881433053
221.4467992114951
155.40401229134295
178.07643740682397
160.37245611374965
191.72206975298468
180.14911811664933
204.867817119346
134.22500637517078
219.97212730633328
182.68072587816278
225.87514489894966
188.74393080320442
167.44538447679952
196.33427129813936
178.576562663191
181.29486897430615
150.6486461238237
222.3993432840216
185.7859224465792
191.81352726585465
208.11154765437823
182.63627857738174
167.44012444862165
167.64060466794763
194.00635329587385
173.58146443008445
191.40305503533455
176.02390586194815
209.82107329647988
154.97968709783163
197.12528609862784
227.0915298316977
201.8518575115595
142.22991421457846
211.31880961125717
149.47709045134252
181.65510980621912
188.77995069767348
169.10137444996508
212.73077957425267
144.8828410921269
159.27853616437642
214.36713339335984
221.75852234777994
184.77651203068672
207.8010970649193
207.60652792471228
157.57306353450986
195.21876032429282
180.74469716945896
185.50161879498046
216.30010061128996
149.1761356901843
177.82375756301917
180.45096056140028
209.55282125034137
165.4282524868613
185.22256356891012
172.81461914250394
164.65726485929918
210.49637022218667
203.93731992103858
183.4242769202101
175.72393719269894
182.46668464090908
173.77833760430804
198.60324990260415
222.54260913847247
148.18232991464902
257.6388420452131
197.41148890194017
176.6020217963378
189.41891145223053
176.5479847114766
186.15412487258436
158.52224708284484
172.0533222531667
167.7265982379904
188.02141024835873
162.7879826434073
179.27373814058956
185.11262062046444
177.59311921568587
175.6403410594794
216.14535639778478
192.8960506406147
181.51422878965968
197.94068620237522
205.25232454627985
184.01222646428505
200.8954535962548
138.78478187165456
242.2561961726169
145.0517778992653
216.24382073129527
138.60196382942377
196.08768321870593
199.42598945146892
222.91742982971482
166.58865056937793
201.81821726827184
182.48803153494373
179.49325041554403
166.90668171830475
195.66362100548577
189.71962715435075
178.24163893051445
180.28271628683433
172.1267245389172
185.26360518991714
183.26331047835993
209.06229271233315
180.9225821759319
163.5416736654588
162.38237914280035
204.57906911807368
192.80984282377176
132.27587988920277
242.2123580474872
150.81816638045711
193.24460558319697
179.02415940345963
168.72396244853735
194.90426070225658
171.42563370539574
177.42791267333087
184.25277180434205
193.0270083277137
171.36207941087196
181.89536036894424
177.9510643540416
134.14660640637157
231.61058298352873
196.59292490017833
182.68760058953194
164.43862068396993
175.4487397936755
172.68548779346747
197.28275004436728
168.03242962795775
142.8376512551331
166.25983706041006
200.90349656780018
207.08818116266048
183.0654219040298
165.6366628743708
172.887762375467
207.0106151419459
181.73335687094368
200.82640393974725
177.5904887559591
155.06301125645405
183.73953689303016
163.96597703377483
195.58822777384194
208.48649746796582
185.59789295034716
171.0977956529241
167.4824755716836
161.28950715792598
197.778249123774
160.66767583985347
208.114384532033
185.368140557257
174.56145752826706
199.8576082024956
176.9628229595255
230.35266200260958
144.6905948499916
177.3831470766454
192.25842807913432
176.04858559800778
163.25501626351615
169.71561981283594
214.3572566245566
142.91334558272501
251.04709110816475
162.68804948823527
187.9582583157462
172.67146126466105
196.3482392951846
172.54933004587656
196.4987106163171
181.29272302263416
168.73437525867485
221.40169662889093
160.01029543211916
168.93103721173247
206.4411711282446
193.58580360241467
195.34479886537883
180.68525418965146
219.3373031427618
187.95034625555854
200.743313428713
193.11761942791054
173.1543172785896
172.83535134670092
217.32963301270502
195.24170929961838
184.05234528059373
207.91258518613176
211.3868806946557
200.2009923258447
162.63367267971626
179.13644801144255
230.32272773754084
151.92518191575073
181.73200116638327
152.59587481908966
220.8169687364716
228.05350403458579
147.04235111299204
223.0470403379877
167.5723565898952
186.70608106884174
147.45500612288015
207.99519520963077
182.05941199231893
173.78505638684146
176.67176249966724
195.25408675393555
189.88147246814333
167.48410548188258
194.6246362683014
166.7251457319362
224.1008534351131
201.26263922423823
185.53383868013043
165.15603807667503
189.05505779909436
194.11272990290308
191.3659620193066
177.05469860386802
170.90521123231156
184.67069013015134
156.3472798287985
197.3714818515
162.13300858734874
183.0131784012774
191.80573974578874
188.75066896312637
165.0179241821752
176.29319949256023
201.3206694351975
185.72052225808147
184.34331903781276
161.14958062570076
195.57383979135193
198.03287830634508
169.6533931112499
217.99733149027452
167.51428938034223
164.33928256330546
192.69094779761508
223.88245010678656
158.74387514794944
170.25354199152207
176.74075514590368
201.0500923364889
180.2449870921555
191.81012143363478
169.65603371354518
192.14413147303276
187.79494786186842
191.21599576016888
174.24949107831344
168.604389090091
178.89400597958593
200.0585680293152
174.6121361432597
174.48780309665017
183.42329860507743
165.86181108397432
189.45680261886446
204.2256556485081
203.9809015892679
178.7902986726258
155.28848267154535
186.94895802205428
161.0254854366649
222.3348656266462
154.40453688107664
224.46475283667678
171.18784279789543
175.92911403509788
198.20912200544262
184.98652592662256
177.2087426277576
184.43234494450735
181.0567355165258
201.593764267629
162.2265228451579
193.10924676252762
195.44217314757407
142.4079519843799
229.32535410264973
167.07990971812978
189.62790596787818
162.30162939894944
176.75260850734776
204.07569802633952
200.180691673595
157.30494483822258
209.6615420766757
185.85983178706374
193.6573750617681
197.8668949608691
195.92354187683668
151.7968920218409
204.18213877390372
189.24186089617433
154.0810226040776
175.65878163144225
182.48823127918877
182.8566331702168
180.6883830454317
181.55588430381613
198.38526961859316
200.60460758645786
182.30914596526418
167.46365867112763
210.46450435678707
147.5349765078281
182.87509313953342
177.89030565257417
223.82236577139702
178.9487603455782
188.41039958194597
183.9206100985175
181.09868286782876
221.30044603912393
157.19288396084448
205.27801853587152
199.93152752821334
181.30335844459478
224.54881989385467
179.15273245057324
167.20241291378625
220.5023924568086
155.66404675936792
184.09367538592778
201.42149923939724
198.4676988935098
160.43538503872696
205.71272979455534
186.0462370266905
197.82509846641915
177.785232562921
173.7475211073761
188.80394958570832
169.4858284945949
172.2865682062693
180.31454581790604
185.4707514361944
194.06675026548328
211.91856248537078
177.8671487722313
185.6947518097004
175.20192204997875
198.73299430613406
237.66347089712508
145.9717323911027
213.29893645091215
163.55088588473154
200.4330466412357
213.04477648454485
190.84049761050846
170.88963104540017
160.26393132883823
223.16454642132157
199.00254546001088
178.32700032554567
153.04653069440974
176.56878195115132
178.94563029200071
195.97685665276367
153.15046470449306
183.93711999541847
179.0016962302616
205.19964037148748
168.71034528739983
160.2537874392001
194.62026454653824
167.33180529152742
171.47065466741333
221.78847199422307
193.6171518440242
158.8128940113238
207.23004868923454
159.57661390077556
209.91175539040705
176.78173973510275
171.6909784678719
172.526237673359
193.1385684342822
176.98439532821067
206.270795289136
152.85518657165812
224.6784108642605
124.4283296057838
228.16269439843018
151.47125611174852
199.6824547473807
183.13146069593495
167.04710644710576
180.93837237672415
204.31830934231402
179.7545938048861
218.25620051892474
162.84054025949445
204.4546840969124
185.88060440536356
176.2495631094789
208.88656199729303
154.16334313951666
163.12905310309725
195.80714421131415
202.6904891258455
200.20409663353348
162.82032555551268
193.51926688372623
168.22419547877507
185.55715344997589
189.26842725387542
180.95216911635362
183.86651749687735
196.6632527806796
159.52763111988315
175.48723034060095
193.63856770010898
167.06606559513602
216.0707482577418
173.82253728527576
199.41401986347046
154.27404907537857
194.23301000893116
199.12763526127674
176.29405120492447
167.7831707475707
158.83540679106954
164.99113698344445
199.7108227899298
172.56819489150075
198.9783533073496
188.58044963126304
179.6739649567171
194.14956958848052
187.8345842716517
184.79910148569616
185.1958203772665
183.63009989535203
155.75306763057597
205.19510696444195
204.09580398874823
199.18975517246872
158.4410548750311
212.2355787307606
191.59174714592518
165.18541337328497
184.7265956334886
208.9027979595121
186.35216861660592
190.4947395627387
189.77952295681462
207.68817336217035
165.7499743308872
191.6768985755043
163.726274275803
187.36312870134134
170.68901761312736
216.9435228893999
196.52611594944028
132.36534355854383
196.68254458421143
214.28580589900957
195.09720487025334
150.11924808099866
209.42837094515562
181.07779691572068
199.6545987665304
235.23632192687364
155.7342636002577
175.29122963367263
203.44962211488746
142.7668667222606
187.70639415591722
171.10395528568188
198.26684667094378
201.49567601503804
178.975338338234
172.66416399850277
222.62062656669877
152.12038301862776
201.87423865724122
188.78706323815277
169.4460207617376
184.1606799782021
172.9327149206656
230.31404985039262
184.28039324481506
190.14973294810625
148.67769027978648
197.61882108048303
173.7414373581414
202.88252521457616
146.05266991519602
184.20982231246307
206.66658115328755
196.0226053353981
155.57365420350106
230.6469924680423
164.8026585317566
189.06532032910036
166.655807557574
179.62498840939952
160.57531638839282
173.31287597020855
224.84115295519587
173.14427503658226
213.31579889840214
139.38147695543012
216.65832338639302
168.47099129273556
176.31790628784802
182.33722661825595
187.741368343879
168.04951667552814
174.22712096542818
195.07912174257217
208.69810459687142
190.30325577454641
176.40789591002977
182.19692189991474
170.497204029758
188.59036707127234
209.2278096213122
141.30922529101372
199.62284873815952
200.128992861195
172.23620496550575
179.2177770670969
189.06780897208955
173.4475846621208
155.55949194927234
232.58113910537213
144.02344214735785
191.23889282695018
190.7955055628554
184.92715147009585
179.18832966551417
200.18115540448343
191.9796580071561
156.6347975481185
157.34530816914048
184.25081910355948
221.53968844324118
181.13080066361
183.03239125962136
194.2901286422275
217.1815943296533
164.05583886918612
161.0074193290202
201.22111610608408
175.29543000052217
191.9806549171917
169.48335528641474
168.53761347575346
177.83428694983013
184.92338594206376
194.15049387339968
167.9935087315971
185.6170867345063
198.886295600445
190.02882178418804
187.55225018807687
214.89426639763406
182.6395991712343
155.50683806178859
229.87178751500323
180.68585769541096
185.00108270096825
224.45338114880724
174.59057648689486
178.2723021664424
197.6742580983555
188.21866573783336
185.0598752957303
194.35412260022713
204.58547629462555
238.67768206918845
159.07015710015548
218.7856357950368
155.55331053200644
184.67441785318078
160.9213340622955
214.50735162524506
172.91324043547502
217.2271240093396
181.23682999488665
201.16479639487807
187.09134001412895
175.61736466077855
182.80761349463137
185.93616359308362
183.65296866104472
198.42082220455632
172.55287253286224
180.1076322933659
208.17480973427882
156.84920961782336
150.93569111672696
222.82867730292492
158.66116019460605
161.08741147670662
172.72619251772994
212.33132127061253
123.50094008020824
192.12327993288636
174.1671811226406
162.51600808365038
225.80153788271127
200.3040194924106
136.76895753177814
213.55886328947963
185.50220072863158
186.52167997090146
182.55135754361982
184.10554679622874
183.98527573019965
217.6320715242182
170.16595634445548
196.60754116420867
163.39980232378002
202.6002460870077
176.26064316002885
155.95510377007304
193.71324053726858
182.14637468429282
175.28489505231846
171.0282758641988
193.70114606572315
176.53752541611902
193.53624885168392
151.5370878521935
186.8337484592339
182.13721104583237
199.8927187207155
171.19247254612856
175.2848590539652
188.2926300438121
177.75080519210314
200.8870132729062
230.89187164913164
183.7273824341828
190.8858963532257
166.97505152167287
231.9482935486012
164.79903463739902
201.71095148433233
188.164697346685
206.20215179183288
167.07811656279955
195.19382993120234
152.1701220535906
177.28710404684534
173.00122388405725
206.60283405910013
186.83057184173958
134.11443157977192
217.4093689424917
210.90065364493057
161.4117948843632
191.72178686910775
159.65756630850956
182.27843720075907
176.84629189537372
169.9379820304457
176.69677323073847
174.50267400487792
244.78195202723145
167.69007963954937
146.68199626385467
226.27251375146443
203.96570532757323
201.22392569988733
153.46944693767
183.61022712942213
189.37542056076927
185.38225072663045
210.5928395279334
188.74048784951447
176.32551865419373
199.48998110345565
177.26407566160196
151.0716014872305
252.73089308053022
175.44803786673583
184.6552414712496
184.03415899066022
203.1760734959389
144.7244738053996
204.40506105456734
197.51428550377022
184.53099453251343
172.61534870078322
177.07314486941323
193.95604526245734
177.65851300541544
198.29573052283376
140.70552290650085
202.52189981588162
205.9399577950826
175.1077147051692
188.41898566653254
196.29825520020677
195.8198184130597
164.1723803144996
198.122899583017
177.48456828243798
206.77301958447788
195.12257255089935
182.57460667699343
169.8628692374332
151.72595501836622
191.29939503024798
190.6888942393125
178.7837625455577
172.45361059950665
210.9138493691571
225.11605588323437
174.07085916260257
174.87017079937505
175.25793571671238
212.4047520814347
177.83443280437496
174.26799659174867
186.18338123935973
195.97040049970383
180.04879168939078
225.3480577490409
211.5191123659606
150.71698516828474
204.02044185996056
182.1945618200698
147.23522468929878
223.55261922895443
168.55672950809821
191.12468308920506
175.95593966916203
189.33303608646384
184.13058184128022
196.05343715823255
155.28548916673753
196.15164644806646
178.1048824173049
187.52508381352527
189.20796619926114
199.58217843511375
211.24346131365746
151.50201555364765
216.85086960857734
169.0781428894261
192.51718231575796
210.05937803926645
150.97690893313847
198.56311849155463
202.74669728032313
168.69415472523542
158.41289434186183
199.6492080219905
169.55365113762673
191.7899539451464
158.79082893958548
190.666972408304
162.44938798510702
182.47668305953266
213.41485670773545
162.0271089367452
205.0976912014885
187.00641297054244
173.7593414869625
205.8921560603194
180.69000904960558
157.97486747516086
208.46503212547395
158.77576438966207
190.3042594579165
214.2141519691213
189.41243966697948
147.51226183975814
189.84894675202668
161.48410051269457
197.73663515242515
169.80165557540022
171.04460539354477
203.68011475983076
159.14447134023067
208.06596428522607
186.10287975426763
190.42510954133468
144.24775140784914
210.09355257987045
182.79278818669263
223.66602932475507
215.72308700991562
205.51343417458702
159.02554522280116
170.11566245357972
202.40160109545104
174.2626486950321
179.95885311544407
186.955980315106
214.49565512640402
166.60803906188812
194.2929591720458
157.71998820465524
201.71119730302598
167.80743825936224
165.5370614459971
202.81362122285645
173.97136771364603
184.37108339590486
174.7173741424922
189.46520729130134
177.05473717604764
189.21228194364812
189.23295866139233
189.75207010412123
158.04582203750033
188.99467004206963
165.54362887062598
155.7081649278989
224.23666188679636
155.25668339722324
211.50878769974224
162.17184864415321
177.96745638654102
156.53188121656422
217.9132666134974
185.21529370266944
204.58426330506336
214.60025576211046
130.12656905280892
185.42477653187234
252.17786927788984
186.27380872471258
207.25241811131127
186.2260915428633
192.05513674020767
146.94051184656564
200.2605690539349
171.18181216833182
224.13227564888075
165.53245624061674
145.52480789646506
216.61235286900774
189.21136411186308
145.82483063079417
206.89164230821189
161.3675195517717
218.02932135248557
191.3156036734581
234.04424251953606
180.1650642369641
181.61371442873497
227.7693763554562
148.26344753568992
187.17156825237907
186.2752257770626
209.6076810612576
152.73178499331698
209.3226380588021
135.09017024433706
175.9747684255708
200.99901370785665
175.74743088893592
180.25441444909666
160.32188772887457
229.1795632764697
175.4283046409255
167.6828338811174
180.73056765960064
174.8378792766016
167.15595612069592
217.91449539456517
216.80550879833754
170.70226975379046
171.05707287299447
176.52977778902277
168.99662153644022
200.5622981915949
157.80091358337086
189.77052308095153
168.79704947699793
193.1917931844946
182.51052839495242
171.1616032535676
201.80781813233625
151.13876320468262
199.24585869442672
210.56608066812623
136.52987408661284
201.49846319435164
172.19869595381897
177.0513814148726
179.20097526942845
178.12833346554544
161.06221998191904
212.3781418016879
181.0448344615288
184.9115191734163
167.9884898782475
211.48750914714765
161.92416838288773
198.29035695444327
189.20281972864177
210.0781297357753
186.75110879552085
180.4195937520126
177.71503176970873
156.7805018540239
201.1411969830515
204.37733991758432
152.04328732204158
192.1616364705842
175.3553842966212
173.7020399243338
188.20116001775023
218.65496156609152
173.14724325749557
202.53460020874627
172.3844043329591
182.0545351851033
187.07194399647415
221.82752055174205
190.34923799033277
178.63550583494361
171.6338925525779
184.55825108697172
142.67302757117432
188.90105032571591
204.79802371305414
161.16443717631046
182.34018009563442
173.42266725935042
194.16509546071757
204.5072809434496
194.2428764309734
183.94609844184015
187.4564061446581
181.07687905384228
173.88160283921752
176.8592790568946
172.83273057697807
197.59213408397045
141.38621266081464
187.92316518444568
213.71322468027938
172.13719461567234
169.00361984199844
197.36279804632068
161.10121593717486
198.50139314099215
177.35362959338818
204.27118444337975
134.9670672668144
186.50954955630004
193.89968421915546
203.17466307827272
174.30817131139338
212.62206849828362
235.73447102413047
181.22207332286052
178.51610787329264
179.3091717287898
163.24862396542449
277.62147931964137
144.42109110648744
187.07121593493503
175.54471934679896
217.1533163690474
171.99473111936823
172.33755796938203
177.97188455692958
197.76572305965237
176.82727874501143
191.39542280789465
176.18949179002084
159.73345383803826
178.98882955207955
203.836165625602
185.69421365426388
180.5492031677859
190.96935111796483
162.36980889900587
218.79026191309094
194.7149954359047
158.7143074318301
174.46992995939218
186.28689005004708
197.50378551951144
182.42671764525585
213.7476092709694
194.13185098743998
187.0987968086265
161.96898470120504
195.66903647058643
176.55409915617201
194.6888783389004
206.22356691665482
173.0123121503275
244.12355674477294
143.44722681306303
177.47781676473096
242.52583043463528
140.50619586044922
193.80042288533878
183.0643779198872
187.76946882263292
208.34015859360807
166.17466725362465
185.05206612916663
181.9686747925589
153.5464069796726
242.9275899596978
158.37709736824036
164.27511866309214
208.2184094748227
163.04108505602926
189.35367471876089
189.1329632375855
206.69684608234093
188.36593587044626
191.92770438385196
180.00102624646388
149.40251283568796
198.75275431829505
217.8526735608466
174.9852230497636
206.97471071092878
157.13299653376453
199.41109957476147
188.04695579386316
189.9790707823122
217.35713704139926
195.79280561290216
180.36886580265127
155.877655379707
201.30094890389591
204.37399150629062
155.05436231882777
210.1778304106556
199.3777648707619
175.06823023967445
156.63203159731347
238.6577174072154
184.07775919081178
183.91442915261723
184.80328725359868
189.26534110156354
183.10196205845568
184.59737079043407
174.48137956729624
190.69590344140306
176.104897056357
214.2212275910424
174.27278665499762
155.91885502787773
191.10443923971616
234.2467424441129
168.8822640584549
187.56390559172723
177.60626183752902
191.92829376051668
173.3448814357398
197.86021997884382
174.71376265166327
199.0686541995965
203.89365809597075
175.83868011436425
176.23988323530648
188.63048169238027
183.94518825993873
192.60401491587982
213.3215671244543
190.46852498163935
167.3351474616211
163.93703756015748
192.6232873100089
179.48449635889847
164.4463971570367
182.88806972652674
213.0909936936805
159.571889566374
199.65248395572416
207.20094723498914
179.90092151006684
161.54844277270604
177.06295175675768
171.8348476581741
190.9617825774476
210.62247209437191
209.1605143842753
189.0111578796059
181.3728476264514
217.25786764349323
183.80348639760632
154.22589063935447
192.47258407110348
164.9276787446579
193.12580458342563
167.60319148062263
198.46571540436707
180.03441526461393
160.18460565595888
218.20504209562205
154.28779509756714
155.5575853033224
215.34662830852903
168.60573572374415
147.00925562507473
189.08625872945413
179.51992530480493
165.89471646910533
212.57900341402274
180.60139714099932
167.57369108335115
254.61031251982786
191.50825481629
151.1266291522188
195.65994021040387
211.32850391743705
230.80963028105907
186.9744834547164
150.0053920027567
191.33533679728862
225.78919015370775
156.00087539013475
210.62850387534127
172.67864617099985
186.40983980649617
165.9210783825256
193.34126225672662
167.056217253441
191.52159210620448
172.1278817198472
165.09405395947397
175.22794954804704
178.73886333149858
190.01320803374983
190.86863398039714
177.29436552664265
224.46091748401523
182.6707085747039
142.08597023889888
151.54355278343428
218.7826431466965
145.5081016557524
207.99308050936088
154.91235630621668
199.50428976828698
197.6757987716701
202.8462612380972
182.72807232802734
221.72997284308076
192.9748330671573
170.52647330029868
180.63252191327047
211.6507069451036
157.6698407715885
204.01961059332825
174.58498167106882
211.91221357288305
152.62925631657708
190.2193518227432
177.46701447642408
208.93498689378612
168.8793945654761
181.6893610326806
164.2609949609032
203.6673861257732
211.00200138648506
179.15097426238935
202.86116117227357
179.0742017965531
184.78418353409506
204.67284572310746
183.4331100776326
178.50731990183704
184.0435091709951
156.7665381965926
224.73184323636815
156.44966635818128
177.79257555271033
188.3671859888127
171.71998394769616
179.0800202835817
181.46308607363608
176.17623286764137
202.77748396375682
162.86740312050097
186.0805926900357
189.08434049226344
201.0933750573313
150.9927977300249
197.26532847376075
165.3430465537822
181.80037674424239
183.37320979242213
208.9360207269201
180.02668553264812
195.6098824860528
167.83518510113936
212.8473174738465
135.86564500327222
181.40750841912813
242.5104034858523
187.77395448694006
163.91439132147934
190.04247321165167
185.09438671160024
165.81038534687832
189.23568347410765
224.43590802466497
173.5201389050344
178.3163494070759
157.54022094875108
200.4653528352501
177.1397691112943
187.65586237423122
201.83281741815154
179.18590969161596
198.62300984351896
174.77916124928743
191.51396886305884
170.04136944387574
204.4113725044299
195.43462743994314
197.4128818011377
191.0848236036254
166.1243907265598
192.83486233244184
182.021828374709
175.82240091566928
210.35579298762605
155.56310137023684
201.0680333111668
181.78074169356842
167.58972791489214
190.29356435139198
193.03317867126316
185.45215342729352
202.45189622335602
165.17967515822966
173.84176854614634
174.25850760925096
176.99476928671356
211.49672255141195
157.62134380533826
164.2124335579574
194.8953254877124
174.6672942028381
160.79798432195093
195.43895339919254
181.5122793042101
195.92761780880392
171.00630111782812
186.43397469818592
185.9502899235813
185.03585173783358
180.8029876013752
184.81730578036513
186.82338483794592
161.27563488832675
174.646690846188
175.27279711177107
161.78946278837975
211.67165719426703
219.84544907230884
143.6067408437375
211.96611478179693
144.5253884739941
199.30540407181252
150.6511120905634
182.49519064696506
187.40247250639368
174.04646690748632
177.1858620098792
226.86096704693045
165.82415318395942
168.81798006338067
203.48052276053932
207.90428208722733
146.75052883988246
168.21612626384012
180.61676600249484
218.86239752767142
148.77474164532032
195.45684297580738
165.40274545853026
212.38644395989832
192.11180694343057
146.5662661412498
198.54133174184244
199.69700410077348
182.02030187507626
173.82971874380019
161.7628988045035
195.5958853138145
165.18897593859583
175.2199010429904
183.75847932649776
205.13521689723711
213.4307283499511
187.79434055183083
172.50759980932344
175.982234002091
203.2947299882071
202.8002719001379
156.02021604776382
216.2920320535777
216.37100908730645
153.60539129655808
154.59965122351423
190.640672906884
170.23960131057538
219.00615063565783
178.89649940968957
167.3142367573455
207.9083767356351
205.73293710616417
162.9308162512025
163.6329228930408
191.7028523312183
231.83324804354925
144.10499957646243
202.77452213154174
179.1169806753751
192.43047497305088
145.42729929066263
179.44409720832482
192.84613533411175
175.2595859876601
157.1167521897005
209.10688390000723
176.5364857026143
180.82859358389396
215.3165427246131
187.17928098712582
188.96418746374547
164.53515080362558
190.8652570748236
189.99210783373564
216.7009158595465
188.6124392215861
165.0777665739879
204.99020224960987
178.295497103245
197.21609582251403
224.69820366089698
187.93341031495947
180.23732232186012
212.4982622601092
195.86458658089396
156.70816280937288
202.284648093977
199.47028769622557
189.6396246763179
182.63148207054473
190.52969253063202
180.50142059801146
251.3102514236234
146.0722841892857
188.87500949192327
203.0230139028281
184.2481682691723
171.2237971726572
197.23629578878172
159.48105413769372
204.9692582519492
171.16699405573308
176.77297345804982
174.58552780677564
158.6165999021614
201.55054041766562
156.64800767821725
196.59841223130934
152.69458190794103
194.9491293465253
151.34910917596426
215.6339986094972
132.02352772885934
192.94285118230619
178.4264551756205
184.7875557532534
204.61359924601857
156.9039699024288
165.44501814607065
174.15093962231185
160.46514696266968
198.61601623729803
184.20960109238513
187.35371768684126
201.54857272084337
157.57361919921823
205.7545113679953
158.36453977029305
203.65582011570223
182.42572652932722
215.32120004866738
233.87244811095297
153.9970495305024
218.92281605908647
226.19268553250004
151.7828167694388
220.84767201903742
187.09089226915967
249.65766100597102
187.1833853328135
156.50964881002437
220.40458349254914
180.46547703747638
186.8290443464648
183.71092466125265
205.60772944812197
165.16752217605244
200.71998178388458
183.3536785444012
206.82091101631522
173.40887805458624
153.87503732554615
196.2723282581428
181.59051152132452
192.21009452454746
197.47734453203157
175.34222610283177
156.6416441288311
202.3186096342979
175.2287054557819
172.05242549697869
209.12818494683597
164.55812813760713
195.18701469735242
180.00062343291938
189.4766832322348
166.3582295619417
204.16467489022762
229.23366307013202
139.89201200567186
168.41303339006845
254.02540576958563
146.70568391750567
193.5879919655854
159.35125376435462
181.23263287206646
191.57717199192848
164.97448281175457
179.49281070090365
173.83526408160105
181.40860830049496
178.83264251204673
182.7823467362905
196.26713440555613
224.9801010970259
203.5238439872628
187.9613142607268
187.7353484526975
187.72406466014218
164.0955354491016
227.01544700318482
201.05449230887461
177.5130154644139
216.5199425444007
157.20927606639452
190.3273268971825
180.17332739883568
187.65023006137926
173.91142584150657
187.3888360579731
184.8573024884099
182.70548829436302
179.05033033306245
201.9211601340212
192.19544490566477
183.38148153503425
182.07096684689168
210.79691465070937
168.9859939306043
191.5560462353751
200.89443826663774
176.2701360778883
182.71805164124817
178.61062937811948
228.95723231893498
158.63826234440785
155.39672276901547
207.87955305865034
159.11279581149574
163.47876805788837
183.329653691384
186.24379490409046
192.0580897728214
210.3290912230732
167.8048691052245
176.09440568380523
192.77681744121946
175.78725315839984
173.88639921485446
192.70126504078507
231.79865251714364
155.60509789420757
224.27189750631806
151.06250086706132
187.03280004148837
200.74737616977654
178.7804259902332
194.4497497258708
174.0589813090628
214.54586516530253
177.3959048333345
170.83999552833848
178.47520878491923
201.55179448472336
182.33883187058382
232.86162477673497
211.436884347233
149.97830545029137
148.58288484613877
230.65146015491337
143.9795834539691
207.94799896981567
201.28482906147838
193.74759992049076
199.45552840817254
170.52156777353957
194.0450519504957
185.01362746208906
187.50156284170225
190.88991631940007
170.5406141440617
185.6158746110741
194.7547374399146
185.59924757806584
199.95905961666722
157.0641613904154
198.76982973131817
174.86537037487142
157.13649106910452
188.54089300660416
200.84844343550503
171.34153617417905
168.35395492461976
189.24159636104014
207.33289665577468
189.2973662778968
150.5596557862591
205.91980254510418
203.219067107304
167.28869919967838
189.6427496552933
195.2288210458355
183.22321646404453
179.8429589208681
179.26155307726003
208.47286843846086
210.32330536353402
150.95749517343938
196.45640238490887
188.80317355366424
166.09719591692556
182.31131510809064
178.02092269726563
232.11143586563412
139.61082411382813
183.56489185115788
206.4180324766785
208.37887130095623
197.30864675948396
222.0463437703438
173.3728872409556
221.60517353506293
141.64589847344905
201.6384002160048
219.22343369352166
163.918685295037
179.80090943502728
176.35463767196052
184.51458693214227
176.68973840109538
197.863981131115
160.36143506062217
199.82310547004454
192.89516153163277
190.73940947139636
140.9660972629208
199.23590960307047
196.4752123146318
190.78982296213508
187.89619063050486
187.27390232752077
155.27735880808905
194.6179731944576
213.49793300579768
171.5686535477871
201.6714216886321
142.35740441607777
189.79691563546658
160.7421910983976
192.26476640813053
190.82665289612487
169.5957642805297
189.8305072686635
157.07193842332345
181.48964836273808
185.7125205808552
180.8694598734146
210.17515750147868
168.22481847414747
176.40314492909238
188.59582199319266
192.42902162251994
180.86262561753392
196.62744120473508
167.8781601570081
169.89325294503942
173.70366559771355
191.13889019039925
168.39133633940946
220.9696953681996
144.26114872389007
163.0189110895153
180.616501909215
190.02125398349017
186.78995221457444
174.46375834872015
216.11031121085398
168.60920153080951
191.4286008066265
189.97880499006715
210.84052451944444
190.057092384086
189.52055828925222
156.58238922350574
191.9467569392873
173.0599098089151
219.2369957929477
150.05191411916167
193.14268330472987
197.1531077414984
152.4424836524995
161.11629929021
221.71651387796737
162.0051382461097
174.6021773192333
170.43260154209565
187.8548467074288
182.04411199793685
178.18940238293726
158.9131218342809
174.62394686008338
194.53575408505276
197.06551216717344
177.45511083642486
173.7571112139849
229.27688848844264
127.02409690688364
178.65961361653171
154.23912786878645
178.9836490349844
204.40895944228396
192.29403406346682
151.5215315632522
200.52086238085758
172.73201125313062
201.16726716957055
208.28031851677224
154.95337056007702
154.15783407189883
180.26428320782725
191.2762242356548
177.39134099753574
177.49721507087816
195.25781955046114
199.24915837263688
168.99438918905798
176.48275732249022
185.70601706474554
192.67546203534584
200.9166886190651
141.44829197600484
203.54021046985872
253.34353337367065
147.06566798861604
198.51916892884765
155.35225402528886
179.40295049815904
164.3547088074265
207.89181676111184
174.0456646537641
164.4337205804186
212.7047221470857
153.3583972308552
219.1534130544169
193.93976722413208
164.90565356251318
227.17261600657366
184.8756215418689
167.44711318984628
193.58924599317834
178.60007516667247
181.85256185394246
173.0730604507262
232.9335349497851
178.287807171233
167.37150245392695
180.01286494720262
156.33440935169347
204.30136915144976
195.5528616142692
220.7534809865756
156.33954476192594
162.26006736338604
213.48444592533633
192.81055891001597
178.0409336857265
156.6629071534844
170.71859684889205
208.99975339742377
155.08173434075434
260.30972733546514
178.52787779679056
168.59742377826478
169.92369405645877
165.87084074993618
186.24153872940224
186.65718542749528
179.7115687984042
188.52315104170702
181.54695800761692
187.54758029826917
171.51304982160218
233.14291215268895
158.11470764235128
181.95683789916802
189.35234197590034
145.30211230088025
191.87518756871577
160.12075113120954
201.8656499683857
138.00551825622097
208.39066924073268
169.4470006490592
176.47260485508014
205.63365475239698
153.39603646867909
205.62654392933473
156.85819493618328
170.6858247622149
191.13974144298118
183.56414835772011
154.68008594214916
190.15763497410808
209.8870340891881
196.46785745001398
160.03777931199875
182.85728495637886
194.49284866906237
139.61231241514906
191.8624130464159
171.1707030601101
174.01463517686352
176.18414894340094
200.28075501322746
161.53907057247125
199.4278007982066
208.93071706185583
144.82662226143293
154.4914121410111
179.74510575132445
218.76995482936036
161.7304031830281
152.17271744739264
218.5166915783193
156.8008773138281
207.98212866659742
169.74833713506814
198.29158616438508
176.66598061600234
171.82823765685316
169.2465858515352
201.6065097496612
206.31899083929602
144.39370401448105
182.91050889494363
211.19702840480022
179.00947508995887
171.82874340738636
192.9039562632097
178.53519474714994
178.9548358131433
201.25887079362292
179.64219860825688
174.5000051627867
186.88580613560043
194.61184492520988
187.1672726473771
180.01998030184768
189.28439399134368
190.7373920881655
220.94249885552563
211.0402426184155
212.57965003233403
161.90546089492273
223.0416621924378
170.7243097384926
180.52673055324703
171.0945678516291
187.57722160895355
192.0126895934809
155.63006664940622
190.735000341665
165.79392837535124
205.48871997115202
178.58517927862704
164.46584034676198
172.61205368710216
177.84697744320147
176.96197435935028
191.25258822517935
137.74656545219477
181.44110186130274
172.06937247421592
213.13799638859928
155.26798750367016
202.31560141732916
167.9711328985868
134.37141861370765
187.85273121565115
198.60755593923386
200.7538455449976
161.17725531291217
168.84637807379477
241.08023567066994
165.86230776936281
168.9370194269577
200.10698288527783
196.19025226007216
198.31732296256814
182.69387237122282
196.2883304686984
165.3178628172027
167.88741904078051
205.1037244022591
172.74776576529257
219.1265667063417
156.06277349370066
173.093097124598
171.8265770104481
208.05782902031206
145.7233860285487
205.69157749880105
164.67759649246
196.67202148074284
159.29730111092795
221.37594458600506
199.63606010901276
200.41219960397575
193.00809138140175
167.34673951205332
195.37792695278767
166.0363702410832
244.70024635025766
159.3997471021721
191.91570339724422
176.96776626072824
175.3331421726616
148.55238944652956
196.44421455007978
203.3557608597912
199.2330258792499
185.01727076410316
163.14635617041495
177.7227963008918
211.12991978914943
154.83566374401562
195.8403595566051
168.17794816056266
157.3886306390632
208.5252632854972
191.00954212713987
163.94712898309808
201.90880333376117
196.70855672296602
175.50403484434355
179.67857791832648
220.49364603334107
118.52201930515002
216.45768672926351
215.29483402473852
216.62361781974323
157.80616375722457
217.69821531441994
190.28279028448742
184.8005867493339
165.26966050895862
164.2111162203364
190.8167171558598
152.95973975153174
231.02500585617963
182.2069681615103
173.8468114658026
151.186547524645
195.44631678063888
180.33329369546846
197.80763079237659
210.0481504010968
214.08649438025896
185.13346862932667
161.7719880110817
208.01596984791104
177.8126028276747
156.27069468516856
239.4993238823954
163.23552126914728
219.38929384807125
183.8118894760264
192.44202701782342
186.01610440574586
172.53101366758347
194.4569953115424
161.72169608273543
235.82511328416876
143.9803689358523
224.72049547743518
154.97181902464945
217.97848826041445
198.09454112197272
133.8663245771313
201.85395699262153
185.27786519285291
197.5551577419974
217.11915365839377
172.93612307764124
198.228700951091
150.8736944620032
194.4061134145595
157.23948950774502
185.71150786371436
180.99668774660677
165.10817175242119
159.5328217545757
189.35777581715956
158.5165038901614
182.5720027841162
165.28434207697865
191.33246936858632
197.74855923769064
157.39588969002943
194.57328874245286
185.6536884503439
187.9922262907494
212.19836883374956
159.56279898481444
207.5471942910226
201.08757506194524
206.44550123636145
182.0285850710934
181.31544351007324
187.3074647341855
162.30246772640385
189.36785921198316
180.3499799235724
178.8258475724142
183.80219569441397
181.20192986400798
188.2353083230555
182.8854472731473
221.97096644807607
162.238638847135
195.97532725823112
203.28654874593485
169.95891880977433
205.69620900752489
152.23108864878304
220.14799197157845
172.7265756947454
195.374502326129
168.88629065372515
148.00902570178732
201.69131319911685
187.21582110587042
192.5505883335136
191.90508162230253
184.16227653983515
178.73178409633692
203.8487101617502
179.7784227351658
210.1049784295028
193.78523974167183
197.80103142221924
176.64190337969922
209.61648448579945
193.07384152524173
209.7872117041843
161.6339096951997
201.2540911824908
195.44168573385105
211.3596436380176
191.6527708324138
211.05167768907268
159.45903000363614
201.17020250146743
191.76203060825355
184.99268148024566
209.41431010130327
183.98526018334087
165.4084320635302
171.5300483480096
190.98339210648555
197.16703182808124
211.896087607136
191.81778602686245
163.23467703722417
139.71492892724928
203.28870822372846
168.127023748355
188.70232435700018
192.40182123263367
223.73030739661772
132.20733299059793
218.60871953167953
204.33852332131937
170.60594360460527
199.88013504969422
190.82066284609027
189.510327651049
187.1847822817508
180.44119702652097
205.7641508341767
173.97328402509447
187.7403378507588
185.8147449294338
165.080030976329
195.9385872402927
212.27548567170743
157.2035611992469
178.4183064979734
212.9060817551799
188.32922136608977
184.83546238089912
146.25641059223562
202.90428594930563
150.2779907619115
189.49614255549386
204.88516280974727
177.93771175318398
189.8858147901483
173.47637705272064
170.9827232871903
168.97076457948424
194.88094135571737
176.20879202557262
183.28839822218288
191.9563377018785
187.47035798465367
177.13253038190305
176.44219925173093
208.55173498822842
179.058610190521
172.6195303426357
207.24913451925386
173.8146516054403
184.54737381078303
181.5062197415391
199.80214859580155
162.50329308933578
195.24296853179112
181.1720440047793
161.99180604633875
157.96045512822457
219.89422660379205
167.6656700592721
156.16684937290847
213.79003946238663
159.49225708993617
212.06832647440024
173.7593808308011
226.4817813715199
153.97695404314436
178.7399265730055
180.85275329067372
180.44410763005726
146.12550468719564
185.3954596358817
204.1588998642983
140.78834553365596
192.66569644911215
202.88446385716088
177.16210115409922
181.11752161604818
160.60653932858258
160.35079015768133
191.15390283358283
163.3596459212713
172.9547909370158
176.37902223598212
206.21251585590653
144.16913646878675
214.53736166621093
173.76324918621685
179.8550896536326
168.38862968992908
181.02203388465568
174.98351839592215
187.93813343602233
182.51821284065954
164.1135295155691
188.58457225712482
180.54280506330542
190.57827861537226
201.77691343799233
176.2664939155802
179.07883374055382
174.7566827989649
170.09995841572527
212.04072305129375
176.61953754466958
177.89854142814875
179.19236427510623
245.94257232523523
206.8762428414775
158.9308013028931
227.21854551055003
106.68303926778026
186.3040505311219
200.57395484275185
165.80967371538281
171.21711428870913
215.36699393531308
167.55217060283758
190.02904271986336
250.19787140469998
135.92184857174288
156.44511619897094
194.94447319349274
164.37982004415244
198.44812564202584
167.65815527760424
212.4790770263644
115.44920103077311
239.2828341446584
194.58617158140987
149.11978334817104
205.52372805040795
166.64872337132692
238.73147495510057
164.19277637579944
187.53371051349677
208.1623116179835
136.90775211679284
213.1944986206945
163.72268197929952
205.58184975548647
162.3934983011568
199.78411241981667
174.9344607401872
230.78084485745057
167.27615291578695
138.3366219708696
209.84917100949679
177.9228639799403
137.94301438634284
199.82604896835983
195.4391949987039
147.74493704969063
181.97125949326437
185.98528485605493
191.09627612668555
161.34402415319346
209.81497228215449
162.74030325654894
184.47725178557448
174.56871955632232
176.86149132903665
182.38359148649033
157.58420663455036
207.7089916097466
156.14172499952838
201.88057954248507
168.7353892705869
171.63576787977945
167.16465251671616
181.11503167066257
180.42461325821932
196.46915945748333
157.29463698808104
183.08034212247003
195.69376342510805
150.4768909526756
197.8065358045278
153.27917447686195
207.20613801770378
153.61697180056944
184.81261345441453
189.78493682609405
163.4274681347888
247.593155200826
178.97478756972123
182.42808493378107
152.70724861789495
179.9833428944694
208.03838804690167
181.3645829608431
188.37002145440783
188.9867770037381
164.97437079797965
160.2194189215079
203.3570621984545
175.8460409899708
197.22020722483285
178.77436699601822
166.89782478485722
230.29612557939254
161.19444630853832
214.15978514472954
209.41956146631856
113.51732320559677
195.60075147508178
179.87397978268564
171.913630832918
206.93321602791548
192.05979590979405
165.72331963700708
176.98491337883752
173.73888063477352
234.82651162345428
164.96013055858202
193.15822370583192
208.13804827386048
200.26187268283684
199.30838028457947
179.92977371730376
185.85212748323102
196.54972954594996
179.1525888631586
184.86940893903375
201.9785609053215
164.9946772212861
144.6314964586636
199.99042352975812
174.72528265754227
246.56970812997315
138.48805373697542
179.13026417803485
