271.97120586815345
271.9714830594985
271.97163615341105
271.97179785336084
271.97180917822516
271.9718376456294
271.971878751061
271.97185953115695
271.9718031633711
271.97185681534484
271.97203154339877
271.9714748872466
271.97138593794807
271.9715907150512
271.971776196433
271.9719020405191
271.97186363640867
271.9718930639556
271.9718579618402
271.97167669868577
271.9717484082921
271.971058238405
271.9716591462402
271.97183608744854
271.97183916634276
271.9718585106566
271.97194661719914
271.97151947274324
271.97141511718473
271.97180678631594
271.9723383266246
271.9717750481577
271.97152739536614
271.9715413173508
271.97134082096454
271.97186166181746
271.97161141639845
271.9718662869054
271.9720220509371
271.9714261144545
271.9718601754612
271.9719350874984
271.9714848062904
271.97188799238575
271.9718919684092
271.97189459877336
271.9718878232379
271.9720513835091
271.97203468253065
271.9717898127419
271.971896756917
271.97205872506674
271.97179558969583
271.97190672518263
