163.63422651569908
163.63446712037603
163.6343199527637
163.63431650315033
163.63428955564177
163.63455271077873
163.63400785323756
163.63447329333758
163.63431379566737
163.6345215852698
163.63433483568497
163.63415764698584
163.6342975067555
163.6343270899124
163.63460498489258
163.63459962964225
163.634335957433
163.6342783647342
163.63439613384344
163.63425899000958
163.6346459686447
163.63429477965474
163.63425044928044
163.63443687306244
163.63462317891026
163.6343020184304
163.63464043113163
163.63426393344344
163.63433613314191
163.63435347802624
163.6345991581602
163.63433896256538
163.63427786216926
163.6346595636969
163.63461514703886
163.63433434680337
163.6342841661808
163.63423090023207
163.6345636959304
163.63465509723392
163.63461930674748
163.6343320114902
163.6343278206732
163.6343022834808
163.63432143663886
163.6346316397794
163.63433188002637
163.6343429277822
163.63430069348942
163.63464358143028
163.63434172543748
163.63448234144562
163.6345612096029
163.63420852731724
163.63430523657553
163.63430118310498
163.63468110404392
163.63462957474803
163.63426269643787
163.63453726208536
163.6343386350636
163.634267557969
163.63422038459248
163.63433835789692
163.6342961168375
163.63432904707042
163.63434047845112
163.6342866550458
163.63459332037746
163.63433771156997
163.63426501297727
163.63445553361817
163.63446820923127
163.63433804481974
163.6342696878346
163.63454621653727
163.6343327845898
163.63430115969095
163.63433486473514
163.63440591532708
163.6344311905159
163.63446821061007
163.63419493428592
163.63463797025543
163.63460071592635
163.63433159475244
163.6343632136559
163.63424284211578
163.63443616635777
163.63461723869113
163.63463648602556
