393.1461947601065
393.1513377045294
393.1543777806737
393.1546416794472
393.15581555763947
393.1564175700805
393.15637411208354
393.15592817791276
393.1569394862272
393.15648572670034
393.1566784346469
393.1565742051116
393.15614355458456
393.15675843491954
393.15633543102194
393.15687033302675
393.1565398825769
393.15678851872326
393.1565214165403
393.1561351412729
393.1567161890598
393.15636304807776
393.156770154239
393.1563983372398
393.15712025497123
393.1564707602429
393.15651542602427
393.1564621594098
393.15626916329893
393.15665978148536
393.15642385311
393.1560606341445
393.156427363956
393.156652689966
393.1569068408535
393.15630416752174
393.1565243683108
