356.7485596562393
353.9169096478679
379.99280017227863
278.4958728624315
278.4992035667756
322.0988732367207
287.2021459627863
282.2637718564947
280.88803514546
292.9395618231665
292.8352954391985
282.2169438926412
284.9227999457926
269.2047739230843
236.2786268112659
294.00239646537557
302.60693086889296
297.7605942406499
271.7802207717268
287.6404533069508
283.4769380507796
286.72552381779315
295.56823374221676
280.6673523265317
272.5390365117046
287.2786117824453
307.10374186636363
263.35868461843256
275.30934634886944
299.7464488085607
284.1155096026032
271.13305659220714
256.25955042368696
268.7810287813518
284.55714810603604
316.46838866002145
336.51335479860427
324.02093916316335
309.94308706073025
298.5186637852803
278.26666850318907
276.72611815892196
273.24867402724885
256.46098931189226
279.2164433833368
310.924075941899
301.28855246336934
369.6868623387127
263.76379917007216
300.852939208562
292.4758368232906
267.0064171159356
294.852208767752
269.4547940937573
259.695835796163
297.65016449416
292.72248171691353
331.54820510424906
258.13079930740787
270.00804174195946
252.4164198456274
295.046971569398
272.81091406499763
282.0291893966096
302.2724255557623
285.7002072866271
292.67646662223706
236.723177956399
307.1275046140581
313.61377116899894
287.7347301476948
276.78566558207604
311.42546386639515
296.7336990162148
295.73821782450614
278.8337672785601
280.5016399485503
337.8397899230222
305.9722203618985
318.9742214400576
282.99621099370415
256.90476251831205
266.73779949710297
296.2371678206946
276.7108543779905
271.4186555204942
264.14163779868613
296.8774315838273
276.6122014221801
276.4977849193492
292.65161917481964
276.4288254185594
247.9790690505506
280.05964014819983
282.2676294547964
283.15048618347646
262.7931629442319
309.3511440379734
290.1290548075085
281.2307126512278
300.1605048048368
266.02371595600926
279.91231683926526
280.349784720147
274.21672591225433
347.5799901041173
307.02808102759445
325.6787816780852
276.1712878794351
272.6130995021449
271.267555789349
267.86511331132715
382.69696087113334
355.709026216482
287.4311901881156
319.5719253809075
298.75082777858916
289.99202742134366
277.66785477694793
288.94497619901813
345.5005755103921
270.78104170611186
312.07528351485234
294.4081580285201
298.37266830010776
288.51714487752906
286.30027685429377
278.2048653974198
277.81725844136963
260.76849774236325
234.54830295127613
307.0833980581665
265.5473903224047
298.907994034882
294.8844190708551
280.02862624802947
292.0595211986438
285.0554985832714
292.03067129842384
311.33623539379914
285.7940490354522
291.64965579211275
273.98805727955187
298.33698751503835
310.39236237975274
298.75992124854383
274.52427369492216
276.90613977995963
287.01472532810294
305.6555674231349
249.74493344617804
244.71706292650197
294.8082983272543
266.5397450046439
282.88095713892835
245.5050654677325
258.7606247955555
261.9337224151386
294.6199321094682
264.6201545942604
260.2991163162733
318.0168117101057
289.10724385569483
312.39307797412766
317.6128751344222
309.3334206414147
300.3669724383435
285.6301313220465
274.7705185875893
287.2103932084283
307.857538472359
268.07965059203707
271.6315798876385
268.56617528204515
269.1633994622098
324.99475989558414
312.8039823748404
284.77121879666083
239.72151682249387
351.25330352822493
308.33258147293236
291.8994253812489
234.6878053552282
291.76302955535357
275.85156794523937
239.24911937962315
322.6384236960366
285.4139616515022
301.0913534206775
273.2003962264862
276.2376758514147
319.4197993663329
262.4229901195504
317.21527111070463
285.68849692016374
280.44253295645467
336.9814698395494
265.7960805298353
322.97538650765637
308.5343440800498
258.3608477473026
258.430196900139
276.04254622670123
232.0615534426761
276.97079378797207
260.52484516567347
333.01929078363173
285.7101829786043
295.6131749875203
318.8495093270103
305.99041644907993
282.7721756896717
260.12010146807006
287.2565729924245
290.5100101081771
249.75109739656182
295.2144040401472
283.33472857675224
302.0542577777451
272.8225870801689
303.47300228982203
276.4286967632943
242.08537809286645
285.41699836598127
269.82788501853065
338.3327953207918
278.6025810884239
278.13528368657717
258.6013364663231
263.4419742926839
269.35299004917033
248.64236348964914
317.46334621887945
246.9209872825886
323.34759646204475
271.74668767933326
285.4108878906118
303.28297101773205
276.8982192751864
264.58088033688546
362.2431435569597
299.5768474263605
299.86292956297984
297.36297404489596
274.58210270348354
302.01070765756594
315.88747266291466
257.37287407927215
288.05359136073093
318.39500071162183
288.7018710156117
310.07605805453204
305.93195631113485
290.85028362783487
289.06697280399385
274.8215722263849
273.380525707209
337.3617923273705
283.0918095801171
310.99785940989386
266.42635651119053
247.8094524834305
285.1520582090161
295.03278913427494
287.7904229032283
267.21787407073134
287.52209294223576
290.52868367570045
293.04309857012413
237.8661417495896
300.43767351265706
265.9333008786052
268.91442519644625
270.1812055217888
296.59990782079694
257.6013579430437
292.57661494684
280.2468078462116
309.3665375299606
318.5753279343626
288.0936679333972
254.21845368023787
297.7346460280387
244.0639581484429
290.1762160844082
327.981726814789
312.53596132852545
300.2876027382008
337.11157996005204
307.88564535470505
250.55985788156977
309.5449610960786
294.64716004960064
295.2483812165883
242.81053155913833
278.35047931400186
272.2983048862661
298.6817483535415
254.94342471723212
255.45374929475656
281.53215459137573
298.2103048199788
327.3952664625249
302.0186349732685
317.05871862816275
296.7302374464052
299.55792928283336
277.8232810834452
297.2198561658588
254.2436710834154
254.53964840293338
299.1535177865444
231.0289067154663
299.4552158746519
273.6619326856744
317.4776690148865
314.34053850284545
307.7242091420776
273.35549083325895
341.32070146646583
306.0180478312832
269.2339055742632
322.32107724805246
317.1674833465222
314.1647877328069
278.42966802035517
251.37853579486546
284.8688667415554
331.38578306561976
327.0522979641537
306.66134840591985
270.1133386797883
282.837779170688
324.97305760170275
340.07255979550246
287.63164643829805
304.2285927969933
286.46527003720985
291.0031269747851
242.23324877262348
257.52915485684935
248.4418746137817
258.996623496947
286.6592396789638
260.49032509399694
272.32787834903866
274.1285815796
267.6766723076289
239.96461504904437
294.97442457619763
271.1952301101701
296.77736384376476
275.87001379158755
263.1949930100236
299.9325231779367
304.17481179775496
297.9704877100594
326.0473266186891
336.1738279444835
286.25818817720574
278.4242758331675
272.8276687715843
302.25004643338616
247.661660093916
317.12492192733043
269.6932482262491
299.4941168564983
273.79033459498896
253.29689624274033
237.5765361070371
262.8390853658202
269.8328455582232
309.4753564403509
373.0154660119297
325.12216715454997
267.358447916602
307.46628696146945
286.3343282950955
286.2372159099177
282.74696174242126
250.94247782714956
289.41445903990825
277.8037031201675
295.8236382868781
298.454164342882
292.52155617356766
311.5580871402344
307.6330004127376
333.8549706953636
274.0491120396473
288.6698475935991
260.6672996857669
305.5071014981222
354.66984190401854
313.1027376878628
271.90607951900165
294.9585578627739
282.8450072325795
270.142773712927
282.1842183953413
314.8594157552725
307.4001678956265
332.984620394127
280.27444969303906
250.9671011725004
270.2044455274008
277.3379666661931
243.53045620680496
312.3687516109785
277.1890476192784
275.73509356933937
273.39190275203146
259.2278612682567
272.9202363075601
254.2403108391445
273.9196945818694
283.85186902243004
295.4637084794522
254.6935946970043
279.2639117718063
278.2779904363415
287.3344369537808
295.2792065844842
302.54001426009927
292.6975994630193
294.10493620930356
280.21096672368003
262.4030799520842
295.95905328127265
236.62243222087272
334.56722555948363
280.9618727390625
293.0396680124395
247.02532867407717
272.6177869279927
291.54870090604527
241.6219050353684
330.9930620488449
286.8716355015058
274.65964947680186
324.6564627370244
272.2382326090301
313.88702287257183
342.1139451818599
289.9764157108584
310.6431546781532
299.7656330665195
274.95715382088383
303.56201988364046
276.16775126934226
367.8747877855494
316.02034132722474
246.95956831109652
285.9363080353942
284.334683679248
379.8857632066938
264.28645550229703
265.9321039582137
259.1842424865172
274.79123135557165
267.3309579001798
248.93490966700483
272.168925086793
330.76681866688887
245.37170456085005
282.1653360280616
220.3620654217084
305.46393609806546
316.6972136759723
369.06226742308354
285.12412902439246
261.5932189357118
296.6135005951219
303.1366496620176
306.51307352713775
315.5516775372962
280.57684665737906
320.3324894197867
275.3224760813755
296.28746684922953
319.55368971286225
242.66621557681356
273.9533753438154
253.97746531653684
271.0596610363282
277.96433576961863
275.3300949956465
259.6297468942357
275.57904698560014
265.2503670518636
273.9046169600333
310.7296179597324
275.4177805102372
275.1081419358379
267.3877748650266
287.1150423903309
298.11427992227254
392.82124939223286
318.6070919749036
285.0815620831854
306.45153300996753
306.3905990696221
289.3966834230232
327.32383609964745
314.39378623466473
281.84534190039267
297.07983501206036
266.55297706159763
271.3774333092151
285.79879246573546
256.75533220756915
278.94358181767166
309.46988554418203
322.8051737944479
329.20173405780224
276.7799470842583
295.7761116186739
267.4235175217327
278.9281444900844
290.8072026090231
285.7909118255775
281.1733831956226
287.8283257696021
273.16271996090654
253.77609332752763
266.085102389683
295.37945468214457
300.70840106060496
304.74331177570275
237.38762853309163
268.3690567302401
259.7842876519135
304.5784643132065
259.6487970369926
289.9082302072784
305.20419533824315
359.7290698190336
330.2219539642392
292.6764033816289
280.84976743301377
302.64973612630274
284.18495930780773
307.0110023508896
253.14667143547558
288.6347522336291
307.04754661550396
263.4559371568612
249.72101006802404
391.7303387405118
322.24985744667356
299.83624155269354
317.8286021515087
309.57095168394153
292.84364670480136
300.8319350419333
269.07011159625836
241.76870353906997
287.82440034815227
260.1418702999363
259.54772332895664
285.51923928031465
290.4776020804129
288.96981437213253
241.87712805651245
350.53482151782373
268.11038557926076
288.4888406430546
325.0520573401591
307.3026751281577
291.3873878470622
327.7781846388825
273.3698371445935
282.9449830306985
284.90281981698354
254.7338376303669
286.2653968567611
270.0482274283131
269.5785276668903
254.41779864765704
285.44736569779343
323.92824290375574
287.093779870891
276.8380294175877
283.1019834308245
352.7638414611283
277.7666801849846
247.03846161530237
335.49777751610964
318.15189528555493
304.41109435417457
288.0033084170427
286.42094064335106
291.58250751753803
265.26031139463885
290.4210204202973
327.7285433654615
287.84718631909345
244.61815724160988
281.2331338756194
270.859285768267
300.2927291877277
259.61754763970384
247.52454840467544
267.78196498123
302.3331200577086
302.77694965232513
269.18312122445786
234.2817733680713
307.2907739170769
291.2236651038984
347.8140839295811
274.41774672523024
294.8850522203138
292.98859821475344
259.0673797268828
288.9236342588847
294.20205858396366
293.1310590445646
313.6154110027128
268.16419680955005
324.4220350662363
263.33787117217435
288.93766759644495
277.6358175747737
267.5581530321215
342.688728459354
299.0272252828581
289.6949160603399
301.594380383729
255.83216528274352
255.49609189335024
306.35171195081784
261.8356883133529
282.65666386601515
278.4849855177745
256.24525194079615
315.14634115301305
354.62699239177164
314.20225630150526
245.5953315741208
277.94375795230735
256.60278254788136
282.07641464166227
266.1619634500821
270.04352081991965
358.78355246412684
310.5938261259871
298.8863718268112
281.7455682583095
267.0941493711143
271.07254974820535
298.71788003318943
261.47846906795166
252.89043664824567
294.334340346657
294.3873577139166
326.6663983432809
310.00171877036337
249.55467870258144
302.0211639071349
301.41179100240697
260.0763385950413
278.61523738433607
269.4737660335086
313.7601083093614
268.97347321666894
267.27742990767
303.5118971710035
273.9326935715799
316.15293297177413
264.17089240424684
311.5756277712062
302.8241377764498
314.7166025217448
273.20783631061204
305.8093094706419
301.6047975082183
300.84422658671974
352.6612023804337
260.1633989934053
349.32741653799894
279.36426414136076
279.6596203953959
255.0394877815561
234.27674131948152
281.7618858059868
258.6866428210924
296.14637664714246
266.996747252706
275.9265073526185
288.8536080250924
298.9367698379501
278.1853973622783
350.2465542384016
320.2065794840455
343.2715870064276
290.3293160237663
307.5973868823494
270.436711483635
335.56427242650534
309.794132613024
315.95329504989786
281.54154766126885
261.5608372716815
304.0501919882954
256.142263931426
302.68010826208047
328.82212223729584
294.8088094712584
282.396990277397
288.5501413747843
279.42764258469106
271.46856173238484
267.30746632724185
265.71106681070523
287.99833224058966
315.7049747329438
276.63748438312905
356.2388115542708
279.6534077246033
311.2145884766942
309.4552861546108
306.6104962384561
285.2553082679806
281.9351815674745
267.38616918728803
279.8544184291968
329.2024518097169
295.89823338910355
309.46960415752255
291.3634030223184
283.15172872363473
327.5219335803995
279.0721686745528
303.32010203553364
302.9667979835358
254.7690879041329
300.96800736294244
318.2485965556989
308.84386265766807
290.8953655063524
304.0641202297411
321.0230793818191
292.2465976951644
320.1213006147009
265.8921354940685
266.32127690463676
301.2267513894185
301.5352964005142
327.67739705956774
331.89011943896185
318.1209562763106
310.0280083340185
286.31418410042534
298.2454066577484
276.88600603386294
291.4699310187134
308.1828997898265
310.405436838133
280.17449113042676
300.2872513366747
268.0100877263176
317.0066716540023
242.38694255636074
343.7996678155905
278.35669701805455
295.2794496672868
269.2446195553057
264.3958523811598
255.7916451844212
279.12416814483004
257.07333310096874
254.61999429418938
312.5820606411726
252.70957233794616
292.5747377254884
305.78492770402227
318.4367985340941
258.37955763578066
273.1843011502642
310.8185827090347
324.5476137989899
283.49234903944307
280.9073518376972
252.87227604119107
294.01191760305665
313.67572513138293
305.69454143114854
282.5218928141112
299.6946549922286
316.16442026535515
276.897237518162
275.5681396026339
268.29161418401054
235.6622692574747
326.65570110519184
287.40142770487
276.1919731000962
299.14876435059705
289.71273743044003
289.5336546577746
305.4687701505027
301.4888141474512
301.09643495528144
299.7281177867553
339.46243714162847
263.82805772172287
253.0796530955704
317.7207756760181
261.89010589852114
339.90920789388474
287.11147071400774
348.2964084292762
272.6766348007368
302.3028032887669
300.4669349605101
247.57024030119646
283.32874194785836
297.4033889156126
303.93315221901867
310.51048673092737
294.0488203209825
286.9892131857632
262.4670613317867
264.72180122017744
289.7693994161673
292.2749961744412
293.50901125205564
322.6507564158528
285.52665028636693
319.80667896859813
328.40928089254885
254.0552248225431
292.48113340869895
254.21359420992667
302.35129603615496
333.12847265732125
286.80850791130797
351.31196175905643
295.88737784451223
262.5107577894523
276.1667552049912
277.24409193979227
260.7197647638968
263.0222470379085
304.19009254462435
300.2953790020838
347.2515915907279
342.5894483870652
329.08050971935154
276.3159868743387
265.8811781485565
329.1277106201451
323.33355082024354
289.99625128202024
274.78535720182117
261.505190740485
288.5493242602097
250.04564686774393
284.61731525772484
277.52199036304955
286.29526019789046
317.4145137515152
306.25306432161597
291.2685292987444
317.9114304483228
262.87744014221244
349.36797273898264
300.6588126558636
303.9549295709876
262.86282327771187
256.40046410888317
268.63072459504474
306.0495240005839
261.8608038731618
252.58251413077232
280.1077346826496
292.37512743729167
272.9439271061856
254.29372085857904
297.84636099403724
316.295604685758
337.530237665982
297.1391536464798
309.57199873332866
303.6723157566448
282.6584335726511
286.43805031490047
297.29059800191317
260.4530527172028
271.08926953052287
291.8107904877688
274.0146753830486
270.0204458204389
290.4075199708168
288.2917208286235
295.3890009271854
260.6487898398773
272.9567120828724
239.02859808743233
319.8665292475198
321.0123818257125
293.09820947720436
278.89760272562853
350.46418787696166
271.1309480261698
262.56301605456974
248.11822840647073
278.87995961954584
296.800200577185
297.7785058018635
280.895145094546
353.8274860383244
300.8111106083379
284.4813204256934
297.57809132221155
300.70186457497766
268.22864077228587
318.719213724602
305.80109801818617
299.7425626242766
290.9136676468188
303.12668343045516
271.67372436990263
273.34279926732415
312.4968804013333
287.3491847368423
274.7411233098828
264.45321445458103
299.04548937879736
258.83414285763865
270.076459508331
261.37165621703025
292.299207307864
278.0900499987183
295.30833740503294
314.28576987137785
312.35889597656205
347.38084367878037
290.3687115815119
301.0319865353522
257.1557081975625
231.19400386273628
279.6008258078364
303.51653821824584
372.42106645181775
249.8691823585541
286.1963107494521
278.0792804923258
306.01943892717827
257.53416896855924
275.7263235555729
253.06392992613837
265.0063303777715
227.47342646861216
258.0635855558212
277.36254482192453
279.53719144454226
279.70540050498676
270.4548032704042
274.3850583838648
258.2924128732993
283.7256975565688
311.45620627177414
304.1504265717813
267.9434310639044
275.36770522757433
274.8288873724523
282.4136234205798
297.6457577162655
288.155733586289
252.4418107654783
302.98984884866513
270.39310232223943
246.2702738812659
296.8575481422595
273.7511711331899
341.7784427467268
272.46352247847244
290.9405737151974
287.17133394628763
293.4429275848088
285.12901965912897
271.6016961160931
309.4596456689178
238.36050601507304
247.13676078018034
306.9976002041367
282.3499633879401
289.8152833748609
283.6513559979503
254.9311338645639
263.406562846445
263.3780426020385
265.6853690140997
269.50342756329337
294.5929683489958
251.40814373560715
288.12635347322794
251.44166082935408
278.4572310388903
265.3051347741857
266.4805685264291
284.4860914167366
294.82994656829396
269.20843225572025
300.46939596923767
307.3671129066497
328.3563480997691
282.35791487881215
291.69201564230025
338.4477299011196
296.83874684467446
274.4373586157453
261.4321098579094
286.1667639375082
298.29422949941363
273.3853253070847
269.7169405776076
276.34551921125967
261.251162373228
311.29578298830893
275.0625112520647
294.10673253418645
317.9279191988753
257.97461667552125
277.60809635638725
316.49293159425724
295.0604352899827
340.724824284378
292.7367896002834
285.2594776598853
278.1958158646594
306.34119817923056
294.7621903825784
362.2017078914796
292.5184562689974
260.8973694671877
259.13071224367013
257.0612196525326
290.0840401839814
288.28323630447267
271.0029613475199
284.75378718192223
331.6232720669941
258.9497242572834
301.76484807545785
259.7315688073286
303.75479859509505
305.27132759126835
301.6632778849453
320.1761972566601
358.5127475489862
265.86134727223543
282.6610139940167
279.41852213820675
255.50387192779453
275.32188320340356
343.4667861502385
306.3822676829295
301.8121066465974
286.27178371540504
233.59724153892603
321.2446526980493
224.79086815641494
249.88118732738076
334.94949546369025
308.6894840603927
316.9231983376667
275.88204489363125
274.9641981498571
258.070487974619
304.16026115603745
294.5961867258884
306.86210716393543
285.2478950872319
339.59714098490076
271.2400652906508
269.3619603140396
288.5918588231434
292.86996663629543
312.7758947905386
255.69212961068843
311.8452404025593
259.933065276884
338.23566488496726
276.2924053413444
299.14450387639226
305.0610080464976
305.6928474731976
287.0790130649111
274.7899153737235
249.03339797334047
300.64527874125633
238.08087130478816
296.5612667686073
292.65224674803903
287.6319762984058
290.04499785852386
287.4474557415233
229.97956601443002
257.420655331749
303.63622590433806
267.4164544615778
279.88046424399363
279.56780210667057
301.7616639621556
275.02223056636285
296.5905276549747
271.28788060857914
290.44994413509266
279.3457737067365
331.01960065058665
298.23165238299407
238.75794541096548
334.75636608240893
256.7184794408968
270.9926045369357
297.80396422254853
313.2262949431315
323.86889909009915
368.8059801023337
311.9379799962626
265.7322823641589
297.6155217057676
305.5583219943219
287.7543208360439
295.3609189138515
299.6943390853703
298.72168101754505
349.10754796059337
280.6267888636212
281.68708902195795
286.4558985956246
259.9126583610778
328.79522002796875
298.56457619019784
314.0971495817648
286.5882869447232
279.1350855267956
301.87735226820223
289.8116328892065
260.7926953150891
264.55583695101086
236.33463561628014
305.7968522179872
296.6454394624452
272.40071432926925
283.32922469067853
308.82842669886304
289.6669392985059
293.96056619961746
274.500107291271
276.60276473127306
286.24303430557484
329.50155441026436
274.5249732057564
284.8513395586633
286.0108801527531
250.87700368696824
296.2319960190798
233.97105108038522
280.2413782750955
320.14142011781223
316.01359075284563
351.794326300791
293.30054308252875
317.63682138954755
259.5541647717473
279.1747602301184
283.5138990236446
273.00355096324347
282.4695225978503
271.3312795519596
288.3552887189435
293.27575349406106
304.2131910372409
269.1729344771011
265.91891348647187
275.5664508594782
300.6911114567192
311.6839099714416
348.4913441546378
302.4386278312304
307.4873157781549
280.2910929698264
264.11820187879493
287.20942706178175
276.36871105985483
339.90063978824764
290.83225444861455
280.22738449979806
293.1934249312035
277.5494784488692
280.1047378380317
283.66518105752766
321.6184872794547
306.6114494499634
265.61716966336826
276.5555222922121
266.0275066884351
296.94151221064385
296.2079849228612
289.60728033381747
326.4312638185802
257.3455084913876
301.9869785919436
281.2026644498692
306.0071165249683
303.4722136546043
300.9930721766432
313.3081412484171
280.9514408186078
268.224980786792
303.84275463584345
287.1025996641256
245.565890271042
282.5331877929275
274.3401180843357
263.0039529155474
310.404134590819
272.33495782950195
286.1626456140075
305.92057646770263
286.96099753904855
280.37569911649916
252.14750826446107
322.67014534719056
273.635516368493
302.3199188100407
270.35313047410455
283.89095943630673
244.02340084937168
290.9842053303146
282.645388166653
313.7095441513229
293.3432624510606
321.11733488814207
276.7544059274369
270.16675139480503
297.111706577125
266.6234323056415
257.2870353756589
279.31854189326987
279.5056056896574
281.4505517282523
295.4930237865774
258.7961733734701
272.25263654312585
297.61402571818326
313.5251174636651
274.35810370661784
327.4782750767772
269.4514635880478
281.6407789414516
264.0448522249353
269.94842138089007
244.75531090248842
263.32355017849477
285.6296066639479
341.3074376862496
275.10551479720743
313.8979676311719
291.93673025950557
279.53314912621863
291.21843948744936
319.1231733689783
289.50849635043414
279.0879572125268
300.76397999428445
322.31002628523856
306.5264073864091
234.71444023988442
285.42377252387814
291.2471757422318
262.97848750522826
250.7893696508254
287.01863184472313
302.4401985719451
285.0949614417041
286.7193180861068
269.44394853536505
251.53255822620122
296.1782012737822
292.4842419672059
265.5637352442136
270.5337389673805
254.84230308019323
275.95288268179866
266.63632600178244
260.81923278264003
234.13154997164384
235.44917247397825
314.99295675515896
292.4213585043908
326.8751810551039
252.4456009218702
297.6348141282797
310.9314745091833
258.79458824027097
286.65894480934367
292.2605127215502
283.938611595775
325.9615000799531
242.54947338544298
288.86402120720595
243.73038825782714
258.85263654217124
276.6134704299038
298.3207147580106
265.64083240163745
344.6165376792778
317.098081917793
309.0676162918098
382.6378137198044
322.718845663534
337.3393556717201
320.27529999491526
286.46996590303024
313.80468972882954
280.8612921095919
279.57362666830886
296.7865079152398
305.08041966706514
315.5762864180142
298.06870265631005
263.6319633657113
297.0981616815552
272.88116013776744
329.7131773572182
301.2976797322626
348.2816861883621
325.31920127221383
299.3268918826943
254.45356257935055
297.9355461045634
263.8439668841893
301.9126352943131
300.7921939449152
319.5776882781065
265.0518205797998
302.1108293730067
270.95696515473537
312.7452014310984
303.8370341787813
375.8893131149234
307.3904606439173
378.10695931193186
288.44792332162615
256.55927238753065
293.4873141098069
287.00599110819167
265.1417719302117
292.7139456749428
294.0951200905838
301.99110757384915
311.62662599387113
266.2373783343937
333.09846267174
262.4776603318169
302.0235158637515
259.1524798667524
288.9410045084078
287.24778252560645
316.21491142659215
331.65858380368445
279.6586258141906
323.1385119133629
313.2337601757026
333.0846963747754
270.1708962758421
269.72680648916867
293.33246897364734
257.8660131787183
262.81605963245966
288.86867767525837
334.533352208673
296.47554528235923
314.0691573446966
245.5377310596523
287.6290284297429
321.4053033955861
275.3450984972296
313.2230731426971
275.000795391039
328.18111148662865
309.7998379279743
247.89990711276187
248.36769068747526
309.31932052451884
347.82382799877087
295.803122803336
283.5703426724649
298.34694933198625
322.83304380305344
336.20351823803503
303.719496389851
299.3739359250758
307.20006971631665
266.97225923318183
268.9361915352638
317.3438908075914
326.3368724886677
283.2273013422964
243.91043893032474
294.3419559781323
291.2671869312762
309.73401282640407
326.9487189842039
259.32016999763437
274.5124171914649
236.0891391224577
304.5800182434614
282.2242771849269
243.59205002500676
254.34308628569124
263.9675378765096
293.30640252510784
250.62667224771576
278.11733810714213
299.0580917762127
278.33614088234026
293.28533197718207
277.7163854817627
314.271286893636
301.83914310100954
333.50492996611865
345.8971582825179
295.5499757180223
319.63565481622936
305.4916400052025
309.8945397211355
308.0279681996908
277.8763150413288
294.9628698633169
277.7881726132473
237.11623218184104
287.34044491883833
292.06092538975645
292.10733304556925
334.30972588970326
247.4474235563539
264.9288089153706
269.7310140368063
282.5977596999728
252.53481794783147
339.2210615425138
291.6734537256998
287.26320551149547
252.49703887611395
259.9456934494083
313.2518041047733
298.60734250437235
374.5720973148127
256.94297329033725
306.98176609072834
271.9742695367895
264.81465651904
306.7120663750684
257.53499139630003
309.94484063930577
275.2784103488666
299.69651929760585
306.72572072560433
274.1152263444965
313.7152252785745
246.62870016577654
291.04336717544356
275.7026835217839
341.964562561654
313.69121745880693
327.41236334253335
281.1823392503429
336.04662571300287
261.6620276857284
277.2437183386064
274.00939152244246
297.08200827159453
337.8940416976693
341.0129234139458
353.11563997960184
308.115511516633
266.3494786784868
286.6074997599935
264.57984900748124
300.35818053240655
297.8175115627819
301.3521476725
313.5326185046579
263.38882569700945
277.9515969316708
286.23770996025996
275.1011645543622
298.4239437698852
281.34141330898274
292.86957709369017
274.9744819906191
288.945860139851
280.42772519990103
274.368628004333
268.1379521332565
250.35761751868995
273.4676571143791
306.54281631071353
264.43899855733616
260.94173350324854
261.6134092108696
313.8671179044759
284.1431494684075
268.30357385234674
316.00685801851796
264.0466714396025
278.55034223775147
255.5101616999018
269.72434262832394
321.8986752468627
314.43737102573505
331.7657744020107
342.6699257620494
329.5868253138615
291.47246370697394
265.3369874157361
307.0708411692176
290.30001203221036
268.54279959376436
301.2472359617241
303.37289469479583
298.8608457831433
306.4771859666798
281.13407360756537
256.3183534707641
255.51487568271114
290.38187851494877
263.55266634433065
331.5101904361509
295.0133504078258
243.84913021465763
286.7263210993842
283.18571211234666
301.686387079244
283.87965802900726
262.6920532438671
275.1408364147064
323.8681191394571
276.48717386845965
264.8850483762799
229.38074479415081
296.2518735540216
329.3120575106004
303.24033676757244
290.8770997201209
292.15817086340394
343.02541724184994
286.32349970942596
276.2225568863214
310.0585102905752
299.1325046144193
276.2980092044454
315.92838153167395
311.4796312536928
287.4349972800119
298.4075451720273
266.98948473640485
317.63717246154556
232.99762290040962
281.48387155716773
306.7839806365664
296.5904255579226
291.8796935817809
294.8547532908269
274.2191652919282
253.85319258429809
262.37424369947985
272.83934260485694
334.51281273108907
270.623639791389
277.7920576678589
249.04080415016506
262.1833007807727
290.79082152812043
270.66643216088414
263.31466821191134
289.3773723979248
277.06914429104654
329.99061258113943
286.84527298092144
303.7935900235316
294.62819659220986
276.569228522887
260.22937275108416
260.68002572556725
236.05514557886636
324.3958726559067
268.49660036258865
245.02248204802163
285.05003698793007
321.8412391373422
273.22735221125185
268.2752838796587
286.8708383742487
312.3325765116606
289.15703890274744
274.5490299498779
256.29458914819406
288.98592423199443
284.5957672491204
278.6894313810626
286.0838889721199
271.0063618529239
295.77682396164164
255.27800516493153
299.22235048317816
278.2243848395883
273.25787514052354
262.42223939771065
336.3563012648374
261.30868625157746
276.2757852405193
318.0963027839898
260.13625016174046
281.9837796013453
287.48536248184973
300.6685809129267
313.6902489688946
309.28029697254533
281.1912713383208
280.67288621596526
249.60648281208705
314.241863967618
302.6637360319146
342.7191495746956
346.9355923876283
332.24086208903464
288.68369105271995
285.3504147187341
314.04204727424076
299.31723404244985
300.49759069649735
293.1166038872325
311.07000607298687
269.9142421882716
247.08629241847666
308.4255966300261
283.4883964941255
278.1205312683596
279.0908392651472
302.1141063806135
238.06158895412227
277.9792780166026
276.54790495784255
291.3511705698329
270.64466104103485
274.9572029610863
280.6369141439209
362.75126697833184
367.0395886210026
324.2296023488743
336.93714569549775
329.19983619468985
325.8499581697397
315.5645348376711
341.3861425051582
326.5208796484512
354.44764842343284
320.9732894548215
266.7219364636694
282.14205899101216
273.7866073580226
281.35969132580794
317.2956482115551
284.2953480806318
279.49211446900154
290.37759701925097
301.33807247527875
280.2745173474541
255.84014721773565
299.7986802798114
254.83610207692254
264.36882592068287
325.482024487108
280.4670055171591
293.92016800213605
278.38073168700794
245.87506118789315
293.5191615699441
308.65315167227527
272.73822163726436
271.43075974297244
314.0953972101561
277.343939483515
281.3855838798336
272.6548162965919
272.94693103811005
322.35410866403254
310.7085172669031
303.5315620113979
265.6884409333579
335.5560630550026
308.9349986946909
314.3164603728219
292.75806696596555
289.8525285703945
276.69530509912875
267.84622038481757
257.0123011779506
296.7211322428193
276.08667296526255
319.97054348507663
393.78298002196243
341.11089003871894
277.4601451862836
314.00449699378805
333.51070692110807
299.19739361532265
309.23196149402065
279.3132071516593
264.3155785574927
218.85830109601375
240.49130415415857
242.43923255626578
269.3213400298846
287.10779624426505
272.9785723758396
346.50304541765945
293.7315212524845
251.31391914997948
252.66500099678524
281.8685456451494
284.7636429555714
290.76913437474286
298.62184940086445
331.24512545764446
343.05267418920994
269.86770518374396
280.97673186281463
299.8610500085633
349.2905037632445
314.03880097169895
296.67656118725426
278.99215767823625
275.56451686442597
323.62086302635726
298.3242631031899
271.32861383614363
290.6060213992023
281.4662045002333
361.46561411052244
288.07096075912705
242.78359591809567
281.07876965025207
271.0114874416613
294.699074229924
272.92989679059247
285.28232398221735
292.5075409602141
311.2890594790806
283.52372657629894
265.10187350277556
304.4865105392528
275.0941789573408
310.8524670492043
299.458761064976
294.1494619231671
304.39323565899394
317.3294305873569
282.1025693935226
276.549027112138
280.9093358271057
299.6478561614058
335.17825708398595
303.4624105737894
260.39361485658446
286.89688708930044
308.02452663419535
298.30589841277106
312.9228190718568
306.1475361721241
274.28077422938077
273.2169792582281
294.77685669698985
275.7320942484075
295.86700324196136
261.53827665781137
270.7566203697934
280.2031181791681
278.35274405410746
265.5455768747488
267.38372397061903
306.7060965949786
278.3739677112899
273.9001507529174
287.3798511690693
301.8919553782325
347.29951842321316
308.1323355609784
278.41937664250145
348.3636621220503
291.5274432633887
344.7478643429931
329.24915315723047
242.13421960244887
294.4823146398994
330.1894907093374
312.83967050659703
270.3491005624528
266.53748044301756
278.0868943760288
275.12631243799115
247.3972720769816
272.8437459443812
286.21617380774114
293.39443967147963
303.1970715264324
293.27107621752657
285.4521744425874
305.71922841796186
330.1049898271449
299.91365212667733
299.1562169864774
282.0472121447092
288.1527583861025
304.24841815338004
307.786101878155
255.2521453256486
323.24037339980714
252.85189555061515
296.98043493914884
300.4996487671742
262.89746711053886
303.28653938835487
276.8951839983929
321.32192061736714
296.5880948144477
277.3028261413565
304.4536600239808
312.2514235127019
245.5761110142339
269.353083617636
261.8852739454014
287.34945215808693
242.31958772335202
268.37827440560795
253.8876662189141
286.0403145174496
266.94383093714714
271.36028726992663
268.76216614665464
243.13211522845086
263.8467804763932
292.17502666066866
290.02976721851155
251.52493322838563
299.3146545259515
295.81643688341137
309.47303533903323
288.31270653300453
302.0432824747404
264.743252395303
255.52627364359796
256.41160311573185
288.159223648021
262.24232432665303
298.81796679110266
302.6305970684625
285.56186343799345
265.7552007526392
336.9438729059184
291.53178921178915
274.2947262423113
296.73288095230237
264.3866592244012
306.7600819785148
299.9576598749263
306.39314846496563
322.70847031334415
279.80262521409895
303.393687688862
294.66098704736214
296.1340583837591
315.11427641881164
293.59617838833947
273.39329075231217
314.6751188772032
250.33765770762693
341.19984759471845
326.7491576601751
292.8182929995237
300.0370412223274
252.04056328826118
290.5200436357409
245.74692365445662
259.9521210748935
281.151290385169
295.2296818479663
281.9302311191568
267.61074743501376
307.61408735916484
268.84389681520406
260.66831879212987
265.4839318234008
298.1764612054685
317.31188930617645
258.6463175949175
279.2122755602468
280.2206625940744
270.4860541537637
296.89203165553045
263.06720947881695
272.05367629393004
330.04303026676644
285.69319175428245
256.8364399197744
356.133928850526
290.81337825232185
299.8787868800573
261.7892950922251
266.2201020644279
296.01165728771593
244.4801979501499
288.80280252418015
252.67920967645478
291.10522041341756
369.4520621362608
292.9819521822501
301.5206367193023
248.0418705829652
256.91536346962675
312.17421877465677
331.70665909466334
274.3215073181782
284.6552099393448
342.6426364404615
249.3832542648306
290.34031131351367
306.1254141504178
267.32779288396705
284.92929756606463
231.64576709340326
290.9031051939819
271.1008075779537
273.3973508105846
284.8347358270548
296.40467520279344
296.3809858849272
304.0585009412607
290.4868250290165
250.46070812700782
348.657600946608
272.1595415114425
276.69345168746077
278.63925914815627
300.3488691051025
255.72339585854206
287.62701372476295
271.9676921728533
246.80609621515032
258.9831048306078
288.47921110119205
289.88891591737047
303.133816503454
295.02917121967766
305.5137624865165
260.9202281010803
366.8210249824915
290.63050425762776
279.43433368147817
253.5092657348141
297.58617776236497
260.32051150954794
284.83977122523356
288.37433563615195
288.2197249260498
299.22259130480234
311.85452505981084
271.34282569249626
329.8531870858278
303.0475771287456
290.60162053850945
271.5513375947485
293.1268225044478
336.95693525043316
319.93075699033216
286.4650982430903
329.8847066044109
290.6933529729722
291.83164899691474
277.50655939173885
296.37380653002765
286.61351209669374
283.4365102276206
287.3690568533493
252.67458423541393
325.1788758082548
317.81779723381624
274.87208423542324
244.67048965429422
297.53884126560297
291.15192468080204
292.50488271482754
273.4720683215419
256.1614762232639
264.9588152155047
336.75923244690057
308.94483949430287
280.92591221653856
273.4778474372579
282.35670715291053
361.51758141163737
288.3845686733257
290.87949488242157
358.1865410167957
277.13496774679516
263.5658167913789
297.2721661638934
294.63908610004
297.64628214458935
303.5564438055735
270.4702269647969
287.309808107093
283.6221707573859
285.5836448254995
247.17643845884595
303.83719608932734
313.9479905117769
273.27485808881465
261.61737483844627
330.60865944763646
276.78283352660947
288.8860126498621
297.84284325002227
334.3819854266476
286.29868196940515
304.8049305797322
298.41755474812817
337.6433746628463
304.0159007504117
276.66050114040263
251.50258052512072
279.61696810054127
309.0376752651064
304.07195226859767
289.1272532923613
306.6092058510985
255.9280822793953
286.30463202192914
309.42795637634117
329.33781892922707
284.61970195826143
293.23265434161294
302.46405316260643
333.3797846630914
330.9200223311782
320.09976425860077
321.54122632858343
329.34295275306795
318.4397235502256
340.66372981329914
274.0212955174502
291.56996661121957
275.08127238287125
303.00431617186405
300.50570775859524
284.8789787730202
309.89954622101504
316.3677075742744
323.27691319340374
283.1163304923102
305.9745223552454
321.09948159754276
283.30903459282126
289.5986962764291
287.19545039953664
355.3181918809423
277.39035932638217
270.8015457839938
301.22077638853807
272.80866453424096
292.76834285003133
307.55370085674804
275.6569357458502
292.4987675648881
291.1904092152836
302.26740119757596
249.8387297053123
253.50926809816156
256.4329991211416
345.79331663786434
306.55118682584725
284.7389423060231
310.7053435933776
304.18203104124404
315.0784265899565
284.3338946532458
265.08010611706413
244.4803104030434
281.32596914470196
294.00763580028433
277.319471352268
268.3104630562011
266.48360081063583
291.5469359882409
314.95973309350666
287.0823575871764
284.73162344913
260.3130651196698
271.83117880427744
296.3039381946437
321.8169109710725
290.84426642465405
243.48012093186844
302.7854531094199
257.69631810404826
305.9901609061053
362.7703779384028
288.8997511314228
269.8122493333649
283.7018788764253
292.7420042279409
251.71662341849878
287.78769205568824
278.602855931269
334.8666827635607
295.46740785602015
301.30538089352194
286.5146066561574
298.3871015459299
294.44774483738
305.4916759621119
253.61000589712057
301.82840623438824
303.5507200146094
290.77954522904474
313.3955371468328
327.18435843032785
295.89886722376104
300.9592321404489
303.614744507242
260.8875958280405
