293.4053455663234
293.4058711667785
293.4062469466371
293.4064839980074
293.4067134102206
293.40680676184365
293.4066911338532
293.40687036947384
293.4068492352517
293.4067946071109
293.4068682905727
293.4067698141953
293.40689937932257
293.40687828494083
293.40674706898244
293.40689628162363
293.40674080565987
293.4066617004355
293.4063644825437
293.4070012234897
293.4067109319694
293.4069155420384
293.40658729179813
293.4069476979512
293.406670569193
293.40691887881985
293.4068814181246
293.40676235638784
293.40690029599136
293.40666198506915
293.40673761599646
293.4068119219264
293.4067743140022
293.4067526378403
293.4069120366057
293.4067010032468
293.40675321839626
293.40667877397027
293.4068095663406
293.40664863360143
293.4070049314323
293.406742898278
293.40690810140586
293.40684810765015
293.4066748914811
293.4068027858484
293.40650073734287
293.4069022655385
293.4069352760707
293.40686391087
