181.02800428589217
181.0279986472633
181.02799378670534
181.02798975210953
181.02798638521017
181.02798361094483
181.02798124711808
181.027979244589
181.02797781348818
181.027976475556
181.02797536926937
181.02797427714995
181.02797362358615
181.027972885885
181.0279722649948
181.0279719762466
181.027971587735
181.02797127962913
181.0279709079532
181.02797074065893
181.0279704917757
181.02797039758843
181.0279701440104
181.02797022635605
181.02797007308072
181.0279700517749
181.02796995925019
181.02796987809052
181.02796985034183
181.02796985002715
181.02796975354067
181.02796974135344
181.0279697359747
181.02796969423798
181.0279696582984
181.02796961775857
181.0279696247162
181.0279696243906
181.02796967041468
181.0279696665566
181.02796976014542
181.02796975256933
181.02796969803967
181.02796970280542
181.02796967378708
181.02796959683656
181.02796962098546
181.02796969279007
181.0279696264497
181.02796974569173
181.02796966608003
181.02796962981301
181.02796963097717
181.0279695753834
181.02796969179326
181.02796967987524
181.02796964488334
181.02796963963374
181.0279696026646
181.02796968384973
181.0279696573325
181.02796954115001
181.0279695800582
181.02796962545835
181.02796962791763
181.02796959719853
181.0279696110083
181.0279696007674
181.02796960662454
181.02796961414424
181.0279695710451
181.0279696734251
181.02796959233456
181.02796962967113
181.02796962498178
181.02796964113804
181.02796955013764
181.0279697137339
181.02796955439044
181.02796961712738
181.02796970415147
181.02796966502137
