406.70196143309755
305.64019026247007
262.8377687283602
302.314321038931
313.03404136428003
266.1264736326584
269.33247776092753
268.04798035798603
271.866218118942
266.57815537259876
279.6156587074033
263.64676534456294
306.4626780416884
295.00593447135043
292.64920073377334
268.7653148757827
275.62994486147363
269.55227409890267
293.9205700976672
260.29104518802524
289.15957428724687
283.35446703084745
276.47883198245836
309.26566222091697
293.6159768607804
264.2362250839624
307.86058822965424
301.95025014774455
282.4991346639399
281.15782910053895
259.81314228486553
278.60785446380396
284.24505485197005
296.9768729709667
267.9441271333744
290.01238189621654
264.1355821416382
230.83490659461677
273.6676560357737
260.02447923956606
306.691670226337
251.15367134796543
276.28075357313537
280.29090135923434
260.13846133639527
271.15695444549783
251.07487491652137
281.3024294929128
281.5828103309632
283.72776227980285
276.3322357507859
256.54049181909795
303.819886566238
319.52720298349595
317.730505824582
260.0144775544868
259.9693175301745
303.82091258543915
280.03766816743155
251.33952809246694
247.9682598671243
282.1751234942167
269.1065438948317
308.75647036011287
301.9250176407404
281.5679197517602
291.8320630709568
303.94042761813034
272.2985225549055
278.057232142608
289.8943134994297
288.70026659214636
283.45579886378255
273.993637479929
263.8002187519778
272.7265808737793
295.69534777191075
266.7029715930985
276.58965476547746
286.40527299670066
274.46156688260817
261.8775503724173
261.6581999005284
281.87035470464616
273.8537781416344
268.89969567954904
299.14293335895127
273.5526399839109
264.58392898723105
275.8730838289375
294.0159154748035
265.5202916523849
268.38870279920593
297.9565247057799
288.97898859454654
263.9691950428023
266.4409013212935
288.0223101863703
276.3072513852676
296.42563006747514
278.76353647134965
276.2433128402081
274.9943764537311
280.5647945792225
304.72504293066595
286.27070885786816
271.7798684418012
272.66169566661847
265.19611129943223
278.2945076932665
292.9837022616666
262.47443394777656
280.0416054025409
263.27888156941117
271.8498378522563
292.7206317603486
264.9223452640217
266.9173729506001
289.432484034558
277.3524547603738
284.6132700256858
271.3979803426191
248.52656081864552
292.67679190105264
274.60079881315323
266.4657377045587
271.978780702877
297.2941860050778
283.6750005712165
296.1302947040531
311.33378681299655
276.52812077126146
277.56330113376316
263.19713789862
299.1966487406389
278.99726993744844
265.8541331890592
287.0807400410049
306.5039624443889
270.95301313848177
308.3868605996322
291.6540664131826
294.8216027443268
313.2190973772085
290.88333720459923
296.5511178782399
232.58699374540447
260.31148417172517
282.6533318689835
291.601416376885
282.97293469125725
285.52046681218053
244.56802349284408
276.3211634807885
269.7860618584382
255.95871638589597
254.49859319179086
282.85210848547285
309.5060384315075
272.5189008876987
273.8930761983793
286.8305032108474
280.8021620604268
275.6059170412336
257.69582791647554
305.55112674413976
284.6196709021606
258.68072871019103
302.16562906390027
272.0371204813855
279.10342925634177
290.4800591531093
288.72462842841924
290.0846014360068
291.9288394034884
263.16758324799594
303.34862890652585
268.22889203036175
261.4968277422304
261.86940277169924
256.4812504631409
265.68847116507095
259.40089467490907
270.17755421857873
249.47048934808845
278.36097412018717
266.18862036735663
252.67020737858547
282.4088983561669
301.67162031465705
265.3218862027861
264.54195263465226
269.7693411355576
283.6212047198351
265.07980083379516
255.62438181925245
260.47971926000173
282.7386593415649
279.52745476366545
270.49768080229114
276.648875225088
277.29739575731946
282.5913759108662
287.3815891341801
308.1935941972115
288.6284033785487
300.54014900446055
280.0962905582346
283.13037480849016
255.8404010130762
273.9132677009475
284.22262133152253
273.9783388505821
289.4833113015193
281.65056152472243
290.59156449004513
270.1068452095715
310.05262746052176
280.43484620808886
284.4271843364113
291.04899327737803
245.0066123539509
282.903633298818
254.68117403739598
279.7779935709332
264.57141344026604
288.51117192605307
276.7045326433945
287.8990873883813
274.93979928081535
272.6828409448135
286.8619096007751
265.9205836664041
311.7801964297905
298.6133205955339
249.51262263210083
273.1587782614515
259.7943797765911
274.6408556615497
285.28119821628206
281.40396982427046
309.85514504328603
270.8293927105842
277.73051443901204
269.57255610081484
303.42100519980886
286.79576959802944
275.7890339469741
269.3407019526494
275.04327160379034
281.1350485826988
266.6019685896754
254.26270959510293
258.65640649053967
307.53835020515544
286.53690563878627
276.65309332561446
275.3525510981417
254.73600738766254
267.7471519069077
299.98544610335375
309.50959386512113
281.8135242074932
272.91234863155114
273.2782585318055
271.9193035491917
261.29096324740385
276.5240300518053
277.4958929975983
282.84354777760745
286.1524168365286
249.7513315983233
279.283313453765
285.01160896192596
277.88307844731025
272.30239986261586
265.6959292221727
265.0418092910404
258.74700256614597
274.3278304358246
302.78788777132286
282.1796136005869
291.2949203195021
279.48515547932766
250.07446799518948
301.22357496561017
266.21295856019424
265.2428501377872
279.8705616012594
272.91142155081616
299.9069282338605
255.6823729549651
272.3854930255766
297.09153063985286
284.51428477515583
265.90615719076595
280.0144327098242
287.88802597631
266.9722990194714
301.76967593868903
285.31708518658706
302.368968728857
258.8062528265873
293.13572189099796
261.4405446692981
246.78626729712414
251.86575396591797
292.6882954227476
264.918734136023
296.06393970915815
310.0311799578194
290.2422687564831
282.60557716806943
251.11782845722337
259.0422763514798
280.6017051177914
251.04443994819303
272.6064854715223
274.9868975747668
262.6502511699364
273.7583601729275
247.37886758729292
289.5925778340752
272.5089123319776
295.52391873608576
262.8638673446112
265.9501035640569
278.83699470202555
269.0326491148444
285.5198509336042
275.202491734628
264.58251785142056
268.71248573367484
261.60560961479496
290.078138077326
301.8077726295014
310.2473735267704
258.57302938296925
242.56450408727687
266.2900282062619
253.2769028901821
252.50747152407712
259.02279608331446
306.6524084344128
295.4038477320137
270.7777129068272
290.5801923317631
275.0078621193243
292.71198492000985
264.54330162343103
280.5147529705573
255.19428766536294
256.77265444189834
257.88747375196544
293.65347575249325
278.7518781207182
250.33690605622542
296.76591747546627
241.23871549934847
294.5202767053561
272.66720077036007
248.80381731136004
286.50376971931837
273.9732675298437
287.04546623589704
261.7221295180789
269.2666989487625
271.46505642107513
282.0292660367122
284.87782199523645
282.3746840376407
266.7398738017946
259.69471317315765
271.5729245863622
268.975294060685
259.5926088097185
284.3181273475784
284.1573030119762
246.5741975163255
273.88491767538653
277.85140075098025
257.1792011743091
279.8391217295866
311.7326803049946
244.3050206219341
272.9882820322964
283.22997170740564
265.20676297826867
305.31908638530876
279.99838891567197
267.575154461505
302.1167831071798
266.850095030386
294.3770647854835
270.9844935845904
268.09458974548033
276.7507642242563
295.01346319995355
282.11790443374775
298.8850619092118
292.2281072213227
307.10901066950464
266.10586860601325
263.817266918777
264.2783566815051
284.58684647633345
284.2560197896528
276.1937341999728
283.53407408665225
289.51377851655707
277.23628040352196
284.48716898431303
266.9922002768435
285.25935202193796
264.9598760069057
292.5013381749013
267.5426438831637
281.46544640180946
276.15988215021207
303.1721718102781
287.17818816665385
283.36626038003305
278.4468127391301
307.4407184988522
272.6410006781516
279.95002765007666
287.2141955760744
285.0578725337691
332.9351632057369
301.431984738927
294.3909044572065
288.772362962889
271.8050952539634
261.99128826521337
262.43166878886404
269.72071134739963
282.1242340862227
274.34062032161455
277.83597399316204
277.9548603956064
269.10429182165535
265.8309697178047
277.4479581373016
274.4733686884283
276.3883566238801
238.99912784044864
258.6917788878345
274.9173708259041
310.85181039107556
284.77145300053235
276.03288749857165
274.90360142204736
280.41298826239654
307.1045926865918
274.75375455309404
276.54928553756326
273.1120014791959
272.10611964340205
271.0264310078783
269.9151693955937
279.3793805673922
279.1923713467404
289.82663418119773
240.10594437623513
254.23842530630645
292.5228052924358
264.4934806204692
295.2664041422977
285.4719762163004
256.5761251872027
241.2749267777108
257.9091712167865
267.66416054352885
291.4641257834737
285.2298880443559
264.67031914604013
277.59855327766854
251.34555114386603
262.97464805672644
255.29441917082295
289.26175457437057
269.3655071639223
302.01942990804673
263.97449634049553
266.23865793275763
280.62563592824154
288.7718218784139
311.3883326892683
302.7375722429424
265.61149318527896
262.39743549984996
262.1622770432732
272.2195136073278
258.95516786095686
253.31968603102723
267.4137474509189
298.63796969421674
258.5376454410434
287.4372798082477
294.81682682965766
302.1641237419972
291.2538802844356
286.4397453556303
288.5279808024352
281.8597554938169
306.422643364931
294.2023508132552
267.05151712708175
279.49826185559505
293.6449798119429
261.1185133647814
266.0613573505834
265.76519418429234
275.0346912354289
277.8279563822143
302.8029535069072
273.02891989194904
269.967280345998
261.6007937848044
292.26344848732697
291.93045758240623
287.9894274137332
260.9129328223644
275.69631607065094
316.2581390932028
285.8283587254409
255.24037918794784
288.10677206280525
277.9832844271732
283.7145126503601
287.0827907951607
283.85623176256195
279.0658518852724
266.4938571348612
271.4368213331618
277.2814026850974
263.1846550136397
269.43709859257797
263.3450841231388
269.337705608079
255.9506118298159
272.2007241921965
287.53570655794465
270.3850735189044
272.76458159825415
288.5939709112281
278.52913325847476
281.595218471688
266.23980171928997
280.7745931521058
285.7291483266745
298.9701073045435
273.87681739006075
261.7051149698673
279.20470216768445
278.01168698689435
270.1936002255825
291.9807503201009
293.93844113106024
294.63105208895286
241.20414602739038
264.824053553486
281.48199320878484
277.4517950602458
273.6823806621542
286.17295635692426
323.89674405311234
297.5559316445433
274.60401144844946
275.079616804549
266.29830357822357
309.39574888150673
267.6491018605011
258.23337693233043
265.06650678798906
285.53374287023325
319.0614763904887
266.54146744616446
272.9592336754722
274.4941362250829
268.2745674648031
261.3444842332101
285.04274565764354
268.8080440312333
274.6070188136655
236.1278021085891
271.3771231682622
322.99734235863434
274.64099927595817
292.89241099444916
276.5391506770975
275.5324212330743
263.25502560069435
264.3177947596996
288.7663479510811
264.5772257462377
274.979364162602
309.74021135712974
269.9402980133018
230.44624214532087
291.73773996383534
281.53092725246097
259.69361654872773
269.1076188106672
270.59035289124586
239.68654169447836
292.7439778478292
302.0430044209352
293.73284311563475
315.5792288976663
300.34394198836526
282.5641934699088
290.69262307384633
260.5511035823147
262.6044831199106
289.01766310763196
279.3958787681768
283.8592265479092
278.38060617246083
277.8292316047882
271.45746209137724
272.70552423549816
251.88099090009928
300.5278941297729
275.164048851555
303.1515742042393
286.9122688457137
272.4579292961862
240.60041338161682
233.3433580933488
281.81469060713425
268.4265049768728
273.1967701810354
286.42387067034724
273.24065900422283
301.5806869538792
307.8845667890273
293.1909274792706
278.79618344808114
267.99601709019043
272.1649119904905
269.28187162504764
265.45476164552383
272.20305403412203
273.93327928491635
272.69857392681297
269.14346384626697
251.09896453490364
246.74490782115026
249.45735798752867
277.7253058620263
260.9313052443904
278.24187230324605
249.7715885595244
262.9538746435719
257.4481150099018
287.41510178809403
278.6032701107615
258.94318919966463
283.3552685176255
272.4559089797258
289.1218034181802
272.00935221789405
298.78996382499463
256.5761387125531
264.39914274957846
263.7209387201583
259.53361759358086
302.56738406801014
281.7244202582806
256.7584842594515
284.96623889825423
281.4731316140969
297.63045085803606
277.80756119222497
286.89567527678446
273.9299737602123
272.8203684439068
255.45180523447925
266.541579933546
277.67956381099066
312.0350634060742
290.56171470548725
282.47892045546905
245.5007393437263
283.82136372840614
293.9842202520813
273.2347807287297
270.04076752762194
317.2222183444537
286.4371235385188
270.61707620482775
288.8515629344038
267.88602636219
266.96308797984966
272.4520761795866
307.64462922580424
268.5915259926114
276.7279971794633
267.3039342421689
272.7762285483477
263.2046575367567
279.16832474275725
292.28327549243113
308.6222568633966
295.334278009017
305.86784809065284
290.3284534039558
247.13237397235935
322.1428387842898
273.9930382266175
294.6489741676487
272.59110528603196
284.3231536534149
269.4166473163641
304.6463823285885
251.47161977691576
266.8941536118218
285.20546907305834
250.67581348260865
267.95094974630047
253.94284967239946
285.6059346437105
293.4194894958928
263.49979055370204
295.30572393882903
284.60712212487124
277.5988563938299
272.8513598056452
291.5789730422257
288.6533137378865
241.25038684668834
250.87087660387624
287.17576136952266
282.6676649884612
283.9880112729152
269.0301680187986
259.6156917626504
280.3302420331165
259.05493076957646
271.9869483614748
261.575734646467
298.60541231915704
281.63524419031455
254.04117878712714
347.5968633283628
271.2384509036783
262.2137151756324
269.98257685173303
272.4951275814674
283.0275987125642
285.210856336751
259.1971296199481
284.4545018170029
281.88963239631266
320.8079492619727
267.9551355858857
261.8586944344861
279.5929998382053
308.2396767117025
274.78805330660543
255.47907234416925
280.74200412468053
301.3669091161282
288.0242671421438
278.4614580992493
272.9412181817752
274.73554041265743
291.3819819383207
285.54056350910105
268.07737142033875
255.89190114161465
283.62620801036246
293.10153926652856
240.4178728480183
279.2846959771414
277.8155239633634
290.4623094853305
250.72941248098505
292.0860834742489
291.54076951069874
262.59069594633183
309.5571633732761
293.4661357192672
275.7615000673977
289.82834560985793
266.9481242203037
263.4595277023327
273.91324815305416
290.63443976527196
240.4258798059309
262.5886231311597
287.0463889850362
282.8684639374551
281.37318369635614
291.92021168844076
258.52985455005546
300.9359586366918
229.0408197271172
306.8101266551821
294.6455382833665
273.6993423597596
240.40321241825586
269.79809994259267
273.6372165759676
299.3114188746549
308.2039739707834
282.0550117304956
318.0077345726604
285.7383593188133
275.3427038618247
284.260461067257
265.8633916731342
276.4807158288022
276.57382372932625
264.1932228076912
267.8934550865961
294.9126331555599
263.76384568813955
274.2590854182781
264.3255479942891
279.0147901462042
287.104775513435
317.4870690247626
284.2214557129482
296.6264111021301
294.4887025645585
297.98397022951394
269.24815190324443
291.5757481899054
258.3544469194021
276.04684408340836
306.79250927161775
266.7358300005726
284.7962228973338
279.47824272789876
266.703100188548
288.62080232522567
267.0124878374336
310.6873092138849
246.84561167657375
280.6386516968487
272.64118107265676
324.44613786943955
285.3366429726011
273.8792427330627
277.5074006242503
278.7138067963824
263.2710152179061
273.8267992681649
281.8100391489861
282.05841145833256
282.0046192792943
256.3590009409818
272.33098435241845
274.0566424836288
267.508341447945
290.8266101418121
293.51713842814206
289.9046723913052
263.1983312027005
302.82878776662983
297.89547372283414
266.1503629538638
274.67716415945324
268.44541061125346
275.7636259321589
266.9610867915326
267.7686589648947
272.16810314933537
287.0149753242731
278.52275980918785
266.19293940335046
256.64622701265034
265.8505521939078
299.9488245526736
281.0758381313062
278.317242119665
297.336656618485
271.9680225618358
250.79100678808754
306.57320207406883
263.0214356101642
280.9627003141213
244.67570301203523
248.57578572668717
258.9024671486404
265.42349877467495
255.22880532033741
287.6002860151639
280.1508983739186
296.01909405289916
258.870866821293
296.1005155814928
272.354095218383
281.0667133014358
281.77369114002795
263.93628323465236
251.89188940433087
273.18417255047825
276.7588710086711
287.7405248451396
238.42361889677704
281.39161259075627
253.24009471473983
291.30435173981823
277.989444512059
354.5439185272553
291.0344450114644
289.6145191977266
283.84980388282565
247.54162484777044
295.6800169580092
282.4552130589436
270.1560617569485
276.1278935993032
258.9636853430711
270.71909870087984
272.567096977873
274.89409250047174
243.98509467227268
256.61476657615276
268.9523848684621
294.2295449987578
289.8596595872659
289.0560896884417
264.9411512305378
287.31647803695523
268.96681843258557
284.3505214944598
313.01938130980125
276.9755456968269
258.61766672169324
284.0787355370121
308.2736355700181
282.48326682823244
293.3833311290655
256.02732153388206
278.9504897875595
280.2645796057768
286.48380450581317
261.7462682085461
301.5991047399875
249.32469014043454
301.16643313743407
258.69998750515515
300.0988835772732
291.3477342313272
269.94128117745277
272.7994510004064
294.3733968877932
306.15831334120594
249.14742010907503
282.1680452214787
280.9077087880578
244.0942930369638
269.73914324474754
280.37768326769583
270.9472633259138
277.22194300126284
277.5742071866407
275.75615811918397
248.16564831580035
279.5964646388893
265.75601375615224
261.19425047008554
283.815215174749
305.96539198304527
263.40503586584236
286.3472933853045
270.78253437328385
288.14947074325755
272.5343648069538
241.3640757330577
269.58013561595
224.2596148381126
283.56498610787094
255.7898842652794
283.146122989594
279.6944958069362
282.1977395545691
272.83220433967654
273.501705942268
291.1510910541401
282.9066798904096
257.9846111581428
261.0956717780791
271.0788366779452
288.2067467048764
277.0422471303027
257.0272186829243
302.38966808415717
281.3465857420815
266.3735918858438
277.29982977715554
327.0106984075974
281.5917526205303
267.16325545479776
313.9042605361319
296.4719883479993
298.0918583389721
262.2613091728417
282.7026952606393
255.06273234222317
264.9439558456652
269.52529352653073
303.59570582950255
255.12339398940094
269.4476347906166
294.09135405451525
284.16736284358194
315.14567188650835
300.9215865219012
286.70040836691624
279.69845622981666
279.49293981672963
286.3125979244942
287.1099301438662
280.46728848997736
282.57972355373204
288.917623150046
320.15617281012237
304.4362822417752
293.3969237948186
285.2367697497248
279.3408805098152
284.43169733852847
280.1553589544492
296.7110171181266
276.14238320692675
288.08293777529616
273.24058463581605
263.5063878696528
307.4145536891301
242.85019374074182
273.9687682132353
302.271690101712
282.83338989148615
258.87981697014766
298.6197669461835
254.5495438799844
266.5494361508754
313.58571059047244
291.12063456198666
251.76482619775925
289.668471056968
281.57727406645427
267.5010544284014
281.08026262093335
269.76876590412576
289.65415616857354
271.32805297046434
266.8650667355978
261.6912871932145
276.0031293811044
258.42779418086866
275.03006288118195
274.4074099918362
320.5178512298153
277.84512123133754
257.79321845568484
297.96359773154836
289.7785880373558
281.7153356608469
295.0537757919519
280.0781671181321
289.5796728555579
290.05591585248476
275.605153374956
314.63020682375645
281.8548150752904
271.97389775392367
269.85522943676915
266.6646937188343
274.8981086258427
257.0917897425825
279.16925891989376
270.1281026630313
289.4567871284671
271.9604112910456
261.12392498657573
269.47427883034106
277.15210046316497
300.1887472906383
281.55779192235786
256.11331586452434
304.656948128948
273.9479178903275
275.6494042944396
278.0198825354455
288.68633602623595
285.29817543149693
294.85958028555615
276.56801505823387
276.968157518073
276.55901679955423
273.1293320917175
275.80045347101986
265.4294822239317
302.9610390216112
263.12946566788014
291.96512910252204
289.3049232309568
265.1031565289013
253.3176993802772
280.84162544779247
287.42688845988596
295.5762553063687
297.3192410048214
306.18584206228843
261.64780742145376
293.1799434849527
287.6849275647546
266.863387567515
265.98474498890573
269.5921289494145
255.15298665163573
281.3814241265645
272.1858496433124
274.8938598471577
270.63259428023594
265.10334197460907
266.1730679690372
277.55581404065015
292.42321653978433
297.0266148467199
294.38479803706286
275.2575932004256
296.67886130849365
285.31266399793094
284.311588532757
266.44703890557867
299.38896624569315
287.8298828440602
288.5887828123523
291.0634946390637
284.1625785374199
259.36097641679225
284.02311553113395
268.9456221181317
272.47213614574866
275.53636502317386
277.966963751649
305.2312960983836
283.504846775264
292.37010339077096
290.4966733637266
281.7553136906936
244.05448200524552
297.3363038900425
296.9377770994324
301.66462251124904
260.29462065920234
265.874455189507
280.76320072618546
284.2916426132433
265.64983596402453
282.0585625585518
273.1976937938598
242.0548804567661
253.7823375503067
291.3963820147328
261.5910581733915
284.03081339230994
271.1186222132528
285.3300727197202
270.21879626152804
313.49081200081855
254.37983183423057
289.91096033068607
271.5106637440622
268.93576266465243
244.3292706181528
244.29032848309726
273.55334053141996
262.9014894737047
296.56021038413746
281.57383881520946
287.9497444333392
267.69031829189043
266.73154948832234
271.50026401062496
261.03354393923655
256.1792287050048
274.44499109347817
285.0056986118434
270.3439320497564
276.6885924920789
298.7835079829092
293.53299120714655
284.29505483957473
267.66333226149436
254.7842418467044
255.86210621334612
287.87755916954484
288.4973611186724
292.66310406604316
284.46301540726563
257.67826116707874
300.1278286119923
251.6946070548729
264.5150814282242
320.34186952241
298.7532123012934
277.08083749044454
279.6497690936085
280.34636125108227
268.48531424673274
265.50979459291557
259.7915382143692
309.4860190995969
278.1996597471298
278.2957966848044
272.3873721425771
267.6348197234329
270.6432955423952
269.000316397578
312.28433970862534
300.5524921127944
290.226193059003
315.73834536544746
282.81743386836024
274.3042652369477
276.0391228228691
270.39948190381983
282.23581880459096
300.19879195210524
291.9573854736518
263.69966518337606
248.00121267914074
266.6796019056346
250.16294511180604
287.24238568375586
278.62311811582185
269.99691775057
279.1151481764973
276.6249855135684
276.92138370202156
280.68961369409226
277.06475383095676
265.5392045744811
280.7925810207962
266.74162861023797
298.3552399004693
300.0392527831136
262.85821186588146
272.82500321086263
234.4391613449552
287.5741170803667
280.7916630443069
253.25814832671313
273.49518782884115
274.89914209162816
274.69522138044704
255.22375581192318
265.5053109150613
268.26657824922586
269.5468155502458
272.2776965313242
298.10343057627324
285.762331644597
274.27703436964657
266.9442880267161
290.91645174782025
254.88536104786908
302.77893476141617
279.3100355079514
280.99465927196434
292.32417369564064
279.60281947726617
287.4761590193375
263.1570079923258
276.7441947272746
264.54742261371575
254.22144595056307
275.22675849939696
289.72205602243776
246.1381156037678
283.79810803045984
274.23244833986973
263.18787814996904
251.01833278354025
253.44517697999254
263.84901817748323
295.22968242916977
271.04869752994273
279.28103461215505
282.24494947714265
255.57156897621462
274.91888105351245
288.89448908215854
283.15811488835607
260.7847909984994
259.4885561171686
292.8399611420464
261.5371944492799
265.0507072809851
266.94926967378706
262.5330703483196
259.3443585393834
257.12627775402507
267.822542405047
297.16911915520905
309.3674079134944
273.1643034388544
254.04040393035393
278.84228884102777
276.045319748926
270.3474396779784
287.8465964499046
272.82297891849885
253.06612905970542
276.31482732779114
290.8922029827954
291.68060111330124
289.61035128799267
249.02842212683754
251.70968935871497
315.9334509309265
257.9747808877146
273.2224990670802
287.8673420603154
279.8593040672131
259.5958672442939
253.96091177809285
279.89671034156345
233.60073101136368
290.37392023811117
251.00869307259563
266.6989349107025
275.45154832303524
274.7953541002353
315.0056479941122
267.24171403754735
292.93011115142144
288.2184168024105
266.00470844004303
285.75903056311654
259.54431238630787
274.18765507190255
257.9100493725273
282.91242762608454
273.08554471400566
292.27973627776373
263.20340538048185
267.33897111855913
276.7729817410582
294.41078663925873
278.6560293561197
283.1209045665455
287.2173988686991
289.79230051033664
288.6755008311011
278.7296055466868
291.0124269229709
270.88749671314145
275.27970819029724
273.0098643901292
279.75817811704474
298.9454508337076
299.9833140128176
276.68692289601313
295.15692037844565
297.4091588841402
292.95445948443376
283.3557714567869
261.10177074285457
288.87068576720776
278.17473680974217
280.6912265814026
265.1372358838562
239.76954047119943
255.4975459377165
254.25495395163307
289.46481291169766
284.3938500001095
284.22264386946335
286.8024575817399
278.5945962863625
288.6179166607908
274.38268402201356
252.99602406902704
275.48509678349365
283.3716939879814
262.25654056540225
289.2734514171025
270.3876713339123
305.6775467917323
295.08967768825823
308.5835491528851
283.7110191724496
277.8786611754331
287.6206669487292
273.11106272391044
268.97475577914156
271.0047636796371
269.1381417819648
271.6111970770871
246.32923719653627
272.5953734674258
267.18759955104906
277.2151457948494
287.7445581481443
289.7649706620141
297.7664696085849
307.8754686094471
306.541682366631
273.0385958534898
285.1079590769368
251.8075253337156
287.3128499860759
269.38025824475335
264.90163875272265
302.57852535828715
286.5102693560766
300.9783692219644
268.3129606770235
272.3933287524851
275.85197771771345
272.7414832623326
290.0727932918817
264.69544760900317
336.37018671788974
280.25580345635535
274.44707659684354
278.6700771591859
268.9231955407886
282.57999583135825
252.33394655078882
267.0689015999669
261.6091818411951
269.9974160353304
271.89250332314987
289.1738586743595
269.5650878160959
286.6524662133306
291.6756131253205
285.35423850867664
283.46707092417637
266.2056429584045
278.61279844865203
283.3062758038868
288.98818487353856
257.0694676230196
282.2546465693158
256.4461358815315
285.9040923148277
285.6616802736535
251.9690861996496
279.8417118389043
274.18374196300283
284.47175451833755
246.99636128218845
310.5789728592499
297.8528700686875
266.5580665699672
275.96548281714786
298.5545435282402
273.78792382235406
272.36680056824116
275.08748598513193
259.4151181036141
271.90152306249365
248.05232899577823
269.41956741560716
257.75236580724595
307.6492685531848
273.1737068131333
277.0569587193895
256.2226952878991
283.65534166642465
285.62459306785604
261.6778355418355
259.84734161157394
236.06706715311157
266.64212012203643
285.53026384004625
276.3124341011862
286.34098481794354
284.3067541962955
273.6419131376897
278.8733074965421
263.44699093163945
266.34273579414
311.31809243152384
303.3197876177146
303.04804887791397
245.02829552511685
259.79256989387795
287.0640827289899
267.15597841719864
283.83296527771745
254.9448289074935
276.076440164994
270.7592620559153
300.2362882248126
277.4064484206028
285.10765009897295
285.3998595987796
275.09928569279145
292.8162276747171
260.91406124655623
271.57865524070803
267.960165033408
277.2685936287744
248.22035390679957
312.1350193673861
281.0450008851476
303.80639847321436
271.61056844628183
263.75710685836384
284.69610905856825
279.7105136112659
314.5044094058103
291.6084902708535
272.4406514613074
295.34838378592394
281.6282259496511
276.7921192201902
281.38734801032115
309.6324663073756
248.93381971900817
280.485456614173
257.88894766930025
279.1591962717939
270.7430506256642
291.6007849847083
281.4184612359968
264.2167681453284
296.0470236380934
281.5622231060406
281.18132190790493
275.27030068152817
273.012244139798
285.49866447917884
274.0086368472548
275.7117347585154
278.0948026590049
288.2949318608735
274.86253331712214
276.55108213360654
299.1351134611177
272.8375379536883
274.2868014786509
275.30023615871323
280.81293322506826
290.4640022292733
301.39615253015654
282.2448838605196
247.62234243081184
254.8124790643924
274.4502784151118
263.5571536645293
270.77553888817783
268.35229455301305
299.4244708191836
328.7987667808193
271.1406466878252
264.59402258502087
288.61417293996783
273.85304775304394
279.66014308820013
278.32593592460034
272.12746279797284
276.15855608624406
290.74169248191174
272.55289764673216
276.2401034946088
263.5234762163018
253.75331236992497
248.5648686182103
288.9880313257454
277.43586636456894
266.9445976189454
276.59805085055996
337.4656314384192
294.9047427373007
270.48036329477327
309.4147573935916
276.0659396519186
263.07691040437203
263.7913866072777
271.2797861236031
278.50375623244327
288.55691689648665
299.6397504650522
255.44429491268238
319.7837421450531
265.2578829032136
265.40444496652344
260.3670458041015
289.555121912912
319.0245969874086
278.813139323669
249.60505706694676
260.3912498470745
270.11074297246523
267.248997388524
312.03676599328173
285.5945917092613
239.25083404016914
267.2006665567169
243.86368186812615
257.85360975394724
273.57219346490456
290.9429873986519
299.1663561076857
266.30344978760695
252.03438328643097
295.72352024848806
272.3132879184559
264.1753717639949
271.01187087298604
275.1146562905633
280.5692080599256
291.9360467939987
303.13221515825717
280.03690120292595
262.4100753091625
253.1993730267277
266.2406504274695
264.26448785502
295.4018337704474
281.68078720901394
268.0989230463747
295.02389667363605
241.76773399754893
266.4177124671405
250.23766865441576
291.2165825761622
244.3494334674906
270.891318362148
267.08009922743076
283.4125596548547
254.04080581414746
287.53804536146345
291.0597879248671
262.13703831937164
287.2148468592786
270.55191866488894
279.9113574352232
279.64324125711573
281.2893565996783
288.354991391825
275.9625421465025
271.27641733409837
255.3133680751198
291.9748263368965
248.6912597444025
300.596412067709
281.01789878110867
279.70370302081574
257.11615393299144
264.2012087452458
302.57253329933155
274.69197481003357
274.4482473646058
276.7107970220386
295.36785655701533
271.49554479832295
279.3472035941668
247.14936589228455
281.22324904589914
261.69357811746886
279.9848323535989
271.0370563073084
244.8471915803966
254.5990380005096
303.32200918952003
294.5025659991079
263.42823922791285
298.06986974494066
267.0516483130632
299.6237278028275
294.5911071477458
272.61929969786434
288.9881732999347
260.97134662535973
273.0442125254194
298.1994776056381
305.21876382175833
306.3267924152897
277.8814055189141
303.32167937606573
256.3012515119044
277.1664437854197
275.0592020928161
277.3679775989731
277.19565797777614
291.3992562528001
257.4543323084945
289.0858574947342
284.08032516296953
293.7124499256024
270.85373387340223
290.9255904740421
298.6497010126477
302.92569097102387
269.8745090161101
273.46239536150824
280.9752522709314
304.863032711728
260.46871729480335
265.97172391676577
258.50150429969653
272.45182653155643
285.767479025526
310.3171414055978
276.4056253801682
274.056558797427
292.3133420444792
269.3504861386027
280.7371053498937
287.39659072150243
275.64714776875917
292.15491960273357
274.09014987468254
298.2552815351519
291.08869321848033
271.2180760676856
272.5990846256609
264.8676416116068
241.3617170601501
280.5199213447049
305.0905161992414
274.6203080499545
265.40004202735145
248.26811910275137
278.85509181400994
240.94903424131917
254.84936166129773
291.24708252667915
272.08053145592567
298.61651445005555
286.00867724226555
295.81609930831473
310.24599333677907
292.22627474274486
256.8974226456485
283.376017643488
279.6932740158518
277.1258044746355
281.34731586516136
286.5649728332064
280.17186334822327
282.8653581914841
294.60888204636285
279.7200342879514
282.81468517234316
285.0734771420248
258.2226382716326
264.1787357534631
268.1684358540224
275.0674579178449
266.0798833858571
276.4292064461042
276.9964645153377
277.46234068338526
260.9871461086441
311.1811504806974
301.5406077076914
273.11054089013487
263.06748345156666
277.1116342385649
258.27807232394116
263.0929621323594
276.66154414450284
283.97719454183243
281.2228407980874
275.7457550203544
260.36826958472375
252.16887220164062
275.3622012921842
240.78218001138885
285.36424916412216
262.84399564232444
262.0887069932651
259.3282859714236
292.7723460737034
289.488320466422
254.67787168809446
272.18415009620367
276.4007370668114
291.77478545706253
281.2148998405901
308.11718002165435
313.2936422242201
284.4187197366846
265.9605293205241
286.9923792346963
271.7165435855859
265.72585669596447
289.7407166867051
260.8475340598379
268.7967355680885
279.31404683872825
266.765003592649
273.65251064515905
297.1388504434726
261.15819893282605
277.69361780246254
258.9373511056183
278.5169768399792
271.00056964403484
248.55249312252272
272.01642028358765
255.18354037724202
263.86341329995776
280.3475227053277
278.6454415814369
267.1519580684253
274.97167141654063
261.7293483116664
282.9348083406803
301.2451305844588
270.7742482770118
284.80104330333415
309.49170964973746
258.6343711615773
301.2678130180575
292.5389553150744
261.6258445325075
321.42510414792923
289.240681125375
245.92460050538648
257.698610060208
263.7425377033069
260.93185532436473
260.3582461969927
266.2098925424507
247.29999414877966
276.65300055296393
269.97128274670104
255.72064942819998
255.6316268700175
261.99106220324757
261.8544006764423
291.64664965542033
290.25499846204184
264.25037972594146
288.39241890155245
264.7745310245664
281.153887056862
295.6099034821382
298.34080181102036
318.8168206125265
243.57270500075538
262.2990882922313
295.8028980154195
256.2331728282152
295.7028633672744
305.1069570800173
293.74854756478453
249.46571217675228
267.43265292269643
300.299617220473
272.4962681364268
261.86000330455136
275.4836365094525
257.3520893918467
252.6791658430593
283.03687907743733
267.96042306825984
280.6380135099171
310.48575957497815
269.7462301714695
284.19878191966563
281.5739150582813
276.2305029738345
298.05261030298425
275.21124802110717
282.16084148397204
278.1654511540546
272.4739803921548
274.02092714159517
290.4124937435845
282.8998146216036
278.9790430236608
291.3195430833148
261.7334933509701
284.4398277181899
262.03804814169416
288.08362548745936
257.70963677420514
289.7531766114407
284.5497393459664
255.96272439544555
264.0858759363182
283.29407794889994
287.74386874656193
286.58690339524765
293.808856312884
295.7473187118303
298.2786380990874
275.7024025884457
257.38294178515207
293.8066539837746
306.98384472937323
287.80226183403283
294.1308046426857
296.5944246619474
287.94888001377694
289.7615705432836
263.0110233707819
270.09275648451876
258.7563647979405
235.47559743071906
275.2984990476398
256.7240897702286
280.2953246602556
261.6262623432558
284.7850221415283
289.2883455584524
249.31345189420972
284.6169315651059
277.85052199452184
275.3823344518896
264.20936977665406
274.7057814387372
277.9751564114122
286.9717367774574
265.4924418212613
278.4258362581022
284.0966951593291
280.42567073972896
258.9119319577003
267.3867213623598
282.38721901969984
258.10265509202145
289.7679837034084
251.29980327701196
269.26842562726233
281.39445147209335
250.0103254832793
297.8764457551297
285.664300612174
296.86100969754625
275.6704496606253
244.60055128007662
271.87357984262053
291.73399130569305
283.0384615007788
230.67873851337936
263.5638681468554
286.58346414985135
263.5259965924779
298.22219963453244
291.9920855218079
266.25429761142004
257.7045673618559
273.7028204508824
287.6117306620581
292.5793176429579
293.0993939517066
288.69172426802106
289.2177380468929
254.1709218006581
272.31746840046253
338.03719930222724
299.66021531657316
272.1552757716272
282.1388117453316
285.744898829842
271.0781707445858
269.28996342094615
287.5253597324481
269.0867204561364
274.06176142801996
285.1366055739345
275.4610733129084
292.87061068299226
298.36591122078244
269.25813122408
239.0574881004868
255.23631046130322
270.3120423394721
265.14238872227725
260.7417089318624
261.5011097912211
288.02321980311535
300.54555302276276
296.0337248380529
286.06764451414347
274.8270440916531
310.2777781486511
270.36379114934243
291.361811896204
313.922849630937
277.6519197531743
284.46444297232665
280.8139855279587
256.2144942326704
279.5801220232388
282.51506598945707
273.75553406518884
306.9723113598302
292.84486686449964
275.2230977882864
275.8514102149056
288.46922529127914
247.8965855235001
295.66850065998733
272.2420859154081
283.22376900422387
280.39258643996436
242.74286554113496
297.5093343164772
294.6404908512486
275.5097075817175
252.04660623485688
256.5690879339818
258.71819609589875
266.65581737295724
260.6436845435528
272.6869547930546
257.2691827605013
297.01690761826467
306.2613470290089
259.5230459119193
248.2484829413006
290.6555597902043
291.0559836119646
283.3041172075318
254.51180092105642
290.53231708693784
300.3247659878107
297.8558118677465
291.0806603138335
282.61797656910494
268.51526295300573
264.00471454451326
263.6922122989781
253.06495599320624
298.8183055705158
262.10738238261547
301.92180671344977
296.0038074569311
280.1166727190139
320.48083360947203
283.55202390637714
249.7129739546217
282.7061088079354
260.6411575464299
275.64196946658194
267.7392949578352
276.0863549319329
267.62102385482285
275.7238718132721
285.4341150159016
281.63664249598514
308.5587974592345
329.998497420107
292.37274148582947
252.267410753062
265.3550482423743
259.5357158818515
303.35132348397747
295.0253460580716
290.3982327225385
311.2858809286263
272.8939613047987
251.99305410671514
270.02135324454866
286.90274365176447
265.2468859703513
289.3921117007267
270.6212499109097
267.23476561310235
276.0842869412154
263.474060995155
282.0545323966071
284.46307040797547
285.57460438471753
289.7204001067439
266.61777910764795
278.9679472541902
291.4332595175365
293.0163192548789
269.55803613737226
234.76211644988507
282.16410441335756
263.2906475990312
264.87210644001607
267.8110594600439
267.9733275328763
296.8713880041614
281.4623087424552
257.5029325693613
253.95237771165557
277.8625803317409
273.7548844963312
273.8067069489043
264.2112704833271
230.93308370606974
284.810792479082
248.4131426610984
247.74972461373545
275.33993079629727
277.8661700467346
290.18769340973813
274.2885689061368
274.0254961658502
264.16395976848435
267.62202213541605
263.67018640052993
280.80491833749693
294.48787256446667
278.8339261257788
266.6993465668056
255.0165106743807
283.7660749895731
286.1256593406433
279.0084490539739
259.56232531543355
295.7372470832197
299.445791469072
292.20095160172787
262.4945070418762
291.6999079862144
281.64928072330076
282.46831858577207
280.0669467828702
275.3380948227132
259.255121898721
260.09043475205544
290.899435265339
273.8368308484787
277.81162924633827
252.3093216145644
281.26418574503623
304.9232502116356
266.8659885437228
258.7369144752156
267.535486892215
258.50756731641013
274.61495329940226
309.1882317487616
265.44970339827705
267.5075689299265
270.6736053711502
282.39904254244175
257.10522104322445
280.3018253368791
295.7912570750341
279.7269149910426
303.6856094287941
255.47091178467963
301.89965738519095
286.87764197564684
286.8014315807959
285.6248481576331
268.4647016953677
258.14221566403285
283.7743099073414
256.8330707618734
306.82404029520694
305.51206707651727
284.16300521278754
269.8114728539949
274.13292812532745
263.78763562231325
259.519126440282
289.3917352214921
267.09399891726207
271.4224741664948
303.29923807433806
251.86997305846307
273.0741220546188
291.9730722301174
246.25799325795379
239.11284933646675
268.6847553518601
273.14993654564023
282.3275858643465
324.4983077911893
263.86459603044204
291.25673347956035
244.68108608340845
267.8256738500204
279.36046185251325
266.1844226765679
280.46711405552924
291.7335120426724
278.81820990890265
271.79851748561487
265.17911752488
282.40932064526714
301.3932361532934
288.4820861001499
268.3457205647137
287.96448628313374
328.8432394785341
262.9475762533257
276.62769693427254
252.3507374880137
289.49501072848216
295.93606787605677
298.85998497740366
290.51899329177104
289.72036176000256
287.566321260063
237.93333090189844
283.656315798522
272.82831336325034
284.8623147349572
277.6582456359174
291.4090308782179
271.6237974315882
261.67080927209463
310.036204286851
252.11136435111985
282.249961110414
276.33601940923836
268.3216214872664
268.75350424053613
303.3070271514589
297.25304740387946
262.74090238672215
287.0863796126796
281.28176998673007
271.9904592371313
282.0708140867064
304.70207376475446
250.0781741453102
292.1703852688661
313.3923925240524
281.1033113785088
271.24448712170124
296.16286748915445
254.31820960447658
301.2664897246286
301.63994180457667
271.7134820786305
268.36793464177754
259.98363756912295
261.04564018466044
280.9300196466502
281.9841481685871
300.6912168547278
272.621434988454
273.9647884471342
291.33719435846433
305.15005462802947
303.5102538057836
291.44560101185925
297.41620932053775
270.07694772968534
274.36808132450096
274.2668711220613
259.44522731541656
289.0288345379522
287.4776937995339
298.90019931597635
266.46507268061396
276.6917913372163
260.6956888269633
271.3382751394529
271.4829615743365
272.0917485152604
269.16148121107835
288.94568158790935
267.6213991098339
279.7561698425561
300.961864323006
307.87602122011594
250.61643444513902
278.3593294506427
307.1659349172842
280.47204960347153
283.08567808184307
273.6688852281077
293.68042080197483
255.86238768254407
264.1506242201431
258.0023262393661
225.7010547730606
274.3691789704608
297.66892306215595
274.79462763946503
281.66525606729556
302.0181821330916
309.75300651881844
267.66821889427956
283.84055798791815
276.4743191478774
317.2583249103045
278.56593010015786
277.9677024523262
266.03568439825904
231.72556879126932
263.47314978169743
262.9024137024535
293.65038805722725
271.65148696291726
261.62259245221503
261.56449425860774
252.23431269999128
282.9010083967587
249.1741907800315
271.55481690110173
302.91632074688096
259.66477629868314
289.348787857336
280.70460797508713
283.7267784267897
276.432365884888
280.9265394725371
256.80831596138887
280.95318778802175
267.7560207413044
271.14334818464704
256.3328193052439
265.94256219197996
246.2811690515373
284.8130637126742
281.1256138975732
307.2386639948236
257.50966336007696
283.09403299784753
251.81882974412292
266.40098976693116
263.3028015567688
251.43895911367144
273.31973879318684
264.87279160809703
286.3135826534126
283.66090589307714
268.4424673257163
275.43178224319126
261.80110885051545
287.81503653898835
294.3558288773056
255.08167817350477
281.94369154889137
254.32203197584022
281.9568852225784
272.14231646771077
263.13013467076235
269.4510023165494
280.28778177837376
263.7168608548818
305.7135113069089
259.7015341069782
267.55303596693557
281.45127639721613
257.0492272269912
274.8638900187798
285.79137804475613
263.3085108852247
270.37970041472
357.89672453852836
292.6496751877712
292.43804079992697
294.8145031031454
257.70237430767156
255.80546601151582
310.707680513151
277.83215028978884
264.75079224130604
262.4448828640161
256.83063016843516
294.28929722390603
275.4303504785057
272.8453150027199
255.151994448388
258.05181679013185
281.67198669945356
282.140312518226
299.4612852882128
280.6652513288427
278.75966588268057
274.43962924566586
284.84821652865503
306.07250694639515
289.67623566358816
277.4837024868466
275.7358034825884
261.9714648221852
268.11806334974244
280.890229458455
306.84732232347596
242.19942257204093
269.2504181850236
264.0023692178074
282.6601235178532
249.09757135924883
264.1140038880985
305.2429022153374
291.07576005754527
278.7515344246058
259.4802023113007
276.07662548392545
321.9947325240355
275.082117315731
317.48198279587086
281.92985721793957
270.59195875620935
275.6709137337748
248.16313138057012
269.28692070918623
276.46603152295575
289.0506336807739
261.8121729376726
291.38497839216143
266.87745211587753
265.0820194229018
276.75827407988254
271.0294701807434
272.64643216575496
265.4426606404595
287.71123538410757
289.8648171480745
307.2551841265522
277.29238141246606
293.52066605573054
274.4389636700507
284.9047962023178
251.99843010422774
285.94686852919403
299.9006407581037
242.45586379803717
273.381858312292
271.178318914026
261.0915607578354
276.58336815668736
289.26796881016344
285.93004350573756
280.29495111550204
311.41390776936896
262.46595478081144
279.6992448599776
280.1432721344754
308.3846299982397
286.5635539898649
267.687727399054
298.62726120557636
275.44221394509077
278.1654530140804
271.95230727409944
288.30697204591706
259.59547264303546
267.24213894899003
268.3254911660915
258.52432777220383
271.005065910751
251.9321315846173
259.4562608815031
265.1503807901172
321.5285950341495
275.10481725470163
289.71500765369274
280.7744102709694
267.0782561264932
315.0894263223745
247.37982180377003
257.32720032555517
276.99163312721066
285.7072200732073
264.3759736723732
286.2676180549897
270.1958860325394
255.9018003854435
252.83516053727362
279.5935041347984
274.8700033557834
270.4326707718428
317.79605871031526
304.06900425394997
277.9660233935574
269.8875384692801
274.45475358946715
254.81340864067897
260.7694268741179
266.9088624094147
294.34170195949264
292.35402752051596
295.6796974239405
244.85719683452044
267.3050747292582
295.4682079629274
312.8755539213307
258.32102217769716
279.4973037181189
259.4357279118849
262.3925361005822
260.24898114358075
252.0337493616389
253.05360425054096
268.7480875548208
261.69171992328484
314.2391629960621
273.2802954891231
297.1269049909897
248.26291609334294
302.3284331751056
264.0160239553079
268.91475561924744
248.5490094795823
267.8200869617285
257.9529878204921
271.8991836589994
257.77384750836063
268.5636377549963
263.7774235822726
316.1619351726258
295.523408592795
281.09822144638747
253.43671039433684
316.6188890703488
309.40858582768124
301.6911203424679
271.8587122026365
302.47711476811673
276.9726513773203
270.20656472374685
268.94664055353496
269.3998048756039
278.6017820863053
258.387734481832
292.99876718677115
266.181875739363
267.54754071647767
295.4555792164756
276.6646964584943
303.477871291223
277.82088106300216
257.3299070064677
255.47444661916234
271.27447795693297
291.2284429548308
282.2908587383572
284.3513885217253
262.89965492347255
263.77572877460625
305.7959307980491
262.25113869737834
260.259747482487
257.21061268181074
270.62768803013023
296.5204962249845
276.6615720668342
255.6812360782642
250.1226094312733
275.1233270324301
264.30947990587447
293.90752474055625
269.77525577449705
266.5229550449876
274.0787664328236
269.91223710007034
327.3103890940547
289.1371531059267
319.6039861817844
315.7226934194332
284.1199971109163
307.44848184403963
286.83266318705864
262.8946936656721
243.24741676135454
285.16615557833575
296.36648203083314
276.1174598361831
260.2616544199409
261.4533320934279
261.72168787685223
291.73670495301485
295.87988700927235
256.7902383947512
279.131456518895
278.8943016078556
289.8946150772972
272.958041731501
264.18548364250455
291.51529119431507
270.1689624302089
276.7827916422393
283.5718842210481
273.9419585254509
262.34636472549755
272.1731584643712
283.0091523670126
302.05896225222386
250.7642358338926
293.47796920023393
253.43026553513482
271.4015166675672
269.82249836984556
256.0380795614328
282.35954751761165
286.951190090389
286.873377611395
284.21205064526293
291.7493967991322
261.67226854746696
268.7767155970214
258.50113866769243
268.4308962338837
287.40818299003877
270.13464865030255
281.0459996102145
280.4548541487893
255.11067328357603
257.47045675921254
250.4070008554263
288.6486722250702
274.46573489462025
302.4971598838456
289.3720377513673
287.19386704522185
254.72220882517286
254.17784944432788
296.9156141290441
273.57481812883634
273.48960562737193
276.5160823094193
280.05716791388113
320.5590287266532
278.01844500529114
280.97461326571647
284.79877242969815
287.00030247028917
293.32730364380404
263.34982037730515
330.03357637650333
272.47487867844757
263.56699188728817
258.65027417975944
258.9045278427657
303.87633099616505
257.5527159147896
240.9700439228909
267.79124302975833
276.1613579055993
269.1021223011194
294.96330673550256
285.1886471536709
244.6384956635302
270.3201993093826
294.3138678132091
277.22671382920817
281.05859718786087
272.33112806640565
265.68126310326625
315.80394436744973
256.55510271631647
309.5071705118753
285.4564675943693
276.72931109101046
283.522522779298
289.2723905760795
275.7660241553094
273.39093381760176
267.84146615164354
303.43768064305186
278.8331787030911
270.3237322589848
286.53778013947885
296.22405296273064
285.5826017278014
271.7698987190379
262.8792242698837
286.6880092213396
271.44972950732335
272.636745976517
259.1347836917266
301.8055059330072
314.54002709314227
265.08242396300193
271.40519781422336
276.8041610443033
240.40658280730713
279.2886995510198
316.9674974230584
280.1368902082322
288.84997546917293
293.67583385214675
276.7382670302177
275.1594345307676
246.48250795144122
286.38944003533106
260.65202870965004
273.1015785689233
259.19197739998344
277.99535707826726
248.8330156195443
290.17688628588803
285.27101792139
278.42051218403503
281.6195993233705
278.437969178427
261.5059541987721
270.5602196562104
293.38865778723266
282.36041959095746
264.3493827782804
288.8517365147127
296.2698838834185
301.8332081256667
245.7235561714042
271.731865208596
283.31509447970893
278.3468766423175
284.46720600815024
265.9380929401377
291.1940263089491
265.30162716144696
301.0546715738019
284.87349735514726
293.75917692855
294.58252861362416
281.9442622017814
270.38687555049546
269.74478493619245
307.31924184656236
275.9956388184801
281.6886375802569
266.896921159816
284.50328459311277
262.95496591564734
258.06533866911195
287.5833110990934
299.11953488877043
282.2721812882228
286.88703523832373
278.1574830581667
294.6680444874801
275.82947594311554
264.9368537237169
278.43349739548285
288.8091757775983
267.54780249041505
322.71787067875266
296.55364586634096
311.2942324592732
254.53779101127293
305.2591309205163
296.9460668199463
272.1849107387243
275.1834204500774
304.9785181231564
294.9884279961698
277.60341495648026
301.9029927215306
287.9762797440635
272.42234156944323
261.784789968282
261.8187056637835
290.6814832664095
259.76942258211784
289.7444774877513
329.09413144062273
275.3315872841049
265.0345111399656
253.96142260020133
238.93778766761534
242.18569035932887
265.903833533288
337.32517155690584
297.17636070318986
257.1662252135575
279.60437384597026
273.10233370400965
242.09930040640756
248.29599322238937
265.53275965200737
272.49774863861967
279.00391095422674
274.7188427783549
291.88601338432636
272.6294520383235
278.0520432667108
275.8313126692083
283.07759311201517
296.4261101227021
284.08460510591976
268.40770607360173
282.3884720959468
280.95902672142256
325.19450935849454
293.27730569802225
267.69503710302524
296.326960038743
293.5118944720598
287.1183029889362
269.45579459052533
289.14920457813423
256.14628871215973
287.08018186991103
260.5440110231284
262.3242280171253
249.80453241744544
272.71601556579117
296.50421015697066
230.10392210434657
275.21760565042496
238.2003963792231
282.9561980133876
306.6878087851219
299.24277762148995
269.98852198256645
263.7663972809678
286.9834616148146
292.1184087926522
291.68858386040665
275.5360596793471
298.7106799585745
281.5183723702794
288.22443115815986
253.85456358653028
257.6913473503664
254.60010713431984
293.1334230891662
246.15730687917676
282.18066464853473
306.54364654270466
312.78859560599085
296.73769301723223
288.5256483872654
277.49264919257257
297.1584601784125
280.8105830765562
292.0156711456366
320.89345644949935
274.0762776467018
286.1660902708536
283.26331981725525
268.25359263422433
286.2572251504753
306.3540934585035
260.6037391963182
267.3238297550706
278.98645687976386
263.5365989948623
285.22801178577356
277.45818388985936
279.14854971994646
302.3469817430014
295.34308177477214
289.440134097822
300.0256625796901
266.60862246039324
296.7511813817546
297.4975002025021
243.48137290077284
255.51452290720772
288.8275419509737
278.8138149678707
280.0784811192425
293.0770409851102
276.0270874464186
253.37774751533289
261.49333339801524
267.6636712565087
272.66344137641136
281.9102257922059
293.08216736780014
281.9600446317345
262.05014836613555
233.78766704862937
245.04491234372836
284.1756634901976
256.5715117639629
275.90322397847194
277.9797444670694
285.47175711614545
283.6099098784616
275.91558309225366
256.37537669343874
269.73804636555724
298.3051071781665
266.15175203292165
292.374541563564
280.7306619579904
248.4709790048655
246.778858663165
288.57750625605695
264.1207074575359
266.96382862050086
304.5435258813668
281.96588190854527
288.3849717207486
298.3208386391634
270.0140099346172
328.4761891106609
299.8660561310826
250.7255225108238
273.02908888447564
273.18043900455814
253.86592625442427
267.6186253973283
282.32721528806724
247.71942474972457
284.33304257493
282.0040726752486
257.3835815944476
272.8006174269831
272.27047664276324
261.6825680023758
275.52391783636995
311.53151563508436
287.9594659061404
277.1854787938064
271.500065681641
269.11442467046436
269.5311464391416
253.50775891693775
267.0738754074555
284.00917882833164
283.3590917150723
291.43232480832376
268.20952849881724
294.97137584211305
307.28600495890714
320.5299137213733
283.8383706705645
289.07884087297134
284.9902617287589
282.8995493117254
293.9530183678726
302.42625600029714
263.9978730138391
298.04419320833404
281.44419233489316
269.7597244310891
291.40791103302035
283.6496044767555
271.1024653898785
303.95433249429334
287.4896229193546
284.561792112072
270.6363179530017
289.4330365896458
285.98570293886587
281.43915008567274
245.0898332351353
311.0206444427604
272.9162684055045
304.69818638649303
274.0953983494546
233.3229128633393
264.0440433565527
269.8292153496295
307.3933707103133
252.86133007798344
254.86683047015686
293.1504124701023
287.86593658302445
289.1347052472411
295.8550292418804
265.907783801551
304.43118637858424
255.01397319347598
305.5713141304441
314.67972919146996
263.9458825791953
306.22309787617996
279.8435821182793
252.0212361495942
272.3805813017534
257.71913720399607
289.2299656101968
281.69763828406576
273.55468718719203
295.98631646775175
282.72697923879605
264.7668427906465
264.64956127584446
281.77524475671817
261.8209612639621
288.2138567235088
266.6835655050818
286.7814647614723
266.85430390469264
255.1785987369949
270.48187550134026
256.05938546941616
252.811631593504
295.5939219399588
259.2939207261661
273.01265561953187
262.8265515002422
272.7098527762573
274.99381802009884
269.8201207660604
277.1627745538717
262.5386002091691
272.656573117245
258.4755470297532
295.508353145211
259.9834435119992
286.1029526819475
282.4704325310886
284.4602594486205
277.5918234771816
273.69153895624913
266.8680913593853
301.4097454760922
267.83117073890753
276.3029028485762
277.4346208208008
305.14574591687415
292.7056317758979
287.0111614598427
282.8734169912059
239.91547295206692
278.022645076504
263.4110778940376
288.0156136362348
274.1344728288241
302.9945917392615
271.69219968654215
285.80620931484737
292.5310061336495
262.6182093943935
281.12503017275594
290.6169955491787
328.04401966626756
261.732249064371
283.66361463733483
284.2038908842951
292.89898278727196
277.3180842481088
273.2361079506809
277.00189485715237
276.42152333748527
278.16847818763927
278.2209141514031
301.52928316569887
298.0459925852483
263.28383736649994
293.0447188070975
277.52127141912933
293.46994984406047
322.6302138128085
271.53531126037706
274.9530105520971
258.14858065673616
275.23535249277484
276.91266766155604
269.3530265921727
298.2638309908798
285.484158590436
282.3575784409186
283.18154951394536
267.1452333483612
245.16714440495707
283.47547474713065
253.2478036787361
285.1591952596791
294.4329054118134
287.5690103775123
292.2177985996241
254.10845835146029
274.01699811115395
277.28099596640095
278.57314881403
262.31196896813344
293.03391210432164
311.2735051914351
279.050184388645
276.12457559246104
278.553356947843
302.2503280634992
287.234016372473
263.15442331379745
288.7183912890032
294.99086038104724
282.6224046651041
318.2505703768693
281.8428371391492
280.1067368048243
295.01222798624076
266.5123102690559
254.4292643609224
291.24530712421983
281.57102413091343
289.7044935640879
287.55818565236405
252.81009862734936
263.501148913987
247.9007153774146
275.87197626999114
306.0633612652309
257.34098719991744
278.48344555904623
294.48006550979335
278.3950983930845
294.4872477898607
253.38328145619016
253.44941296882462
286.6083455180051
297.27784593228716
273.78286733443383
280.90936758974567
264.91722201381344
269.20780094282236
257.38776956428774
265.9853513488779
302.7953985555796
284.35225833719596
273.97945938643534
270.88881388225127
277.1339418090647
287.16168448212557
261.8346075351583
254.4728277286049
278.6145590520464
276.34815506462473
262.87894810549915
315.1368583878502
317.5432223188691
268.6793672319036
274.1019559967099
272.624113580212
255.30488357122522
271.31067558261566
268.35480120801367
244.14073890191503
236.50903639744502
278.6117749225814
270.4990309784189
260.39522708952427
272.1011818780098
281.5875833228929
281.484523962019
276.4724473003298
265.37135531473905
252.94776663428638
311.44091944862157
280.38945658074226
274.72996446862817
271.90870081598405
297.293537167483
279.6368788082618
295.857249532477
267.56478136987425
279.4488181750057
277.1829848847119
301.9160320032388
269.080950809177
287.1655568705173
288.3473397863563
286.7520967659075
258.457851592917
270.33350564318243
261.8190523561789
252.2263748201076
253.43042306543794
331.19896882609464
251.95000126212835
270.6034133890644
270.3693309102673
274.74308543023653
268.5961044523865
296.33685722679365
250.5547411912121
259.55063057213556
283.2740186098963
270.41484653251246
289.88844002294354
267.3452815110795
270.8240086787846
292.6221342723584
250.30517392919865
241.6711475896882
279.86388800886925
276.0811852978077
282.0150011993246
266.85889182356186
301.01576033839956
259.92185630777385
266.08426453068387
243.54185905097984
262.12522832257673
299.08303321234416
244.9906318099238
257.26154782262165
272.95469714910723
248.58668316341937
282.93428847566247
266.41927837824915
296.5120810343651
299.47215289925225
283.301901255385
310.26189921586774
268.14979431033134
306.638152849162
299.5502632589778
261.78509747819044
289.7499346312834
324.5885587896919
279.3954736068845
283.1875045350753
266.46390987734776
275.03103866195306
265.995713363518
280.1211484025698
297.41816068650223
290.5127863192465
308.644150503329
262.35705442889594
302.0232925552409
260.97153842891566
277.2370871750172
294.7870722108055
244.11550645751413
268.88818636653014
257.3901712615043
282.55681160185486
279.8315176658798
273.79139727458823
272.6850304668769
270.0741464650491
294.1709420114057
242.61947938764933
265.25864389981143
268.4848621233832
304.0353975931648
260.0524110200349
277.71111305907834
257.74388093093876
293.2670061707031
269.4891632872168
274.58678395382594
286.1635822445387
297.39752119779587
245.81445831467863
291.4631796996109
273.3012129814597
283.72991660039406
283.70549229194876
258.3008787659928
263.47869953431655
253.3981066182023
305.7113218528684
250.22981333639473
306.2912094582571
279.43128068873193
254.97105079097673
273.36998384364415
267.33559165510815
278.53593517420813
265.3317835518392
246.35643702140078
265.8887144791661
277.60499557014555
301.1018402838381
302.9339780131122
263.35256887821015
273.0396225586301
260.3667829011101
278.3725279199425
288.5045559015125
291.3054707174888
260.9174221829744
248.82433314609807
291.4981043569278
269.3675796317402
279.43602296267636
283.8811266659759
303.9234541300684
263.14202758902684
268.26805646694265
268.66375004465226
280.28864546259865
301.5132200552616
283.0777589819627
267.1129169476917
240.79525432165246
267.92872097867075
288.8539501898922
268.74557017092593
271.86787642445415
304.6244348550681
250.80013590480667
279.6949761559954
303.4796126622241
267.2699918829603
288.62180308182724
282.8984120397363
267.6760326520307
250.40317138994578
281.99598213844
244.33854757854715
277.2703328515636
265.26212249533273
252.5884897413198
296.9015174253145
256.4942209261935
277.90998788701836
271.2200200064108
311.2817605533637
274.1566584908869
272.12452411826234
248.0338895013556
278.39944887231104
265.07124465948436
274.7252351503121
246.8500204734737
278.3928485949291
300.5492257300066
341.97451542678755
290.70465485961176
276.5502725446131
259.8658836137038
275.1239841921488
253.13408080290537
272.1613457490457
282.93988740525674
271.3331538119819
256.25228621601127
285.52955396391917
296.9543139846064
282.9223627493484
269.5890982102137
282.46030699729454
283.4334606967168
259.08647501515225
305.2470100694336
262.3601433406584
258.47525481693447
277.1041018917458
264.29050849343184
293.76498658093624
280.2307044811314
280.6738593484042
307.2934133041417
302.6493972778553
286.0858291387558
323.4120279715862
263.226665209746
268.22779837832786
263.28657232038677
305.5303526563803
294.420976798865
244.90547539386898
257.53899341926444
283.01857640594244
293.6464663640363
275.1106281050015
259.4560650209896
253.10062169784214
276.16872099158354
277.9966753106564
274.1129617744591
282.496450256207
251.74636700341944
284.291081939009
286.23679113958497
240.33353009296115
298.7349060724955
256.63170497119427
290.2969591469737
316.1390889637405
288.7244821942877
291.6322211056249
298.93551629630383
301.48870543017983
280.9001606347738
277.4047015745891
243.19698106858414
248.60334746644367
292.14506999077275
276.1785379506182
244.70124247553758
279.89723598002456
301.6718972087838
298.1876106951386
296.4370331625687
287.4582936062943
288.43048964452464
264.99996305664536
273.23718286154326
297.188932222547
298.8751740575535
261.02786356699653
321.83327576727606
310.4829033431597
279.5115651952801
292.09706612629816
259.4633292967919
260.3969911248423
282.14817657659296
275.1044760880759
301.44753621006384
292.38930007757153
241.78890114859678
271.4827836327022
271.03901197970845
252.4397306612227
241.85821257252246
257.6481351337861
274.8832778423093
291.18664431059733
304.5578954064986
282.5460557747865
297.1998011486139
260.67115989443846
283.8829011808848
249.31763295526616
304.73263621283695
278.39379296055995
269.71663893572986
278.68349899095483
280.03389226831496
267.8285368998768
246.1751172094373
242.55301970092114
281.6271766072605
264.7646582076559
286.54870864446275
315.96269847650547
313.5322399401339
304.41368516674265
274.0198213105323
267.45234999770764
258.60204831231385
281.6541084040655
305.13667556573637
250.76163446402643
293.38211455207784
268.3810884997947
266.01672621211037
309.2912986589363
284.74085120123345
309.01142140536103
300.3599722572835
274.92345174285583
282.31352798757143
262.31327826494817
269.936294927611
298.7181774226483
252.32033013843466
281.55134472600184
263.6402069797041
283.5516411346616
265.1163641975727
289.8478171780007
273.4092605265323
264.5101625804091
281.436803500168
273.6283035221277
272.93867943657096
322.28294253197964
308.2622627589153
280.1767572220415
262.8088854656089
303.27788951597176
287.0335969927255
280.7549466252094
272.3720243010903
289.83172143576667
290.48675685713533
315.81029559252784
290.0106990891509
272.4643302750774
242.8585657083895
289.79732825013343
241.1775263120653
312.54848172410857
306.1653827719856
313.2968277625041
249.53030090173706
271.1800040989183
316.40823977510445
280.16572175803594
255.44694959081244
264.1708721657051
259.76808497554157
270.02178404759616
277.75481094943825
269.2560124445008
257.65382075018715
260.993323462666
261.01230493607
271.8544871949125
281.67227214272134
297.54943222925067
265.7100197832333
318.29782911529765
306.35155829193536
270.96707005321514
269.9078302938724
285.3907663995633
266.6362855283078
282.35940861864947
313.019660709193
268.71955135883763
285.671600446105
252.66190427914262
279.73605684074573
290.706290353206
292.3782236763509
277.8042836646782
298.8435715122614
280.71463642059825
269.54297555203084
300.7420227206312
319.3890181508614
297.6326947732596
275.77917750074994
279.7217610818334
296.8497715385165
314.7531679022359
315.55225363955833
250.42917532403953
281.67713361256756
284.2945588802686
297.8758285129443
317.9736262963852
292.7064158091089
323.94211727613583
285.90079474868253
292.652980382205
276.1758712101728
247.92411000758875
294.4981055574026
279.6508255773224
298.91366077319253
280.08618615742307
294.26428641204257
324.8983939741738
293.86279182427097
304.38740139093716
270.5948512679897
271.2378286459716
278.710354691837
250.76613630121574
270.2560549544869
252.92874246602878
278.3756699337391
272.0471238641767
305.53948646981735
261.50790927314665
259.7251796020428
294.5218605818227
296.63984383060597
268.4799813980935
288.78649035515264
264.0771361520747
267.76658565481193
283.3902331520803
273.3001457961509
281.82031020638533
274.6601513607893
284.10973634943366
302.7748953580158
267.32123745710123
280.09463536704425
283.6345284844283
265.8851931367535
298.83962488686666
282.1144288787618
279.9562337852549
314.4583571217954
268.705609520548
292.226524327416
287.9058826888213
279.7012681957567
273.79649686592165
267.5550904489355
295.60585239867214
283.06165883981157
296.566112543107
282.7653847951442
268.84082129376475
295.29493385355454
279.9022661074996
268.8957008634461
270.91408023633994
305.52584455208853
297.5896307100775
274.30175965465605
294.7639740649611
276.0693714845693
249.86491999030113
268.7830157340504
254.4859450852964
278.75075518060476
276.53124868276063
286.6933121130569
346.0826812159503
274.8609439783031
296.14118371123914
264.8866029259516
295.39242345443927
278.26998520526104
290.160090468009
279.91418995161075
268.3494026022963
284.09171503048856
249.98927932430524
277.758756629657
281.17732851277106
273.93488870433066
282.2987310803728
275.35948629002087
289.77652720047627
