192.28084640256566
192.2794346277069
192.28016913309966
192.28011619961126
192.2801314659855
192.2801068166782
192.27935776506
192.28027656888298
192.28049649966488
192.2801712821638
192.28085080523306
192.27948748137806
192.28009138975722
192.2802579706031
192.2801514264047
192.28073463564488
192.27930208448925
192.27998870832926
192.28004644965404
192.2801939945166
192.28031382709014
192.28092062226096
192.27939869722832
192.28069540921388
192.27948774471952
192.2802821496698
192.28028292397903
192.28028199485016
192.28028320605335
192.2802815165487
192.28028368234482
192.280280579007
192.2802843628815
192.28027878305147
192.28028503302266
192.28027544090946
192.2802845123424
192.28027521104195
192.28040489594423
192.28028370605534
192.28061728445573
192.2794787940711
192.28061522290773
192.27950311803215
192.28028498674757
192.28027470515553
192.28028417961104
192.280612911778
192.27936780288292
192.28019481578485
192.28033144214896
192.28028122404248
192.28028390318104
192.28028003373583
192.28028464607814
192.28027773834583
192.28028508299576
192.280263385559
192.2802775991131
192.2800946636562
192.28040238408357
192.2802847927851
192.28027722565457
192.28028502956295
192.28025991980394
192.2803298686049
192.28028505260227
192.28026062350546
192.2803037600279
192.2806061921765
192.27949110213012
192.2802744446417
192.28028409350372
192.28061352836812
192.2799653741531
192.2805433341673
192.28004420940852
