201.72472886220203
201.724860087259
201.7254636321286
201.72468913501507
201.72472813678542
201.72513052661543
201.72509259659364
201.72553550691646
201.7245950647757
201.72513858896855
201.72443667605057
201.72509469738634
201.72469196214297
201.7246590613022
201.7244386077682
201.72513525033082
201.7250846974639
201.72514836278788
201.72470244101896
201.72460658076488
201.72531657374748
201.72443565747562
201.72467401281392
201.72475392104388
201.72463983838315
201.7246325384276
201.72472816017216
201.7251483293603
201.72511329726512
201.7248059239264
201.72472728128923
201.72508222898796
201.72477677539973
201.72511117154136
201.7251853736634
201.7247180761624
201.7251152102508
201.72472819597897
201.72533122196546
201.72481845481525
201.72471226863127
201.72600377698836
201.72430359922146
201.72463253462774
201.72505301777892
201.7250898194361
201.72521038342165
201.72506086094472
201.72476037888555
201.72442126891474
201.72423480787984
201.72497425465008
201.72480850565262
201.72509458955392
201.7246582556345
201.72499762207008
201.72402650692493
201.7250344877757
201.72471545173903
201.72507366882564
201.72491380554857
201.72459707162852
201.7247257944291
201.72432583639238
201.7244199633642
201.7250792214254
201.724995404722
201.72471633958776
201.72467440310356
201.72447196898065
201.72496848534865
201.72462234146587
201.72524945028636
201.7251136584855
