92.84178669013636
92.98348388771592
93.01581936274579
92.8250399499675
93.02436902392947
92.8700170145712
92.97545005104894
92.7218357679958
93.07655498959957
93.01410628173744
92.82181088101788
92.9870170551767
93.02181216472945
92.88338104809645
92.9087074439276
93.02672901334518
92.78750173518438
93.07611033844933
93.00152602515027
92.97657263526344
92.78667986984692
93.0443035113376
93.00750669744411
92.88536606167327
93.02022393898824
92.94015002445667
92.7540317145058
93.16578500774358
92.96628987020267
93.04379109229376
93.00627611141317
92.88321619911858
93.01955250750143
92.93068872638105
92.78494149621838
93.06994067623054
93.02131764452133
93.01194696451057
92.83442175443997
92.9834220628909
93.0158991083863
92.87882858828198
93.03345929646093
92.74152567888814
93.04313230676235
92.9995359962104
92.97424844019952
92.86501084223892
93.00876739698106
92.8957387775481
93.0214352728508
92.94622026577781
92.77169240831245
93.06004527634468
93.00985300424327
92.86383042046145
93.00710337389319
92.82153185533934
93.00002431186113
92.97495171718947
92.84314480064859
92.9839953959854
93.01571865227925
92.87420576119257
93.02974791910492
92.77318391981862
93.0236461229706
93.00796453900148
92.83946481814564
93.01772390710357
92.86387391196695
93.01978023941047
92.8843329553547
92.84439495086554
92.90338915750363
93.04746706522383
93.00059314131249
92.97253548138178
92.85825625045982
93.01001920712588
92.83656872360007
92.98375743713768
93.01583178291366
92.87515918946337
93.03290537223256
92.7438606932883
93.05350491249919
93.00525907313022
92.88239463016907
93.01958348864355
92.92296180070844
92.78350343085003
93.06016726573944
93.0561064220692
93.02277135556687
92.89983677636701
92.84512226900915
92.99092489943177
93.02627069066511
92.79096353363457
93.10676359395438
92.99080099438106
93.02717121322166
92.78900780750519
92.90604754707965
93.03649069393032
93.00967905723155
92.86341442582852
93.02043831927222
92.91585796179788
92.88478809065236
92.97630581677004
92.91485244259638
92.89120392856239
92.88985971581496
93.06086139925719
93.05777154236057
93.02461825111823
92.86053096962496
92.88590809867492
93.03074231606297
92.74732849543943
93.0898194417714
92.97665479022908
92.8088504248517
93.04387309451704
93.00639628138379
92.84215642611525
93.00692247535699
92.91585546990973
92.88894931615869
92.98833419637958
93.00919928467192
92.88936342918896
93.01702449496224
92.88352154324093
92.97706030534027
92.85024116361456
92.99393777156365
93.02467660946058
92.82733928810921
93.00268959744426
93.0238825209126
92.7571678542954
93.05678314482793
93.02460396978495
92.76299759968606
93.17544400303814
92.87881433217626
93.05411423597252
93.00891595474968
92.89973072328576
93.03741413693933
92.80395774475983
93.0731615819277
93.01547703419783
92.88372309320403
92.97709355183179
92.78648561888258
93.04359428757016
