145.24583241797154
145.24536699426244
145.24493235153022
145.24452932656368
145.263417581853
145.23947532726652
145.26228141800584
145.26417356752245
145.24571612379532
145.24240235562593
145.263536302391
145.23808560285852
145.2622938113227
145.26329632024954
145.2368602687484
145.26229990314823
145.26412114019877
145.2443707437169
145.26407438884235
145.2639264710233
145.26216946577824
145.26397415240808
145.2642457778511
145.24365149281402
145.2640787807395
145.26387287821854
145.26556826814522
145.24112866403448
145.26434608975796
145.24217913694883
145.26429939741683
145.24340366755678
145.26402021815193
145.26182639229592
145.23894875608312
145.26356818694512
145.2349629027376
145.2623156626887
145.26410231484078
145.24329042068166
145.26399067525017
145.26474065364528
145.24045272634794
145.2643389895493
145.24166225120644
145.2643115089195
145.2430495620938
145.26401931924192
145.2622143561257
145.2390048341622
145.26370553274865
145.26427921337017
145.24208647209161
145.26432850475067
145.2428740879168
145.26404381685825
145.2622921460952
145.26407903813015
145.2594524862161
145.2379011140456
145.2634771134144
145.2334980356518
145.2623686304487
145.26384367722676
145.2640438114795
145.26088101894493
145.2375941976279
145.26344100942515
145.23357999715518
145.26235975653617
145.2640188838268
145.26427376670472
145.24264377838517
145.26408143808476
145.26388265484456
145.2644645305245
145.2401910500812
145.2643304020894
145.24143362565883
145.2643227201479
145.24287428689422
145.26402991301802
145.2621669037071
145.2640845750866
145.23646392572118
145.26333728517784
145.2319745065579
145.2438675796693
145.26387067744145
145.23338184643217
145.26238004285915
145.2640379911427
145.23632722651018
145.26333117914328
145.2317701446991
145.24388560720035
145.26386866446774
145.23341154656737
145.26237684703665
145.26392062811283
145.23597726192747
145.2623432893597
