173.13584053808063
173.13177366014406
173.13032950732668
173.13414932777414
173.13116428880767
173.13280641034726
173.12141422636705
173.1190183443141
173.13051538378022
173.13006500894335
173.12365061354285
173.13030982210694
173.1235713095548
173.1212900498249
173.11938776706847
173.12998223413433
173.12595519385923
173.12982311092674
173.09987479899064
173.12447593010256
173.12325741316272
173.13069518203338
173.13365794196034
173.12978472319992
173.12491028992372
173.12957180746344
173.1118911151334
173.12955850692924
173.11311401028433
173.12498604942812
173.13365087560123
173.12974200001554
173.13032057129385
173.1238187809122
173.1251549140652
173.13336163622625
173.11689107098937
173.1214818518165
173.12010689788985
173.1299066070187
173.13007030577137
173.12033399499887
173.1233574152211
173.1326280897556
173.1339364027317
173.13049258735919
173.1334348730179
173.1314174734871
173.13268505292945
173.13350980832183
173.1251579646214
173.12000806340802
173.1291637587874
173.12328409667498
173.1293280632217
173.12257032840898
173.13028624428625
173.1236701823691
173.13028055252653
173.1244419408231
173.13351023233008
173.1300339224581
173.13283510246038
173.12983005349815
173.10924802101727
173.12141397173218
173.13002538848014
173.1173477090888
173.13048245516256
173.12988145439158
173.1413339646133
173.131893897611
173.11982799843827
173.13054003974685
173.1270153366895
173.12987354083089
173.11297936926348
173.13511539316096
173.12358063935972
173.13233785454577
173.13000617499347
173.12253087454883
173.13029029482277
173.1235821483133
173.12945309481074
173.12461103796159
