283.06166146715805
283.0615185777033
283.06280026995046
283.06106549334345
283.0608973990784
283.06097280077756
283.0617505115342
283.0611302196485
283.0613678344862
283.06164087328216
283.0617577676421
283.06103555482514
283.0640080467165
283.06037321006625
283.0651940772332
283.05802262426005
283.0621478738831
283.0617363415131
283.06129226222583
283.0634458875884
283.0623918635447
283.0623657574397
283.06235562112124
283.0621750617265
283.06112630253665
283.0630865599014
283.0608610934087
283.06273445230545
283.0605909789829
283.0628054426743
283.06351279068986
283.062371330072
283.04904966382855
283.0651799928837
283.0567033793268
283.0627840079014
283.06201177411276
283.0664690996782
283.06201205070465
283.0613452030211
283.0619132537977
283.0626387586526
283.06215202005114
283.0560464151167
283.06250293681296
283.06203506404927
283.06167825081866
283.0594383815878
283.0605349035977
283.0633903271191
283.06201596605024
283.06087493411906
