322.4064309715644
265.07938674501725
256.39202077849006
247.14456513591188
244.32002381935195
248.28874197424648
235.80922152304447
243.68215028957388
240.05116210435426
254.43796296962364
243.36650481157085
242.3160818475867
247.9162226059716
241.35055067016128
249.43053124276912
243.92622502016457
240.95291136781134
245.91783648457113
241.38923098037958
247.20460207589167
226.1738545367216
243.83229640659556
246.38666790130173
235.71455458325818
235.09716487541664
238.0423057421167
245.04898960188257
241.35456506038918
246.51934119502675
243.5727956251376
238.95812026663134
239.88945752143445
236.44787084017844
242.30787955195592
244.40498195917826
230.29818186866032
238.44868205223975
240.34709523445053
242.8684359669369
233.1761538599785
249.63773319492248
237.49015510278878
232.33039589741202
235.49846368444742
246.86099003953314
239.69232443466535
239.02024149359204
248.57859676786939
238.58498781856906
241.04344834384756
241.57407497061286
242.5696272938876
244.49107364355586
239.61563945917442
234.78718749382642
241.70987346364018
237.14023989699308
237.50321297560185
244.7855592682845
242.74983645053362
239.41335969200554
236.56998660079444
233.56803098023738
238.9481798381912
241.22418791804375
240.64357588186067
243.39364554797612
234.05829581850958
238.9299843748704
241.6015823163034
239.05010014828076
247.4290824930613
239.96557995053445
241.71951040606655
245.99301732170716
245.90636724964497
237.52091772593485
242.24900523210817
234.43777979326114
236.14292838724214
231.11568168672602
237.53106593648408
240.86823707424992
240.1491243005621
239.70122674880622
249.1423480237172
244.67842438847583
242.49494054484967
248.96324659426318
237.42625693452646
231.39740423119656
241.02349826072896
240.48447963544822
240.5551520379413
241.808831385315
235.76138523581176
251.0650802116361
239.2780732164756
244.45129675518547
255.64611365515884
233.05754587379852
238.88393905108387
242.02856921379498
252.6229912198869
235.99842917542992
232.8136593683157
236.75604624611515
233.47964975976356
238.10125105680345
241.5341288380223
247.50470457073607
242.23443851861157
238.76626526494874
233.6917000352223
234.6133831760235
230.85027689471463
253.1635418504011
234.8443804082999
236.994095729533
226.04370648065378
228.85273759831398
226.79678877478
231.44919296914668
234.94578246965102
239.33785649919082
245.12745865985198
246.8052250019755
247.29175290646162
231.28879661379324
230.69175554956746
228.2908534966773
246.31223769356802
243.624537488231
244.1665038677711
237.18870550292922
240.3225222375513
228.75701209453837
239.43775699553225
235.8839112420028
253.2369655077273
242.93841223723575
229.08065847648686
241.64820598734514
246.13754695530952
238.3740476948151
253.63614022506954
255.14563170872862
243.9413120097306
244.44950774637255
247.14195262313297
241.41938316640153
244.60158956198575
245.80931040953146
241.57495315506094
235.9204562797604
242.56705171294743
238.6688077614599
241.42802654363913
250.07471209413052
247.8839310248586
248.21517258667882
232.42995032259932
240.36733938712132
242.61630341374257
232.47863306307408
227.42561865301832
244.35620977606595
235.28756404481828
240.31348884214094
241.51671720200102
243.1213629634076
248.10926646290318
243.33157882886735
239.5975363717589
237.57068715247442
229.48926904764085
238.07795970902953
233.6473127698846
237.24230846736464
234.71054448162613
231.2909327071393
239.77015571584343
239.087804560535
251.3220709074958
236.91447015839367
236.8262482489081
224.39256217393267
234.98172765215713
237.99546575927525
236.38643753214274
239.84251383505034
232.69829303003644
237.37722422287334
245.87320298532723
235.7864461179197
237.84721669111605
240.66152579819754
233.72251184531342
240.4262146852343
238.09237108215166
238.61452797272068
233.68899770028656
234.95326308848598
249.9596603947939
246.20381388775422
242.6922729056896
236.120187757253
242.07476136916375
241.85773308415082
238.84373526956188
238.06803803345974
248.3454741235546
239.35926056915196
250.2099254917921
235.62643947289325
241.46837090468034
228.8177143028588
239.61576568060264
238.61780310235918
237.5177785078995
234.46586941493297
240.16665241006558
237.97408768094465
235.205028761804
244.13782185560558
235.54978869241313
243.95541131367645
243.7300429698662
236.8516718165265
229.78766743180313
233.74387350261532
238.94491617356834
240.79945906031935
240.92126592434943
236.67145951085695
239.415896646904
243.49631672676333
241.81082223678823
242.68288901071355
249.57395105974138
242.93529338458757
238.16770068633195
240.24191284712288
237.2932582650028
236.29189222553396
247.03799603612424
245.42403847768583
246.1146048042574
251.25425933379302
239.38464576578554
232.88652702582476
235.01974971392337
242.81507789946045
246.79199395306205
240.06041864238796
236.21632189318188
243.7612459676675
242.7521501618321
242.2368888941346
236.37670367914689
243.0214813025159
241.9016379781824
240.02196034715598
237.23372115462553
251.59194823553844
237.46105136897677
242.4010450955684
239.50637809214822
248.27834982180502
236.97058744768583
236.38617611816153
244.4797609185989
233.1158145626032
237.93899404063995
242.59606985161372
240.49410328356316
237.82969977497123
247.53263060712197
240.79634364855883
240.02980122387817
240.89922177676635
234.990781361892
243.49162837878976
249.6753958362242
242.87409792852122
227.55379212521075
241.31914416172367
248.02370157314
251.20112204411998
247.1481117043877
236.96443097318115
236.34553046403744
234.17997457187448
237.45846374852408
240.16003280857694
235.42881767528888
239.41503008404106
242.4159751451516
248.3093246317585
242.39533605016186
243.7941603607469
244.98348523888853
244.6030210363533
237.85028893705748
244.51049252566008
242.47399019417935
245.21658590708103
242.50046476023272
248.66289563382452
248.39461565660895
232.39310832717456
244.82045204070164
243.64581758421264
242.8752972207585
249.42961807498068
247.77355433802586
248.51961028255755
229.27770747484465
244.11971082980745
237.5606605517096
236.18563736588112
240.5369247967028
242.14398590358905
228.50453109266527
241.33046908359393
245.86741682213324
251.6206363838137
235.86189628111606
234.33196640333335
230.57390000131272
238.00885674227902
234.97022722086695
236.74253624415724
246.34901156048
234.23339520242007
242.65510397727485
243.47414183108776
252.78302562444878
241.06996111451008
236.40124544056016
242.02554491061892
245.05773780617164
236.81490227222093
239.71362219001458
238.149300622812
232.1348762102425
235.32584108723677
249.6415131662361
240.39509917657415
241.57346391306783
238.16469845407119
244.66414159728447
244.1228746388515
238.45557595201535
233.97102011127572
238.77405580680352
234.9688520582131
242.4972632443678
240.5601121928339
246.6361833728006
236.78551347558096
234.33641583647113
246.62198721843015
242.4171922399255
232.47977859566163
232.85429706690775
244.4727935801784
244.8590170631942
235.96809358547034
240.2433898406889
241.66751362601644
246.97633281211893
241.3634620357043
246.30735791489133
246.82779678172665
241.35427550242457
244.77539280700148
241.12278389358835
238.8486738960637
247.45185257752019
245.64520193211501
253.56644480528485
241.44718205656682
247.82892885492765
237.38774433385697
244.97389136134007
240.76233721041353
236.35935801382584
236.44327560754027
237.25262510297762
240.64210267651652
247.33509019034682
243.06933235531324
251.68731320431107
238.4630104846583
240.83800874417648
234.13562093315704
236.91602405444428
242.7815613411367
240.8084451424511
242.80659179053328
255.9541519619961
238.4844935305009
237.68890341778751
240.27459618727153
250.0167951596086
240.1717689857469
256.58639876874804
234.1596218340128
247.43149546040513
240.39563138631638
244.0475565829547
235.49456678587012
250.2594538690173
240.37474604335148
235.04951996596355
242.1957980615989
242.02580801666772
239.76886408220162
240.1093554180261
243.14781282795593
241.731218018278
244.26436784637917
246.66066671558656
237.79224276036257
246.55873469490325
240.7086800631223
240.71413623407716
245.900719082274
247.60576337468228
247.06502327515045
240.07149196126556
232.0873438500712
240.9287524836982
247.36283981574525
232.89396141310863
245.34633316463442
252.2116784202226
244.0053488612466
243.90580394792778
234.8717045726953
242.27151012216927
239.18535873942892
248.48430848613498
246.91296517680166
252.9729354188603
241.27704085271398
247.50488152239996
243.36642008990748
246.13080059098138
236.8391378353408
239.14313073758967
234.683871072717
240.9345468780666
248.64002304369933
242.52777270121442
234.79388611701143
240.42407762029325
245.91897165571572
231.91167737951037
239.26163137704134
234.46470646641683
254.91237137174176
239.58016384358052
232.56985578338208
240.74706081290788
245.81131122840452
234.02754548814846
260.3895084976539
236.67675557117036
239.7417889438948
240.7725945856946
239.1165772889508
241.25634292140603
244.21118186569947
248.32171198709693
238.58223563505453
245.9319993500394
238.07684298527602
250.14032607726404
250.9026558550686
237.97321605257457
244.4065806058352
233.76511669896718
243.84146315985708
250.2297706911777
234.39384097850416
241.49950758552586
231.96985072936513
244.18558977961948
243.2988920733187
238.24662539182464
238.48085046945198
243.08972868445562
236.4334587835765
238.62248760632065
248.5220673178119
246.8253709767887
243.8494623273291
246.3226719906088
234.67831022095925
240.29985415788542
238.33187297206314
247.11221640299482
248.7398475289374
247.4787085265125
237.69244968936255
244.6342052553664
239.5630770773423
240.7864976865967
239.89062387903687
234.12391788410605
240.30930193900713
227.93664610560518
238.88440527091734
244.02589773356158
239.52387959085172
246.3208650394372
238.05459968010837
246.9159971956251
240.64977333700517
244.34983067421126
228.53823836251104
227.0948886703991
242.9612657159596
244.00362635248166
237.55020063828852
231.14754379104124
241.12701458117226
238.72324081016995
244.0965799017722
229.58024526455847
236.69553949423425
254.18293294348405
246.66918881173478
239.55792728092638
236.96230803221988
248.25063864287222
241.26572799483256
243.4921407437505
236.16547336813528
238.39211785403313
236.943450358056
250.45800932704879
250.7343319085776
240.7398908768664
241.0707717447367
243.78560714286868
235.94801404385362
242.18136962788412
239.16971682949224
247.8725162644114
235.58241137841833
245.24024935101625
240.41985443758313
240.10850444468088
245.51488815629273
236.502259074623
247.69757803122047
243.42271144487313
236.82876066945028
236.1182558440196
235.45824916867423
237.34639516143943
247.53925601782976
251.7046427851892
246.39411772918538
251.54998659298872
242.83225744287483
233.18017989356304
239.63826866619638
230.89562175187166
236.34652896912303
240.86033790404326
247.0366195003735
236.91738067852566
240.5557395911601
237.98794775715214
244.31269193274784
237.44516706690774
242.377687781438
231.39778280752944
242.1372786455904
235.8528590349597
232.80529867793666
235.32134093969944
239.854809121578
242.16503070344334
236.5371800334251
244.07502104801824
232.89220814939472
242.63422719895607
238.9190072513884
241.82901855613454
245.23546034781612
227.86079267773312
249.532896745397
245.54164809259237
238.63920547554153
234.64168463024544
237.69684269456775
235.84492581503582
238.45615344052203
232.01171137180063
240.3686698731035
242.77717938047135
240.8646551844722
241.20801954978378
236.02125731381238
245.35393374360865
239.6068288971146
245.72419104989967
260.67107752055745
233.6905943028396
238.65111026947852
245.2974011313927
245.70960597138037
260.6255344382371
242.5140917726385
237.1209152074298
237.8612328483432
245.62181185619556
240.76804270932917
238.3485533724015
234.8378522801504
237.83975663594902
239.33758495739312
238.80617260359577
240.7425493139599
246.46845214869245
237.4249542222824
233.40387889623526
238.6376962743816
242.6627243513649
241.6737258899957
232.84684035085957
239.45723830236238
242.46325686376076
240.53106371575268
248.7379369729024
245.31809110433096
238.91191717478796
249.6425635513151
233.55280987193692
242.3191193138482
238.97072690873756
239.8373773608473
233.09090177170583
242.83182919953833
243.6402099947736
242.59367789307726
251.28405467208358
239.97909413499292
239.90885685555986
233.3167244909855
238.41289390801103
244.75025452981936
237.13916155439802
242.6716460697935
230.22399731332553
252.52346983295865
245.08905829451396
239.34085959658842
241.80852179796784
235.25554198006284
230.39948438017746
243.15095129120164
240.70699276812957
229.89104435761692
231.55818332426134
236.36088946060045
250.90681529196445
243.4274473648402
238.78562493628124
241.48264761682367
248.67181164157228
232.3393955610518
236.62746639942634
243.86069058880094
239.42218907218194
239.1983368024812
255.7925391527242
252.0163897345774
244.3369667174702
239.43564881014754
240.01574355000048
236.75150076521095
237.44710186350858
241.41481780647882
247.23117788508534
237.56830627375166
233.5981646651635
239.7529850291903
244.53974950351403
239.24773398748948
237.95178925670916
249.2283382335736
241.14996213134145
247.18373401550343
240.97350132468273
237.532621133083
241.03551286522998
243.8858654673677
251.85813284557662
243.94552802667022
246.5682294262224
246.02945672505302
237.57695670877
244.73479664500337
240.95134468612378
245.1681921481213
241.2158428391558
242.77244834898738
246.28483246726682
250.62612374330638
240.57076678215526
240.8185512414202
237.40172572649317
246.33618861902505
247.74239229387604
243.17798470670823
245.65881422476377
236.0585364876606
237.90575221102335
238.8798583734315
243.77457133171265
235.31316915803473
239.89129952114308
244.76221289375098
229.78806784332846
245.71259184449445
240.33153414464323
236.43008055980317
258.1875312041666
241.77221675694454
243.81839120091172
246.74103476578603
241.13859853410395
243.17597791133448
242.85151191058685
242.35771130718058
236.50861231514136
235.27779572983854
230.10810489705182
244.85575564744067
231.0114219887182
251.4190328552213
247.4903650144115
244.10046787021565
230.4013290507428
241.6275892398262
245.59747152295313
245.81674107324216
242.78672538726823
240.0554151450342
236.76740512362448
246.09959430462914
239.1834000152012
242.52509485319024
240.56261829347932
241.02989563782467
232.61573639555718
235.30114457488526
237.64970158805954
240.0790645504021
237.38536210902384
232.7879563368624
246.22805342450738
246.01069564698264
246.3088479473663
236.10174461296992
239.21869697087095
229.17056840087753
237.31260155679774
243.84055961787817
235.39608854125254
235.37094316101866
232.78156365768518
238.99293673827196
238.96844003733713
246.74127981890342
239.5103870955063
235.99756885008537
236.117750256235
243.236906139442
240.42093130818103
233.94280056963908
240.46659676311538
246.60988967271987
239.94476371750352
245.16571844456485
241.1477955271257
237.6764554917172
240.14677836114424
249.08938063916867
242.15660138815292
245.5443705485959
245.89759409672115
246.16849798496696
243.15333498385735
236.7148288130702
236.96879939749488
231.5141701125831
239.54859176534228
238.11081242901855
240.0287218755111
242.4623517638829
253.23594744113507
250.18640231367317
237.28574033491896
247.45557993632974
252.84026727781747
245.81341250697733
239.29795466703945
227.88822745913058
227.65765075184754
224.36423038330395
235.03797637697426
249.1177479698672
247.61219140145113
246.57991975412006
246.84618938475614
232.20054627716308
239.0662344521843
236.761724807031
236.3900222366501
240.71473176861764
234.6939871092618
229.5846937938477
236.33627618631
242.46562113275286
235.2150064028683
235.6243853197957
240.50995506570325
234.32608122515376
239.04744533190387
227.34580375615042
240.83725755970227
242.45611067890422
242.3743039582332
236.8413124854269
236.63338372664293
245.40397708653472
247.99648770689964
251.22101091837976
245.71440916811116
245.37446859429474
239.02571762527805
242.57019019822474
239.51187072260655
239.32380125825875
241.9451852478087
236.05069307159283
249.64379111721064
237.58341260877205
236.35619790040073
239.10149509477196
240.0549144722463
237.89641811299953
245.89231512599508
242.75983914136305
239.84667841673945
235.35847245473997
238.2412680365087
240.64880752452882
238.35324499802664
233.05893090445898
244.6523093629803
238.6714716196584
235.44893184196553
244.04312049702276
235.34937705969787
243.21817468380323
248.88224093374447
243.57291370569146
240.9792981459177
235.76459808342042
239.92987017397536
236.99273167722276
237.4263737766014
232.3169268228521
244.7783072287275
243.8053415569011
247.54500365344575
233.62886340878322
235.1396608033101
238.03491200713324
237.46211561889504
237.89528654320748
235.86177670999314
239.91331594926305
240.26469807390822
244.52586910899845
238.5915650918032
237.17394754986162
237.0908744216431
244.32184022828005
237.76812485404662
236.5684527316771
238.25905009172857
246.45879145344952
236.05089660335216
235.78097586447257
241.2100980860414
240.89117566798814
247.61949935081066
237.62331617393647
235.51256262420793
244.2565897811437
236.86690841513337
240.75761545388377
240.59307527533383
242.1162047898979
235.14335421516444
234.43698331722408
235.38185249923845
227.7388321814651
240.74531709533767
244.65349549046368
234.20144197982154
241.53336203290382
248.85287341667572
246.81047470640624
250.33330478769494
239.749373000348
248.72477293681004
238.60834098487976
242.86215376784094
247.56937397070578
241.53234007957508
229.2240756348474
241.77435158359003
239.13714344569598
244.84924305425375
244.06771188986022
246.33077974873595
242.78110510186525
246.8436401981162
241.6891528708511
238.31692684159498
226.5540969669819
236.41152304396383
242.16015380402678
240.19324647408212
238.8161907113972
242.83431495292461
235.3937823937449
242.25959172521834
232.10321088912315
237.1505055060843
239.4780903335195
239.71201525462675
243.45035685473704
237.6130594877468
244.89127102776547
233.34139299808885
237.18663576553809
238.26700764073757
242.33959230413893
237.36310104103177
239.56015777491848
237.7235982893908
241.12158403603826
234.58347611498903
236.34093432323425
242.73486085553304
239.68031201767735
241.3641982342524
243.1827158270171
248.26294421893544
240.37091059066006
234.3006440178142
235.1591607570299
238.65116256909096
234.64726345150848
239.21104533734615
239.7564304425905
242.21709976825514
238.71507439838024
243.08840043505188
234.49570828664582
243.31721012105118
244.35897380267852
227.91893720041844
239.17123129885294
237.271374632488
244.75008962809807
240.42067086475436
242.0021655591845
244.05257211104617
241.69030721814488
232.96123421515222
247.8763921917125
247.25067112536635
249.08265543865855
238.3642163053737
241.11341099030687
236.81183600518852
228.7225056423631
251.92504207853926
246.03079387161415
243.11902327431017
241.80226026996388
262.35937494033715
240.35359071966377
236.73998264639522
246.46818070462905
244.47556826710934
233.8249755257566
228.71735899537452
243.58968965613167
236.19724378644605
242.31646221561823
249.40952111018123
244.01174009614624
244.0120460531616
248.5571428782132
238.91020396651584
239.92454241676023
240.97034967067884
238.14338355808286
246.71396390491282
233.54868226326653
250.49870435486082
239.72054220733116
237.6931659654074
245.97096631335444
245.83043454005383
244.88649059494492
233.041793745826
235.89662199353916
248.58559136811527
237.20820106111933
235.60187765207957
234.44845967827132
246.63496698252857
236.8233677301323
246.10826853339677
229.5460712777858
245.57548509465414
238.74198046064703
239.00075165272574
228.82288341590902
232.1078640645719
242.27031146045192
245.19265407777857
236.33472400085884
240.3180755029025
231.4027971617761
238.44640927566797
248.81897168175783
233.41561670944793
254.34224316859036
250.77599996011122
244.24722391922842
243.6245380161272
245.3140294656332
237.9684654022567
240.76673067864613
241.64438686158974
232.81467965527554
252.40382055946975
239.26248307013884
235.56728050971287
243.53387105622096
232.92077809065813
236.7057265417534
246.21397809745395
233.81944521711557
250.61954820423853
238.88579286870663
239.75354022727697
251.41669546760386
250.38051004571025
234.90420079382602
237.37222172057955
237.36161907223868
234.11564493601327
239.01044769448345
246.42471836751793
243.39423770445865
252.64112252017367
233.1632468457101
237.80375477907364
235.02508799661882
236.09181878637173
242.85160836108844
253.83379863691516
242.7855754813063
245.27092117251595
238.20332383469213
241.82817223400343
241.1238906661165
247.17886872123927
237.02318089676555
230.43303939554607
237.4995823398349
236.29521134711104
236.28101999906357
244.5827428456396
240.99909978715004
232.20270920958137
232.8571059673559
237.79104666190688
239.11028563446598
232.47025071363896
252.12759856390767
243.81441704480676
239.69489437894663
238.31716062722262
243.27359234675532
234.91427283827215
245.12228662299458
248.9990853954805
239.0475681881071
250.66718813910848
235.40499321988318
243.0880543642561
240.72101289458806
235.79671159479767
230.29915964457905
237.44355399376946
240.90462461742572
236.30188417149475
240.9738010407309
233.70825241034618
244.0935456698062
240.96257399505703
243.16458757489454
241.41209154814715
241.10609329422005
240.32323056651512
227.93702572013717
252.60700026754057
239.95673911838094
235.21243050473277
239.70519534347113
230.43907781969756
247.93473190290388
242.60183635691646
234.195232071972
236.17160086194053
245.37379329942632
240.4852466758457
240.71444896707544
238.20869455451611
228.34856515290448
237.6615204756381
229.4904412390897
232.2435080850846
240.37405068456428
241.67703853506828
236.66780426469631
238.06636329350295
243.40265640744474
231.83292328740936
238.33074769406812
246.8639478632249
242.04200639063492
236.12319806485903
246.53485413797898
247.42584784689825
236.28978419449413
236.03959270380437
238.2972947570379
234.67838492651936
238.95017123350408
246.13864084106172
236.66003609879408
248.37818731478183
237.7391608505859
228.66975900746183
241.67228755232645
238.90088228246896
248.5592068482074
247.92701546096941
242.90729795675725
247.41806551400805
231.3639554787078
239.42367830924923
235.80056593957124
231.9569364496856
234.50451094843447
236.41295298177283
244.30402352823876
245.66448873799527
235.87670197477564
241.15149902703706
238.32549855229445
237.0671856601257
230.2327969238977
247.35055760171963
241.79074908187613
241.7369239415275
244.77896244463045
241.98597942612832
241.05690328456694
239.41263113188324
249.60950270708418
234.9370168649475
241.7532662099111
244.8194947837037
245.44211340666516
246.76030460454058
256.22942698496627
246.87430967605906
235.35553601122228
233.31046569347382
237.71744703513104
240.1181219604332
248.32984155631857
242.53240379982162
239.8523884259048
245.03285067126853
235.73162424209295
242.44631944940193
240.1678795829066
246.70067356119398
237.2850733374362
244.65633010701276
252.37223322404316
245.91472513374174
233.53091358789243
236.2119384612888
233.95072834839812
245.51903531950666
247.57889785652515
248.60598543396918
239.74559150682762
246.95546992501477
245.38419690629235
234.9872090180288
232.40816081961384
233.08180099289166
232.29923734429758
242.51942898257403
235.37127996975323
246.24966180924093
237.3724224352045
231.9603080234374
240.87653808057075
241.38907829666277
234.04030228196643
244.4293793211109
234.32164766150527
245.4723042898113
233.73952598322649
241.81885655462975
241.69844500045292
243.12391793954885
238.92820361466147
232.56326678727055
247.21364530618303
239.5901802330627
241.45612591545796
232.2265374403214
238.14728902012575
244.5685956888483
240.07769839372486
238.30308932223124
248.9073430498247
232.36516792880138
241.13378234376432
239.65255210985197
238.78950850560796
236.79494419432012
238.29981748003047
233.63462265307317
240.82976590638282
234.49669263570104
229.95415366161615
227.08795749378623
233.38852495129686
253.38335164356977
241.23274619755102
243.8265060338308
232.03733599820407
242.08800077956403
235.6323244413361
235.72773639432853
237.65250788262347
239.95998337416677
238.59941166243516
247.98632291017566
240.74920851062052
230.74767653940944
237.79848518990912
241.39847300574183
236.189521889959
232.24764530279208
242.28249952232
243.7390814149985
257.70899418351473
232.401049195847
238.58302109543
227.5651885419502
229.8582851102692
244.7386634159484
238.99191105325008
239.74602252570912
240.47654671466444
249.123970316723
247.69629957294092
249.29959244199563
246.35258061403874
238.79159594303928
237.95770318200812
248.16879025800154
239.8926924627158
234.45042818266666
242.7940770201967
236.12418098608032
245.04545544472057
243.82956584222848
236.84129541524453
238.79689771792619
244.57128252537223
241.52433428098448
248.50864921859466
248.93546249956125
236.2105768948677
241.0436951161828
241.331004022446
238.4549290164141
231.66504848428303
247.6554070705315
234.60213958239183
230.45277712115785
236.62949172151275
247.55639520240948
233.2135715422337
246.26170191389974
237.40098073880654
239.58236932131695
245.19757756131003
243.57328533189138
241.24518626980716
241.88316329551162
240.59882782079512
233.7189266840578
249.15179141028784
235.47129035013495
242.15211944072507
246.10682237625588
254.77032554807374
232.4320354462252
240.67425747890957
229.0039741966175
237.17714437522227
246.50764090177836
241.48854448721977
235.74749820289435
257.7417472542147
233.42516119388165
238.58666057209484
240.1904111118638
238.8347743889317
241.924790056888
234.1060173183214
240.7249239506782
229.79203775530914
249.4016938417917
248.20947973622242
242.67272206174675
251.8950278844568
233.6666277485201
244.06517643778352
238.1959814776783
235.7885659626918
241.73352090886328
240.91584818303818
242.14197874604724
248.61414015787886
239.03748575627105
237.65206269867485
241.8368571899482
235.49937966745347
242.0650302885333
239.8272148972028
234.96673854568508
246.00547430408187
230.56668557657395
243.8617201494635
243.77439824986504
236.4148723888211
236.6404332839884
237.97649323829683
233.12020184047287
235.99566383310594
244.38276459323242
241.99789039924508
236.9967237955425
233.02133851090912
237.70604279224062
243.11289324465906
233.3115046719904
245.7602679883712
243.57201323570916
242.98844239820028
231.33139751118142
235.34737521014176
251.2566088938038
241.86231139308074
245.09130769374315
248.4864175929688
237.67669198586373
246.98929505370324
245.11431279149838
239.6867515167687
240.39451611769618
240.16623840708053
244.16458331630565
231.85013130382868
235.0634251847514
242.58653205411974
245.06580177386058
246.51602867559996
236.0771320912172
245.6492119905888
246.80706427950645
244.54911490762606
229.45871493197046
242.680678796547
239.7707421053201
246.13317013182677
244.60629701172002
237.50227925169747
233.49108607019298
242.25946888851468
234.48402389889816
242.89634844305692
230.87035831122193
244.16162213758798
241.72141308698338
246.43827483424684
244.28298559819814
254.99462851404678
231.86537803022657
236.91911539179273
229.36573129636236
238.7882930014748
244.89095502079
240.9310245165252
245.22916776675265
239.88181241351413
238.35458649584325
253.03445149486652
242.11979855480604
234.29535383410985
240.86941998073598
247.5545451050857
242.52081686694873
233.75386621640064
248.09700719738612
238.50614195101662
227.44212479615817
238.01703276863554
248.21170680626528
235.35270909941755
238.4567408892326
248.44106606044807
236.60019377840217
232.80312898475677
246.49187438492663
241.24180281953886
234.12406531069428
243.16583387798164
228.28304086154094
234.62325633555884
226.68162863928592
233.9435988617479
239.61169697507285
231.69762498425553
248.3025162006379
242.4410666959011
231.45342749741394
247.8250860706903
228.1291006290121
233.87715500046033
241.11415237135952
243.26480853540124
250.2751947415527
230.5578599885339
243.469067572325
247.1928409463144
232.95660291716922
247.06711774575524
244.62459844670957
242.2696621917421
252.6140129393316
230.67024885944556
247.1276745882933
256.30418619775446
238.55329552543117
248.06076331192162
248.12726290838327
242.83515126275597
247.5320675157709
241.679030840809
239.7765025786357
235.56188870116603
232.69404185953317
241.9462342527113
237.5936778105097
230.86348479887238
253.79919632856036
235.15040161460638
228.18703482323326
238.0661544985487
229.4392800887581
234.15771103900624
246.61991106614005
248.27431633492233
241.1493763900362
242.65353868121747
243.25540487049147
241.67012845212594
243.81111461936962
241.89098698471207
238.0937870183261
235.40820790891303
248.25712958560325
244.0564210555167
248.22673858480994
245.89617128140526
243.09002687240718
248.96708666766062
245.06960090610664
235.90682363254018
235.9129325421527
239.3097080255975
243.8381536261877
245.5319711670163
240.07415325706825
239.31508032762213
230.7276118611917
239.8237611176446
242.65243894833839
246.8033232492744
235.03134338493692
242.94752801337745
240.95537344366312
236.53508168534609
241.57783087994903
240.36544864141615
235.9057610348682
242.02069524209946
252.16213057516143
237.7251018503448
242.18692892236868
249.53665060264757
238.73191386525286
242.93447662622202
232.7400807182421
240.07180910010356
242.12085281295003
234.39973597641801
243.93220695020864
239.4055482557742
236.69708261743654
235.12478961999295
229.21412317536306
235.92061701073544
235.45078058337094
244.66608338587685
231.13142509944737
245.74023761268472
245.94635947304778
241.7610345025896
242.13321709161391
241.40792241395684
243.0475027463399
237.24334842682583
244.16442505730083
237.53894750517793
245.22414839320118
249.93411104136612
234.67821265605744
246.98774347396102
246.00079705851385
242.37362971622497
252.72591109242057
243.3330971765099
249.03052618273068
234.95924145565368
231.89328068325995
235.36388049036032
238.10173383262008
246.95447907148628
237.91994606651133
239.04744077241048
247.28228399757063
230.84112450567773
229.79019826749573
242.10700420703506
237.78925163886743
248.54977253451943
238.80607968731783
241.2832197365351
243.43684286880307
245.02100998727838
236.30765023926506
254.1772054185858
232.58821030333638
226.0928385539446
240.00807588349562
232.92404811357846
237.56201311096083
233.8516270573018
236.5434899838874
238.36678231332917
245.78077626414597
234.9588623290765
243.09331970126368
239.2504543106188
231.68104263895657
236.73337339417776
239.27960111986613
242.04656968306517
229.5135863997275
230.87203344801674
238.09842103300616
237.77538482128875
231.964977676922
235.34699877648382
243.2242193777347
248.27494328597095
234.0642823842354
240.12645141634857
245.31146175548201
239.04544745577732
239.18924377963413
236.81408090447076
246.40740727027878
249.2995197356795
242.1152052693069
248.77575248898938
247.39158122753724
239.82529295567656
240.49700423126342
240.94269185239682
240.0423229316366
245.4138292496209
242.87477406661492
241.36406803067075
225.1351110805408
235.09715353004867
253.6185915103415
242.4465969018056
230.87864775920752
235.87944805604639
235.8097014229861
238.07203358242987
228.03881059633568
242.17509895697003
235.75302021903917
231.9834823422716
241.77194039849564
239.3730082354159
249.5903594113188
240.001040154777
235.3491623806185
237.15689237910556
248.26977371133398
247.3757445717929
242.12655770085985
249.50216845533578
237.02517233684193
238.73110214236658
242.4284035625169
237.60402105632238
251.52260867872974
241.10298251960194
232.4201584457187
238.47432424814906
235.09009723039344
240.20880485110683
233.15098453196697
230.47507446689997
239.50384667847538
230.30335193738574
237.305311265809
250.79258716653567
250.62903107883176
226.4857723165187
248.03568390774308
231.4390961662284
242.75909924448933
241.35108215612127
247.52594307111576
240.12090999871725
240.94208168174373
231.69518262374913
236.2418435435975
241.6382757674437
240.27864322107052
252.97071980359033
249.180593638157
248.9767369776382
225.97057374735596
239.2613797726226
239.463748929149
233.56515411124565
246.85596297908342
245.53528750763508
246.5118680432206
239.24367351894034
235.11810651229462
241.1443932824186
234.04056164587382
242.10727309301728
239.3787895742571
242.3753497794387
235.97202571755042
243.26885504211532
240.52883168053813
238.98649941536132
235.6668784963549
235.24230815086048
244.12144903681474
234.58872769551817
239.2397323071491
249.97991529857973
246.4510974883451
243.00474319042405
244.32348828215618
239.29183666105382
250.70461444428656
235.72088232031092
242.51146639761282
257.61842995643383
239.5009892170783
234.4855536868563
238.61179186590016
243.15173926617717
243.1217913259752
239.25508941878797
249.92497343412833
252.29157106397906
236.46271467633778
246.70299791550497
241.3321856232942
235.09147792414296
240.003832980874
238.49655220552813
244.21158971550176
234.21001946093747
237.0418973044725
238.96732070524013
233.6732251016074
236.36840910400497
235.07250634068623
242.82171689526876
244.3378472283366
234.183754807862
237.52939047163818
244.89744462346425
245.63363781262888
234.3082436347031
239.15671243332326
239.42123135953443
251.23190702084685
238.907113827765
232.99631479155505
234.1553053535754
244.95674380951095
238.80292646947782
228.57690097828163
240.48920173750957
238.5377409135108
248.6991142699262
239.76768278254895
234.36156132334145
224.60396284388844
234.69281149090966
232.41836367646465
233.9084101500921
231.4971307546948
240.0343887244817
230.29699218663154
227.36754530778853
238.37604784895666
238.2545609495719
236.24214150151238
247.1899624413927
233.56357874971582
242.2501973415492
242.84690699441126
228.08490695187356
240.77179257624084
234.62371126498329
238.52363121014787
228.93025180092081
241.4466500286362
237.00876382237766
253.0795478061773
239.61223686276935
238.9223938456853
252.44600830139825
245.58814478566637
236.23512185865548
244.54393746162532
247.4217466217815
245.32128327141982
243.46526564878877
243.68405814346625
241.95658976776758
234.47460148460232
241.7291386970901
247.25789949600585
239.3273960337392
240.00477353733731
248.18543430475984
227.65202575811418
247.56698738463456
248.50956386490725
246.73181642004056
231.10421207302716
239.51165392034454
237.73017938475823
240.71063593478175
240.6421504903701
240.0970088467002
236.6924760453985
249.83360224374337
235.38340721093118
248.47363721911097
241.98285353375832
236.408448838396
241.74072140688077
247.84292753326008
237.20017513999483
248.15456388989696
241.9492411330575
239.26306697819382
235.42028010252398
238.57198966265423
235.09983799321344
239.1778650340275
244.61201834894018
244.470135730342
250.79403488716343
243.59309503767872
245.7901764550479
247.29664578964002
233.5544695361168
238.51966069621267
232.34283009002684
237.77360308507923
245.91220978432102
231.75663924752735
246.93176546384348
233.72379165620077
235.85233542404603
237.10775043797912
237.0482968176948
245.10068385797786
246.85489594744286
244.70089795289095
243.75721345032798
236.23275256855413
244.86499244580045
239.0030523042078
240.56605397810927
241.83711388753727
236.78718891559402
228.51413759187562
234.2474279712187
244.58107819379074
238.65341050171992
243.85452871752204
239.11359536770033
258.9134559642989
240.63894967827946
233.3069388474687
246.8663588517229
236.59600026201224
236.80346026347252
237.5932505019009
245.12420996814035
236.09445173857966
241.3868703879998
248.49055285967188
249.09710261313012
243.59387301816605
255.8980563772493
234.7322695372859
241.18766843923368
247.61472441378282
243.3172839760664
238.29251579288393
240.4749620478251
245.32002194144297
242.120893419371
248.82702284655534
240.35981416789582
243.24692456540652
239.15130091103492
233.49869560368825
236.06191103713354
247.331649255706
240.5369546764996
232.3563489735825
249.11987112322822
242.81320236611646
230.6536561313551
225.7342908217106
249.93063767824788
243.67347504844656
239.70868273306405
237.05169009580277
239.38293223432265
238.23036920459708
233.5675288196653
231.95604307000758
241.93472153070616
252.28070349275367
240.79701671469957
240.6268004521844
232.13116348575568
237.550270829699
254.83046895475127
239.54273326334078
249.43325053644367
243.13989553082502
247.49221046018647
246.72032563167159
242.78888570563868
236.16721882019192
233.41901149851037
237.19378642062657
248.02522439748282
232.6760072998004
242.85345214622794
245.2153869595495
233.3356439639465
241.21972732653376
240.18465022341115
244.3699614162324
242.36917648062808
244.24203377543017
237.0651859427453
248.00485391903203
242.93803604663117
239.7984581826604
246.5433845211519
237.89101410284638
245.74454857048113
241.77779857476708
245.68561269331258
241.3146286730189
253.5269379602396
250.083199938701
242.06915713020135
248.15156170667615
239.3650518405484
232.9652211946086
230.7059772578068
230.67187815078069
238.49148686701665
251.17716710962122
240.4542411544826
238.7603050036123
235.16619906929554
245.318695460679
237.1063015742693
239.7124657711829
245.33125802403083
241.93239920778433
234.1099189129891
235.86063818068942
241.52586950635305
236.27565117069753
243.10885914275423
237.81161073525436
243.10107040777802
235.83759637066396
241.88201398274396
232.4310615695431
245.74187707272358
237.01832569332328
247.40012688649585
237.32756555703236
240.14955076394835
250.4408505836036
230.46127517404966
238.05513625842286
241.29046778427437
236.89127369743073
230.63128408626653
236.58323938242393
225.92500266688876
231.47474188712658
248.49237353127683
235.4898904573638
251.82540990412235
244.35330904845614
241.5530077975709
239.83947820949834
248.8485823944793
241.7318924179417
242.34774848702364
237.54741120553808
241.14842934597982
246.63219696778106
236.94058293796843
236.37493787077256
238.36648704041727
237.54734679014655
230.92130769684445
240.80894591502147
237.7160483970656
247.3482350105187
251.1635546744801
237.17505160724977
239.26238711189944
237.37634707574034
238.44317668065196
239.2448557363823
226.85383407247718
238.17769625096116
249.33138115610927
236.89466674200958
234.00158824032405
246.5821277880459
235.6078788881423
248.13846843747888
252.8577631385415
246.45921086805174
250.73331535287434
243.7023445071536
233.61611728271237
247.2181445158203
248.33183719631052
243.4177312438842
251.82836653664708
238.2357068710262
246.36624955863226
250.45595012808917
238.62727403087774
242.95609825768042
237.73661302542314
231.84667241660645
226.96536836220184
242.050678818312
241.99388462881325
240.4207822314347
253.72634811419994
246.48059667728376
239.45208952162648
236.636426837591
246.34399421903072
241.09674879163504
239.32390462252079
241.5200252122595
236.51005483954214
243.68669057445368
240.18940670555457
241.64337686821818
233.40151742560556
240.9325934459339
232.07626877300208
245.19225619605277
231.54251857922645
235.52588801638922
245.15052732848562
239.21639245731058
243.89722565375268
247.05686543718912
238.07246011099778
255.64030458725756
239.7563184374012
249.57477028173162
242.91260426561348
249.7124141312088
250.1709575013956
252.18106802052353
249.82124927005498
236.5847497882787
237.88483727700077
249.29755294078495
245.70863790914882
248.17086858913535
242.78218914411264
240.38766839541495
244.51167311205063
243.82200320105767
238.8991184597253
240.01375372550683
234.075882097648
232.78760691109346
233.3325376783032
237.9944254271686
234.29528294090414
237.15761460445356
245.37314340187004
239.15262826462276
236.54737275262596
250.87251177214785
244.99792277329834
231.47867994039552
248.91188365756534
237.29767929477384
249.2056859281729
240.58387929113815
231.03222342394292
244.050253137073
235.5460940420744
242.12787138856947
231.02734077215428
251.54045306448825
241.11300041922368
237.3193168961443
237.74463829013985
233.45703903917456
243.4293826505891
239.19116953521734
224.84252424060833
242.61498618975747
240.64129990455694
237.38478727452457
245.86228151159594
240.95269048935734
234.5613577372278
235.91686699551065
244.672776266234
242.9768381063477
242.22181444405578
234.65996463544434
236.1364745051833
243.88587589282542
238.85384094074834
235.00202803337015
237.20413224055665
243.11835954902926
253.04711834219052
240.51188678876497
236.5642267955118
248.80171578534646
244.2336464538821
249.9731060769409
242.56126272387337
230.4923329858575
233.5511320347432
235.74271988018882
235.91409750218736
239.32908439124003
235.78904502105433
238.70724026073003
237.8186431240756
250.14683749864344
244.07170343166217
238.8684210018837
235.4693439384573
238.70699990575667
235.23124696384184
237.8800829242682
255.05941709474428
237.63699936156627
239.40323715645354
235.2809271266451
230.18446635617875
245.1430970269139
235.5633387597045
249.58811406133464
243.86872992338613
234.9582357846084
242.39221998554422
243.44188139471225
236.95114446408115
236.48540013091406
237.22371246787952
244.67202214954887
229.0299214425031
245.143784136686
236.67072716337861
237.68924996693386
244.5938768403139
245.77758420293685
243.7489720249432
239.2864154818235
249.92019199044444
244.35513470717706
241.067894890788
236.23840752150863
245.97155442624353
236.76950277783908
230.93272414628882
239.84737957525067
241.72084803227335
237.57742922136094
237.5780719819013
233.40814327064436
238.81735811010003
235.6835772297345
232.71085979114287
245.23194065946154
242.0630015671486
236.27903754764702
246.08052458020393
233.8030201282818
240.50034424697515
238.36003897024784
234.1712614025455
241.68581571162213
246.09124891494866
240.40042086900212
249.3108574463986
237.02938331686892
244.36482489912305
237.91255852975883
235.17623556777835
232.84062054392416
235.07278376957402
238.08839955809526
240.46571302390657
239.87710230890661
226.0681549658766
238.85033864190336
237.88127786829136
243.54583436064422
237.21411798032932
230.47897258982994
247.2517662080936
246.30444799084216
243.64002073963638
240.20902054733597
239.66712273133453
234.8426429000683
240.8080342586618
244.8486763619585
239.77461928664707
241.86274694814347
253.05533989414107
236.23864644241985
235.81747392960824
239.13221783866175
240.25452754599974
239.91065124969464
242.707375936443
243.94644318940118
249.5327693586005
251.31898996396922
247.52315535140224
248.2856464534998
248.876657609595
249.41255983198062
253.75458387704566
240.1388059707824
243.20194163755514
245.9366661494132
233.043700673501
240.98520258488134
242.92015521950088
237.46483486145735
244.706186640542
243.28386299940757
233.35806932812557
234.94555105047766
242.90739160042722
238.5322425054619
239.8138260106789
242.04890320950653
246.25989477778785
244.23554932756815
236.69268138275947
232.16846789000556
233.4978825856233
238.93344427645206
235.16138796589803
230.56132329266984
244.84646852337755
236.87125888536684
231.94229703419842
238.52718389150687
240.42019630689174
250.71385104965884
255.02521458314732
236.91876527981367
240.3109116316773
244.78897033678368
235.51110358769074
241.07885701477062
244.06259695568588
238.4603441884974
242.95412112155464
242.31053674034774
240.893136804807
241.92025862436276
230.76075045613106
229.29646336077712
247.85853171616327
248.9985030766111
257.7300576240523
245.07632272411138
237.8200556304073
246.55597921228036
238.38561879878398
243.1131622721441
236.56921423226595
239.84328880230896
253.80045916535892
236.24638674303424
239.70986736251507
234.81565688818227
244.5827962347539
239.0875179459108
240.65563164674677
235.6128541160142
244.6928914146265
239.48334393650293
233.3723177703796
245.51050084934104
235.81138950632885
236.8733386535896
237.17387822561432
241.7284264806658
243.5921628716169
246.6118312936742
240.92291921947617
244.94926793978084
249.98850015597418
252.80869397555944
249.12781237834133
242.16989430086687
238.17158398940228
245.2641290962929
241.00143336644396
242.71508186275605
237.42943847354036
233.28372903028503
243.31491560628638
243.39740899472963
236.73905437556095
235.68853353825398
242.84480426239315
238.804704639595
237.59881393623073
248.006643650122
243.7606087983586
239.16837367601693
237.2580356032122
249.3284981905017
237.86599392769858
232.54290890938137
234.4287446286762
247.49461703491397
244.13196659414098
245.24819267657585
239.52579937991686
238.6168084674282
237.57195495802443
245.55704571225215
236.6046187118627
230.61795060534496
236.19277450756636
244.30968317238148
236.46912008651998
237.79859813395888
242.42091557278764
250.63566252891906
230.6727190631209
248.9361911881715
235.40381430881098
244.89157498429995
244.5208601548802
242.74752838956192
248.79998760006856
239.08933393436018
246.21009151102044
237.56255473277997
242.7253959403606
254.19583758106455
241.03007547126617
238.06290495372377
228.29112885531504
247.72492204292212
239.28229709225707
240.61772037588526
234.43221011792775
247.11066188069526
244.50092705374118
241.9228304636199
233.92611866199877
243.54410229984205
238.2088954554638
240.75840051134583
227.12804829888046
241.39733985520434
244.8665621477412
248.45568953710608
239.55280552792829
249.11235448054504
240.17476076178718
236.4925387868425
250.34229435760062
242.4779745225096
243.78641780815087
239.7600126779871
248.86567332211416
254.10459491889924
242.08842819661368
244.57013271912
234.26490328577347
239.23750227631535
238.2576506451005
246.90257086476777
242.52447648905218
238.72651643434074
236.52325102768373
239.07563025515992
248.42137158918194
237.0771071802592
235.60839242336806
243.11179951450322
236.9016850682674
236.45675610518083
239.7681041759206
242.8146586365765
237.6940231283661
236.92886612308212
237.84985893790144
229.0610101224156
241.47486962855328
235.2990884350147
244.8578624543734
236.40345724881627
236.3455997655401
233.80017916928045
243.16830644989386
242.98955835856032
241.8019350875402
236.80956203164533
243.0243126153946
236.71122230170295
241.5273332032375
235.24527085386217
234.575302175479
237.62883351929486
244.66514764435124
234.38008124218322
238.02285609662067
229.018314125482
244.26963217637967
250.35451109544374
242.0731987414183
233.90185072482564
239.67746959906071
243.27426310977899
250.83032850525342
234.33702323248144
235.1405432310421
244.20787753514014
244.78030431247316
236.08513991709333
242.3399886317784
238.29238210921176
238.4669940758031
237.35089178255294
246.08625254884828
237.51595507119782
234.55770400364418
239.90509336686227
235.52803522453178
240.73984875692986
243.68506447586697
236.36856775835622
246.50817861489486
245.67688096570782
239.1883499030955
245.967398656765
245.25167169608176
244.76236078422517
236.3640757513931
242.67819801403675
245.5071186464047
241.7897428025026
246.57956364634447
240.36933099932503
241.60252888058312
238.21640890603885
246.01105938188266
234.40366577205714
235.71882934926543
236.1636527327355
237.76201932353433
230.76079105760437
233.18770754523575
243.70318530336954
233.81455198687036
232.27554901619442
228.13838963280432
234.7313409888884
232.9007804513676
243.06813844991848
242.75035105925053
240.60634043323807
246.89247026422527
234.35200595122296
230.5494404770434
245.6318638549419
236.10334446188062
232.6563950064592
237.71542113111354
240.2408664523391
243.61882081720978
234.99999531416688
243.01852683036122
235.7969699744135
246.3195654344745
232.82584339927416
239.768524692161
236.59509164071642
240.4749584753299
241.8449158485746
237.27541323611513
241.00905218278058
235.86252201814204
241.20785999577492
236.7021947025787
239.00320038571954
233.70533539599273
230.80743431928568
243.78373273205943
252.27268632804044
246.70356268854812
233.22138888586778
248.64557008852717
237.88691954675596
241.53762608452234
236.0830889006611
239.91745841270313
250.9305074766744
231.78710650734138
240.46034890587907
240.25403582293075
236.5410151607357
233.33762384427246
237.89902888436336
241.7936691638315
234.24879645789042
226.7283583942335
251.73621450562496
247.45304987754207
233.40111126331612
244.00394139252603
239.81699965789448
237.76090218347963
242.5387127144495
241.08503647509497
242.68387076910585
241.79065266798716
236.23633580293972
241.17142693942878
242.07427765778266
235.04721423308365
240.4917087542126
246.09051122050732
237.7058347435668
245.78625475394074
250.07107954274397
243.92407885903958
243.3714059079066
251.90794493968133
240.37964712129906
239.6033306560712
244.53318627306726
239.90785361558665
244.50353380234446
239.19667555543128
239.89213052752893
243.7443355434807
244.62131182581652
231.1231897562975
234.6451315737795
241.5587926239241
236.37446193187498
240.65132100565825
233.74222371075302
237.73008243867662
247.39999341219664
243.9740407515783
243.57241843780503
247.75975230755284
260.39930088759866
234.8839303496061
246.13948437280487
244.4137352630496
237.494601112674
240.77071104582865
248.2057783267228
245.33862906740978
243.41552603640594
252.74917467311025
243.98810632154346
241.32571233122144
243.0149031569017
244.79695006273687
238.1194396094652
245.1850830425974
238.9995888711419
238.60188656579703
238.52680724405218
239.90618061856367
244.6960513200611
248.98349798913114
241.94976700656116
242.86444247991312
244.9343927175505
238.71994146658108
236.71238696272485
246.23342375876382
239.9132292062277
241.76019027433358
239.33693487604614
237.20314753812272
229.49889038095716
234.46828095626552
246.46009636402596
229.24749779340345
241.14998279022984
240.65817468985915
239.3521385852946
232.65253349405248
246.79937493312173
239.95566241652705
246.6869870792143
227.5137230596738
237.0605088567827
244.44224811776076
250.79827236104757
238.9198630033061
241.7747591525549
236.94025388802402
240.17296644102316
237.63973620848265
246.97345397353638
251.1183049782412
245.58947937190533
231.8770706441719
242.0048703608336
236.39890076732263
242.17683924210723
242.2141647695098
244.93520788184833
243.1058266889304
242.94897033798043
230.96964720613323
237.40745900082402
254.6783531793626
245.04445780883543
233.09399652422871
233.93519934499636
238.96713540249038
233.65970582189038
235.95545099617448
243.56051387800835
236.8517436372349
242.88474271306768
243.86793534387834
236.7868316367967
239.42511237005237
240.45761896448676
249.26903460372705
229.87587897793856
228.75921838043723
245.1056511393981
254.24634870502632
232.59500298125204
235.95146921288688
242.4201281820424
243.02384034125134
245.5300189156551
240.06067003752105
245.89674603019375
247.0455720119644
236.99387544486672
226.95405539462809
241.90913600113709
219.03156396606937
248.9561357506318
244.401416168781
234.27200560702477
234.27651798247825
239.68607367528602
236.01033406495117
238.8920464515686
238.7660980502842
249.8158435903024
238.64459403045475
252.8076410149224
236.34473913453985
233.93535312998574
242.7648036655737
235.08407506684307
239.7632226831047
239.73320965049788
255.1854792489903
247.3199393680552
237.77164677460678
237.7297227930976
243.928626608802
235.50831221195403
250.81936866987962
241.14111351280008
238.5517966002226
238.8958275235491
237.0329938904615
241.2303285015514
237.21624473645352
241.4805164206773
230.58202510676347
226.22929662186652
234.94396996637806
248.4650522355223
246.66115981934126
240.12898818741087
240.41321383370087
234.98615908261854
248.59942736895755
242.6507798427483
249.78316259535495
232.77919420984108
234.3235084497137
234.5965699548833
250.04478722426575
245.08035982458387
238.54052612220403
243.02550226205494
243.29171894979663
243.0201482414268
245.93246789521072
247.5999509288231
234.7649391470477
247.48896832438186
235.49607179732993
235.52807169256266
236.14005092601292
237.26376307359897
243.2125359105412
238.2671832885826
228.03884652024135
244.24016419122927
243.82353488029912
236.61857816774864
235.7517202354502
239.60097454162315
236.98025779041927
231.92712507362012
239.22898247942794
242.6048670927994
242.32121571630705
240.1826497160364
248.43667588883545
247.80092858232092
231.44471028156113
232.73752954753581
240.26552374765743
237.86439066834282
244.61141984723508
233.23253325175028
241.19156206969637
236.1203012628248
240.23245142609812
241.11856042209547
240.0475269134622
231.028910162393
247.29839060665108
241.14375361904968
242.84684388060123
235.59735104592983
232.525903735077
241.3849800429307
241.50600489263888
234.99481812305748
230.01736762118526
234.96639595367014
237.4741268478101
241.40482726332266
231.94534667080734
250.3266525079962
237.87103087082505
243.97810483106878
230.95620194682851
247.10992403514683
239.79017803363968
239.37511525140144
240.7869488345459
229.43197048828006
246.0157055426389
242.66353448678274
242.38155377318617
244.29248210741207
247.06727493857034
242.25603056978434
238.55883119581267
236.86799647461157
246.70995341788512
239.75710047781467
239.37647668586578
240.66237940313295
238.8648559777066
250.9816055620322
244.32096435886342
255.63592471997254
242.9899259209633
250.5363951700274
247.0724052770529
247.72565959044732
234.17241397826
235.97183693293482
239.98041498370003
238.8879252501065
245.4635900250869
254.41134189267177
248.15658508019987
241.7213395772269
249.12753024871927
246.05774572642986
250.9286646891851
244.44086575089023
240.80513026053086
253.21800089406315
252.8933002273552
242.56362877471838
242.10118998074904
236.78000089956913
246.80630914552603
238.34813640941866
242.40274305583443
252.05146029789466
241.5864659474464
241.06313490425237
247.87432458775584
243.95701700344216
237.61263748968486
239.44692313857377
241.7741678088205
243.5797264702851
235.23013932886533
237.7074071210809
222.8043118568603
228.746154584107
243.96959770901594
240.61935972736683
241.0949527210323
235.0976694750134
234.3213969876524
252.7210265112808
236.6792816563975
234.75825145246927
240.71675004577264
236.63584839133546
245.0300726450514
232.14974843198434
234.78397209569812
243.42133322614245
239.2740779123269
251.53741972963326
230.44931796274614
241.32666348898783
240.35218178562354
241.12651082105003
234.48864999611396
244.27841703011654
235.48103525105398
232.4698065982666
243.76816041208804
252.6332586063072
244.58796693664044
240.87250771024264
236.09747864166275
235.56442070775665
247.57639996823855
250.113864390878
233.28186244226526
238.68501106684562
238.41117266274523
251.67937976890244
235.17591168684885
239.95840824814513
246.70361793553457
240.75472061533947
237.18458400852978
248.50110258441418
235.23268412181642
248.89646122406702
247.82983664469793
238.18635856511537
229.92072515829932
236.8206373983994
222.67155572585762
241.6385436032433
239.04823301138822
245.29710792109836
250.89774335292168
241.20756344951224
239.5571307442151
239.24994357209653
242.46578938828316
237.6904862598749
241.46028673113324
237.93878242943902
251.48497046495322
241.639367010328
239.85823531541973
239.34826862451155
236.44876768195536
247.37392417318188
241.2618579370901
241.42624689463992
246.72305768274236
239.67422840418294
242.60561541537754
242.3056461440865
245.37717028905172
233.70227965770755
241.52068248135038
237.9095962443389
238.0945094305789
239.51167047314811
241.26837979792617
234.7960897819139
238.67936857999302
243.89264474425
235.5196225832915
237.1488519210834
239.05057691095863
240.08670405496377
239.00532605184708
233.38620280171745
241.86061666009482
242.7128113565268
247.07414865389
238.18677018827293
252.15912852459587
242.06070367700886
238.51151579979341
244.132634870708
236.2809355133213
241.8208078875905
242.78607505117543
232.97108578472398
245.5967814034084
239.47381207940634
242.32280732959043
231.24771115998738
248.1175449352013
244.10022159968503
233.5271026204573
234.7873510881327
241.27408152678981
246.2915177035611
241.17652804916725
234.65879351692274
237.33115360047668
242.99531600927003
244.63415781920776
238.04618526471313
242.8394501246512
238.97477353306022
240.3802622774383
245.6356219073059
233.89951611706056
248.87570085946936
244.27726689190604
232.38624582148623
239.49225206079427
236.77581527340226
238.74219247873407
244.68643292866182
237.69454995077103
237.3695734795183
240.90909758617636
240.7501880400814
234.41283399006352
240.24867430876475
236.17436472908594
232.4194518973818
245.77273791306652
237.79589802515693
235.10369518084917
240.40877988899592
250.4792309947079
238.02331221743952
241.85943897941615
229.16929171665106
232.31949175265618
239.4274796366226
249.8154066731222
235.65200135332998
242.73139907373115
231.16998924629297
243.49521003989503
249.40872526087333
237.9950052149361
245.80124495225027
242.54978973953985
236.9777212619083
240.24625819164794
244.41326796927024
229.75795347604435
240.29627565317787
237.06761907739565
236.67929955245927
243.77391614636872
235.2910180290928
236.01686647138558
237.1111709056422
241.43293704790995
241.94937438855413
241.2464940114878
241.54762221535202
260.49755457171705
242.91966487735044
239.57902684400324
240.71862260869239
247.61788162856828
247.98875656502787
238.8082677614875
236.02295770659111
245.4730522679165
236.937918055919
244.4246833071811
234.55139729974326
240.41092919395305
231.24651890585665
247.7457865899196
240.6344111872604
241.5552928734105
238.49453723209444
240.08399137062952
240.4071646882221
230.97417556191795
238.51945777144283
245.2341302720597
237.96244596736506
245.97050662734546
245.43239392968826
237.0749555628281
253.3860622770153
245.00507345609367
230.09566220035776
230.69382444466464
227.5235397561919
242.3011838987004
243.7490176181309
245.07197344431188
232.98510930710472
251.15709197463002
242.17873129807413
244.94025595253333
239.47580989194103
240.19597149291076
244.28090342215728
230.47811587329488
244.71058497263584
235.9808515458135
237.7515745026758
233.78415159357246
229.38632195896935
242.8187260933919
237.08734514727257
250.25468753359746
238.31851443159394
243.6650808933191
233.90927498182282
231.34027438610792
227.9069666643627
227.07534475054126
246.10215541056823
235.53090013528708
239.51804115530103
247.9014433788834
246.3147322165314
241.4753563660197
237.75071585422847
229.79764280712698
232.37605476228055
240.2454758780077
238.31908886646852
246.448793530697
238.42092387017328
237.07632850122172
234.79166931728832
231.22379930864554
238.63151281082537
229.32904097717255
242.4253771546064
247.26880587113556
238.26086805341765
237.3834161030827
241.53153883328196
247.28264862368815
230.96569232968614
246.3514547746163
237.56381504423916
234.77699230110738
240.0295386891812
237.8511141933268
244.23543108766899
246.509596794378
237.0137091424549
251.6243928517215
241.08008735463955
248.28626782656647
244.93783087702468
234.1268240159843
236.31452757644
237.4080423017731
240.25475870619994
245.06234487099573
232.71091486269142
245.09161746001337
239.8454532470787
229.8285081773065
241.34443603211548
238.18304528295994
230.38205375685357
246.1786306501599
236.3875723311212
241.43202424794436
241.86765039584134
243.82832539628725
236.21236362191848
234.96356866776478
236.15581906435546
242.72511859738734
240.93623741390184
240.540834222571
248.19736464333255
247.41930516518187
235.9703535581939
229.05925654666498
241.2214961446589
241.6585252849618
234.7925448748283
246.79686569608748
251.11230635631364
241.86223047517706
228.39601821673568
234.84849850670435
249.72635785117745
246.8544287586119
248.0168844513828
243.24457394413184
242.3782291234238
240.65933826600667
245.47097960941028
232.84489974286407
240.69904181116726
248.69772447296418
234.95025592425372
246.73934161441866
235.4075544324005
235.63507485738955
236.93854664103128
241.76051126467064
245.80839382228442
246.72614045545924
230.00680276961066
238.0450398128014
238.89241174818017
247.92203381995205
239.14656168210786
240.95559705456253
246.66354181081988
247.32897344464436
245.66605225368403
225.78811036248226
243.92947288404685
245.03364763071295
252.23715195420664
240.41855142451823
240.765006286907
238.07582888484467
245.92915714229457
246.50217435054947
244.96583800308872
244.15532643639017
249.18949460424483
251.23982879857067
234.45038952573668
234.11732465564273
249.13359440071508
229.43383927003015
246.3587117724819
237.15085184399504
249.56036036740988
243.40930733201094
250.88419838575646
250.36286366020795
237.56733364332467
252.94065417710226
240.78046603768598
237.6825443857815
233.66319776710588
234.8183111891849
231.27678783540614
244.21119237469975
241.23508914699778
237.1182215430308
243.0208026788896
243.21049460710492
244.04609154665377
232.71739945118316
242.93711894366425
242.91542245366145
237.5590585586615
239.6392729379004
238.45071916736197
234.10743945045397
237.14457016787492
235.51127670204733
240.8073210507864
249.98012635367922
242.44453629350755
234.58809066179674
242.08713452261873
251.84411047468893
249.19070399273187
234.79360226343852
244.3165887587238
243.2052849860629
237.3450532128336
242.3325892238645
234.92267942940816
247.37067749060225
239.95045382448006
249.3879312502686
242.29779076797422
241.7830666739028
234.83904033096042
240.7647948503727
250.1736035423819
240.49229333084077
243.4982228182489
241.87652161775623
233.37584120186511
242.7388397618197
247.4175649698591
238.50023351842538
240.8325580775272
235.884069097694
237.95349491969682
245.66566663002595
240.35484441381413
244.62435401428957
244.876354856533
242.95398653217126
243.03957319806796
241.65073346777353
253.47081730992068
245.05691619531717
244.14428340201266
240.6736822675448
232.049593894626
248.78748095117044
244.24499841185752
235.4663920676103
235.08381489047315
238.3545719375834
247.02819595183246
245.04702409286983
239.2463320195675
237.72580283053685
240.59623405896127
239.1703603422502
241.21489775599912
246.40449549036566
230.93065280700102
239.95466088189278
237.57992710347753
229.23536627285648
235.87353942671325
231.3673753689509
243.82805430458393
233.94596258795355
243.30907593632583
236.98662905069068
255.11709924577735
246.06525302201044
242.93046694633085
234.61828616959974
233.9037500231061
229.46724316303153
231.47215935599525
232.40548109845258
235.5716601347085
233.37746577931102
230.30874131270684
242.94749472627882
251.4719540720107
241.33512975717895
245.78930716007017
236.28881744481623
246.8418663846096
243.94462954532355
239.53772573685274
247.99388675554655
244.85257954220288
237.35974469664507
239.80452747293748
234.60402660514228
239.77894767245743
243.07393678312656
244.5430345032364
240.18974809674546
248.9382032545982
244.67562179849483
237.16886666533537
231.1532160108909
248.75842417182866
235.24932108283974
240.2516407945659
247.12352181202732
246.38926585018635
243.78398812748492
247.32359436457045
232.48456224508118
242.04969211423304
244.0421734326519
237.27661292161793
234.683718070155
245.7181389951147
232.59713654359803
247.33719539328013
244.71412066475023
242.73919667187147
239.59968512726482
260.4025782980025
247.33725807396695
233.62394556414802
237.75229297112674
240.29116248583887
243.73779946845025
241.00550608919002
250.84147546219174
233.5572709563421
243.7081483863294
245.44074426335283
239.1207699998049
240.3389526453102
235.52167528879363
254.9080575312255
244.40089932910632
236.15309382369742
242.84924724465236
249.23712727124803
232.7448535534786
237.32613990548998
248.68842875480186
247.68430333212018
245.87279280717485
242.56768798583653
243.94618464831728
242.47562371264212
235.8261227265466
253.18367755040526
240.56715770624578
253.67170437891036
236.22501817415468
243.5118559403345
237.23154364910442
236.91566884878557
230.24071653501596
240.7099956664024
239.69683622929733
242.16698426310904
240.10092887864448
236.11888355284464
242.60544163209852
244.91522437578533
249.58157659810968
241.88470663060434
233.07154897088185
242.1700413536746
239.42741789331194
236.06900680752005
242.29617574834265
248.61889313126449
237.19291835208423
237.8802526446525
241.10836000950076
240.0028765606694
241.64334195386618
239.13611413596664
242.67766397527885
241.09376567718573
240.3533807597123
226.75602525263093
237.4839025029214
225.89175002207048
238.9770788353635
246.05518273997586
237.63465730834287
239.13582069950644
235.03349328658078
235.08967847574968
232.13124585861806
229.89421225548722
243.68711272219662
241.208294629585
246.4535951699363
231.56437776237726
240.93763954227325
237.684088141541
244.41369765647687
241.98685354192276
246.34327870502602
244.15966055891477
247.6789194457233
238.6453078527702
236.84176989807747
231.083598254947
234.58843483042438
238.67954273615032
236.65321764687542
241.38130133308005
239.8388274316676
242.7192524888087
243.56137810868677
242.86727563326713
238.4322286656825
246.87288835877553
246.07809544203337
242.13918289367575
246.15734985470772
251.1865406689467
245.9649848107947
245.28766858344898
250.1057719932869
240.93838221591432
245.5405118908966
241.1401271626819
237.68308237858582
236.18022962706164
236.27843224059325
233.62463836825918
235.301987778279
244.2810027510859
232.21288336173166
243.40338762302417
249.72320442844648
238.31005372910295
250.8525534439832
237.6380253698444
239.69817930774298
251.86624134879094
237.56183725374285
249.63888267241418
242.42870918114204
240.19979917211458
246.00901018700097
243.15836668666452
243.62465921905823
238.94983814202715
239.17818361823447
245.4641778881196
253.16738877666648
240.93450123025104
234.18419805029407
236.946870732354
250.44773243169766
255.56709837843664
243.57673234969843
234.00082902726717
234.60694855020847
238.63857993436977
240.85959228046704
238.68867678614333
253.98852357978467
235.94368664501235
233.0638220362598
237.06709478679113
245.2655522096902
241.25262577773537
245.53368439676706
234.11135973210912
229.13267848209944
249.13398186978884
242.86544065200724
241.46565350878518
230.26439093484078
230.8830717644887
226.21699114935473
239.51883146038745
237.28713406575844
233.3698414862156
246.01604478165973
241.79184449871536
244.51024410373066
237.07943006616551
232.25053934333846
246.415393240517
244.13495947734918
233.40431153774261
234.65622809610795
242.17367305490188
247.75117709243204
239.4231971858535
243.0496348486049
230.28833438863512
241.99343547632452
234.17131870158482
227.2302241747966
241.547561002546
234.5494036738528
245.33550158014987
232.61262756760698
234.72673409094568
235.66351818537805
233.41216119134333
236.10060107184108
239.17339648597408
231.97229657019489
239.39735293528065
237.71810349042062
243.96230889146682
248.03718859434593
251.32858766277786
241.71536704245955
240.54572899325285
247.48752121266443
240.95808674383443
245.57589392503724
245.43515925644897
244.2734548477456
241.0249949861318
245.747207552311
241.7305933419848
233.19068060873542
232.3657368059503
246.28758666454814
240.37837945006322
235.45802785933483
233.11059362976812
229.59873836196493
232.36449957173318
233.52932290779427
234.56106146448292
236.58793343254365
237.13902743288781
235.89250793575775
233.40405088744592
240.5239578273613
232.78104893816635
240.72785300784744
244.7022098712623
241.04835029738024
228.31627756438684
253.91175307612866
238.79881632712204
237.62004281382542
236.36943642806727
233.94757715216838
247.99762591184117
244.14578186976723
242.35192664468195
239.5394739388721
231.03812466876116
241.07867703703232
238.62780904059764
240.2318485956639
240.32824702747166
248.65494747215416
235.8378242579056
240.11811617179774
241.3208093000576
242.56998117500916
240.8798263859935
238.17716135445517
238.12960515951272
234.6400500073796
247.14466865430586
238.76152903714683
235.33686688297894
241.48146103601903
241.5365418002475
242.23531026230194
244.59238368086517
244.51603784912731
235.96861036343034
239.20098218799103
235.00143903540447
240.86361362203024
243.68773957027588
253.54044770810287
246.0229718189221
248.62643765157554
241.6531536632683
245.66845043655485
234.94268444692716
236.03082338022068
241.68421719630715
253.96543351688888
235.79519131442066
239.0303667349508
245.41289295756724
238.25345050334
245.1007952396758
239.78675024502445
233.39978624589276
229.15645356383175
245.99061737407465
239.89077449403703
238.58240746718366
232.5762527991319
242.90144270239398
243.39152692921925
245.18204589898232
237.1049335906282
238.12725287873764
242.099127529189
231.87650195567403
242.4604743324453
238.8107485077344
237.7004736501258
241.57200869335793
247.8119579651393
233.78636249445844
235.24898226943333
241.8578053925885
238.02513057843316
236.06140057276934
238.09911801223643
238.0438563710777
250.04047442553565
242.01441251824144
244.50808063405566
234.42045096005313
238.49449292209465
237.08626965084113
247.82365288108122
242.8143437943654
245.851102928631
236.97650361421984
242.38950712815858
229.8819793916773
242.0440605552867
232.9275846047094
244.1888981483644
252.68274408276193
245.8572311917087
245.05522532842588
237.82946816377807
241.5363267804496
242.50327323691454
243.03361737995874
239.40421584050637
236.80875530978665
228.20007537165657
241.00392157619353
246.18331595219206
244.46847339347005
235.65313391864765
237.72831799136475
237.030784816714
245.8535155003192
243.63925607292913
255.96903003682382
235.27424934203736
245.64064231014345
244.6565562329488
234.79292205290403
232.4941768187564
240.3961271934677
238.90903790784068
237.6955606159754
238.62841925001703
249.61496764607728
236.4618103686953
245.76015670923516
248.3432503209915
234.79520236398093
235.71316976484377
245.57259662495926
251.76784659887198
237.56499167857692
250.93362492055167
243.51310833357275
243.91466791764833
228.78873932291754
242.02796923869755
253.85140056558885
248.73730834689923
244.9177400484914
238.22395770228468
236.6118706354173
228.1746751414612
231.96618122956716
244.44913347484544
230.2783750218805
231.19728202559054
242.87112168141175
236.37489840388298
233.69384296657518
231.9342035886366
242.7337339478545
239.50992302864324
239.05482372036204
240.70964899868704
243.03429041896015
237.65594948618673
241.96733720297925
234.94375484413467
249.10646358283702
246.06653631513473
258.1238331939094
232.15466965176165
236.1463735200232
240.45236283435952
238.37476144591346
227.04660578991752
246.5118209766224
242.5674937228905
232.4504059930332
237.41947368369438
243.008652543067
244.4871917751152
241.68777209531981
233.07936487009283
235.9774040892953
235.98097882501315
235.9083083914593
238.25346986053046
244.93754605262075
229.1260861568153
245.63245205418207
246.95643699949142
237.4355357219465
240.59474055690225
240.27682174602523
247.94072946882807
245.3649494299898
241.72701009502634
244.1315051036654
235.95752554631326
237.03175474668387
235.8742717935238
243.71061633131467
238.46160187770147
243.1036568483105
235.97720401955303
246.15799700515345
242.0010612423066
247.7410817699274
240.03677558375057
237.7018065835582
236.47816727659665
238.6797133362852
239.77789441670757
239.34994464903139
244.5934989011148
239.784729053732
246.22684159257915
238.71502929355484
241.2176614641212
244.06429732299875
239.779794374248
244.01490470324643
239.25369805144146
248.71325081423856
237.08846395334695
239.09702972788364
246.43684871017467
248.8661067665089
241.09229148284066
244.46536839718465
235.25181105837692
245.3071586448932
246.11722406488843
234.88857434666716
245.88541034189984
246.39750441745855
241.46867881005164
240.0778448971687
246.2171786252875
237.0698030454805
244.20104871469084
245.5740164333256
242.17063806043006
251.70601445925422
234.09057567256968
247.9097234525252
245.9146729996428
242.3221998140216
240.848414483713
248.6542938122293
242.27261058415752
247.47029026702512
253.14200521016028
241.4629042717861
238.16579044261016
235.62230398622341
239.8749771984294
242.40046815760434
237.84990269306581
242.230853824527
232.4419970610179
251.66952733392827
244.14353618456516
242.8410142683424
243.54472093225922
238.79649677488487
242.6433589279186
247.1909170509316
249.14106265932787
244.55098666402046
240.50688726722728
243.8716879041167
247.04558809043374
244.70657437795307
241.89970324118622
239.5609607557999
249.76655821781605
244.9118835228728
239.09544988477137
237.0308113086503
239.70315512106754
239.0294244083343
235.9888191949576
243.3926713494584
240.41413721395656
241.4532997624483
253.23667025810573
241.86451947956812
238.97930440795608
233.2727113418514
233.38556784344837
242.60142064420506
251.05155556229874
237.46878616523463
235.71644587779883
249.60439550934825
243.4675623982912
237.07710186264012
241.34742228570394
249.39642108045518
240.4286485252669
241.51777542405762
247.41817610361613
237.20541721279733
235.78071224829182
236.6152315051295
253.97928330360446
248.15280406165402
241.2182115786709
237.53046129038557
238.2998391466681
236.88433538901154
241.00129944016226
229.84184639761224
239.49833582213614
235.03548962099012
234.46813332347665
239.00639462377876
227.74880021996796
251.4020365064498
233.77042904798873
236.22061328950804
240.4735852779122
241.51197014108766
239.7653672347078
242.33239018672612
232.2667952447664
238.078209415311
234.32469382300042
241.49619789223652
230.41540896950755
239.48093367065303
239.73776562616695
237.71042579447385
238.1888899182668
250.0886400085874
245.27847388293594
236.19840925419703
232.9159457393689
244.32143550994806
238.2458017496392
236.3510383431567
240.913132134825
236.58703155664261
247.7769570343662
240.5310187904397
230.8867952277651
245.26115441462025
247.5301384574268
244.21250693080947
241.21542618086096
247.03024652029853
239.30549942469224
254.98802189016715
227.66352952108718
234.35844353516586
239.11832109186798
250.75426463107578
247.75156913872343
229.76648559211753
229.71226316830143
243.53207133326214
240.7205956657417
238.64460040524136
237.44381685054395
237.91603957733605
244.83584928617347
239.31564712175168
242.7492350032553
235.84267061052378
236.5096773613477
240.78116233285982
244.94255578657612
227.98783957888372
246.6989747080952
231.6023662618827
250.80784449959174
244.6341491903877
238.82206480158493
241.15375129005406
235.76946543471422
240.5642402805388
241.30173520429526
232.294582455419
250.71672702603973
244.41424661769997
235.61870441550855
239.09644772170577
249.68969623511657
240.8589717982104
240.93519089266192
243.70202552794944
239.12376199744176
238.6617272112053
238.73013633978553
230.48385636787862
241.25796597253066
235.85905574867502
237.36454143945593
241.0774224465713
227.2364574901294
238.08831348957028
239.00897404935677
238.44082218362018
240.08703626773786
248.15162906167097
239.9236528687179
250.8910372093087
242.5250459755771
235.12640353676397
248.76629253523424
243.62763971067034
254.5824411433423
238.09552621329203
252.33527166221756
236.01621178735513
242.98182048287708
249.1771211216692
234.28819672751706
240.37036633002572
230.33957482269034
244.32926606794354
238.64164553233422
236.02409249194898
239.70224071852863
242.0649596672738
233.89088746183552
247.58426716644317
251.17060886498075
241.56947781110648
235.245960584376
227.1545712328516
238.44587278808467
236.2424133605091
236.49330752482638
230.70600976631977
243.68977718497626
240.5843140622601
244.13743225554936
237.35660348914098
252.4288482599659
236.13650992780458
239.88779359403998
238.59109790925868
238.19765409675892
234.34814549633302
229.44884911272675
239.3168274172349
246.28277114965022
243.79059922904707
249.05347223719582
239.50283897074405
248.59837790718302
238.81567917542998
238.36586899496615
232.55795770674013
238.71066469955258
240.6322052605683
236.15673414140474
243.2630791052943
229.28281980974134
237.81839376839343
236.2119130938081
237.56007068429608
234.37783942103852
236.40252551459707
242.03024967946112
240.34250482881907
237.50623316748533
233.51753288216423
248.34557870344725
236.5923282954609
240.37160523736384
235.7736194289755
246.91665357723832
244.3075999871362
249.33514874090906
249.52599611191545
235.56290852709208
241.47513168363366
251.30086778395344
237.68746264313813
239.21130565588828
248.7872618989786
247.4394416861469
233.42398977302946
236.05856042949017
244.0077888838714
237.80934019654524
231.55763355758972
237.77669994498137
232.95708571746945
241.1847275433829
236.61082975415047
242.2716099456884
235.55772161949426
238.97285480774008
234.78448712395038
236.73475667089224
248.32857284415513
230.0567711996846
244.35031519213226
236.8043995210901
255.8386139125796
232.62588817812502
240.28892915067263
243.3338233617833
236.3567469312111
236.97428763937205
239.62627445929684
246.4774701204151
241.70258665492292
243.3526878382545
249.1461730733281
232.0945431056898
244.81842649925966
237.05402208352461
250.5043515061261
244.49605911329854
236.25210682291072
237.03917882416863
228.9908964369679
238.0786286983639
243.14271856623236
240.58793367468752
243.5198200638406
241.50204678310547
251.05007948062848
234.42086644121446
224.82036101073027
240.8417822723277
240.6000035776524
245.08015020983294
237.95551341504324
237.87807711737696
244.89541024132632
234.1219980333699
237.78598582861014
253.24261751759332
233.10189673688728
251.96494069707114
245.86592225532513
236.83689897425938
234.86772931495216
240.04573150514625
244.7163155634189
243.00338965828996
246.8012969546253
234.41347066650633
239.63872185256332
240.81470245984383
242.3290417069802
237.33265769085847
239.34971518744715
237.63977692381013
245.25747198611498
245.20142412395217
251.69361857883632
229.13381160772406
227.38444982329383
243.70838903670665
243.41713848605286
238.0248662022641
247.92475616245065
249.29830833454616
240.64938874647487
246.51238872867543
247.10550154943485
251.0300606287783
247.75801806466188
244.25383291277103
240.13998102513142
240.5383912117686
235.5070864497684
242.21625650010537
250.43961277697235
253.65011211729143
241.0058778458042
241.0470421880018
246.7272436437197
241.26570012047887
240.45479991461616
241.83672481658868
238.27215568895917
236.9725634693168
240.0480338006746
232.60019197827205
243.77971040236298
244.2864749178989
242.97487004601862
236.54073083295953
239.48338424658868
241.51594410976395
242.14659757749178
248.7207184137078
240.87224495667033
237.8765348867746
247.00800917868037
243.29205668484792
241.65113312005997
238.37644720380194
250.73833525017835
236.29958914988674
236.71020595100708
244.46947966818698
240.40933722059708
232.35671782016288
239.614589802688
224.8373518360313
247.2816757360706
247.66609152010642
240.61334371077828
245.34982646803837
235.43334615777712
247.58465590851847
230.1384781008819
235.47430421458557
