207.9047439844344
207.9047798806223
207.90481593049026
207.90485056927082
207.9048822624536
207.90491162973103
207.90493784536557
207.90496167022866
207.90498314051183
207.90500218454054
207.9050189437785
207.90503437889674
207.90504757178587
207.90505969657715
207.90507017820255
207.90507915299895
207.9050876026722
207.90509515110898
207.90510139799335
207.90510692971475
207.90511200432047
207.90511668978797
207.90512046401273
207.90512377690357
207.90512687871524
207.90512941948327
207.90513183857365
207.90513393937727
207.9051357105236
207.9051375585659
207.90513864810418
207.90513985866346
207.9051410969896
207.90514195701508
207.9051430909385
207.90514382366746
207.90514412502853
207.90514498414632
207.90514520365468
207.90514584004086
207.9051461546478
207.90514663518297
207.9051469449969
207.90514709117087
207.9051471229286
207.9051477293342
207.9051479196496
207.90514792989234
207.90514788936707
207.90514819398595
207.90514824024285
207.90514829915082
207.90514854629328
207.90514864865327
207.90514843612073
207.90514853387867
207.9051483506846
207.90514852424167
207.90514854504
207.90514865982186
207.9051489319172
207.9051489405465
207.9051488202531
207.9051489182566
207.90514896047898
207.9051486669996
207.90514888969847
207.9051490337697
207.9051488170262
207.90514895504748
207.90514906130193
207.9051489937665
