364.9368914160359
364.93979850253527
364.94048789435055
364.9426358251767
364.9421782282925
364.9427891434034
364.9427231198979
364.9425460126495
364.9430864386886
364.94290524326607
364.94242853509604
364.94317055672946
364.94296400908024
364.9421641528352
364.94340008921245
364.9428049450089
364.94306311739456
364.9429343913707
364.9424845094909
364.9430481726049
364.94294613058264
364.9431010081207
364.9430475172412
364.94272799274586
364.9431152814086
364.94292166674677
364.9435731537833
364.9408810158802
364.9449384760428
364.94315925948285
364.9429189265011
364.9421931503239
364.9433227129375
364.94011932507783
364.94530261697946
364.9423585146833
364.94346728715027
364.94263344448336
364.9432872409634
364.9422949657128
