349.1230932577551
301.6464106657603
274.14262373615304
271.21453406002547
270.29197356982627
262.5571012538421
260.0804477943427
256.712731288997
260.53832860606326
259.0347466255639
261.27121920921036
263.8887547192653
261.2184246864258
264.7753811078546
262.3294198455801
261.62928295354686
260.61417407677163
260.2182597528745
263.672810540249
261.55885576089804
259.02175608635844
260.5270140198727
259.6944703847712
257.7302903364862
259.2866777531899
257.76402803820565
258.2004906408729
264.59762592022344
260.4502001381952
259.4610274887791
262.9572469455852
259.20745853857443
262.6900968647569
265.51020039064497
261.39942847976454
259.3506756638926
261.4093372991465
261.5192983228644
262.2154127376798
259.8645019885971
258.9312649227213
258.1900269143771
263.5791155229326
258.1062992840107
262.3028884076084
262.9479034432534
263.45020236321216
259.7160668768156
261.0236845415802
259.72952930567044
260.56835735997447
264.2168139055957
259.54848374658286
261.33266842483863
262.60129651185525
260.09669067070536
265.3923063696202
261.29031192080765
263.0141448086597
260.83908904785676
261.90511371703724
260.03693935820047
263.38716020886204
257.13830129149574
260.54018160465785
261.0266316368179
257.62486277694916
261.01340860429264
261.9799158784408
256.7342259113284
263.2675936683736
260.54967755359394
261.75215051559644
263.4299357643431
259.1448402194801
264.19927451913827
258.14072316535385
258.9956064173857
259.4812721371454
261.4328358280727
262.80276623076134
260.1770020017284
258.44737171497036
261.01566278165774
259.66696689731907
258.37371374532813
264.0645549876208
262.7164953738684
261.85520226046356
260.802897052552
260.9346484994894
263.2961330072758
263.693967087529
261.8160365658041
262.9598911611247
263.23368830249456
264.28094114535634
260.65287045047444
261.3524066392165
255.82841259950146
264.65243215958617
261.2559418635792
261.06132829612034
265.0302379332279
264.41889684994385
264.66116608077573
263.91166158835404
259.96698305961763
261.9008408576119
258.65492826605623
261.01662376455715
260.1482668958997
262.71665986605876
261.40903729341517
260.0031215975141
257.7699761989752
261.1959381964989
261.3457062661255
263.20803054894714
260.5263426682868
263.1026417248977
260.49351356735133
257.2231267416646
261.5820410008928
262.5919491220302
258.9060560731159
260.02319384150906
262.6915384851236
259.5947268066302
259.10997113581107
265.20452292100526
257.5473269797949
262.01139961190347
265.20097858940426
261.9098335802264
260.3688405501962
265.1860458107549
260.00321987577627
261.47257544230524
260.4672775402287
262.45027669674164
263.5120873175474
259.5566622847473
259.38901943801466
258.76880904385325
258.8031422616914
260.9667005788069
258.5387261629221
259.88860586550436
261.46077102243726
262.4289494821205
259.8207651613775
261.5562416922403
261.6174252750279
263.3467291358975
264.08620840130607
261.8110455358692
261.2083144889766
261.7801848576564
262.6549981440039
257.5923516778421
260.581340952187
261.13809126276465
256.35754441341123
261.3980420111984
263.6935622725796
262.29514121949614
261.14745953239617
264.0392993543719
260.7498680672725
261.2435769332442
264.37614404630585
257.49862841443974
262.13435667857266
259.6587959453245
260.8581496073457
260.51455123909545
263.3529721245359
260.3081398896393
262.9991698283702
259.3697292406723
262.50654652310186
263.07284929017624
260.4226348737793
260.64253017200826
258.9289211066425
261.5113755389175
261.2561967134825
259.030039535377
259.69776188999094
261.48271437156654
261.63715973021317
260.0396190774263
258.752737726194
262.10748344966123
259.6460518334934
262.4754781666343
260.574377384306
259.86906062169146
263.3682738996649
262.78679705163086
262.63885829140054
260.3194293253255
263.6350038974051
257.70414722518035
264.2077170862394
262.64974638113927
259.95564917904267
258.1671522595643
262.7345205786769
260.9758630533106
264.9879105031796
261.929526538559
264.1558136714375
261.14610768577404
262.1359181734588
264.06535580845957
262.584544231715
260.74495407361246
260.86526681711257
257.61069712397875
265.1000843116053
259.9899055635324
263.6632565787222
261.3075577808122
259.44226847080427
261.9831606430307
257.7402112322234
259.64838750461786
258.3099496626164
259.2891217848446
258.67052805572166
258.64849742362276
261.2078347263232
258.95993333201477
259.8166012278016
259.8382112938998
261.74181507335743
259.07545679586474
264.63916438958404
264.127539535235
259.49449690002075
260.0779476973912
266.1586242596459
262.9322055960074
260.6502811717655
267.14743591254955
262.3656828957901
262.1585338727309
259.8262977784034
263.4845080465748
260.6502152913454
257.0438258654758
261.3621666727413
261.07425618133857
261.94728406223294
264.5155129934574
266.0644573539903
264.53253546444466
264.2387457162695
263.99679315079993
259.6733338719205
261.3588520636549
264.46187601475685
257.09093946543
257.8185941240663
261.0335531338933
262.6583484628354
263.2800870551582
261.16946594619367
262.4427465477056
263.99963409255724
260.2076552420913
260.2612062388944
263.7871387104242
260.6331548537564
259.2594743359514
262.2171759994526
259.85433802245825
259.36308125106734
256.78091659472557
255.19147347149556
258.8486967919307
260.63012459561287
260.8557767833845
263.6038509897917
257.47365371344495
262.73048154961725
260.321335829125
264.03238057035196
262.7575711866666
260.4999263281352
259.85457863114425
264.3088056993147
259.2042305505893
262.49048446296365
261.9329074552661
258.06149230171286
262.58803391428955
259.754253008432
264.2257397209614
262.5871417782473
262.5517958330893
262.6229731296917
260.7741264382785
263.81848470632394
261.9618012292485
259.83585786173353
261.6373058488971
265.23587665143714
260.91682812767976
262.613049248539
262.1607795412856
259.3810031572648
263.38329081751
260.4875988137501
262.7558008941269
260.988780469881
257.34311586275
259.14184531613137
262.44504632265307
260.365017850796
259.8965959182242
259.05838955972285
258.64038992828864
260.3159036504221
260.9382005937805
262.276336076131
260.2215269233275
264.5351687073271
260.2747090260382
259.86859675821324
262.0006160255725
261.02647804615845
262.5662113499129
259.660319960356
259.8381296287698
259.58219086556346
261.0242942796758
262.0450423241564
260.87552468903596
259.0229070009955
263.64058733012644
260.7445327916357
262.1983697512769
263.5920623592392
260.23056883906247
263.4677619784343
262.2883350573102
261.9646272510872
260.35113511260715
258.09714598269784
260.44519373681396
261.37659228949633
258.25957161630504
263.58058996713953
264.31154990977666
260.1252977720869
261.87431188604387
262.1069192916766
261.6309800231247
257.3431827672175
261.5226501582365
259.81020763734705
260.1258066282753
259.7262388863455
259.3764227833308
261.23076604005473
259.12874716827355
262.2471990438644
262.59114322323876
263.1989454988652
265.85525614350627
262.5668458045984
262.4270694849547
259.53055751770444
257.72396282338013
264.0498040665698
258.5961521659483
260.713837754025
263.46323228036636
263.52237232514017
259.94171972775075
260.1859413761849
262.74999616856803
259.88739797448216
259.84653195156716
261.7990748860029
262.7202286954707
261.3828771684348
261.82142175875197
263.1627891891112
263.07389874559885
260.7598901486781
263.58153908897657
263.80944734130753
261.9156718154409
262.25320211041253
259.7264543698111
263.1075129191304
266.48133916099323
262.86840487943846
265.4265331603383
255.92387251846958
260.1175515274808
260.5715403411741
260.21837248247175
262.3298881117662
260.9493518313393
263.9510235110356
260.75490999589965
260.4250462872733
260.566989851417
263.0507749230601
258.5616546037636
258.7585711848078
257.8855145029229
263.1481534420891
261.9180044689856
265.8231218967994
261.6761234546866
261.5955613715196
263.0298394013371
255.96678687747044
259.55726466019405
261.4025974926044
258.6097178866621
260.4855119115382
258.0991200471908
257.3269119146571
260.54447365447413
261.95936782057106
261.2352279627812
256.9564748227858
261.9506308178388
262.5749105806608
259.61551491409773
262.821080529975
262.3677690336772
261.25973099171824
260.27628596923023
259.34596471855184
258.75230397122505
262.5924178842688
263.03383762581507
259.60546955223253
262.94643633918895
258.3409499821573
260.46754320438777
263.8987110349699
262.4468646438618
263.02689993882086
258.0419491013017
260.03992675823974
261.5845643738867
264.54121748090256
262.5303614958393
258.749683061018
262.120730718656
259.0625860906148
264.54612030465796
263.57939484306553
262.71463860165386
260.5720510339597
261.8009338241973
263.5325777261314
261.1507339851378
261.97949795771274
260.0713871953776
262.3619840598694
260.7176760598377
261.04488475996186
262.16232342654257
264.38191501790425
260.3972741177713
264.6152321459231
260.0928336105426
263.0335253456433
263.65279855491826
261.3168582115759
260.2688496643532
264.46011438427377
266.0349312545877
261.592959851725
259.32811665446206
264.9336667122552
261.98429053610016
261.76104937895434
260.860465705613
258.2721397418936
259.698310287582
262.7479122081131
262.0648921737011
262.9183760189626
260.1601168988418
260.43881112887175
261.0389701140084
260.7084879287868
261.8020907359314
261.5532838093204
259.3708769038494
260.2877699580131
260.10134192203986
263.7496951801004
264.1150543358526
262.9400624821719
262.93477647047257
264.044082435139
262.3228526120947
261.57513291487703
260.43056231940864
264.3118453817442
261.861044055433
262.2832019861089
261.7534176571935
263.7508477284282
258.73030020899023
260.47287183543085
262.85581203675247
262.9379792776308
259.007373446133
260.60717221771483
261.93216723095975
259.5570850094373
257.03516537573887
261.57767193665495
263.4998319969163
263.4957640657085
262.59902556426823
259.0142388873792
260.11505538452184
264.9946665291209
263.28556467875023
258.23498612921685
259.8560267233115
261.4342437769519
259.8672015966149
263.1270455813792
261.27930428428226
260.9458891979302
259.3387311125407
261.8049028868554
256.91687442042166
261.6846333296853
260.57232399564236
261.7970089672599
261.02187274434255
259.3261533451732
261.1439019224199
261.944033032516
259.60852239630185
262.51476548891515
260.7036080783291
262.342003066442
258.5480749158596
259.908489739435
263.83216219831957
264.34440108953277
261.8252430263965
257.8291701798735
265.4443021262123
260.4597604861774
258.3522705613286
263.48143144944333
258.9195148401195
257.9229408230458
262.3015948549728
264.43411733128596
263.2034017337137
263.715869077947
259.88113950163824
261.8506131324684
260.18013050063746
262.0890974412323
259.8610903491499
262.2666409214726
260.859002623416
261.94697137217736
262.0864985345106
259.81705644971225
259.6312796154525
261.22150489490014
260.04896008464857
259.61720728399814
261.3158990313241
262.8927617415029
258.26895050148596
260.50517208880046
263.6771153230511
259.2645922001393
261.82602014238364
262.01336945258663
261.77562020276673
258.47130432663835
260.15457852199324
260.95974904537434
260.3950095534092
260.94171915366314
260.1106768443715
261.96706268156413
262.601674823527
258.48662456288
259.3194529789034
265.5223538426799
260.07571455079596
263.5157642790582
257.36662346025696
260.9407444213575
258.4505287561333
261.7936676442914
261.89870546769816
260.9934162227146
262.50325139419874
265.52000466830214
262.08705278567504
261.2935221148073
260.8783677648171
258.81998980851495
265.82635175119503
262.3542793172237
263.12425475748023
263.00511075917166
260.00413596088765
262.05056097585475
260.25996207032586
259.6172589350317
259.357602144446
260.36135794283473
263.3631443521299
263.81984746071976
262.00383537070593
263.9388798291038
260.8398102367355
260.14576563684386
261.5806998483313
260.43262513523223
263.37928279081825
257.44646819267655
259.8387523100246
259.63608640257735
263.69377442926634
265.7546045462659
263.38104173826287
260.2582945639151
264.0241997455596
265.22084011597326
262.56822237797314
260.3070037578873
263.09245720345643
262.4866883481445
262.46061982534593
259.79138623163453
262.7664410196012
264.21451986956527
261.2729303511733
262.59763737540925
261.19997067929944
260.56700081191957
260.73187544499524
264.0242778241227
263.48321997676976
263.40536670491565
259.55452561046695
262.5327470500779
260.8434064903413
257.8099042113463
260.5781311686151
264.0602739750757
261.7763344414707
260.1432772716216
259.21755397025845
262.51380306875217
258.23284600669285
261.7123822384747
260.6378903813311
259.9692651319492
262.6141803051869
258.2935577649914
262.7061291009304
263.92618529492756
260.9191421547439
258.305400502024
264.8924244970258
262.31402537680697
260.6535592052096
262.6389854254667
259.80181033167173
260.97112417872995
261.81788521260023
262.36545685195597
261.8710026340268
263.38628124957904
260.7197572957375
257.0841617754195
263.7379672284005
263.945845862414
263.1107268577616
260.96183162590023
261.77164667096804
265.7037882055447
264.25934970285743
257.48495557293063
259.62097469728906
262.06891097233165
256.31192116843886
259.740496835002
262.46339859845466
262.8467177685525
263.19152521985234
261.5066541505512
263.44649746263167
259.55052068960504
260.70131838766974
263.0563198980526
262.3900158145407
260.22981195378816
261.8418556127581
259.71982357415254
258.63040630929754
260.0383152306895
260.8784570155258
265.12839309559786
259.6622452675656
260.6615565866814
264.0397169823991
262.61121903915773
263.9465354399872
258.08343302994035
263.142023742781
262.0524023506732
260.33861155435443
263.5982415576291
259.0138433732791
260.7034119622549
263.5436640099215
262.1427369371522
258.3568528179894
262.9701204803132
263.60719310794957
265.2675825485785
261.62571079743793
260.8454907221021
260.82138331836904
260.4477482542279
258.3344644329627
258.8015118321928
262.86768325360026
261.298679802072
260.6713068508543
263.17475340954843
261.86229810360237
262.07467368929065
264.33530905953376
261.7922861269908
263.59076065485715
264.0401173182472
260.0909777341003
259.63603768113535
259.6208572735195
263.10172463129857
263.57739030275843
263.67481009001494
261.7552431448712
263.2057470000582
258.0418438729248
262.7393507233937
263.220832225139
261.17517562568537
263.8565864477423
261.6157125197642
261.9820349665242
262.1312757951964
261.2404807760322
263.75476540785166
261.8657808827993
260.18370930774836
256.4236642100732
262.0629014945007
262.6728829438216
262.0715933512256
261.4363800773863
260.3136260462052
258.7554708889511
258.7939415371511
257.79709446267225
262.2390590191062
259.97878160566324
263.1324079267797
264.3931229809241
260.6311751519097
263.46764663569047
258.0938548867416
260.63404038801673
259.02868833899265
260.49031201854814
260.9663434778631
265.2726868542377
261.3564525016118
263.1683770191448
258.9386308953981
261.97201294021215
260.5667737034091
261.4075790703646
262.6513440121198
260.1312903209182
258.9459711544623
262.68093665436027
258.62346628445084
262.8547581251769
264.32944150449475
261.5885961812164
261.9528791580233
259.3763635586947
264.179909591825
257.24530554556986
263.4044906711788
263.92235305006034
258.84475664197817
263.294017431821
261.0410308459832
265.4749270310567
262.5207927566662
263.56930237912457
262.034397871932
260.7116032294289
259.4910112428479
258.19703357544495
261.2487898405816
261.6964477004076
259.73694845600403
260.22489970584866
262.6021789415681
264.132142072689
261.5340937045403
263.1890341131075
262.0038839384797
263.8180433001253
259.9612574665516
263.93879760979326
261.34940594621
261.1595193654357
266.3033390122291
261.43339664590894
264.9576343141089
262.721075383859
260.504781584983
261.1643880949123
263.35989109423826
258.9574032726232
260.7537861294404
261.2171099286061
262.7336630310747
262.98244174857973
257.6467381545808
263.8204732835584
264.90668241487583
259.7465325036028
263.8482861898665
258.62610864342423
264.0122390809411
259.7010740462865
262.7453348561248
261.0528218396357
260.5913474272529
258.10057153279195
258.1302215086471
261.55270977696637
262.36989914273727
259.64239816955524
260.60386409965577
263.6344200753956
261.51593821670394
261.7361202168395
259.3779992006894
264.3996996425849
263.9536251746176
257.9895436546649
260.3937688222504
265.0020178046543
261.0837565464608
262.66941722339834
262.3687105565623
264.17801069293637
266.86202687976765
261.7471514728386
257.9249856079696
261.8743416198122
261.57948740330175
262.703434345196
261.2956255877798
257.45368546497775
260.27388199054985
257.95149429366575
263.6824763935874
266.4629416029493
263.9858334584569
259.9284727931081
263.9364574603678
262.669005851174
262.44979347553453
262.9596074364963
256.37836151968804
262.67185586187406
260.82944445099565
262.294642698369
261.0449753026187
262.6258152386581
256.83564689103514
262.98384671553504
264.54882339417236
261.37850360784796
261.1759970423009
259.49974845407996
257.65272459114203
262.65742115143803
260.4812322338694
260.50501320365584
259.2565597976791
256.8579954484303
257.7026449055993
261.8161657520104
262.1533940555528
261.26888829737436
260.08168850210495
260.81938689760864
258.58132220539846
261.4878463043715
261.433845094929
262.70732958844746
257.5652531601081
264.1148319426575
259.81413528192206
258.25748022287735
258.2645660197886
258.31255218651495
264.341152175999
257.6958181926748
266.93175427865935
260.13338709433447
263.07367339511984
261.07498231047066
261.93590638710884
266.41485625630594
258.36190294477274
258.69441080192337
263.2981729314197
261.5574003801157
262.2528545531677
263.0655833806377
259.88623268471565
262.73165347852046
262.8283090504701
261.0293347880943
260.7073043998098
263.9204464216309
261.15924031677423
263.9377679002646
258.75708348467015
265.54349040964735
258.80859891924774
259.049188908044
257.9924376284762
259.44578434783034
258.35577262894367
260.54197268007556
262.81320683975355
257.39034666505177
259.6748040422681
258.16839921017527
261.6333837672137
260.60861643220414
261.5047950753942
268.07629758282565
260.0343428047199
261.0095009212382
260.4337012669421
261.1446051831881
264.8016023550008
263.54794106193003
266.2752408371016
259.8016148195602
261.153417747817
263.21491315669846
260.56973850895884
262.8209892271552
263.4018093121995
258.0395947676152
259.24042488238774
261.4757145761105
260.93202672185726
259.61057752455235
263.1865473683865
259.10552983291564
259.7179040952469
255.46787433105055
258.18173734418815
262.51043707632925
259.56417139121913
259.4358921290841
257.94973430474056
262.4730786224245
258.36494194631814
264.1681766039692
263.5425492221839
262.6470847061137
258.2334853358334
258.30120375944534
260.71341705234954
261.87458977405913
265.47279997123405
259.8545664390549
260.33045887894696
260.66781717783306
259.52381900907494
260.0866780167562
261.61289167392533
259.61478105699643
265.0619448676007
262.38570706063183
258.9584394665435
257.67276184627553
260.9341340775136
263.7603550059139
260.7902120225481
262.59713894414017
260.1423603889998
263.0617855314631
259.8971892767586
265.07868144701933
262.1242251311196
259.8888015347766
264.39993818703806
263.34582601016155
264.65032770793187
260.5930152660003
259.4086357516353
260.8236639147508
263.4304390460602
261.30658462794963
260.6891289720661
254.53786061611027
258.5455448451685
261.15472654037876
263.0746025905246
261.92102773697115
263.32143947220175
258.7212784354924
266.0682868704316
261.58365605713334
261.57701543340227
259.7786946474225
260.14591709600063
266.06679693603655
261.22584642929723
258.4902266378631
262.75705631339224
259.9035028847866
262.52204124233685
260.91134416742716
261.0241923793801
261.61942591069965
259.4336601374089
259.370865758101
258.4862685461412
261.14588734460995
259.7120124793146
259.416285181127
257.4511438694317
265.6643560825614
263.73425274231704
259.1027611026075
261.85811114055105
261.59349889931036
262.3114381424384
260.9686247804784
258.8447142269579
259.7974070900236
262.6016918597743
263.93722884589806
262.1017313976772
263.6360078869038
260.99290890357224
259.8955731270835
261.0041569363093
264.7993333663908
261.46261733723804
259.47950346878497
260.7099305787124
261.7294041609275
261.900419485406
261.675662503927
262.3057606741786
266.06755238072947
259.36415341484826
259.02298411825905
260.53593198320596
259.1162759801373
259.80589450517436
263.3575713779428
260.3527490468696
259.37534631660674
260.72530421218835
263.39222540165065
263.40366449870635
261.0954086839338
259.0646738643991
262.74005618924275
262.40682784549426
261.5754160048091
261.54608101403574
260.9221091066138
258.0408476786106
265.3187560317456
259.99484211363597
262.80811301694484
262.7928071266506
260.94807655655313
265.0946820208919
263.55555769155035
259.4487650049268
262.6029704094981
264.1958795977989
261.4880458828993
262.67312154825777
259.67746118840296
262.69727922056336
264.0343702403479
263.3320539976121
258.544646676688
261.0798329517711
259.7672746105236
258.062925610051
260.70058600831544
263.4960327203735
267.47070037946105
263.19720427528955
261.8153494698345
261.2752132744645
262.6255012982292
259.68734827340813
260.81591314222896
261.73900114087155
262.5421859025373
264.013263081084
263.3052169001312
260.54586988850497
257.77907583652996
258.5352016853867
258.8909921006998
262.1614845346776
262.33677210769383
262.3338981163688
261.34584428643575
258.9418120129267
260.04513675754424
258.95143653656123
258.4016090268269
261.9910192255629
261.0602063058177
261.4669595169835
260.23988834541524
259.3509823480272
261.16686403931817
262.0945267401985
259.910110095283
263.2143730879761
261.611237327219
260.53887359338114
263.1380033210735
261.9359851456247
261.6145145702758
261.92278799199266
261.20473047625273
263.0087890709983
259.2749057991896
260.12090283684665
258.23876824771287
261.34305383317405
262.46620365645504
263.0375477078487
261.3863686027471
260.0880109081627
262.13875226833625
265.45557633024873
260.0031282391865
259.1564706162899
257.3934826197801
261.59930271684425
256.84317270625615
264.7436200712691
259.7031516332645
263.1218043532572
264.775843715528
258.83614372933516
261.2835538521758
260.670184643066
262.6368789766566
263.56901269365335
260.89074641495245
263.7221898769494
259.7962466717581
260.64933581720106
258.59763012535404
264.6993505563587
262.4250230753678
261.0634589313413
264.86575247190194
266.0933137029642
260.34335573000135
263.22091556107625
261.6573681704467
261.57217611407395
257.94204952410655
265.9547331967624
264.8738328619511
262.7283724230365
261.4631816947367
262.2764628332807
261.1594530081493
264.6950714335544
261.9990602642647
260.20240917784395
257.17768764449283
264.0124755562283
259.93965629901504
263.69836250616936
261.37893494282616
262.5222305262578
259.2038391724345
262.5001330713858
263.7151055621798
258.3997865054989
258.88372257049195
261.66217934247106
262.12287125136936
260.9863562779501
265.24688016215805
260.0975686389138
260.640666949912
264.3343546439428
260.5826699610916
264.86230002209777
258.772840157093
267.02466561994515
262.0324619084131
260.33325427252566
265.1829674603068
260.2075569295557
260.3279866425437
261.2728854097659
258.35010910825804
264.8285201348481
262.9035638209316
259.0042382681859
261.6853941332083
256.711541228171
264.601170339447
262.6768822596641
263.14822401705896
262.5292882343638
260.606113141519
259.6345991359558
264.0147511320538
262.77984122920316
258.74508918845095
263.1264252908295
262.9719283186714
259.9946358182933
259.5426937638549
259.7200375442044
259.98327156109735
261.88534043205436
261.6792034606915
261.8447374693933
259.6935483334819
261.4919330709963
262.59460203920025
265.57517694012495
261.9027387325186
258.8545842698077
263.10836537217256
261.88778171443846
257.09663693851326
257.49160640174523
261.7944380733534
261.30779883643845
259.85739550564904
262.54622451524483
263.11731564375805
262.40811717230827
259.96539111674065
257.76580117974663
259.60140445502475
257.91938212688547
258.5739253726206
260.01651440322166
262.03467117232503
259.33753522718325
264.10057498625247
263.10011176543776
262.39905475184787
262.64787922787946
262.2528526498354
260.70203086873516
263.79530984617304
258.8746799197397
261.7308828898822
265.99656817194773
259.226661827066
262.6509592515649
263.1236257702694
261.6768863633042
261.54538864898495
261.2617736653192
260.0180453103967
267.2958811513381
262.9767984256614
263.85051136347465
262.3125059354352
258.9328589530778
258.16308277699864
262.7322083832696
260.39116987242596
260.84895982104354
260.3738221634412
263.6087980741868
262.78355565381935
265.13463353191037
259.8823768044822
260.27381934341975
259.9526967376005
262.2113533655065
260.49830984621076
266.77731380588375
260.42063932301244
261.8254113274161
261.98923023755196
260.6205746731139
261.87705290678423
263.6438452445436
263.6530666294275
262.03612706711283
261.33372181723826
263.1929864285048
259.3508397702244
260.28198270709254
261.26323398354
258.4630942309741
258.3098719281843
258.83059729647357
262.27680682070786
261.9954123084317
261.68018148536794
258.8861136593623
259.9728652460617
264.13192010158673
261.92399450868834
261.29703474079724
265.10041684948374
261.8691648224485
259.8566475865082
260.97503988660173
263.2861944590113
263.76780117553426
260.83236368122743
262.07553612603806
263.31913734570844
261.8965255150688
261.97010465402855
261.1251529289293
264.2981452572858
262.18829690513667
263.7971817663638
264.01945877540857
259.07904621458147
262.4463872797787
260.3421546446043
257.64452145504765
260.3558906317339
259.0451716854586
262.58831518905936
261.2884183867718
260.71634859760525
260.45092634117464
256.5523169421358
264.38925485668005
259.2250016494072
259.0252402264159
263.3138797362917
264.6930268717115
262.037203853135
261.84335474926047
262.9603923386894
261.17386335652554
260.7273118090234
257.2365006551263
261.4655592152849
263.54456641786965
261.7220173921087
263.5554196680314
262.4456815966405
264.40009215520695
260.2700849266257
260.2232896059868
261.6230568693718
260.0466748799081
259.31751973647624
263.12306389788864
265.48619772237726
260.36778325913474
265.26892723038327
264.30126076191664
262.24893834925024
259.4659953909577
261.1774242852116
258.9691953379079
259.1337189000333
263.28157259500585
261.8014405046706
261.47227013570955
261.3778098882758
261.34816556982696
264.57392853760393
260.5397409441066
258.26939610479167
261.1308961180621
259.5321140115266
260.11356918583624
260.6477034490672
261.02379909943556
262.62722238962306
259.611365941586
258.73839033802506
263.73410884145414
261.294708947069
263.8998250850709
260.3646090712864
259.8308046210441
262.701466823346
262.046815100417
261.4604390276363
264.3337336569093
258.7903042008402
263.1392577930237
261.03529892803635
261.35012915404513
259.7104685170343
265.21619071403984
264.35296117450343
262.4771512315492
263.7967943109106
265.82044272037456
262.8860564219067
259.8071489199647
261.51011831808137
259.44419866020326
258.8591675707139
259.4775960590341
263.2285506374901
263.39168996352237
265.7385473342729
261.26467119553126
255.4940379174659
259.33696980343666
264.1217602934921
262.65422847896116
262.3956038877368
260.3550754604512
260.67238127888413
261.4387937296415
262.48217167850817
262.56994148751255
260.6212341435603
261.99473479541484
256.4682329306379
259.5342244077474
256.94625645224005
256.1294050065917
256.2798291897634
266.03768688085256
259.6379143592203
261.5577487068949
262.2540396489203
259.2375913220458
259.2329740470159
263.90855347464094
259.70482470979914
263.8994111410575
265.01210120215546
260.5276971189305
264.23692398751155
263.82409032370197
264.94620090158423
259.21984240191523
263.0447618261678
258.7787388889119
262.90236780804116
261.8634755127132
261.2808076966321
261.353844729485
259.6664544865489
264.40054521121783
263.94616951735225
263.7268598450464
264.9303878317005
261.73420377087314
263.88568118266994
262.4088649500627
259.8669003517716
260.9102747201687
263.7411783057614
259.7840988698881
263.7167360560852
259.94965282891644
262.92126896017
263.8611672683037
262.00164517655503
261.6502373286057
263.5551820542314
261.77764222730184
262.902688501752
261.3429409011733
260.5648393795709
259.9929851529305
256.68780152121326
265.49652465293184
263.65998004289577
258.2561849366757
263.36969725380186
265.2390557649196
257.2191234533675
262.47196019481635
258.16872434527613
260.50256366381655
264.32408785808366
267.01174021244515
260.09666173305595
263.4701158606913
262.23331313271774
260.4283451818628
262.5581322888029
260.4430940973107
262.3594556086464
262.4418136656168
258.5403193812235
256.9647941145231
258.64770138222957
262.118908586679
257.37498118914664
259.46876208652975
263.3580478046788
261.2289781377767
261.95164880761877
263.27158822264755
265.19125026575057
264.0048155747354
265.8387491538306
259.99642381595913
258.89232049463317
264.03301875130273
263.70899276516866
264.37654770334484
263.66350137186237
264.4937273088726
261.4668138975976
264.33311817230424
261.8888164256932
261.16777093097335
262.1753432182013
263.55243697110564
263.50780164881144
263.36999023513636
259.27626159676583
256.77139187877765
259.8095881524496
261.2565587286954
263.0114523282973
260.8356155453366
261.8226360049448
260.9599614976323
259.30164452583995
262.51937313360395
263.7132639193442
260.36547211231664
261.72458289703354
263.29685169970617
260.1272261085687
259.49173144291854
262.8765104167978
262.5302819047356
262.7236070300569
261.7626353572705
262.5324943306041
259.3363354349858
260.1198107858072
257.78477314591873
260.20663370360853
263.1626762431115
260.97796062228736
261.75405310088536
262.69698986184085
258.96133297035703
260.23517234582687
261.27708424039884
261.3116806963226
263.88988519256236
260.57619654748123
263.0844908313011
262.60279923240887
262.09164392226376
262.8617443232215
259.9198736399994
264.34199458698276
261.96476386330323
264.92799535865197
262.5744708516868
261.58516366162803
260.1842527172412
258.39567212580005
258.58658191212453
259.03317743493244
261.5428411058383
262.8818734084489
259.5394280164037
265.8962501612259
264.36564773484133
265.4700709201279
263.188802955905
256.20315358031075
257.0375319403829
260.2473545426037
257.97165743703954
259.5895888302475
261.6347623997717
261.55443484784337
260.0292743133032
257.96858872676967
261.69021917966893
265.6267578326515
260.515646505286
259.0013289737981
258.934542721021
260.861035466718
259.2935673856409
263.5002958017285
258.4501667089062
261.391667668242
261.13035371841397
262.9394541949732
262.1892308401875
264.4142718994408
261.0258191198809
260.7852101160097
258.8699789947714
256.54857566277497
257.9197988322121
261.4955801257747
263.3062789121177
262.1623808396398
262.806125056406
263.17176473420113
263.32335572945885
258.64342169323936
260.5071980091161
258.4865443004528
261.52880562032806
261.0449420035002
256.0910940419417
260.98849449370755
261.9812721661874
261.92727167136036
261.28436149447225
258.5468306536204
257.5335278416169
262.1977093103924
262.9620510249515
265.5555759947747
260.3187599197845
264.13813282869523
260.99508028436685
263.2093872084515
259.873038588441
259.58375583734596
262.6851598251378
262.8860238107736
258.698474686651
261.55529891123297
264.9835801826557
264.798071112833
265.02966786245815
260.1974552691099
258.727278783801
259.30192509817425
262.81380127341254
259.0256457721116
260.7752545583062
261.84813682187814
260.1958472382976
262.91167789697647
260.3361385766766
261.6789411267964
263.84527094097575
260.92595533130225
260.66442682850175
259.39191282342654
259.9557350152172
258.30892749590566
259.08434683835367
266.487653779157
258.76524894783506
262.14623032609234
259.69304327847203
259.5784685375402
259.0502990252571
258.64069276925875
259.1973249198636
260.7891583223827
261.0669204352889
260.61830797808943
260.24802310200175
259.5350675213267
260.2141472430085
262.67479375284165
263.25839500385337
262.8367564633372
262.0541848844732
262.0934039974236
263.4513225221308
259.12147423805436
261.25402804801706
260.8793770716293
260.77162296237657
263.51865436311346
259.93248941004276
262.3981307441718
259.5515284392168
261.7412496614852
260.9871213209117
261.6684765460086
257.7452211713535
260.97223445866257
262.2784732840373
264.85637171939015
262.89578507537954
261.3177067556535
258.897565963387
260.28544230072293
260.75261626404244
263.49600802577334
261.7312044975115
261.26670775481034
264.644236585591
266.7158042428782
263.76624086592346
261.62139374704566
262.99152345600305
258.8104826200288
260.1222664283123
262.8400579816662
263.167210084619
263.11529718211386
260.4447351039271
263.1017006553593
260.4588557719253
262.9271493816632
263.34643409162527
265.2740580813261
260.2260644908529
262.8045933865942
260.4493388280971
259.9235039445339
260.9779389044852
257.5026316072908
264.3369462090195
260.7468300717883
259.1463881120435
261.4499688188662
260.3338119377149
262.2690257296781
259.06596963718766
261.3420004256768
257.33251256821677
259.4916032059118
261.75401050719665
260.94546334288316
261.68121883051936
259.30808336869814
260.52321462729014
261.22798956907354
265.69684571179096
263.91460812062724
262.87569272803375
263.4607671837439
258.9902303190902
260.71822095947573
264.4324638321996
261.0565332893748
265.8479930483736
262.5737382717198
258.77196548564825
260.45378469041316
255.59132442966802
259.61643256025854
262.5866664737114
261.58831359649776
259.118372015364
261.3917914107442
261.4854999835952
261.6691597044701
261.41712538932916
260.8414412870188
258.6071520933765
260.1911202125484
265.06938605668256
257.99557334795827
260.5977010138449
263.65326156676747
260.8797059523058
262.8561182448757
263.11664696928347
260.8017645300133
263.48422612290597
260.73073733766796
263.82353207975393
261.0144125064835
263.5046641744557
265.34406355867395
264.5116325589479
261.9842658234411
260.42854270141106
261.04262711363845
259.8751645537559
262.25565540627576
261.7628759453655
262.0136932900059
266.11031127278693
258.0596585140447
261.6273538967944
259.0902316013817
261.6850510092336
263.4595276348409
258.4164656245848
261.48383580334485
262.92232023057295
259.3832359199878
259.92420946835773
258.88641781167826
261.30473866395187
259.31516573455883
261.92799105116865
260.17397492571035
262.0443978092517
263.90402104717214
261.7980839738739
260.78136556828395
258.9659785297699
260.82848710776307
259.80349909642246
256.9726382138906
258.345954362303
260.9160634742002
259.5247739216429
262.98135946760885
260.3382086866768
263.90887465776177
261.4655203726725
258.8086676005041
260.5640728211147
258.3656585304416
262.6745113498182
259.13457230723
260.27688760345336
260.1790588402073
261.5069854882313
263.5930348795373
259.92048030963633
259.4583902513259
260.2213273521047
259.0289302292513
263.7186497343355
264.55767098697834
260.6588388241362
261.85420423874166
260.5204890288878
260.6506101465784
260.5078110759496
259.7978997132159
260.7800296834321
260.55132359452546
262.6730594174005
261.41891339985887
263.0680209835409
266.1664582853555
262.8741696567158
263.81764499499695
265.04040513635846
262.4840642931522
258.88151581177954
260.40781381732086
261.01679082249757
257.7256244060118
258.1641776294564
262.4261717283516
261.13088550948305
260.97756292199483
260.1366257345653
265.776154472027
260.3578090253868
258.8335430290317
260.48116266564466
261.01117235800484
261.7611206838046
260.22760138707235
261.4927783823805
260.5002073281794
263.35784717684146
261.3576815893757
261.97602684708545
262.96188207843807
261.23103125486523
258.101305524644
262.0761852400028
260.7375452904962
261.4368009918835
261.67859626567224
261.12821646675
260.68176294717705
260.12889362551505
262.70658134139376
258.574526344426
262.630239002232
262.1616595585365
259.90108120732475
260.96081949287327
259.65049274178455
258.5038227920304
261.1948520144797
262.2141660056077
261.1063498672447
260.91246562619926
262.5345682409825
259.4356307334383
260.23296053602826
260.0495976773673
261.9211035903427
261.30373184010386
260.81378523726016
261.1247233788599
262.3957053711056
259.7100745700882
260.82794627780095
262.5634025214822
263.1957753961324
259.2727952199057
262.81820245389827
258.4523599219974
260.9994291489711
261.57284594263183
260.14897342730546
262.51974192087073
260.2161437232862
261.91847216081806
263.05104958295124
259.13530602451647
260.3064214279875
264.12122310564155
263.2854511976475
262.3320419986849
262.0347163321567
260.00452943355776
262.1307364986278
263.08044972928474
259.3896309182164
261.32888309832197
261.7289710454643
259.47003927693004
259.47626708977623
262.94862763694255
258.7454487940995
260.0152243638877
259.88641283864854
259.64664683898445
258.9056678582565
263.64474356296705
260.85408449551323
264.9580612973077
261.2150974193937
264.6169312213897
261.5923835023423
265.81512656988343
262.1065008531441
264.67563023383263
260.7361148096388
262.50309371756157
261.232366771088
261.660195372242
261.472731012851
261.51697784790304
261.4465069757425
262.8715912181069
262.99961958633503
262.8104653592454
259.0477828763542
262.9531045953627
263.3359070068109
262.6217186318245
262.11388289625756
259.1948518396821
264.8346975138411
261.71555963356514
259.9847322368296
265.75500791484956
262.8613361523021
261.0586860323092
260.2923042172333
258.9339714794187
261.1499869013205
259.15586919209454
262.75500192912295
258.5587404774269
263.81563065119553
260.5986198540777
261.53718751692213
263.0565535251517
258.90287879295647
261.59738428751007
263.79972231632564
261.48905780911446
262.6656738157617
263.89426997012924
258.4349430295406
259.60116896464024
261.90846653468907
257.0622522472404
260.4280817909166
258.5569535593968
258.83835522062145
262.44390518963337
263.32367394980974
259.98401299433317
261.8128967474913
263.31770670658443
260.9481183862081
260.68758943642024
262.56837438058574
260.5465899195988
263.17674129875377
261.2224572211271
260.8986968250247
258.8733251255471
258.23038092872594
260.3315061292378
263.01820293837227
262.8218347792281
261.44388599391095
262.6882646124577
262.9756418177858
260.58073168678675
260.87390600703657
261.06175047450233
262.4175723416265
264.49631108436733
258.30245143850334
263.8416023007594
266.58527490647975
259.76899648236576
262.43830491264816
262.74520248849876
258.50189006642904
260.20647407660726
260.13543707621284
261.07861918618437
259.7405600323109
263.1882522003725
262.64279622165486
258.8854298694059
260.40013327414636
263.149123911513
261.58893053408246
260.3945462171687
259.6856527313357
262.5299713771092
259.47582084313035
262.1079285367159
262.8054772845935
260.0527909551747
263.93178125016857
260.856774936663
262.4828184010694
259.6160313419532
260.9562991965795
258.2331455949461
263.0164818550693
260.3769236647058
260.8062639927957
262.7506710146554
260.5121523364214
262.17625993548427
262.94192714826204
259.3740450666519
263.5157435166184
263.273505678284
261.4269468153361
257.80361242685467
260.4938714908203
262.2821454888908
261.05073711043224
262.01406392094214
257.98467693442944
259.8302110872464
257.7673369831173
262.2012180845486
261.68680651066825
261.15633139701094
262.29322683112696
261.414467036142
261.76985661231447
259.4871322750114
261.07603797956835
258.24904872931074
258.22405422723386
260.51721178751905
263.4961215596413
258.4156965962611
261.1871204763884
261.1252867797157
259.010491617606
259.59733435162343
259.2378423003247
264.80526942340657
259.22305358434096
259.8054762564134
259.31100574415177
263.1264412915334
262.09218952211086
261.6195642260136
263.262212122092
259.3591544023948
259.77112177503295
261.9655608754838
258.5283836046001
260.894722432713
260.5078716224525
262.8475475963205
264.40175212116446
256.962424791418
263.53211408806965
257.3032390202861
262.55646812543273
263.44582920591347
263.99496740323957
260.8044287307421
260.55051915557124
264.32923104777
259.913400608697
258.7871560724452
263.1427753743483
260.31854440120514
257.9798593732994
263.7988361513708
259.4664383082418
260.5357578411931
263.4468790673418
258.33050588774495
264.0200388227822
256.6344015529612
260.9220253955573
261.7012408662122
258.80312232719734
263.1217976571061
261.11216345452704
263.6078625234077
264.0240257253172
266.9965877857758
262.2801018812461
259.7837362877326
264.4458146352554
267.6285781846382
257.9999505209271
263.2293440878857
257.34779499517754
260.32893320324365
263.103815051727
263.2195394382579
257.5853261409793
262.96514458884485
264.14799715112895
264.795969635481
264.07738400809467
258.2839025025023
261.1674143112032
260.03420897957403
261.4352065321291
260.86506655672565
256.9079094880726
257.3619071630528
262.44881648675073
256.6717941185925
264.53688156278804
260.36004001495894
257.5791360482108
262.1814351967769
262.97478503885213
262.802108002943
263.338002487435
255.91039300290868
257.4266255017137
262.3927858133102
258.1055642920546
263.46404721564613
259.5338724318426
262.99546191841364
258.762645203853
257.7079144450836
260.15176007454284
257.46739394648466
266.65531118772924
259.3543917143252
265.14820174581837
265.3084740920458
260.71211695391685
256.5010875064181
259.3971851140959
263.8943276897771
263.2697101655649
259.25876431609504
266.00100039388053
258.69255794095807
259.18069391779136
262.1536616118392
263.5006169535918
265.66748217027634
259.4569514207542
265.04864719393663
258.87468167138286
262.42197641707025
259.01737661182415
260.8409817843931
260.7393719208194
256.98123228980694
264.05550151865464
261.27731021889485
261.71265793801285
261.1547381707933
260.41022096574306
259.77505014522467
263.4206250581192
258.98229672655
260.5006939752493
258.9941742666997
260.6122669035103
260.87160640978254
259.9521689552348
261.74651835125405
259.50886184803676
261.69413372676354
258.86458553688135
260.1375177609734
261.60708609665744
260.12296329718083
260.32331541506574
262.2984871439403
264.58864630933385
259.0904761090642
261.57614583778195
264.11261238961015
265.65702170622535
261.600517263636
261.4082537026843
261.1075664103264
266.41761487931944
261.5804388714023
262.1278724252479
263.5545255568577
263.75979027943686
260.85497224645223
261.79815768043045
259.239869729965
259.8711896282621
259.88333335355856
260.18510984419845
262.0243032252183
262.4425076164771
262.6323477642145
261.2108387236949
261.6463653346291
257.15897156496067
263.1009523207322
262.7591557460837
261.013593404321
261.8985122364247
261.608323963359
260.9306138351094
259.75385062687565
263.5508323229151
261.6892522443086
261.40423385670874
262.1137544794474
258.65949226520024
260.442563370103
263.69778397190385
261.04857455333695
262.0082405923167
263.0911472811131
261.05492301180493
259.0160007531522
264.362662024796
263.26553961017635
257.6556729245931
257.8227001198102
264.006806998048
263.1110832884442
261.92757465026807
260.0022186090937
259.0245621849317
259.14059324131813
261.5718474466121
263.54297631862573
260.14092728635296
261.7413967603352
263.5225838664919
261.7382739764871
261.14984250674024
262.03789819055237
259.0570568542462
263.41467863018624
262.02802694635466
263.98847748339176
262.880704080686
261.63259245455265
261.99642729910556
263.7657229107572
257.5399195429636
256.5729415102396
262.5172959699994
260.63941430754494
261.2291031072382
262.9837975038681
263.1699273312697
261.9246144929202
262.73344633728266
261.78162456164137
262.3623559776461
256.3627712432062
263.4453579701949
258.6589092510985
263.24931866221596
263.0559225418838
261.3578737411881
260.120546567603
263.3325146359857
261.18013162969146
263.36925842100754
262.8704107659869
263.19859782245476
261.47231622377876
263.01883390406147
258.2398430558387
261.0655420399271
264.9988457170548
260.962999566691
263.95725044829305
261.6483644475229
258.63383300893474
256.644223802723
261.83515281323344
261.41554521129
261.1595647158101
263.1895415872568
261.4183564452687
261.80453643226065
259.943609014852
264.83113971422426
263.8583420977229
264.5734480402898
258.48432206199504
265.6154082912253
262.0533728150185
256.85280144470744
261.83285712252837
264.1999304619385
263.25830360816326
262.2019197861664
261.1070855524158
257.6309896982275
261.9371550946962
260.57444574148394
260.5621823371621
262.7866468182765
261.0446144666057
259.210292198346
261.9464091100963
264.4672753282357
262.3788351819385
260.55935043329373
262.63378281123005
262.5303825926967
262.4261781362584
258.7468094800133
259.99761174910236
261.55362836283166
263.899983762647
262.4366260005627
259.6865671607666
259.11960765416734
257.7793018389493
260.67565736873075
262.88316535775084
262.189296499826
259.6814441382885
258.23211506637745
259.59866022586357
259.87491679983214
264.8328253744403
260.5610350052593
259.5855707122246
261.7215628910344
261.0734589478234
260.4403942966601
264.85133631830104
263.5634719559457
261.6453227485763
258.93420679401606
263.3964840528788
259.31920271157287
262.45296199573204
265.1961778936675
262.0823268791428
262.12433073297143
260.58103195624426
259.8555842929054
258.23439585918095
263.271955797798
262.1418838930549
261.75066299410537
263.0185252473457
263.3282375490526
260.0509239534149
264.5142735030968
260.58985612832475
260.38518500723876
262.80697944865096
260.5301423588535
262.0833607540699
259.9042036967585
260.2051614349475
259.93787599296775
260.3905870008748
260.96208994009066
261.91618234827183
260.66742457740474
261.7585986289196
265.3893061601557
262.2013117779279
259.7012038726825
260.09150451538153
266.19826409511734
257.8617364813108
264.111469115247
262.2568742724834
262.48981725238264
259.2063041088404
259.77821715851314
263.00977324380074
260.3502030011732
259.83406524697784
259.46333894715644
259.1563325842144
257.3809723878512
258.32433678233065
265.2887875994202
264.13411376823206
263.4710441236384
263.80401108728256
261.5759714951273
261.2866751180263
260.8621916556731
259.7151588147972
264.9013638551114
264.84007736004423
259.62432989815716
263.69661954103503
259.9493994562654
258.4989423217485
264.3984672864899
261.0740681127645
260.6537913536886
263.7577589680441
261.7004142672522
261.28328246844467
263.1494698252063
257.3458521629218
258.455106643145
260.219825064647
259.6667494077701
263.50996642175596
264.26614271011204
258.6118362349225
262.05706163472496
263.958192390739
261.9084594331216
262.5946230625268
262.96977885323577
263.5232974422397
257.30205325980205
263.54914238944184
261.3355176730547
264.0986989372177
264.22940386109985
258.70010298804846
259.90370839694515
258.9583152739797
263.9191907888744
257.38842121709604
264.373520384077
261.2123272413155
260.1514366203919
263.9159251176752
261.64805275481194
259.8253765362315
258.76536055724137
256.8690230604261
259.5098229192663
263.4072322200518
262.6212617121637
261.47506633610465
260.74842966755386
259.3833464914933
263.68784435873386
262.7102223652182
262.84003417612985
262.34508784639183
262.1226616280619
264.6012318354333
260.94332939304877
262.3703208101215
259.09434782969765
263.83172190363985
257.97832150850445
262.64156096742954
263.70133236970287
261.2448966855882
260.24418179434724
260.68730180710554
263.4742692891741
257.42260480311234
258.4266655743122
260.26956624386366
264.1252576931147
259.838826199295
263.47395225719083
263.64015258534346
262.45924140210263
259.31039892858826
261.9740493702702
259.6849486246938
263.54016050172504
260.5357039407827
258.95117542904336
264.116779485601
258.4389691328397
259.327395053464
257.6522321407683
263.1856790800812
262.83408796205185
262.9910042352276
260.61237554613035
261.7238920372911
262.82759774441365
260.3590693064034
263.1116285410244
262.5552593432367
262.85780536720995
262.233265879564
260.4099413693184
260.6282168296166
263.12012336112093
265.38874186354224
260.252786069992
261.315827154438
259.9105731458403
258.1438661752036
261.4689046726562
257.0851307234261
263.2271509678103
257.79520416026935
260.1922220607521
260.18131053925026
263.25855149899144
259.4254095342476
261.5179400437046
262.12172674550675
260.229774432024
260.66499660583213
261.34571189654525
256.9868232423905
262.4193743633805
258.9892521130387
261.0068142579403
264.09207729331683
266.0544928458985
264.96030843956396
261.52354511921294
259.36414925940335
266.67336212284863
259.3618228867417
259.86192625784315
260.56096052308567
260.8655814783415
262.365453888895
257.49168572959024
261.65248963201884
261.1596293512266
263.3761990771163
259.04172861168627
266.7812675848836
266.44380220444873
261.9748616932193
264.1242396811722
264.9256914978614
262.2187910056673
263.0045413773041
260.64707394933794
262.51333320117556
260.9824158019619
262.0255517156329
258.7937763942173
259.6443493301049
257.5757929470856
262.59821483888663
258.364577395143
260.7874130657874
260.4199689924717
261.2390835424885
262.5387314360123
257.4864139256533
262.9114719738718
259.6220622337423
258.25108798453584
262.8385288338177
260.7403150644386
261.5370454257354
261.1808412227547
259.5179307209328
262.062706205179
260.35964056046214
256.85461830347776
264.94228428578936
265.74722842732444
263.81235204369295
263.4031139879953
260.9894463348901
262.54564529878553
264.1878502346808
262.6542032797588
261.35663977102377
263.8897322708508
261.66288555122446
259.19541164208204
259.76726360747125
262.8920758223394
260.52627766749356
257.8176973944064
260.5292631930206
260.59199888200965
258.773726085783
261.6067938172491
259.98127239593305
265.45043477090076
259.2170728711644
263.93230146355927
261.43845966504887
261.0659686793806
263.58999076962937
261.8618473005481
261.07132790854666
263.21022450202145
260.1153606750304
263.8302162234904
263.24307660292834
262.2663135131588
261.484037758084
264.24449011916295
259.79805058287457
257.39605317567475
257.04065895674285
261.2061112575466
258.9416160249384
263.8094645657111
259.1710340429563
259.80313304357696
261.6226260055555
257.44279820332304
256.61916215799283
262.8298923727125
261.72271769912913
263.32908273430075
255.45222546544392
258.40644687612075
262.1936193930451
262.74174908024725
259.4807255817577
259.9579309640685
256.5304693065118
262.828708309331
260.5555811198428
263.16726882429793
258.4026462860638
263.7800008781487
263.2586511319969
263.66647493094206
260.28379784792196
260.476339190267
262.9416596336523
265.4508738712175
258.21424697479233
260.3902780300705
258.745479069883
260.1147341908654
262.54193934146315
262.20756809657905
262.02841831056867
259.72323526779655
261.2577623076504
260.7790357930353
258.2745581258787
259.2934325484093
261.72472390404437
262.30990030779503
261.44955280062277
260.7409712151857
260.322033928358
258.80640820541885
262.39732654369436
257.80385255115107
265.74286836606916
261.6003783348715
263.1918957013404
260.610219369526
261.55725636705756
260.71206845366396
259.5985350271221
261.4950915313093
260.557241188013
260.84375629620627
259.6171550116269
261.3891442610184
261.75904209003784
261.1675738611957
262.42675391142257
258.8920202363515
262.4357809050707
262.69696300511714
263.62460447172634
261.33582315035164
260.241596482927
262.1824923477834
260.6536601178814
265.3967370187165
260.8940222336678
261.59433287463617
259.48138401203323
260.9610290514538
261.39994709566236
262.51240593311377
265.13764133979566
265.5145623727003
265.7405364308506
263.00459366478026
263.5463963310467
260.22296606132295
263.66326419857796
257.93802808236796
257.70945961528923
261.9665516768582
262.3804560852004
257.69328017160296
260.2802026459249
261.2204318543663
261.29744945431594
258.8903260275256
261.2810465346556
258.9291393777821
264.3611372425221
262.9939406331396
261.2122016121866
260.187887158012
257.9326122717466
260.31512780848425
262.94964167370927
264.16796992358286
260.7033682789188
260.86827333737165
261.69577534729615
260.97925291454885
259.60057284496725
260.901749924873
263.7785205419641
259.96602980210446
261.69426072458737
260.04157025692984
261.53482979687396
260.8052164108958
259.8103727134876
258.68836607562844
259.9195577541832
265.7800691688899
262.24094747623894
262.1230805706
258.3167443141574
263.985917340382
260.25379584450275
260.14817224256694
263.6295902444981
263.80555545410607
260.53265665483195
258.1714629023336
260.21664269675966
264.76803883572575
261.5096027480904
259.7480848992709
261.74335495580453
263.8921082477318
261.3012752899667
258.1556915129768
260.33439842017833
260.40350159292575
261.39754528331105
259.6379364208551
258.6777918342268
258.1970384651795
262.0568653846858
258.1653139340924
264.7562444121577
261.29491794412024
262.17201084049884
261.0027560867602
261.7478924355237
259.8625638235826
262.1548976857448
261.5547182227019
263.5322159542702
260.150455707917
259.72672620846424
266.892905697925
258.4457234318834
261.2320856619626
263.4293510715943
264.9293026623782
262.85940397146624
263.57814059220254
263.2432698190678
263.1040722588077
259.37610163225327
259.37524218671024
260.60974814835936
262.32984707923606
262.26737640902866
260.1553936951095
263.18465410836507
260.5351351056015
264.5842335623456
261.7847876562737
263.87285708857235
258.34027238120325
258.7032050034031
256.8885090016993
261.06776327220723
263.53519550466444
263.8619470166741
260.9790240600705
261.61767885356676
260.1763774291612
260.83371265558526
259.7925451816991
261.5697086083237
260.92007256578654
260.2902510560816
260.6057916380232
261.64996545249596
259.8515127158025
260.956230292446
263.14708058326505
260.34474730165675
260.09997225762345
259.49325482186396
263.40401529939845
258.1571157326689
263.5579293501796
259.1924545777729
259.6861110244645
260.54573778272606
261.0274515922647
259.62197961250786
261.0223103532335
260.8619793342659
260.75413925154135
261.7965864399448
262.85402403981425
258.1010773924645
258.6011706489371
259.7626795815304
261.02241741586477
267.02275776083115
263.17495864408556
264.5814364502439
262.03351139707956
264.34080445207655
262.66026840521954
260.39423388487194
265.06939878501
264.0982068128651
260.60067299427465
259.8514042936731
260.1194870597683
261.7414837331744
265.51050798466895
266.9935679276241
258.768499928643
261.0841690377565
259.9739209213294
259.4835293793585
261.8681360709015
258.28887231787667
260.3007300378522
261.49706803658046
259.47951779700816
258.4354560858337
257.0561638039071
261.9847955184523
258.6951518589631
261.70403109758627
255.2220417971257
264.3642327528214
259.8322251428617
264.1894299497362
262.0253382772207
264.49024180392735
259.5714953272836
262.53122807398904
258.84734568349086
262.95656734053046
261.1481686149491
259.37299450684804
261.494912866503
260.52848713786807
264.33655238500796
263.21456192375626
259.56689915573224
261.46095551294275
261.7981434573885
262.119598275749
260.8510236563161
262.4818851426244
258.14640849025454
260.1585141888354
257.0861235221382
261.31177483324427
262.5205284447875
258.236106849974
262.0841186672915
261.4630002488848
263.0312386081787
264.50878079619724
258.51617049623746
261.1629341117805
259.71557823685
262.43624331767205
260.8490574854659
256.3507719084155
266.3256512117805
262.7523800296476
260.67071167042013
264.06243544153403
261.9945936102886
257.5778264553519
260.26527034840547
263.17135023046285
261.03276919981
263.321896802634
261.33714589336887
261.09514685662
259.06393858860247
259.0153064498445
258.029335942585
261.99026762112044
261.0171608030796
260.153611056041
257.6068172774976
262.8745836322196
264.1722597440239
258.90649025607854
261.2410292500863
257.5343794557266
259.91176720848307
259.4456500641536
256.643735325546
257.6601645863848
259.60081186227035
258.0972370118834
258.9320180224022
262.75993581977673
261.29631305648945
261.9312196864048
264.8125532863196
256.9124759352999
262.968936356483
263.16081569564994
259.15136000106577
258.104806395364
259.20582264021505
259.2239155380521
263.6995837603463
260.2635901157046
262.59286779747345
258.71784144290723
262.4816323564155
262.95089322014246
259.8790473714471
260.993137203739
264.7888805633411
262.394618292572
261.66562567534856
263.5643698150525
260.8517930818489
263.5714472096879
261.2928431023611
260.53571273724083
262.21357341087423
258.7841995601775
262.80789238144644
263.453795173089
264.30048968072515
260.953366306494
257.970491872984
261.3283360704081
259.42135818034876
254.44027800986078
261.7135082775494
264.6737221109215
262.8261072683381
261.4105230511632
261.6946660602698
261.3674529407872
260.026388952625
263.531382574467
264.501002414152
264.72265363810584
263.9636395093985
262.61856570781674
263.7248520675348
262.13089215173386
262.3463377193548
262.7269610258518
259.58698171004653
261.42946721520275
265.6195504523348
263.4963822819991
260.19815378054045
261.59817189897876
260.9763469938189
259.79580617079046
262.53147927322425
261.00915296562016
260.62920247693546
262.0269930679351
261.43296805163845
263.2253244748572
255.89714037429076
265.8593112594681
261.38193251774646
266.51538082701154
259.579564309679
259.5900600187015
262.4420896945521
261.46713495173026
263.347866776865
262.44901036377996
260.43133933562785
263.34052097203676
257.0681560515659
260.3840140188113
259.27009107661434
261.176962442114
256.54041051119566
262.82645917043556
259.2538504333934
262.7488783118315
263.1195098562166
264.08487677341327
264.7439386114711
259.5098633990856
260.62450585258193
258.59662160195876
264.5216384860687
261.76260135229677
263.3527086680988
260.25394589838106
262.1758421746781
262.63302707776893
258.4102773760678
261.88586061645765
256.4544915633742
260.0004766829079
261.11547048331704
261.77149494260084
262.73491217102855
264.62858873815276
257.9022000801051
258.66247327055316
262.89886708464473
257.47028975503054
263.7532620293787
262.2478042814182
262.62634512316436
257.44171554013155
258.341798027046
265.63009213726036
260.07850420929026
263.40906467474997
259.5753898053663
265.1164045181358
259.7196399848908
261.3657057576347
262.9367723396281
260.59415335103404
261.42874120676424
261.9260719108861
262.0692419044208
261.88098935980815
257.70872400759254
260.89378933783155
263.66458621341735
263.81912234716583
258.05537523759995
258.89873531111516
260.2081436528824
262.3355056187138
262.8065589016769
257.7151350394124
258.82726738101337
261.45287217688747
260.2499495052034
261.29951906285714
258.72307593922596
259.10211570200045
261.5554559768643
265.9420416604262
260.01736855262425
254.58902217494324
261.63651195471175
263.02379220421426
256.81212593091186
258.27635710535105
257.87683066749014
264.12749406613875
260.31327645189594
258.6226837557042
257.60381001303904
261.18448513769545
262.439221998211
261.3024247798603
257.92093868064694
259.8168321112171
259.99100672558416
257.23330473410897
257.5733107883716
261.2631902489811
257.80765805533156
262.8122885186458
262.236837035045
260.07218472252134
260.7399285903666
259.8031754124677
258.4694025858771
259.5675926095573
261.1486998681212
258.8018429199001
263.6893194861477
265.1212289875839
263.3039703191025
261.3034187168814
260.9886941618752
260.9980005664984
265.649829158443
257.6336298278766
264.31588310946245
264.17784501134884
265.430253899307
261.69598108518403
261.26534804399125
259.3768579021562
259.28188066987786
265.97720918338746
264.09775391139556
264.2196340105729
262.45604185399134
261.2227180848131
262.7546766962623
263.4551837138133
260.4819695589831
262.61201786005404
266.0728581765434
263.62441478041
259.299320364953
260.3852939645294
262.9454053536756
262.0331139268819
260.29598991316743
263.4896309308242
263.23568299401086
257.4711257319432
262.7938069354277
261.2009564368054
257.57412171748
260.36758749524597
262.4588919777889
261.7369862997439
262.21645778173115
264.3125434325775
264.50387381389737
261.34859053825494
259.72604388708714
262.33612992742565
259.46811932488345
260.85870847967453
261.75741414993536
264.10467081249226
262.07914393476676
263.0972601765534
264.1280275883619
265.24573910434265
261.7415868083481
259.9618858762551
257.82787806668784
257.028363827616
260.92422864737455
261.17512207396794
257.229357827222
256.4286580865737
261.2692165412009
257.43806251627393
262.7536681833444
261.09929485828616
264.5167344631627
261.4362170372624
261.6111191214295
257.4147627084749
258.0012441939907
259.54881266411394
264.3982456133235
260.8830228226725
262.2346175641287
261.06440769298933
263.40650604467373
261.02947678335477
263.8122177137993
264.37441794760525
260.73597344371956
260.83216455345973
261.9653404232813
259.05179228342604
261.205146893044
261.04740433604456
260.669309735531
261.4157151154941
261.37959574896377
263.4561933253426
260.565422951011
262.8861163245747
261.5704288331326
259.4266883933451
261.34897136641666
258.2846276718192
262.3851140527986
258.0988236309495
259.651551276329
260.56035815854557
260.31016755779274
261.71489612560254
260.233382793027
260.4337189204525
260.8368422680069
257.6845998968929
263.30051627370995
261.6763614747906
261.9611161220819
261.6777657297207
259.29658484319225
260.1743993887212
262.59006032848265
257.66008870198857
261.73910857224837
261.49048415978905
261.63297347689513
262.740773245343
261.54142442985903
258.30554396810476
259.74275046610273
262.69875746418256
262.32508990797214
261.5783005435951
261.5425258423202
265.3597903371556
263.0649271879811
261.497627339093
262.7998695358401
261.69815432850737
260.89317173918243
259.83720688242465
261.8968959284248
258.2036335276207
259.51151470048353
263.9944692089921
260.390277152881
260.39586557704024
261.6539753959514
265.673539107549
261.83194929896854
259.23864709818736
264.7996834027581
260.1253190985881
260.7614774000831
263.9271715841023
256.2958549623145
260.3910059048794
262.2106750307139
259.0518785935128
259.35642017179634
260.8810630204389
260.9659014027566
260.77078130992595
259.8183261420345
261.1209694003919
262.25591488333885
262.12093151779845
261.3783275274327
262.0314560519764
262.92988234595396
262.82056829112116
261.3394179327879
259.29336968495045
260.49513620277867
263.59034884371795
263.7060719295405
258.3408073600149
257.07148527749814
257.97929157153703
259.607437982806
257.23338870937005
259.10514644009527
261.3819513525814
258.9862724506529
260.0483651396353
263.5904487626394
264.68827741069254
261.12371528393123
259.92298918031156
263.6402163312305
263.857149898191
261.0530286207795
263.7444060317939
265.44306985486764
261.0755493459292
265.6678122198209
262.73752972099464
259.87986871995963
259.2727505264338
261.00453532044776
260.58019640797284
264.09957895521075
261.3814066897612
258.0068727595499
258.87003533774987
256.54187109833583
259.9874352158513
262.72668356006034
259.8606646597618
258.9174375135917
262.3408324474003
262.5509769922355
264.42013211362064
260.52419961337
260.70700779522303
258.995558117982
260.78940337570384
263.4156405341346
261.2739308462478
260.29062506975606
259.0058820055565
262.3217615727335
259.60566498769913
263.09899314679205
259.32169831206556
265.49868723668624
261.4936276380904
259.1359328449471
259.8159390257206
260.34519678074867
261.1725421693409
259.9612594031496
264.6917598429136
264.4685976461042
262.6139387913281
263.4037989702774
263.0188659920823
259.7409318994032
258.2222921450157
259.31345657259226
259.76298639399465
262.5985824854579
263.85996995749883
260.7159992500674
260.0081008807756
255.25495306949597
261.3906223772792
260.39915391185787
262.83461420820095
259.1691131122643
265.14377571537625
258.79436177085154
258.4537107680226
260.0275931098731
262.5051162458258
260.3551539645996
262.66976629022975
263.64806264219806
262.83420189877506
262.6075964050833
263.03168932010885
261.67166744032875
258.9948239220539
258.9816446811892
260.1381773207104
258.23205832683016
262.36082207015716
261.52196254429873
260.4883672996657
259.8988072864013
260.96648096549325
259.7993348034797
260.9391716326354
264.8861859613098
261.1929640468443
262.0440875585191
258.2227383032441
262.9548160727136
262.23765461251605
260.5185671626823
259.92626260535326
263.77943730470724
262.7987215779722
258.4313771377783
258.37713429285213
259.65875795518514
264.49862747930456
259.69230923301075
260.1979115124559
261.89248531730846
260.3975040115183
262.0774744055234
262.12392651929986
263.4614849596983
261.6978259012103
261.0633518602699
261.7161586647853
261.5833783133421
263.867529687006
261.7383371052565
258.84036332869437
260.767345264554
260.00687565410044
260.13440349069424
257.2164847429376
256.89200902427547
259.24591637041885
257.1811854192056
262.0431127572665
261.3656678814441
259.965472263284
260.717885660124
261.9563563710544
259.64902625372633
263.200344167999
258.227237689076
262.68965720257256
257.6958871668903
256.29261255590245
262.5759084013989
264.5521734150825
264.1788500001421
263.9682563940296
257.63236670882907
263.78465966903605
263.3217670065351
257.4936788714258
267.0457497398602
261.0859856745228
264.6034586110618
263.3475470007397
263.42116106150206
261.4240206150571
264.1424137976719
263.5157527461415
260.71660462406
261.3921382088447
256.58730509795714
264.06674959277734
259.10716408409644
262.95258280809503
259.80331855092663
256.8335667878855
262.9181589419022
263.06031764205545
261.5216630708892
261.74283075751737
262.56861996173393
262.5423760628328
261.869874545373
264.7614387029316
263.39059552398976
265.3414670381462
261.31029383454006
265.11751098255627
260.0157201164402
260.9573522772407
264.1284790307982
266.14885787980165
262.56730242155027
257.8663927007001
260.48536964319646
263.23044302954804
261.6186932621058
259.18481861951295
260.6602296530036
259.357511297334
260.1172193539096
257.5852114218287
257.60020317253657
259.706026368076
259.35753207979724
262.1412538815057
260.7144265213283
261.00698896765243
264.46634988079313
259.22096064849757
263.6659609640483
259.11628327250946
259.37977711262647
260.08965428511146
263.077490309719
261.77809449331835
260.659980957862
264.09969108819496
260.792618048843
263.35970100632403
265.10700844356325
259.99311944132205
262.1957082905574
261.59276925073937
263.85179443040397
263.7731350683607
258.71426135255024
258.60295282676816
259.34368209622335
263.1088128737174
263.04852857929654
260.8381046418799
263.9570674614515
260.36407994653564
259.46687627618667
261.15178343851585
264.85307926207315
261.04748809116427
264.1970486793434
262.3570522230584
261.85536318051163
264.1168705529999
261.42563674470875
260.7806512406096
260.2100420902716
259.8645693784347
263.6522478291299
262.8767313971184
264.9420452439226
262.486494962126
255.67342373158317
263.0796496489784
260.88772922439966
260.8201141641475
260.29113512462936
260.59150999912526
259.07941565138754
257.98152770043816
262.65397477778606
260.7354572470067
263.4863843356725
262.35293271020055
262.26504772913177
265.2868275716901
261.28723330481444
260.7188545932295
261.90101800335106
262.83218551788013
262.52458064153325
265.92653164442163
257.9352824331727
260.13923571561463
261.3127548653865
263.84558214538265
259.3534218342975
264.96040321537293
257.0511421539122
261.276913641952
260.846307351836
263.25975342292804
260.39773037063424
260.92637974605896
261.67617671890184
262.5744832420023
264.4518540989375
268.73976285441313
262.3896942831343
262.09585958276875
261.04291976906825
262.90465036267415
263.2371622377541
265.0941591518931
260.72287750651594
260.3585851514945
259.37316487927455
263.4139597726753
260.1324808296049
261.6603223999264
262.4759593202034
258.58144098636694
260.55181451234967
259.40994349343237
261.11685717245564
263.30439518543426
262.1214927912224
266.66902011760976
264.63976201205514
262.8412292061839
260.44570405536797
263.66080936044455
257.907102920115
257.9638817475643
259.24223009485286
258.56833459308837
257.70035409159027
258.84802737645805
260.3056807407411
258.89752149465494
259.02435138402507
262.44366389827337
261.34832711855415
264.4132884920109
261.84575770178344
259.5572650245158
260.27552350843325
258.6117203262402
261.5062942286022
259.96059817634523
262.5174745977856
260.80875095911324
260.83078425121494
260.83739074412733
259.10072354914155
260.49749962601345
257.6177943069488
260.4911319472594
262.4668915262446
257.38452267320827
259.9600539333187
256.2591202973854
255.93180543929338
261.4115476810839
260.4773087989306
259.7682518744841
260.59688097191975
259.6473176195286
264.91345536499284
262.6261989970226
261.348036703188
262.44385663815774
261.6643987012794
261.4816737581277
262.37778846919537
258.5916387581965
263.20346800168045
263.38936467666645
259.7492718711728
263.7655253028497
258.5650908835232
259.8300685158465
258.3491813582368
263.23545372183435
264.72375783359166
261.10593753575813
260.3403050828492
259.61318701144774
262.7702375705121
265.1939506189665
261.3868898001965
259.25372303219046
263.0558267190354
258.42715075740125
264.64494422788266
260.9153774129227
258.33879107946996
259.9744994190987
259.5735726042185
262.1624712222256
262.1825492164353
260.58126390958205
259.46490187442396
262.62486355530564
262.87010417319834
257.83141501271166
260.3769959862111
260.9996448599268
259.5935046352679
262.4106686821906
259.3941301322775
261.2334577892907
264.7282692408189
264.7232091653859
