99.22005260368769
99.22005112715942
99.22004978640598
99.22004856408421
99.22004738576197
99.22004631307846
99.22004532674782
99.2200443989559
99.22004354641376
99.22004282749185
99.22004211826152
99.22004147624648
99.22004088733047
99.2200402894714
99.220039800618
99.2200393967978
99.22003895115449
99.22003853131719
99.2200382208357
99.22003787748326
99.22003757569291
99.22003727861375
99.22003703485007
99.22003678001784
99.22003659105485
99.22003637985563
99.22003615203266
99.22003605850477
99.220035913022
99.22003572689391
99.22003564692204
99.22003549211513
99.22003542643142
99.22003533522366
99.2200352374366
99.22003512390074
99.2200350610783
99.22003498054255
99.22003489922099
99.22003487526126
99.22003479761224
99.22003477485487
99.22003469518677
99.22003468799812
99.2200346100999
99.22003457406026
99.22003453263278
99.22003455056074
99.22003450112425
99.2200345004403
99.22003445999871
99.22003444768234
99.22003444109941
99.22003441913148
99.22003440504704
99.2200343509976
99.22003434247745
99.2200343745335
99.22003430458608
99.22003432353267
99.22003427671734
99.22003434116596
99.22003429004144
99.2200343185832
99.22003432905149
99.22003422664966
99.22003430005861
99.22003427780874
99.22003427322488
99.22003426531228
99.22003424610375
99.22003429118558
99.22003423142269
99.22003427331583
99.22003419867178
99.22003426795163
99.22003428026073
99.22003425387265
99.22003426567608
99.22003421542831
99.22003424209106
99.22003423416209
99.22003421620684
99.2200342295746
99.22003423131173
99.22003422002308
99.2200342341057
99.22003422749367
99.22003418141503
99.22003422655325
99.22003419654357
99.22003421822046
99.22003421777663
99.22003419584507
99.22003424205468
99.22003424439208
99.22003421003683
99.2200341842672
99.22003422249145
99.22003423418937
99.22003421427507
99.22003425118601
99.22003423237948
99.22003421252884
99.220034207563
99.22003422561647
99.22003423164279
99.22003421305453
99.22003425190087
99.22003421845511
99.22003422407215
99.22003422270791
99.22003422988746
99.2200342326305
99.22003427103846
99.22003421774934
99.2200342171891
99.22003423872957
99.22003417121596
99.22003421588306
99.22003421246336
99.22003424609284
99.22003424635477
99.22003423002752
99.22003420954206
99.22003422004491
99.2200342234828
99.22003419027169
99.22003424135619
99.22003422170019
99.22003421064073
99.2200342112119
99.22003418271197
99.22003418991153
99.2200342128126
99.22003420838519
99.22003414131541
99.22003423604474
99.22003425314324
99.22003420033798
99.22003420170222
99.22003421521731
99.22003419757311
99.22003419681278
99.22003423600108
99.22003421885893
99.22003423552815
99.22003416616644
99.2200341502321
99.22003420097462
