200.47210126389655
200.48241113958284
200.48329130329876
200.47163644532793
200.47157007099122
200.48308899401673
200.48004700787533
200.47120786815412
200.48346061842676
200.4738860499574
200.4832753397195
200.47366392873937
200.48328671652598
200.47393365052903
200.48330682613505
200.47414261397353
200.48332245105667
200.47428895580924
200.48333391361484
200.47439247324292
200.48334168921247
200.47446525161104
200.48334727389374
200.47451700432794
200.48335125339327
200.47454916298557
200.4833540288164
200.4745766063461
200.4833564388682
200.4745947681331
200.4833580906834
200.47460978999698
200.48335901474093
200.47461507477055
200.48335982959725
200.4746207867829
200.48336004922203
200.4746268427043
200.4833605164531
200.47463181781495
200.48336082928654
200.47463655233878
200.48336098808068
200.4746337146771
200.4833608591871
200.4746329130012
200.48336098688378
200.4746337664801
200.48336119358282
200.47463458414495
200.48336135803402
200.4746377063475
200.4833613794326
200.4746366926356
200.48336115920392
200.47463814763796
200.4833611863869
200.47464053341537
200.4833610714959
200.4746385857652
200.48336119539817
200.47464164196208
200.48336181042032
200.47464159880474
200.48336112276957
200.47464244514777
200.48336171119445
200.47464439874966
200.4833617067161
200.47463914468244
200.48336151124022
200.47463726468777
200.48336135152567
200.47463737658836
