100.21561259241298
100.21661888408562
100.2156191598915
100.21670696615911
100.21655188842033
100.21656359462395
100.21657854311889
100.21656431016436
100.2165755380347
100.21656453907144
100.21657303935717
100.21656479979356
100.21657111725744
100.21656516210714
100.21656991440432
100.21656575698034
100.21656920721307
100.21656642317612
100.21656901806
100.21656731245184
100.21656921587783
100.21656827553124
100.21665156650579
100.21676118436244
100.21713740201267
100.2165685394657
100.21664011047596
100.2166201826858
100.21656308877937
100.21663571928093
100.2166185793858
100.21664289647742
100.21680799159367
100.21712167307305
100.21664982673065
100.21684913415993
100.21713812265625
100.21664468363633
100.21681193559198
100.21716103053586
100.2171303704672
100.21712987426326
100.2171319183908
100.21713037953305
100.21713146649017
100.2171307934841
100.2171313042254
100.2171310929316
100.2171313058825
100.2171313168019
100.21713142768203
100.21713141003966
100.21713154214376
100.21713155632096
100.21713169435316
100.2171317297234
100.21713178665595
100.21713186802299
100.21713191125309
100.21713197686586
100.21713203853687
100.21713208280016
100.21713213244402
100.21713216021817
100.21713227821783
100.21713226814609
100.2171322875165
100.2171323822622
100.21713240489044
100.21713246666332
100.2171325112995
100.21713254460701
100.21713255610302
100.21713255806208
100.21713260336765
100.21713264522441
100.2171326934822
100.21713269353495
100.2171326963653
100.2171327163087
100.21713277917661
100.2171327896558
100.21713283354802
100.21713283731151
100.21713284184807
100.21713292125787
100.21713288024512
100.21713285345868
100.21713289211039
100.21713289234685
100.21713287814237
100.2171329577468
100.21713292095592
100.2171329780158
100.21713299291332
100.2171330127021
100.217133006925
100.21713293214088
100.21713301815544
100.21713294964138
100.21713298797658
100.21713297966198
100.21713299997646
100.21713301202726
100.21713298782743
100.21713304963487
100.21713301856471
100.21713301502314
100.21713303167235
100.21713308073959
100.21713304176046
100.21713298895702
100.21713305958474
100.21713306147649
100.21713304131845
100.21713303538854
100.21713301868658
100.21713305179946
100.21713303551587
100.21713305857702
100.21713306644597
100.21713306079255
100.21713310674386
100.217133050337
100.21713305012963
100.21713307553364
100.21713305053709
100.21713311658459
100.21713304524019
100.21713309402912
100.21713311259373
100.21713309640108
100.21713310382984
100.21713305770027
100.21713307890604
100.21713306695892
100.21713301143609
100.21713309120241
100.21713302942226
100.21713312692737
100.2171331122845
100.21713313904183
100.21713306948004
100.21713310603445
100.21713309841289
100.21713313371947
100.21713302037097
100.21713309940242
100.21713307181562
