144.94936056742245
144.9441182147866
144.94696620738523
144.9488860093643
144.94899263079878
144.9489823043732
144.94896602816698
144.94895209779315
144.9489400091279
144.94892969229386
144.9489204324027
144.94891255445327
144.94890549687534
144.9488993247851
144.94889400986995
144.94888895123222
144.9488846496597
144.94888065709165
144.94887702734923
144.94887378934254
144.948870898922
144.94886838919047
144.9488658869086
144.9488639115989
144.94886183279232
144.9488600820241
144.9488585391682
144.9488570868998
144.94885566064295
144.94885447799243
144.94885337500818
144.94885227900886
144.94885133466778
144.9488504963756
144.9488497620914
144.94884889951754
144.9488483028108
144.94884780396933
144.94884713033207
144.94884667163024
144.94884618166907
144.94884571204057
144.94884543322405
144.94884503026879
144.94884462028313
144.94884432512117
144.94884412842293
144.94884373460445
144.9488435654639
144.94884337443364
144.9488430714191
144.9488429714729
144.94884276825906
144.94884256509613
144.94884249594907
144.94884232279037
144.94884225618807
144.9488421734186
144.948842018086
144.94884182933856
144.94884177086715
144.94884175697553
144.94884173420905
144.94884161355003
144.94884144783646
144.94884145008473
144.94884143664422
144.94884135300344
144.94884131298932
144.9488412405408
144.94884127145997
144.94884113396074
144.94884115227433
144.9488411306229
144.94884114506021
144.94884109508894
144.94884106749487
144.94884104379526
144.9488410441445
144.94884103388176
144.9488409579717
144.94884097279282
144.94884091129643
144.94884089277548
144.94884088113758
144.94884086922684
144.9488409967853
144.9488408482248
144.94884083207216
144.94884091307904
144.94884096378155
144.94884089899278
144.94884074019137
144.94884075515802
144.94884084399382
144.9488407729841
144.94884078350515
144.94884083057696
144.94884069221735
144.94884075533628
144.94884079426265
144.9488407730023
