233.6002323294815
233.6014545780463
233.6009564345768
233.60162683784802
233.6002615603893
233.60069766507513
233.6008404214408
233.6003043867895
233.60076498363287
233.60030307036686
233.60116168269997
233.60167147899665
233.6002562931899
233.60085158996208
233.60067148852067
233.60030662047393
233.6013542834953
233.6010969029412
233.60171699407874
233.60148386248693
233.60022776896767
233.6007658526778
233.6003065889454
233.60125477013025
233.60166379498332
233.6002551665897
233.6007145065596
233.60026578428915
233.60077598451608
233.60074605226873
233.60058093373482
233.6008438043209
233.60030258934785
233.6007848214631
233.6006905081049
233.6007802156746
233.60172500359477
233.6014879780214
233.6002267683998
233.6007642661134
233.60030358221957
233.6007642552995
233.60030278088198
233.60091416609612
233.60029347792442
233.6007495645281
233.60029402747568
233.6029503038735
233.60032048346147
233.60074075507146
233.60103803865786
233.6016692336416
233.60025515793313
233.60074168035862
233.60035692936435
233.60065368355208
233.6007754968923
233.6006114019474
233.601619644498
233.60057376871555
233.60174121619275
233.6014750149734
233.6002301955814
