326.6737145749151
276.51512255152494
259.18434254072054
250.6563458184927
244.74327806477572
243.13641014005793
244.59965888685042
237.2208326604066
240.79429417441315
234.80023746668712
240.42134827587734
243.31433857222873
236.38562667233782
240.22693404507027
251.20566106824435
240.24388429975625
244.09345368746153
240.02950085005705
243.26236260790392
246.3396980843063
246.21028571826992
240.05544003101568
244.9820394256003
241.21058872000413
229.1022723102178
246.84703976973196
231.80036288217343
230.71137059385
242.51357403040492
242.03216537162098
238.75716933490003
233.4404092680943
235.01002727998002
236.31863712193626
240.98107792283736
240.59087881490996
236.15711752305106
240.2061878693803
241.14248461725037
239.93346056754854
240.07581980665236
244.4682213288579
239.2803462361917
243.9559372736112
237.4363375029243
240.27773007298856
244.52343982502134
240.53895695865685
238.24992088312138
242.97843251700579
242.0341261065969
237.88102636159238
240.30011694242603
246.91640619878854
235.22855437978615
238.39202340682823
236.41082052712773
239.41959214653252
241.73722666783033
242.51521070309536
246.23243888965771
239.70920109575854
241.29352651891713
236.11906484007523
242.1125257343483
240.91155452082057
238.7875532671278
245.01182598362175
231.16493123303735
232.39360471707187
236.64385200639663
240.62778185735806
237.09025420628677
231.73739814593137
231.94612231014253
238.4792285234762
239.40751596361224
245.0942516395553
227.62474106916852
246.64324044205932
234.46690794065944
239.77629701911428
237.78094516595957
242.7475101262171
235.96742521571286
241.43459885405173
240.23411778741138
236.2039088940728
236.99137133521072
236.97840946686483
239.17927578961826
239.71001147206334
237.7631647461385
248.70940522331875
238.98804148394265
235.59624156893915
241.65660636955
240.25452481394314
240.4032408004423
230.13011258983897
250.30163060196355
246.73242820754604
238.6291137270382
235.18966701893805
238.63542556267566
238.0987855297899
236.59806938780457
239.5380481347238
240.34896976903838
239.33371912489383
234.97366051631616
236.55166575956173
236.82216025178423
233.48341364002408
235.7061165105406
245.67675809960565
239.08752416574134
233.01831689455503
239.6001997290441
238.59436200823257
242.30104751847102
235.46890507132412
231.1024373147302
245.14270457324892
241.1252473858658
246.58354892796342
237.30998789993828
244.6698198472477
233.42855767711444
238.1370095556449
243.01826273944243
236.14476063774782
242.34446151195516
239.86136666892708
244.55518894144916
244.76019248591547
234.10381127592336
231.87716337433812
237.7938207580737
234.03551056025026
237.7546729693422
236.5071108343036
241.2621330492766
241.9239819968716
243.80380264660198
235.21509330045956
242.87944057131972
239.4560888575943
246.90082838579838
238.33628213106567
241.37915416635224
242.26330493060232
241.43847688996175
249.96752259512868
241.7434198570263
237.91521917503997
243.398578737957
240.39421575507004
239.49128901086078
236.25333071159548
236.20086250809254
243.39093535762368
242.04282579541905
239.06907904388936
236.46500165243924
250.2407278058963
243.30188566075958
234.0929526342734
239.82995498251694
243.9388679941112
235.7013331993585
244.58421327637916
235.830821501826
242.03930305122776
229.74690498351993
235.39422168571764
242.20443494253414
247.02197754631925
240.72983775446482
241.4605923399431
241.14131768410152
246.44120292988373
244.99321542007965
240.38390317692392
240.86862451834895
239.29554756850848
235.974576505374
238.20801288754592
234.47125746327947
238.1490051503497
234.81399776681064
242.2878018063857
237.29303447236452
241.528561205414
237.00697270742967
243.83524836326978
241.1792359947067
238.93649813905358
241.11030148032296
237.9693109492291
237.45296813682944
235.31353228904482
235.44146769891813
251.86116473270522
247.2001569698914
234.3862524651122
239.49852630940586
239.90097285056254
245.00504133965296
229.84057628556184
236.72079721084447
236.01695235694206
231.38360036608356
243.2686182762627
246.86973589161062
245.4516946382355
240.7665413447612
238.8117159288886
232.11600514131715
234.92742477131833
242.82129892084777
240.01613628577616
238.66611126373755
238.0588143401692
239.01405428200815
231.19069329566264
240.51491960846033
238.59545020302176
240.99659347457782
236.76658617913927
235.53795702010393
242.93348352485918
241.1002112474016
234.85812166077812
239.39282053650095
246.57917282441485
239.7174189806101
241.29601216352603
245.44671648927033
243.75379671371047
245.29375750519102
245.45680529753736
245.70879642995715
240.22070226402866
243.82458472335566
239.21204757074156
241.13557456104172
243.15216120841797
241.7487051314747
237.41164756548096
235.34984303016972
233.32623519526533
238.59887130211428
241.62624212892115
240.14483315616962
233.94752185887774
241.46364532766165
238.1524574038558
238.8487916908707
242.7273403467334
240.48659227184544
237.91153681409196
236.97005848499248
233.22423789004824
245.58350323847844
242.4790243990501
234.6284930027541
238.15911068759306
238.0034146101607
234.60091881713015
242.4265371779111
243.83239051701094
244.15492987635662
242.24001129248063
242.47865585237741
249.00762071472127
238.93627959476726
238.52186778947362
240.41769612803182
241.11042973058647
243.5806698645756
230.2324981630518
234.1867037093034
238.45426113152644
236.71091014452395
243.48631917397142
234.34357946422824
241.82427973067388
238.37300674366998
234.8476396526239
235.9032171034778
235.2804816468706
237.86715742723027
235.04670421534684
235.72861729105352
242.0895531099959
240.3664359296381
245.73351053301303
235.70407934604737
238.5103081777197
237.40354747553647
232.8389630754682
242.43260634191392
235.5477769743011
248.65374807702028
245.68195510968508
235.98197003452515
243.80144050587842
247.24206283288368
239.1907760356844
233.8784803320741
249.8471618237818
243.09035077800218
240.41650826986006
234.34632470943325
231.96179605743964
240.89580073347315
242.01137182790262
231.39860653760843
234.42667980685655
239.89682577092026
239.97459604755568
234.40121613866359
243.9568170546263
239.42280756785476
233.3904972038872
235.44372280675452
237.95171854330692
247.18934394618555
245.65166976416367
235.47897748292598
242.7167213093926
243.89497255104652
236.26310905971332
241.61246822899557
245.0110061980522
238.0925372414058
238.77036472246982
239.59472937692772
237.40239843461313
247.5729090040404
240.56454181930167
243.25944074428116
236.71846479379747
241.46715632393898
245.18574630407966
233.85106061988336
245.84021372564894
244.83407502408954
244.4639449772949
239.8991578464047
233.50921325798845
232.83944442111533
235.80061049756478
243.66852822652436
244.58089357965218
236.166663140335
241.10212237670203
237.2837175802124
245.98634419836162
241.14463855387294
246.22645444625232
238.97708704655815
234.19104146028985
244.8346747427713
237.42294689340633
230.5238908673491
233.49835635481577
236.7994873245334
239.05673948247568
237.89165960194077
240.81710052175913
241.25586127737188
242.73637559438066
241.3325412918348
240.02348438404442
233.10853161563864
237.9786775384564
236.06521681633603
239.03715263988124
241.30307971520233
235.91269593969628
232.42999009226332
240.8396570370678
234.27757302188547
237.4521674142161
240.39020091397106
235.42009837873047
242.33777981354797
234.2218027330673
233.44405046523025
240.76236364551005
243.9313035654195
234.14978558129224
243.13759334135102
246.87079087547318
243.33235755533678
239.25937680077914
244.2106158820534
243.81681865757855
239.21888864548237
239.65950095813605
237.07418854655407
234.10041120332608
233.47857653605752
238.46555998672557
242.67007214391197
241.60308486902795
244.07997844005877
243.21461099253793
231.65390367250075
237.53970895006205
233.8454813665594
237.04084463413164
245.65493219422933
237.83418169773358
240.92066393228015
237.0504755774018
232.5750525031326
236.11872820646386
230.12299539375817
233.09603544430865
238.18883313240076
244.95798284369812
242.16113537699857
235.79358035948826
235.75015029855422
241.42277950260905
239.97297919278208
241.35937902124715
239.21128456496808
238.1582728077192
240.6253122513299
245.63043766099145
245.56092282949248
243.62327514625213
238.72700949847058
237.82632220252708
239.88183935666166
238.91563213872723
231.2433474814752
240.68647858501936
240.50056003073405
241.68979405915888
232.31075643806253
233.9633446355292
238.79073692722886
244.35892005801725
232.67466862336732
234.2542942349828
238.7157439229777
239.1643265132152
243.19959162804298
239.75676490939804
230.92350465765048
236.30427400146436
239.4319823639671
234.60949591372628
245.68381437804783
237.99225769285113
244.8416678332287
249.82414036036062
243.40740279914462
243.6135188144981
242.79559738333046
242.26933847165492
234.2692988975905
236.4917117730365
236.93504317195038
234.44107462640386
235.63193640331156
246.58695106689993
231.53806928721315
231.55631082846958
242.52782603360538
241.53799284811248
240.3369424405828
235.49656136409612
237.7563975208759
237.41118930195807
231.83583628245106
240.59005252858333
236.37778262745996
246.05805645717192
244.09294009841688
246.53735699597746
236.9734695067309
240.42420288780704
238.34202074201312
241.5679518772231
241.9909899138147
231.89193053166673
240.09824000354274
239.59908565950172
237.1788403112878
239.66287686537544
241.18792652235425
236.53047536779195
241.83837722540193
243.94088842495694
240.37792871116835
241.04680215135159
240.8590617877053
236.2989272470295
237.61326995312993
247.4048713680968
234.32066600075632
237.22140081789985
234.00869754236192
236.71955008618534
241.85747892530344
239.5455040007073
239.85517847709707
244.130393729778
235.5669621220586
246.44447500364913
241.55718173529021
233.9072337725229
236.78726244998688
234.77796218832373
243.45000226005504
243.16961867493228
242.3194191429793
237.19083974976093
244.20009387857863
235.21871839584492
242.26009713840904
237.28011869858892
239.16143921187904
244.60749127925374
233.67342414516315
235.15262136328965
237.51609243029088
237.34136683390534
247.0602605159511
241.342749029267
240.7140759047761
239.20208684308454
232.87484566603962
235.1737153064314
237.1140594224853
234.87353171920404
234.16713341118884
239.40896975713258
235.48998650346766
242.03965977179178
236.96897563968378
240.68258412080468
233.91499143093824
242.89918329767534
236.02987532771658
241.14961276878603
234.92430525744567
240.06130395518267
242.1840103690629
233.76538259975496
235.01250402876758
233.39109137342894
236.63863363055862
241.7249015039415
231.21621334922384
234.36134102076176
238.39903266209876
243.54483727991465
231.1805933926371
235.67351143294945
235.022031248227
244.58393323241035
232.84570098019321
243.30941758834524
235.67636492769816
239.3174727744481
241.37154092124547
238.44742082452285
