171.95990982388957
171.96051074688876
171.95988560523801
171.9604827598523
171.95986897155763
171.96046284197837
171.95985779636067
171.96044969384457
171.95985021699562
171.96044036734293
171.95984473267708
171.96043431860744
171.9598411999541
171.960429984415
171.9598388162094
171.96042694830066
171.95983719039668
171.96042503975605
171.9598359011561
171.96042357663464
171.95983517209788
171.9604225466137
171.9598345332288
171.9604218614022
171.9598343225225
171.96042129592024
171.95983401484227
171.96042113929798
171.959833774672
171.96042074334946
171.9598337386342
171.96042053110978
171.9598334608927
171.96042059161664
171.95983346515277
171.96042073104945
171.95983343406442
171.96042039792883
171.95983345751847
171.9604203013405
171.95983336170684
171.96042052439952
171.9598333042486
171.96042018273874
171.9598333267586
171.9604203190156
171.95983337333746
171.96042044720707
171.95983335896017
171.9604207472239
171.95983335841265
171.96042039337772
171.95983332499236
171.96042023478003
171.95983326797068
171.96042046793445
171.95983335911114
171.96042063103778
171.95983341251485
171.9604202752762
171.95983339181112
171.96042050447068
171.95983343581793
171.9604204883508
171.95983321189487
171.96042042926638
171.95983329473893
171.9604204651696
171.95983329438968
171.96042027547082
171.95983333036565
171.9604204888892
171.95983327175782
171.96042037209918
171.95983323132532
171.9604201543516
171.95983320567393
171.9604203632298
171.95983345908098
171.96042045726062
171.95983348184018
171.96042028443844
171.95983328493458
171.96042054159625
171.95983341574174
171.96042050020696
