198.36426751271028
198.3642632030187
198.3642595066949
198.36425648402292
198.36425394684738
198.3642519470668
198.36425025450717
198.36424883805284
198.36424772529335
198.36424676871138
198.36424596439883
198.36424527635518
198.3642447244565
198.36424413768236
198.36424395766335
198.36424362707112
198.36424340140366
198.3642432302604
198.36424290911418
198.36424267737493
198.36424263715344
198.3642426598908
198.36424246318347
198.36424246050774
198.3642425072103
198.3642422757457
198.36424234678998
198.3642421893146
198.36424239941334
198.3642422028679
198.3642422226294
198.36424216804699
198.36424220601475
198.36424217971216
198.36424214225372
198.3642421714685
198.36424221238485
198.36424208814606
198.36424215354236
198.36424220450317
198.36424211820122
198.36424217391323
198.3642421114182
198.36424216875093
198.36424226348208
198.3642420967626
198.36424204103787
198.3642422050507
198.36424218731554
198.36424209353572
198.36424219688524
198.36424207888376
198.36424214076214
198.3642421988552
198.3642420724227
198.364242245254
198.36424210721816
198.36424213142163
198.36424216938758
198.3642420588767
198.3642422251869
198.36424217377862
198.36424215865554
198.36424208095923
198.36424224520306
198.36424209429242
198.36424214076396
198.3642421758741
198.36424212477868
198.36424208055178
198.3642421267068
198.3642421832701
198.36424219720357
198.364242156018
