354.4709186140374
343.2628236703907
290.55428598824676
289.598742516461
286.5112945739038
217.07991805652546
233.33066585198253
308.0263219006447
233.05038507995596
265.92006548846757
272.86883374084164
261.5743681831095
294.7151020418587
262.540367148913
260.6696200676356
252.0310797780494
351.9701623266337
275.78782051996313
251.90673720429095
223.72851509085103
306.5806722911875
240.69382467804462
317.6659985894303
263.6490716158396
259.25200408036653
274.8922018115654
267.3252849726432
251.42178354858243
243.18186783483725
267.18987213240234
288.86996457632813
247.58622973328784
252.90883561387272
227.4532662201873
298.55641136226586
263.3240473620881
242.25040762878598
244.58179625543744
251.83122070184072
249.8764062762366
254.30643461082582
293.3525704007752
259.5151235650992
275.8637662154815
251.63864267277313
250.93215812744893
271.67863311293513
239.18458871578332
251.00898141295875
267.5853608098387
271.7049475474414
256.5012136918813
264.16850418160357
232.500080704629
267.0823717387648
275.0198639306054
349.0069171880241
254.2410786905475
265.638056077898
253.8926138747247
260.7788611860633
404.38749582152195
259.7373036073841
284.71755046331236
330.53110758001276
249.79586355848733
263.4978050131358
267.29791379328526
222.59917834097723
275.1957903570474
228.0397566704196
215.89426741135685
219.6834642845315
267.7313679212821
275.88414628984174
264.7739828617596
288.76025526380545
251.6308460934997
285.928522007227
311.57432024135414
276.90090093204344
304.061768984473
280.38771665997047
285.1943047790701
226.6452992335835
257.9568854004865
225.82685408488032
295.97260902182825
242.38323737911924
310.06571152629476
261.3535439509542
290.9662939210684
273.92552519622404
260.06832495284834
277.833096716633
250.01818741546958
330.24347196267263
263.89659082409344
267.54161147412015
253.94660761396517
289.88514477994977
221.89434357401842
223.68016710969096
265.54510364095404
271.9764405204296
247.59751076752218
306.56122806605345
248.6225304635518
237.05868932632802
229.4739545218763
237.8710035989061
310.896851428799
237.9726894563355
311.19999630655
255.67706890455884
242.31574123063547
235.674164333137
259.10445194585554
231.32232785107408
285.79455750387206
266.51267386857216
244.01659584583103
287.06028288227753
265.22795013036375
309.0322145664468
300.6171028301833
326.5701727732012
326.3474713912583
259.51030471625563
247.66421169935347
226.56852026333218
229.91822972823866
317.2350421841984
213.3750359845435
268.91297250641946
264.2937009021334
245.33312547698733
290.52893134572514
279.3537631999352
224.38864144313266
345.3236014833092
281.47283202367544
254.25472186647676
244.62577959841292
257.95670192997204
278.6883106761161
282.2875586520022
263.6067053845254
264.10800060989277
254.80762938834232
253.4713854692818
312.91554198695667
296.5142148521627
233.6222808182938
227.69033999487147
282.66224952181074
244.47158171938645
273.44664754448604
255.46641978711705
253.3429324071476
271.58088836949173
247.08832372784673
264.27752583509573
283.8015167792764
277.8061570484424
262.4195729960484
276.0143090285492
252.61271393016068
232.31796121089428
264.73849315381085
244.43322825463838
265.21123385406827
250.51868862154515
267.0331603676241
279.9272831445196
309.90215869169333
298.4927400644301
256.94950671170955
254.2601428803173
293.5787350019382
248.44893343676813
302.8093462892357
267.16862113565
260.43567103196983
226.3104642850958
288.5654941161556
271.4571988369862
233.7744418541697
273.28789241814957
243.40902722452302
281.665509879851
258.31901560135157
239.78907186703873
257.9128067115962
232.06069630030834
277.2496313655138
229.88198141973407
266.7161126254723
325.2266095559462
273.06868424930144
290.8295091088148
241.8349894943458
240.59338406419556
254.31361369397928
277.7536681460333
237.4013841181586
253.3117901070509
256.9123546515839
255.96307778193295
269.107648831181
292.8128494813427
309.3119903957122
251.14308530386188
247.957547265396
307.2288256448228
269.1762952153149
218.26469490581076
287.00726648759155
252.69112797799608
249.80838645991753
270.1384574701515
247.20623388625972
294.205830247578
306.7941690803855
256.24644154174894
288.7310154991501
234.9784069058369
266.3552277817289
283.3393677531931
243.6271061912921
262.0117908367829
280.34979104944796
270.46701666748413
281.2337648146786
251.29418036312563
266.63240679659793
265.85404537638533
284.3524920400014
289.0475439132133
290.64724576694425
330.1959206814936
307.3492100969597
274.9294975294979
301.89797012577037
246.16336776343087
286.41333594459866
243.124815832678
227.8581418514368
328.3178517283959
218.26258794069872
259.9269917484489
262.65559050193406
270.68584586262295
271.9390872376389
241.70313773254748
267.67780428603874
262.6578476885479
307.72097367676906
302.73202081899217
209.47639394989528
283.0027609610843
267.0693853482808
276.3197939288075
274.14703131010174
266.61858172861685
249.3162054918066
246.7404509104963
258.7618024234689
276.9557043058594
256.6297612540802
256.64347962956526
249.09388910111738
241.0548553103872
251.63773802247306
255.32607116411964
332.3297177600325
235.08202937846363
270.81642476975685
328.8984479050705
279.1127124866762
270.5291573428258
294.9609644209122
295.1981137149269
305.5537855626899
220.9628956238157
252.30638306804758
302.78176632980467
223.55970633370453
310.2085599087877
340.5095835677057
234.65832183382008
272.4121026502835
287.4535561562079
278.28405418028706
260.72221221968357
255.31554663671704
326.4821611927182
272.6301074707153
230.41818396566669
263.8807052001066
222.5750330684823
205.17471466751886
233.62709852705302
320.3015130384156
264.7869676612172
254.96507079446747
267.32196693842707
247.95481306902366
240.39265229098964
257.41369032577495
253.19912554393522
261.1712938720593
266.1864934194309
234.31769933746546
280.0260020313435
259.08844184628106
236.2400445624953
236.4596611095476
266.7511212976533
295.7060977372894
273.9831847954192
249.4218151942914
265.20170243576285
268.535894910412
274.74745441281993
279.83933998261637
257.19079070458247
262.7123154649016
221.91641724458896
295.0733367491339
268.2762770775007
264.1783669551223
277.68226217223855
237.93141595752968
255.2057157746749
237.48567807133077
224.27438404475106
265.1233150349872
242.99669730452297
262.52543086950027
287.0633286334778
247.75311037972278
313.71492813224904
273.80012985689973
316.23777162632905
250.7647707547003
251.75745018775342
277.78321622237854
243.87990018371784
218.7011886429682
286.4484635221597
246.8239177410578
255.11379118873447
257.1483146032988
226.58123654518567
251.7238428365381
300.73874371779675
250.29916533366486
217.61968971355236
284.9268166341062
225.62537118574255
288.0951332425029
252.5509496906452
256.4196058962116
261.2567775220814
254.79349116244703
237.8430261847243
228.30883475021983
298.0820736417809
246.62417657588958
286.81734848026827
241.8442806001549
220.6355630101025
291.56347156518314
258.54072083137
232.55341567199503
281.0508761979436
311.97397849963454
285.3855712901277
292.34457025231677
212.096271287126
209.36982355274085
290.7605014969158
263.07394699742144
350.93512503552483
252.24284676127718
238.5336498007964
219.76170501086744
296.9918624081329
237.77960768066987
271.60239140740305
266.95273596109473
268.69917167222593
238.26691399716947
364.63498976189294
261.4369401978038
239.7836523873557
244.09454571931565
229.8667720155645
239.14789988855773
311.9877691246511
252.45259770094708
244.2652681117179
257.7205967565387
242.513091528308
240.2770571555884
270.7411929304508
216.2298847175698
285.275526932106
231.06578870526573
298.7149635707174
269.2280574122706
222.83106093331298
288.01497095091327
216.11854303182918
328.88091087569774
235.7884415029257
336.74340528197354
249.46696905395947
285.56381838374364
242.00659000006272
276.41375026163587
218.97461687668692
270.4826472725399
233.43424945401784
251.29986613549409
221.91423660813598
296.7204726389755
261.615675361958
260.80542026419425
287.7401269424445
246.80851407263253
222.13358522224007
327.33251811977243
316.8431464771129
263.4110660356964
273.91389175324
274.13476459067897
341.11438991584873
294.3964593468845
328.1722498295276
364.9651596032636
271.9682284951414
285.0193940614263
280.2647981322225
264.90670112306543
254.39501908431703
248.78011810763564
286.92027475214854
214.92288940181606
232.85877809792873
284.1442495530937
267.1416837073775
263.1188458247343
226.26367308436602
269.5526995865948
254.0957399905892
273.78604016320605
271.73831911821617
215.90231110423338
276.2232629146456
254.06090071513609
270.20831020093465
293.91369240693166
261.53249736019643
299.05738453510276
252.3128555481817
256.02102263430425
249.98574059954262
278.82330123083375
232.87165253909188
278.58526333095506
308.23847392891184
254.71323900799325
268.9747465020191
242.2560317445168
237.29413402976934
258.30012332797924
255.3500192421343
315.94247307730257
287.3134720897506
224.329780160886
244.29840597772272
301.1182407438464
227.9427013021923
225.15161882153188
253.28373471973464
260.87659069315123
261.45442562412063
270.416080601688
278.5180078432604
223.07025307045842
268.83915823437565
234.17935462782043
230.44792015227722
283.7592211807787
237.0656825984479
306.83975189729244
244.10001092069433
242.13616170949535
257.2078478959738
346.275543647178
305.10499997329316
248.94690655820887
269.6114645836642
339.50449572948855
279.5665305540315
260.2613438547123
244.11055336639402
278.11609427511576
274.5839655044547
298.0527692359756
271.3672022241808
274.6205578246154
289.59213104489027
262.8850835277117
244.24020615575137
337.80210304711363
261.63498160257586
222.53835337786586
242.05694813511218
260.188469379209
239.36903432782856
278.91770616409485
259.8527818903676
253.4399192664132
240.0920323858445
247.51271072457894
215.20099778383155
276.27728045760887
257.33601552140317
266.9774231510528
277.3329961320851
264.8608628149086
326.2492885530519
294.30407004858716
298.55630195356207
248.6874176954734
228.01190942130052
263.2344038794399
246.12839222399634
292.12850949226413
305.07022814732045
247.24099501789897
241.25149056341616
265.1465848290245
241.95338217704557
232.92260776701733
281.4730116413848
208.00326814697473
279.88545508575044
265.5913875802944
252.122823124344
232.75887529342435
272.2780622203718
266.63281038281275
327.02663021261105
286.3734388308949
271.0561143793748
264.2263172097737
242.52071258757496
251.13736250350485
263.51864774440764
233.88597295200452
256.7081584141124
259.18373084795894
273.09985312400386
256.74630315144896
235.02931707340758
259.2637135973491
287.37089909648057
290.5751558235497
299.8221622632409
296.97911252308404
305.881152876711
287.1062075328373
298.55761387897655
206.95495093122008
300.188058392494
266.6124093294493
297.4923759555095
252.96328214387177
265.84605545928935
258.9620903712348
261.9691015779099
304.5563515239337
277.8539892384433
278.352723665128
215.24658080542576
271.5931322092947
233.02447279100306
264.72399234198383
247.11675253897556
264.5180768305145
221.26948689037818
250.21267811016878
266.5767006291426
212.66959785867948
251.17204580976977
300.4847230410669
247.78929664945463
231.8538223814685
258.99811006960226
268.91214633209165
250.54855069113546
273.15230572479777
261.9153565939632
249.4248561549175
241.68621274319594
283.5370751353621
293.290562103095
309.94764493161347
288.526154529769
280.0064208221156
301.6703101696621
238.86317104764748
340.40877016287413
269.05392540845787
291.4840831057809
231.74802861505304
346.91319904700504
242.62618484094855
257.90148791263346
296.90617207231116
278.2392989040527
243.51651636086171
238.15181798281264
260.4570195013366
251.24801522211055
255.84576745319646
278.2224299228692
234.60560121861636
249.60460590879666
269.2806239044876
302.52044769516215
266.7028724178963
229.64153966653976
274.4695412645815
224.5786141937133
271.9947590426891
247.4624265965249
300.9874919721333
290.19944261878845
232.06151920501725
211.88317384792026
249.8650789585954
246.65521309690666
284.5169868056837
264.82404089777265
276.1661658138328
237.8796944184287
281.1580333170132
274.193692514149
298.9788092482195
238.20620251400396
311.5682187071943
285.2198204064334
263.23737139228615
369.33970309142023
239.8458757790213
276.72880301455734
338.9369151580322
294.95213949756
266.85042220997275
242.45679008049774
262.66692687376053
301.9744627951295
293.25422082163277
305.2130310610519
239.3279206782754
319.1410430967808
300.98292140170815
266.7490406775614
275.2199326144764
230.03668848983943
246.5775315434148
245.93515700055286
306.77285955267143
319.7317301922594
252.1904590803606
323.48312942762277
278.8138909584959
253.81278330367059
261.764270576532
275.2213933485036
317.04710672589135
223.29503329770523
284.52311546288547
208.73443299194332
251.36789624471567
257.5853177791578
242.38379644948873
280.89067163996515
244.64158247763407
292.90378893964225
251.2887639736291
261.81133553222753
305.5200314899266
277.0214799279347
229.29089120589197
267.51468694696086
299.07239670373383
240.3528137995163
245.421745024767
368.11491063499125
289.0052067702636
253.84714485684526
242.3050953806378
255.04134115634952
223.91496702563018
257.36103778568213
224.42112946187262
287.97773383994354
312.1619918572542
251.99982711928897
239.22700070525752
265.876896542788
339.6559419739642
277.2891504021536
241.29924036873854
295.66796771320514
274.0595424826315
237.019938964193
322.24567197595024
257.04544530421845
266.33148009865545
253.18124718646868
230.58929243095918
255.89465820530313
201.03852616861695
319.9334013410844
209.69812328455737
227.33921839061077
291.44604423458804
239.52237409100053
229.73396281790338
241.63425932469545
251.78277522319695
257.4524131695507
285.01017234122264
261.272584475606
248.28302250403794
253.8211023900658
279.35259877194767
250.75822502409574
269.5490320950048
332.5687941630604
334.1868282901996
343.31451234125416
281.0636751338898
245.84822237875778
263.92014101709356
299.93637300268165
274.2776923010533
272.7444881479314
259.0821552048146
227.5555110029527
275.5856960993551
266.01731989206746
272.58873924141517
252.264736726298
213.92158076932537
247.75347064694506
308.1487370701798
268.10839998166193
266.4511366149236
251.2291886867315
236.96234981511952
276.35045699123293
297.9157476782566
239.44142078846926
286.1184100911487
241.76365447888384
238.14231376122916
284.56026294553885
240.278428870457
295.42131190001965
259.68859428403084
366.442603688105
301.60560270925635
262.37731896704645
241.5603157017904
220.1466928558657
262.80395248602144
352.88717493851436
256.42906953781494
227.40743140413542
253.54213579316274
231.26999024202814
210.53588513322757
293.4779444314772
290.8529227019171
384.8951776041358
329.2927921306109
288.265725356061
254.27011452737497
331.5388324166415
252.17200597556075
249.19043086565216
295.09410185497836
236.5837140251242
281.9018115226354
268.75969714450184
267.3358657284116
271.2916708326957
222.44804074018612
357.67939888933324
262.81881642428925
224.74079551341129
247.59106349333888
297.0278532123484
332.65153134972206
286.92515351157635
281.128828463261
238.24139373839716
285.2968084444001
262.78347608289914
278.21947195284883
298.2073589673382
272.83449695800664
266.80662357478286
274.28996274617384
214.6180977069016
229.5367946451297
251.43709598723217
272.82379648892675
262.6395787164802
303.1830814513087
232.75574132686597
226.09340287861414
263.7705367814051
243.89080896656378
238.1179165407375
270.96517810286605
258.4416447689291
231.34648503179778
280.48181630432373
217.71151687661768
236.66580411302857
236.51470398786478
216.87997923605144
266.33191588844056
228.32414794169017
240.79798412669334
272.82967242089217
273.74096784516587
236.88190358431893
262.22355441449326
255.57532620959682
307.82569262743345
229.40628991890117
309.7473534565361
250.16346246248577
273.85614825147786
311.13211929707904
247.02463847381296
319.4872494954034
229.68679712718586
240.19206109808874
295.635574267013
265.63359007248073
245.12012412952026
255.47207686366164
237.47536640323233
207.62351141750696
247.82437269567163
275.1516666148964
253.51119020645274
303.3458454628417
254.0047691356158
228.14087608535192
248.3750200800423
291.4295160762267
305.7449318812869
237.03378897209768
252.28791333767003
340.22695684281643
232.22823022090597
274.5105347598146
308.45644536663895
261.28333478438435
223.9748106165789
227.12303811055608
313.82902807355276
271.703761591838
216.63686683922424
246.77156388788717
261.86914817107026
254.325253717514
242.6404363156762
225.25103976702667
220.03591360448627
255.7100175920932
225.54571814954397
279.64357991100405
242.38429295472451
303.5588304561679
269.05596732115373
267.82280508452095
265.3966486766876
262.318816860643
281.2540154985036
258.5193483940093
260.9231622629741
245.65211754196207
251.12541206230526
305.46749043799355
360.6554029165418
258.88491537075606
253.69972406409215
231.8684313110425
255.10546053844155
240.9654860663286
246.28546935349004
263.1714937041397
230.70638883137144
265.12252558834734
280.8524368201324
253.82622333997278
311.11327508243266
293.65255520361825
260.6576923362445
285.72636450079153
244.5311430376605
263.66656239080476
282.5915583729511
247.13332676308346
255.30349363602
263.870082112262
248.79811672039796
224.0214617153979
226.42246315904777
246.0114499621268
226.0317871994048
234.74850886422792
263.3095370925439
265.09569442807697
219.59670490567805
286.8379257741326
283.32655948225874
268.6613038307405
214.67960955330636
269.62489077664213
235.5223551572126
274.0344938642811
302.06277375586797
280.6973856094992
289.67635797863477
253.1786576808663
226.86069796106312
288.2515362854465
253.00391419092193
226.54200082234456
255.1684624227346
256.41571343908436
262.6145387852739
306.9713285215257
342.39417003199924
303.0946393616614
286.64156959039974
299.91621494013816
297.43119300118997
270.92137087794254
312.4538627061993
275.6341950389324
311.06689321645536
313.58888514715363
234.70887916479842
270.1035524805484
240.6725170983409
241.40582586691016
232.91119823860936
260.22187039643177
264.6818398462783
212.60761518697836
297.5905886605615
213.4468718302378
276.32573795801727
245.83004580781562
312.8851795945375
320.15230749576585
287.02555847450276
360.64275194564834
330.70386724479613
264.3045242331864
246.98834234807873
244.59806286921958
204.11626436572988
269.8617476467625
244.39804393559461
234.87014999915846
243.2689392186585
218.58053075504722
250.35705474106362
268.6335889992188
311.04684635053854
282.49470619572094
240.53421068389434
281.86393787164707
301.2552339376416
318.6694266812992
240.32025301345857
247.79007996612927
323.5421776235453
272.17356100998586
280.84363555238815
271.27870536089176
231.50585638254415
231.82608284970047
255.23597844532924
294.92811579676345
255.09459531481843
333.05422014318174
282.20780643844046
250.44270055089146
270.3783843733836
254.28954578191042
282.9431004297221
268.14808011922287
291.2277738368721
253.1156712617376
257.4816844800953
257.81774836889235
295.4210371352965
262.99467848526547
255.37200429994846
233.30966415972216
230.287909343082
270.24369858944556
218.41378976468695
281.177340348484
244.0582816886017
311.66468621901004
196.97072586097056
334.0586598893278
300.02169206069084
241.62865319970297
340.7716938711819
228.7408854739042
268.8096324474318
257.1279178658733
282.1098028458655
236.54714708699612
226.23287827032618
271.60515920299804
254.73958487337222
265.94597072177567
255.80435370694613
261.63470360514475
268.7701727132662
238.98172209656332
310.71056848869193
230.89151771669276
264.78704131912673
238.49097219324904
244.24471382325282
284.239926549606
240.13903457293054
246.31287510483526
246.5678081997903
249.83593110449146
285.5336824390688
325.0502194785513
295.74357488012174
294.0188387624221
280.61574575159466
248.88575574551942
277.5606386177824
275.42171825870173
280.2898554864805
272.72988705849275
277.1499477181351
276.7730304321158
347.89523203647695
251.19137050030986
289.63097679585917
255.05997540685348
273.1733103293227
232.57536883064313
281.12561092019314
238.6454492326593
237.87891862151446
283.9210343474988
291.68826156895375
249.06576370220864
293.5072609912022
275.30735280859517
284.7198648338672
241.4957099123858
259.2295947948005
246.59059999109013
310.45511148974765
270.237568503886
278.0016445715446
258.60479498218047
255.65191336843418
270.5919309739256
290.6559897135594
229.7629026885843
253.6474090735428
303.86781658552354
260.2025802330463
266.80010606581345
290.84566015040036
264.55127877765335
288.9004702089587
270.95375128509477
357.1672929211054
223.79057409788948
245.9383736073505
292.0066522877314
229.81756160606164
261.1093327051494
226.55762689583935
233.86680006358074
251.7749426116934
233.8450975464075
287.6633795077214
310.40584282850614
255.40567146026297
269.45319322258
288.4217184931622
258.4066773978411
229.09906952735037
307.39085351349786
245.46500226465287
227.6571435194346
253.22671938152052
207.62534571660217
322.86734833958326
305.4346429121215
265.62424370856024
275.45662915176945
233.79674233106198
287.26830065605463
285.7797475817497
294.7698375681066
252.95547577319667
224.8741034945706
242.8090109990444
224.17736995994346
284.4460226125084
305.72120930964593
251.82880861492595
260.136457403074
237.36064630188048
234.13638897327473
267.04536709125387
274.7934847930446
220.84347528900253
260.13564305606997
278.1993854372995
299.74172050197376
230.8897353904904
270.96368999185506
238.8334449387039
253.44837983889738
211.23453648167197
256.44687827082817
269.0438419181155
328.66518647398334
271.43508280813694
268.4782718029455
240.13456202158704
281.1124259168864
291.1446703573456
304.04709978884785
253.93998665205436
248.4636109424755
318.39824004349066
206.23913339874707
283.3859376658802
268.0051984038437
247.8977732337662
279.61134125693934
262.0741886217147
248.54168387933169
232.1452066602651
237.25034071982373
204.89375307812588
213.23048741434468
318.712229233759
303.5208851256175
233.516118432628
225.46507664571982
265.75458073505433
278.9548012134619
261.51233751681866
250.48886864376254
298.39623558463063
257.32524862868013
262.88279655372025
227.23128411360085
272.2131625872571
228.2239211683045
191.32050850463565
234.7985551963793
301.4908072008984
286.3773982821149
275.6410574958427
239.99590379482834
242.8773488124716
276.77193346834974
228.84163315256592
270.4257910234155
247.4122841054923
274.9035051095998
240.58573243557476
250.8970722410013
285.18218417768367
280.6987200797885
207.1697437466937
272.43982699891785
316.6889898648369
226.491366132861
299.7278362342622
270.8349122485961
276.6112565198564
271.19989747478394
236.32327689544763
323.9332551850821
256.8274804892717
281.59312277060235
240.04853638465283
298.1984741760534
275.20069027820136
264.2294319415814
263.79834964539623
253.1046530888416
245.06885059090564
315.2132240063511
221.07574619469233
259.59460525761824
248.5653876264696
321.91812798636965
266.19019473152
273.949000190536
245.42487541108858
290.58834633458173
256.08306995983
209.94503249193076
273.18219007120933
289.2100139433751
257.65359324903693
265.29971266613575
228.03603503853083
243.79085623292485
270.26688749401364
265.42057760758325
237.06044085649773
271.57141591067193
235.75537877262104
201.4201680815895
252.48489141982282
254.52772451692726
212.73826071014628
228.9759114444023
275.61436015792424
251.7710639318102
230.81606436282163
314.30412241088925
335.16714869008865
241.00725214736303
263.66143592767185
269.77220451948233
234.38001505361171
233.71344782895176
235.7364339583437
262.49062554206466
256.25244923337596
281.69825653074076
260.63653208414325
318.69030115241185
250.84533738426398
248.63952024112223
272.8413102684426
221.38828595972154
281.4633790664957
257.4244393631816
298.0025460695615
243.3232656713226
256.3072778064525
249.9751059730188
280.9701410635025
314.02091259357985
282.546141970437
262.4642638374935
237.76602705963887
335.08039668394485
240.00674168544356
250.7687431044178
276.284929099842
260.185906412662
248.35351242212346
260.8376362827257
263.48000790097285
272.24456784001086
273.5796836889349
247.7675694572972
276.767920668819
244.02375054592267
263.75657198682893
217.96245535393246
283.84311970096314
262.9890919692116
275.88468270545127
231.32309802778764
237.32884885539534
218.8363331707078
247.09340721351327
254.47789043426747
241.6108311508433
219.33282490703277
316.1005806528847
236.35342937585665
233.57772763934918
287.3295580482227
231.1385984296212
276.9212293564342
284.8105372901773
257.4558038372197
300.36097920889733
237.27567100559827
247.41386603278806
226.14569945971016
286.55476559203817
221.10612808162114
250.42936880292837
235.37795998289948
262.4525983733474
243.55747950839577
254.34378596703755
285.80061684024986
275.10597842524294
262.92769529286306
264.9436297274078
237.32937393261818
272.6770060401177
287.9610178860021
237.59490708133671
295.3805408589542
257.7944710413576
247.64108237146866
334.1763935146737
265.5430275188992
260.6656834218302
235.95846798812272
293.03438132762676
253.51594181306427
220.7223162779119
244.4978299541981
256.20402764203027
288.13051121972967
334.02031635667663
317.7021310145501
301.53545651450986
268.5139032115694
264.6328787454986
222.31930816965178
303.1379193983157
248.14585961826378
308.86703898833366
320.1656940706889
298.45210338034667
246.23350603342988
213.44365084241144
247.10051268694224
264.2408688501455
252.22742431709776
226.47131327504758
275.06988917751005
247.2516472574789
254.0087223929586
313.0528773643309
242.79417406779248
241.11988099862356
290.5343576622545
261.49251323001226
260.66860247339355
281.9879547614255
251.69267162581673
246.636262649321
232.64258528203936
209.87237209669547
298.30939659726573
263.25855333625805
309.9279481145204
304.8864368989598
254.32485698140226
278.4080718642217
323.09010251367
246.33701132121496
257.97384677053196
251.11969520658022
233.90153122658376
231.15138868056238
292.11725695361383
242.80696652724873
225.4728891714476
279.5334413960227
315.06556295382325
237.99935262382496
228.36119419243187
353.3492843656568
266.7523988564499
235.61796800710727
267.3633283514646
272.4836453329772
239.27408626989927
355.4118658414809
266.3089618445374
325.6468340518768
237.7887391563272
273.4412988856784
242.29898826865247
294.19801122311037
230.18711763137253
267.4025810849853
218.22024415957276
210.07309367111884
279.57071716478094
243.86429881013464
273.1282009637798
250.43568222643808
273.4432862944086
254.15610124060186
276.64687141624745
274.66758828796446
217.64089546422474
231.8766405910137
256.8415894374484
282.1224401591462
287.1397726958967
256.818535022554
210.2982828503009
267.54148377949605
281.3531333752326
258.72761658445233
279.9453354667057
203.0338143078261
262.5080950249685
293.9858162854216
270.6576899777865
301.1629102261504
315.3947718287236
279.29556490894174
241.14766815898474
242.16355712810764
274.47522025433136
290.75094791222364
275.0568223754526
267.848218037223
216.33860331436154
209.81261435180204
258.6126695203711
285.20009311143076
244.5674163705553
285.2694524535327
210.10470519243972
264.24484749353724
323.2893894179724
249.10133645986207
261.2379061523825
288.4149558877107
218.56047358352225
267.3512738365098
247.45463358564302
257.50649697269546
258.9522698277142
240.16587768198224
250.85819273925154
311.92130798852304
251.86620595195564
257.17789702967275
288.6158689369913
250.62986027734587
321.70913123100763
247.4487922907574
216.37894631293602
229.6114956549718
248.3162838149001
313.72977864422137
282.39390261942754
372.8843375899596
235.7083908172208
282.10548557917355
232.0664985132753
258.7196300541982
239.18636995641282
259.7345154811628
247.34207755542593
246.20254513056716
241.53858187579317
259.3288544022362
299.7321978767868
270.99715617572656
281.6971548514557
261.1250953307608
255.24179174221354
227.4305976300384
256.2796341981739
297.94045530067524
283.8218453769805
222.02871330245398
250.80433826969238
245.0062036458403
278.5472529538092
234.7817832674482
253.20230314973742
272.8861544911633
339.5853799644392
334.7153026246815
236.81009827158414
250.4993065626477
266.44628523202846
278.10301959497156
233.65738958853763
233.05683029524516
298.9025012399652
266.5260887184413
271.576859219349
250.5140644055209
298.5829519320396
265.79162534250645
269.61399236303987
266.61771669681184
242.29971952491906
313.4064766939264
319.38225627550855
251.26591435447335
312.53713360859547
213.48959425330395
269.86126861156663
240.2935177042964
224.7137818824849
284.2609422230744
275.69764481583843
264.65005652653053
276.07736677705543
262.1676950874389
221.7380857730168
202.996312321804
256.51492673769826
252.2397554233903
251.243555327761
253.39390315604396
250.35385009873426
238.5643974429113
215.49411740904907
222.21141561697004
264.85168197611347
236.77249146887334
248.00726333505008
299.48814846394816
278.42707018740475
260.17399802204454
251.62106074928306
260.0244422889082
255.73438303463627
263.0863114290987
275.9320686121355
313.20780453144107
210.7895319442614
282.57418293575756
304.91089322027983
262.75368247862207
250.2069372292026
278.56758672511205
252.47592302691191
283.3687147392775
340.6058432821883
277.1574359689839
246.4474277148256
290.3834526029532
258.127090089547
236.73597951501142
201.70400386984693
242.9778962455457
252.94250890100375
288.7017356311553
328.12204538827064
231.4425276843249
288.56608190736733
253.3083348303917
243.5825049893465
227.51427325152326
235.25409016251797
207.6803205157048
280.13001732784323
226.07308546511922
297.2437602452119
280.6910685156472
233.44536343432264
252.61295269208495
258.4627074475866
357.98215092282044
286.1435240143328
241.6272018791642
277.33875125530176
286.9207637212239
254.245227641135
262.16870121698594
244.01167231955333
283.4005443047499
230.47130576352356
254.19498649676098
296.23988692840794
277.33687847474357
271.28108657646226
274.400585682597
267.1550147254602
273.9011704712175
306.20322417421266
220.9925886305864
250.97376275982242
229.13242715079105
263.3845418787678
270.38450246932916
361.8895689944038
265.00749601610005
304.92526065174025
283.8095259097754
216.11899252515286
261.1081180048641
277.1020412403159
269.7926803351729
253.00917650246993
260.78043528605485
264.47732099238783
277.27722653216915
315.23270977352513
232.12663549435092
275.2374105488998
253.56749673897866
248.57478216401068
270.1816318354686
199.58890941151185
259.2341744460864
194.53647936525522
334.166731040983
237.60291625279933
241.3395356881665
242.99572866223752
269.4769791092258
246.2512939653243
274.71147427888354
276.88631302362774
275.93091914243996
245.2210040523787
228.04700827837223
295.1263685801532
301.89617830328643
261.77712618309306
290.13116068247473
215.44147115247324
233.73760357813444
238.7850792342797
252.07357272366062
269.11679324519355
235.56234278564807
269.4905766809243
276.6551130961743
241.77803132217377
301.3565648025251
272.913080934959
271.6247092919075
309.56199620768894
266.73168097407324
239.55605704709888
227.98840183974244
259.0680274150218
243.62778803892434
298.80762382101966
220.81761923752492
223.37102524621878
290.8816482280963
293.9044488876825
275.82412553363247
245.33549283607863
274.65841058886144
237.26417941681575
286.1110745873302
260.9413218732225
275.9492224806454
256.94628609577194
227.9558240355691
259.2973243839224
337.23441267048474
279.03201776888454
295.4234669188154
283.21596521383617
226.84582420962397
252.60893694177503
214.89190885942662
227.39688965381356
240.84206874348456
250.3543408769765
293.1512584154261
264.8243942320696
236.8270732901874
266.2753476765356
251.84431448957184
246.31396617251448
262.60587834654143
284.53394861059496
285.87135777284857
267.86557182087563
231.7328176475712
306.73660843318794
228.7537273610942
246.42589537758613
241.42859192943433
241.5627847975702
246.2860980865662
240.84273378597572
225.27387200162048
255.1520140961511
280.84537668025587
267.72860255202977
266.0000112017733
265.3813182434533
261.6667623652029
237.30156243481906
277.5651276705321
242.1590670082369
246.2353478547302
260.51180719281547
254.5721712728846
216.61877351929434
307.66157450998435
240.65498003578978
276.7686504010926
271.14993055321975
241.93448664597236
245.5576271842001
300.48009946307866
258.91304248181405
234.93597795796813
254.16769747826038
241.42536183283664
278.0451039727195
301.924516206258
288.0103431256721
294.45486962219
275.6263777791755
318.2200006406638
253.73863556829747
235.14210194168845
272.9479643170489
247.57578567194287
234.7254025437287
234.68971639947267
251.33221769542433
241.685454893508
252.50351232726825
255.89114347915165
246.65581415756606
288.1464569912059
270.94102029839996
286.4759865925298
305.50321056798566
267.54907032841584
290.5759643056663
278.99199920892715
260.57263924041763
285.0629460372729
263.77960456802975
261.9143305058824
219.38783964409959
241.63427060912363
287.6891746624606
231.58525307761738
262.2769214112195
271.11419725540327
271.4458079528995
247.04585692944238
292.9240898391581
258.05628681136295
235.9058052591281
242.71756467520026
293.83915974298725
260.3998829148477
253.8849070389988
289.2262966717826
266.9473954283749
284.2292669072049
280.79607649712125
274.2409544783877
288.09290284180315
241.68802041688468
295.2007013685652
279.56570021243533
261.12450810632436
291.0005758134066
270.22309721889906
261.85799289977876
299.6506721743499
285.2578165373998
275.80813272314845
290.17826883867383
235.0293761199573
228.23180791555205
259.6663268743432
315.20112687710207
230.83937132742722
252.88834827463143
313.8311121603474
335.38745940465014
277.2498016995378
265.4154908393393
229.8939231573022
295.1187446351396
263.5636549285846
239.14187345147366
274.7318884388078
302.8899934727815
256.9530321134953
246.2331519582076
262.11974989890587
292.7676547424053
248.51257246319437
221.18462909338996
257.90685643069446
284.2900950217154
239.35579079878516
238.0945991522167
243.96065813914174
278.32646577758715
258.8605745387031
237.46430985996267
277.5815150391427
240.24761250446318
291.18643680005334
265.864399613929
248.58627257595072
244.45452296501026
236.34701616456732
238.74215780355735
279.30846018425655
283.87481388583547
216.17957213992486
249.6963836188661
244.4227324691019
275.07828718359815
314.72655480820686
268.40121290186653
251.19184086140012
267.3631904149661
329.03890911111375
251.27849541109754
252.3790882777539
281.79091334849363
257.6774469912052
239.74999796564225
238.43472935416503
280.9132888300228
271.12753249541856
295.1608890538919
202.48772157769417
258.1612737317337
265.5609553240938
251.78031541622477
280.2644048881484
268.11480242421385
261.47311112761963
259.7959705712856
275.75122534058755
266.6675798268989
252.2733645060216
269.5755651028594
299.9598357420182
241.66432441276265
235.2493596492568
241.07133231585613
281.0288164145313
216.66880187392235
257.1299081334146
268.7795159461093
254.71248262171866
266.92857107234886
336.25379188457737
246.68457373062847
278.94520149187883
245.2642837211024
260.68681931804167
260.96830805012723
234.71505986724515
305.94561803748365
249.26936380955158
208.57993423962034
290.3333970665117
259.47820020467043
262.8857683324022
293.7180245023919
258.2824409878813
284.7160965555813
266.11578676407225
221.1804068402853
251.54659946961328
243.6613277848228
330.94658735685516
285.5224878346198
245.54717016906943
273.49173849320505
233.6943918239558
273.5968811932253
264.76293035049457
263.76920281513594
270.44186542887473
252.5162463724846
271.5924760463531
272.92045125662116
258.4424399595591
337.3918067893246
297.88672201987356
262.0545365072903
259.23624410660705
225.92845569283236
220.48580468259752
276.5184078683378
328.54372621001676
272.6979717494687
227.31796719663544
286.7815311984741
232.9586802138365
235.9708316930337
249.25517077889526
233.009922782192
255.83743271790445
241.8554740246036
274.33510507736355
200.657459353155
272.7753755663871
312.1439015985816
343.46100263955304
253.8740034653456
271.41958897880977
231.05765598919243
283.34910489746835
232.48143567278748
265.8735804783646
297.871078710421
248.9249970439705
263.44632598169846
227.69416814978467
264.4376908436534
301.3304822363425
251.9958328815992
286.6181308121304
354.2117237993516
258.2786272756639
323.38784446619684
242.71456385671627
261.10446063708514
243.35248552222038
248.24643510847818
219.32432856067317
258.60563155676937
279.845075885416
234.18649723217823
288.4201137024211
258.02498695475515
255.9555767092388
265.70207810384454
241.76038154069101
248.10977774573257
307.6431596376351
234.94818581850268
262.4641303992248
225.02325883379672
266.67315008107107
277.70498252427205
230.49982031737454
269.33473797753686
221.68975960853277
240.44118907948723
309.69320598908234
211.21600906626554
241.71444739220897
231.4286883819732
281.5572673549177
254.57325770135503
292.9311238996452
238.33960700815078
274.76572638750076
254.75346169841941
250.2079970758641
295.15602556522936
267.46305486152414
275.46033996448386
268.670142352581
238.34240865136962
191.50892753631342
229.2811345977243
215.9565713374177
243.34235440567136
309.1286199002061
232.89495380211156
249.87097234698012
231.51197108463384
231.38718850025907
288.91378227318637
368.8791907419218
291.85610547626857
249.95172985061072
234.93476692354307
235.02375598589424
237.62087522121146
231.91888080304489
316.224493695423
249.12329416943248
206.67038978345226
262.8311315070605
263.2409017892787
270.7395336506888
316.1679819104029
241.71361359476577
251.83927997620776
274.0396923752269
269.0562298397999
288.0449292398989
287.64068610896356
256.6821065407712
307.7420908113709
242.05649460025597
290.7927444713423
257.3627023299923
235.99597919394728
272.04814760538284
271.1807576093124
261.90061751625035
278.2715531573631
266.81752451346256
287.2580058540916
247.26670129760168
270.85568621754646
278.0018395197112
243.34253140352666
257.36839491548017
253.2414372045314
213.34263144491706
274.2960085576633
211.44233204156626
249.53847663116176
256.3831485743867
302.10899853229057
309.4067578059621
340.99093944975175
250.75111768976785
256.65304414066486
253.5161521231057
223.82495204522274
242.18954706843942
242.56510464835446
241.18537302548066
274.94716043781955
247.02989180514123
230.85601146158297
250.2327785041416
324.4193764834199
267.2739308299497
248.04727261909284
256.6379479006864
278.5198446045397
255.85497550084256
251.35543198976666
252.25773532595485
245.79320381127764
201.5780055313371
256.80554295761976
251.5487176583847
221.6497798570199
268.89620866894256
253.90616843325552
309.9482682828093
262.42558226396795
209.6391011865344
234.9260394880548
279.1857568504056
257.3962320581777
240.65229566697963
318.8672745183576
255.15465178678278
258.60870941658504
241.85217738361098
236.39366168843117
272.8574401100632
289.81605874258094
260.6755128055811
280.88287323236
191.29407079413068
279.01142842893023
208.69286727858707
250.42559416382574
275.94943427154794
222.3431335130008
269.09269773657434
271.23246129241306
237.22871465748176
266.8203885635594
258.98172922304366
273.39384008408524
248.6702732294798
241.0390248389449
252.5800538333133
236.54131404473446
274.61977854545694
258.7423476156546
221.47059638018254
296.82429618085735
248.51903552247677
239.58644667069893
236.76457339094486
275.1217757726554
266.58858748327475
265.23238258389756
302.32209883467294
287.0632587405853
297.01949987653643
294.38256293640006
265.33409117837436
250.5328579399502
238.76965507073328
226.35755035851616
263.74067722819746
271.54485306038987
270.2946780753555
299.9235342720058
244.66724827582948
279.7356144787045
230.88254391157534
260.6016190244118
290.0158579964191
278.78824739460833
285.4313911747886
251.46639145887457
250.24840366689023
265.2337632813724
260.6793160773814
229.5773791882675
270.2420841100393
223.9463077550754
256.69787840149365
311.1183979874477
279.8978502806276
320.74919891392346
283.87553158507217
257.44145654770546
228.90565963031258
293.4725482943468
292.14659452449996
313.1723368341336
335.7942331803497
350.81768721854314
267.68808242550585
288.7103802835336
216.72698121739086
238.58907356928103
285.52104974281974
288.3667836472159
275.4778929715976
224.86652706039604
314.93446907249745
265.6066295616329
266.44081860245205
237.79705183708575
257.7257703342475
268.9112494813744
270.3858084505191
212.97335877711885
280.49492361641023
224.6736198894214
249.22557638667058
227.94106813939288
293.35192889149766
287.6213656195905
284.214878643048
309.55880827619694
270.2967608498875
229.59601817606017
231.32632138615008
353.07671704352833
298.04176676098723
236.18423038348556
260.1556839797413
255.77521021617576
267.47176742949523
347.0893984741997
300.5371128754923
269.58786955976393
283.47873606090434
287.6060182559304
274.48860271426383
249.21512983203866
325.16847698774654
259.62605685950257
296.93020267249085
312.3126091066515
302.3502423122991
341.538471905631
240.1332203327911
277.8819624953903
223.51338516175747
202.65762891422492
313.85223512607627
260.8224956551567
249.75412222347222
240.1071331728017
229.25286330282688
269.7184286157135
228.7014397860039
305.7988712604856
232.99310624354985
347.8608398179058
327.07007350050844
261.181105131167
314.0498069602763
236.5253929712344
203.42172805592418
282.19377630541567
224.849824198056
231.38869068818167
267.96445558965206
295.0530148440739
257.74669105478097
305.95436674100347
251.44426198885776
290.0155192108359
245.11453082971275
312.4291063895216
269.57714075082913
233.48308157199062
246.32783747988287
313.7660105691757
295.5914403038332
287.95814560574945
266.6072738125222
290.8706762919901
227.52117302711122
289.4315948812291
283.5653400842566
276.2918804548681
257.59636773436796
278.9675136336591
265.0609896169044
285.0754781574942
216.15904124209192
244.776509730611
277.0351784498198
258.9187466930598
254.4112914139405
234.37648257543333
236.91321582125966
262.0765059022233
274.91611726069823
222.17115924530663
256.8790062853368
302.4847642162349
300.14393879368436
246.89664626587182
235.4944712256547
281.674814095255
289.6530696355039
270.495215761126
325.1323484609602
249.81727010686882
231.54650073160883
239.877093460178
268.2395287703257
259.64276586147025
307.70996647526044
254.91825678537134
292.71065410913434
233.41284606419504
245.1724958088016
288.5573922776384
239.444690700504
247.63670360017568
226.65878826903645
284.25020285497885
260.289468538831
268.7005335353315
256.51465139258653
241.9637564405566
252.90862621658016
278.5359058555914
223.03803734248504
237.1639621721115
256.15372280497104
270.63163812621497
222.72142822598107
225.08542223880067
258.5197029565461
260.71013995585963
276.22648508194834
306.40652005479205
277.3483769163722
269.7353348127799
222.00522936484776
234.040039443993
269.6836340186419
301.98538643249776
266.1226820864249
256.57017763203476
259.5717171028955
245.12720993126277
285.39498754334636
263.4103485136293
243.71357296651695
256.95024986506905
251.30006145488005
257.0937482317677
262.20476114726625
245.7305705427425
285.2110842016991
268.5121619934216
293.3884093211964
269.4310923173325
242.54066928953398
284.42003508808557
282.41102102492005
216.4618426542729
300.3698247439461
315.9950231150724
261.0653164195828
263.7230409590993
277.7900680907769
261.2530246031238
242.54549307387788
233.6281576527981
303.39337194000836
277.3588833762333
247.62353202339727
271.41247866360936
244.00475724379066
242.07721860613674
298.80126423749607
270.25838602357544
258.67776665475685
280.3372663340997
250.15098767180461
237.88833213050384
327.49550452188123
260.96216165530495
220.27981934626587
217.71779608004726
249.37744015804492
208.09322668076493
259.5297372464556
260.71721236093435
276.01647182775196
235.3001272479305
298.38306914642453
249.86062960221898
255.07304854050744
245.7414295929484
223.49697517754976
255.39823993423488
344.9244906459935
276.4096541268518
270.04236405028496
216.41081632080022
251.72763213072903
270.3591737265233
251.8370076485444
283.1135034656618
267.9247545375256
231.1029678863706
261.974343850743
346.6888071564026
290.3174548060633
255.20017282757908
222.9230571408989
241.26825842331164
254.03282457974274
293.10164833511226
285.0438792096684
289.5108856294537
231.31851337407716
257.0434407540597
286.64880080218427
276.9190572622465
262.0041646588361
270.74136925127823
274.4656170348171
259.8644018865889
266.964682069025
221.35578901984263
230.1125624749111
271.01965839613695
339.96373235597275
351.9180945181288
265.7642329527298
227.97603393660393
248.07296117255464
290.32222146284766
250.71534199255984
266.4277493300615
318.32751948281657
283.2303534480743
215.4882786925882
241.01858052413445
216.84717767545953
214.39572824758943
277.6750971156871
324.4597072835313
252.84761577378958
248.05224187823478
327.09760870982427
245.15261694369838
300.43942316947505
273.4299874335993
236.00674254528712
287.28553022723645
321.49471073935274
329.6305820782436
246.21214380371384
274.9354778912384
297.5266511788359
231.19170176016632
274.9099819852272
224.21660130447708
281.683775143465
234.84003037482034
334.407772097853
262.9646005217219
277.24153761332855
278.08107885252684
320.9576487338636
274.3681090931641
252.6261213599937
278.4860028116964
316.42562462040223
252.63873486360535
309.9781197911361
242.51674629934132
247.61379933310673
244.2203660182422
231.68824773654342
260.9103221803671
245.20233869063668
224.19240957009606
198.44227365078405
262.69259178463835
219.0377738472307
225.30296327290125
255.02584532124456
279.3582924855873
230.73472637834493
311.97802913864143
325.2208435012726
257.198285892955
271.3988128975034
255.21117584535386
311.3390298137674
246.75355156650767
255.18473960401025
259.6381559021538
240.06971589615569
303.78754805773497
239.81296412472147
222.35821090091486
246.69236046110746
313.2809246482793
269.82939894811716
265.2120804564329
243.3889017299516
303.06935158674605
249.12794364150614
237.2596544418484
223.41807145648636
228.46906994341407
294.9340697560692
274.4642743895529
272.68963284022175
342.7262249215273
242.66600895940792
231.31847575493157
248.38636326859705
268.4805671859067
303.34655287023634
318.5186591366073
262.8336001558928
325.5479200062109
226.54541917063762
263.21663258376066
251.3490254438948
254.9622213813709
200.35650091106072
325.1541919047013
208.21493197535165
260.65512466966175
220.12771612766664
333.27815971767996
255.64307905035093
260.304494838696
251.83253254077863
291.46167320909444
248.60790798580274
244.06848396349233
268.259884586907
269.86048599367496
280.4937354438007
339.2487124792533
307.2724959750194
305.7060629372718
272.2320645004511
243.89672253420576
278.9453853723826
246.9681232693838
305.04658829944674
270.63529210712295
266.29026941780467
220.2579509174684
262.3955588382669
279.2548040956026
255.55442142661195
245.31161630235147
296.783099541557
269.65913457085844
290.9214431679575
287.80080148554407
333.66336244682316
351.58307582628913
232.63665886654053
347.76831175235566
282.45516506105196
270.9563888241537
258.6904498297954
231.1493712477386
250.6490485962713
257.4800613555126
295.14754231797997
237.45914898591582
230.90129508334212
295.8191623146413
251.20018909149803
212.66813685826492
276.6268742883112
236.0730617857771
279.3981177537935
273.9847056384897
293.2655970120104
238.17096590891015
259.47300429746974
270.8747015573317
322.41776791925076
269.7619149166858
286.39484807581175
245.9519176343456
252.32726442581043
249.04819685185794
322.62620986346155
285.4516935121501
303.0610998625634
282.6948920398718
259.54928580729757
240.3139067281736
288.3314442093251
240.90512169257272
285.54679151345044
237.3791977595538
255.75189410382882
227.0710365328705
239.09431547264103
221.74751471634954
346.77753342536744
330.06300743843894
227.78490123071242
284.01364689017646
310.8894558196189
277.67497418646235
288.225849475828
273.5664896178059
270.4690782567486
273.15188078419305
237.30941754684318
299.414707117714
282.6966773608001
278.9238480660133
235.5772414590465
271.6816201104084
256.3076850329526
254.91338315210305
250.60633386590052
252.38539457705338
263.0210982087301
263.98781742411666
253.50634479545988
210.05773695046082
234.09564457647502
234.2113823760301
277.06090902828146
282.5170953667257
247.0845244670054
256.9822676057229
306.11172949697357
270.3525802718941
222.86209084407892
259.56308083131444
237.35805912979413
220.13060781965032
232.0190910816891
279.2825614378089
229.96391955786385
357.64875228342135
243.06893077178393
244.31709154252894
286.55799881438725
247.54810868867207
221.4062532900134
217.30293930752669
231.6426687996136
232.92040288681164
234.25830490654334
254.31015012878925
225.15474091807846
279.34484921977855
296.0211288785795
242.39642927097157
249.10462744208053
297.4627942753723
244.99281910678837
226.90547904593404
326.80337282596156
243.45022401562892
210.88725686375983
220.96945163572673
210.54009459959343
292.5229342286475
240.03491196746472
314.79989863839
271.1632579342695
283.3461313585285
279.38662150967866
314.98860820941627
250.4038878211286
256.1632585161133
306.1332637683954
230.06066642922815
292.65787246241234
250.8083886115346
229.1963948996272
307.13070964685176
293.46168223419227
238.67801572394092
258.1780286397552
262.65995420492254
261.9406963470392
231.80070842488203
255.44268187484704
232.07863480993547
281.4605421015294
280.4571647862904
293.64702836307697
283.9973289932823
302.61006866861135
307.4532394397538
292.53308945707977
309.28397065086756
274.4974832921289
267.72252369695343
359.10708922636695
262.1524044906255
246.27641908661462
251.44591673766263
242.23038768942934
292.3683664461132
241.58866805012804
279.530689875246
234.9165379650658
252.97768963011913
262.3487521520583
237.64131993881892
320.83084630640224
243.01579440617934
287.93638738803566
269.4006779168267
257.09346276603173
228.99409991363063
271.3299727763515
258.75577432569116
296.00761711911764
270.3656071302248
266.52497071842663
243.32489981828257
243.93313437583856
250.6050118774874
254.6214835898718
310.3066767893033
268.3189719921211
309.80778723885305
241.53468856192194
205.87422819435596
310.80132154317107
257.0940719783539
258.52743799542077
258.7026165847201
252.5123186444398
283.3637837525457
264.12411085003987
266.092861867859
313.26898720278405
254.71948951378
256.6919596407097
258.32431147096213
265.1622689651558
265.1343459893251
245.66357549733948
259.9261577241123
249.91033535113093
251.37594934704248
316.04156777251046
280.27168467384763
219.5042769148713
234.72689149947837
272.1350955872331
294.31827211764175
254.36414074897766
225.47702258836944
221.68758436269127
252.45633081602864
269.4544224534184
273.07199483842123
206.51130520750303
278.721336171031
300.43470564263407
260.34496369876433
231.57928757590707
326.7316311401082
239.87313074350823
234.95518374815583
304.21799104311503
287.0021704308456
237.9205485053826
265.6495952218538
280.5952024081489
349.14769348455593
252.92563623923343
266.4891881416552
303.2764855559217
271.7226157095283
283.0698507773923
254.14741773612332
279.6328726154752
273.27658017759677
231.27552746783476
264.69092908198945
286.83015305153094
250.8439650334185
277.6465889499523
238.30981834162958
255.58231029193848
214.7378797441488
258.2567361869151
210.76320822606795
250.15341204789001
237.74665028543677
229.66635502676945
240.49788988486398
233.21580578724388
243.48660812759772
268.92815473419614
236.5674876339035
282.89854412025306
262.47809812566265
263.41580689360853
266.0385771879228
277.0072530879406
253.91870982502587
289.25754460017197
248.44881341175642
276.46281160379294
248.52796722471248
227.44761377340183
253.84216611098964
267.91589460591786
258.37282349029556
283.29012599156704
255.78080049529672
285.1729228727054
277.3145654303953
237.6280387470033
247.7759880219819
288.25175138376653
237.89814118633512
291.0277602983406
288.5824436863186
224.93168739171233
249.9310987452045
236.54593835095875
253.91432521305978
259.19407536892686
248.90698812098708
218.1459219432436
266.46286093781237
291.778058579308
231.50718177412637
324.7569928448647
306.75356776092667
234.09604233619757
277.5626298497664
324.56759541935753
235.56885155814234
304.71985154552385
285.2156270338455
259.67755346000195
259.1404730892973
239.6877184266923
230.34072777978145
277.1699864125112
217.3974580068607
344.82934287237003
259.84344796382356
271.63237509853207
234.57954041310586
286.7988132601604
268.45334755897056
318.8222770576831
229.79815450776368
273.4196252916008
236.3286437310744
261.60966504423413
277.75085957325064
299.97932807856705
294.4275331760291
283.7555991393747
305.746515585226
250.50105799199082
289.10924442484975
245.2792084586108
248.90104645560496
322.2453668524977
295.5261147785932
265.91895909956656
240.95520122908056
242.84327489265706
239.6067588828737
255.4901810422307
239.9769518864341
288.05375453690067
251.50907005975023
275.03344716283027
278.34508078568615
246.66882808855735
251.27797703340184
304.88068752153777
282.2342396257445
271.5330833856715
289.58439432200976
272.2763531381497
248.12552752508782
283.69017896277364
266.0624128980562
252.417691050563
263.8932220140705
298.056590462802
218.38213764864486
316.89100839430466
268.4839465643745
280.75282095419243
276.4948358394904
210.06463809288107
267.06014017493
247.9812121845316
226.8324910143856
275.64999347995035
309.4022559331497
224.38236030039843
232.1772198890103
217.01795806130394
247.24792640749365
289.69684910355136
309.4824191558873
300.50530953949783
274.2113106268225
285.6501708225114
239.6267759107286
235.5972490827553
266.54447383305524
252.83756321901456
261.5544016190106
296.15195387171116
229.6781559799565
238.70583918085322
265.96760352735873
243.67506635305472
315.42512614210136
273.0649309010478
242.44625942234416
294.2247656121617
252.66343382699415
237.3306203240063
251.89222317945678
380.1926538635744
241.78977169573773
251.34549080289435
259.818614380667
224.0295939060161
269.93569902528543
241.15652919514105
240.6966309553245
242.4340879501542
294.0383914747508
249.80094659817405
267.30417511204723
194.56002454226837
248.04274001182057
238.72160007210914
273.7991361244349
273.1789951773826
306.29171617294196
265.1301647434011
226.23609206615947
270.2896261900896
286.08761820266955
296.205615937477
342.95796565676574
262.4818449711893
326.51145064877346
266.89416296884883
220.06071930972394
241.46740720502567
244.95808650855906
311.63586630346254
259.69679570698645
235.8467097823741
233.66371844091918
284.8724962029373
277.8711792236427
271.74965318560135
262.03096413763706
292.2431789919501
235.9525488971267
243.6714543752605
236.07243388483766
285.58501312416047
263.1665151764173
276.2937876082724
348.873314698576
264.99304288765416
290.6451336351456
276.69524000328965
220.5177488687914
265.44833133369684
256.7891278404277
250.04763155116234
279.8745445481036
289.7609842274105
232.91102800529916
270.58329203084577
226.21205287857447
275.45282321982086
289.0809590292629
276.8372273457935
271.2404237948358
261.7672675944632
260.89976901281625
283.20451515424065
346.3093743160134
260.4523525717668
264.7548514177324
248.53468661243096
229.83688409917522
293.8590134572005
262.7224039986031
242.24163654993754
241.37077839672565
311.3992458541179
256.4828800407704
320.7095376496436
239.82388467877172
266.22998704144266
300.4666493918048
248.1222943603061
247.2910676121246
243.21133198577445
316.46390832646284
297.97005995421205
245.60494798934087
275.27536127110943
289.2755095906323
252.20644166576676
235.70474013488274
260.1999962242553
298.3061227623839
252.76486317627132
229.72871194814797
309.4411166375503
287.69064606854226
296.99330875463784
310.98046495451126
277.1102285977686
263.8556840698002
251.45716968062334
237.6082239607349
256.559188354644
229.96824651188217
273.9780519607011
252.18950475973543
255.79922381427605
235.9227417402435
237.61810234910809
270.38831309601665
273.40892614331096
263.9660731063923
252.57008508150466
225.51061874558218
264.3568556391401
268.6928779579466
224.49773330637254
309.7199858552776
277.6722849897342
218.90154993953183
226.2891453623306
338.7545542640146
244.70643888216
258.65442607190926
273.93675472354516
263.5352278640494
283.9779741872335
234.60383229516447
263.3883071712917
204.1943152914755
229.9498315162491
301.42372204887215
243.13250704284292
281.4465257852571
273.57660389877856
262.4155298244441
260.72788229747675
264.0000150052365
280.0399993637111
239.50680673576426
324.1548208257882
251.1773529414786
249.27199289109558
259.39241198822856
259.0644852692494
216.5331864580512
278.88584242772777
223.9451710662106
256.34417093894444
248.93541271216236
307.03755973803345
237.187825547182
256.3446422391571
228.60260561690666
270.77553336450364
311.86013320391066
291.80195852019824
222.38150652323384
265.45656047505327
281.1204270848539
283.6310537739191
276.2524278127821
222.5135510172695
204.16457419353537
280.14696819346864
244.40945223160088
231.0733472139109
264.80554993916303
245.04008106025867
294.3597653142642
298.9597552859923
241.77315308561083
225.23741127655376
236.72928527509794
255.40426000067964
227.09535402804613
243.6919723842293
270.78154032176826
246.70965129195247
224.44976597826462
325.0479358745506
249.50257879763376
221.0919846628094
280.982444351539
272.0781034290558
268.11130045878235
312.0062652527122
232.84752437390853
205.44121127575636
224.28100097575225
232.07121943612583
223.60702962405048
236.17248035711236
236.88142358907498
257.28792569378857
256.2896751550725
301.98518257332034
300.8213887552265
253.54313050664496
289.92244315787684
266.01684045710135
253.0229962489102
278.08206757251173
273.78391219314653
255.82851244392805
296.4632507006172
248.60410561354365
238.857881517848
278.5595395384589
258.652543217293
292.0031186947599
251.3181164157577
253.0004790823441
268.9417782149976
303.81310253299307
261.10134199319873
265.1870318969013
253.7878518620273
275.13315728574526
329.2721161680529
279.61260184575804
241.03132059564814
323.29155800968874
281.3763486429816
211.48110286868177
295.1990580908023
215.62314918800257
294.2238432019949
264.99886233801953
245.00878605491016
298.65718541818205
226.1420173860388
279.9782314725453
252.46962442982476
240.2277679211693
242.17792698100675
303.95209620986134
251.5940486411564
279.5857436719816
263.1503488047747
261.22775795997586
266.39917669142596
251.59766366693657
239.82436452875845
212.7109763912158
239.6208181392867
266.67841432010755
303.254455268383
217.43599471717607
264.9909214482177
227.3786770279985
283.1396366166882
218.49524259823374
300.2820054178592
274.421932170284
290.2187890987843
346.4409916327568
277.9086979991989
289.4500377695076
253.09367177658714
259.878553549177
296.04057533456944
303.586690906086
260.49865574867
316.3174926833017
227.54119545500726
224.9472071484197
259.75204292556737
254.31102077441756
275.16007426939905
264.88083550625015
289.2609407173004
259.03998647467233
224.40856227010954
262.91782058391254
224.38574866391718
237.87320628145244
230.02066743641626
292.0960544339614
262.1471367498161
289.16801224986557
250.31512469414156
290.8891324660508
284.87394918676
272.4827429422876
251.6274540835293
234.12720102153253
248.510684340843
264.2398235928267
290.6580972067313
289.01447109517176
240.9453612167854
269.8994603061583
251.3826641336782
323.81834699586034
236.98235131811816
221.79226723336615
266.36198129400145
289.51503670960665
261.4751123317983
237.64015368616674
268.8864229549654
273.6218812582083
285.82618075911887
275.9325538527919
232.6751582887955
264.56865304906387
284.3105959040113
273.8321539363824
254.05549187387805
313.70873360615224
283.12795895070303
292.92029449041
215.89520966028795
249.83453662251122
251.54680893197656
244.5021598507883
303.30213621619623
285.36768039828166
261.25236431800295
232.23922770516947
268.11536758590955
230.67612008971628
246.61466000578366
273.4534397473326
268.7952884034021
275.8375227287179
346.5909887482412
253.068962325342
288.1782668848755
274.8695270245662
304.9699041789863
277.79763271205593
279.0554319645744
214.44693156308495
241.1277064916212
266.9143175323261
296.4526285204338
233.31903636548668
232.89081264531706
293.9267584066838
270.46352031547576
302.2377397045493
288.24238572991453
235.57628241518978
246.9449336262187
307.722906564828
256.984162065899
237.30066189193167
311.4329565457301
322.21014776057564
249.09415339829866
266.56987076986115
267.6389990680618
261.4576327278046
304.94543189927936
234.9496815422317
234.05947622284293
253.12907074426766
367.2025387433823
265.70254159590695
287.0852003945038
282.4336205916479
226.7223305576481
209.60130362818018
289.4507195963524
256.57342623057775
262.5857042033458
238.66841830813792
212.32177343813237
260.8097296190681
295.487443940714
303.02060547005385
317.3695650988957
227.11861301527824
252.97280601831153
280.7481910682982
384.61791993060615
285.7229346232489
295.5390900807688
265.0400966270827
252.04033266403712
257.82078489509877
236.30907669116277
287.61682439467404
250.6400511546526
207.61169313406572
256.9431308520725
238.071551525034
255.2733604713576
289.3428726696875
285.89141256711446
283.74508090375457
282.9702059109695
271.1184914348414
278.29801962780766
260.0851929917699
346.1253421056317
260.3962509694975
225.95060972229112
279.57526062917896
231.55695611936972
231.8828529655002
382.54657045251224
240.07746265642345
265.2013887198409
312.90615678427275
310.21504013368394
270.16273448371794
255.28925369936042
265.81215549935587
238.14636226731818
213.60945905325934
241.92322540760506
221.2794280584203
258.97973525559064
221.3659595247591
217.48794142680708
243.7230229562847
228.84047608543187
232.13398217759095
221.02507524332032
263.02209084504284
240.80298606387805
245.63474141189363
244.8435625146376
260.5549691764172
246.08897321030963
235.25835143472068
245.4042281723814
270.84450615674723
295.0430268694181
259.5297620187048
338.8311559682479
282.0484126119409
300.91588883579243
259.53591349197086
267.41760619939305
215.684183110483
234.09190003550611
205.68451575539075
257.4183528403519
251.91712019685656
294.3374405762879
286.33777829736937
334.9208043096587
284.5384241180727
233.99533110833727
254.15290893486235
276.1046975181671
283.30218805838376
274.7064801126253
247.68951377051417
258.88273207482416
327.95766335120425
207.58443119784351
327.0391051870538
317.4381778378738
286.18663142994046
298.08340946701355
253.04523844085634
280.5551380822435
259.86905204481445
253.445724459365
212.5840733802179
302.50663027889095
259.1811230822932
206.65499199868646
262.302424228983
222.78915200859774
296.5699490485713
261.2820965364808
275.0307214666391
253.1279406020185
259.3334532926092
283.7211924715666
246.14930397539865
277.84552594809793
281.5623879471095
282.07147988514043
259.48289347358514
248.54306912177708
223.97866386221722
246.71486656635534
243.3067091718549
269.2615781419445
314.5851614648709
332.2562546598492
245.03792216756847
223.03332420031074
217.7261411381187
258.6525884111179
273.2481395845534
296.66413011413533
254.55263367993757
322.5718786244979
289.6553771966137
219.06996375590097
292.1193517737556
243.28383876453154
263.6354783299612
270.20255691814236
194.3541909866035
273.00892888219096
265.51875752815977
290.8341265084455
264.4745359363733
262.6223303140141
229.6985232748557
252.74230272427667
266.0175407604547
289.21330485492945
244.41067380597815
302.42284910636954
298.10394376982003
308.74141685687937
229.46482286276296
244.669728171546
285.37713531719055
239.47412979672663
260.07972582196817
244.1989383449545
243.78691500111017
238.9972633868456
336.89594059542287
235.637107236078
236.32671553234104
308.1812261181185
232.2024595597759
270.94929621042684
226.08665030181874
218.30425659229513
245.5438151618
231.6324922213098
205.07692866725847
270.7886249216972
289.36337182985153
354.24733930127695
231.73368208727334
243.65987117867917
263.05184143420774
242.6962441058131
241.11241183732636
236.46232301415876
282.1988004264422
256.28008519578725
262.16116524639074
225.00570372212678
258.2109411318088
232.89017865329515
252.33853322616778
261.7544301733142
257.652375836391
281.8814442406874
270.8502493585693
254.34389884199481
261.2520069752354
198.25534246407915
319.9042866495438
295.9327193677891
220.8390773945721
259.75633419293445
272.2104596797144
268.68555894331075
265.5075223585591
201.66781474591698
245.26420767174568
244.29616750054993
287.75618492951617
245.20297177066095
268.04271329846233
256.2942713961238
202.0594157902524
271.26844517549034
294.18219162651803
244.62774584488943
244.2109841153724
242.5078651936492
241.3308382332325
270.0884586632019
225.8924656265881
260.3249523669947
226.36564982798882
298.3721818579361
231.3199666836299
236.05743522685952
268.45131713245064
266.53975706512574
285.0605423345696
245.945275652688
309.13268754584715
316.3829357557697
270.68542499281466
257.1127202961361
263.18401790456846
260.93469920917414
279.11098357022274
229.15314902330283
263.1740415301174
239.38553955755197
284.79537802468985
266.0420252386248
281.0568966540741
290.7815572475083
269.5954403440701
307.1952661158284
296.4218727737898
336.1567350134719
254.86022166500334
272.95953928213567
345.55763043439947
262.7233390479814
263.9210542147048
279.67160305718426
291.8423099244246
353.8083707167534
327.02268908941187
249.34034637373406
333.3378523266874
239.3428222667426
253.9715634090826
294.57294631469995
239.55431453383062
289.45172580797225
254.15747508837376
203.66005223919638
225.4044110531686
290.2917440746678
281.26123979885597
279.6116202332778
239.31538515689317
233.13542669289745
277.97463778674137
273.75530166307
249.95121854089666
266.2906228903448
268.92973687977064
266.85502012236975
290.61568795889616
276.8827115453314
255.67443313484546
254.08503787883092
233.10551347618457
246.90539579931647
315.48309173597954
250.17439926869702
249.28233169508167
289.5943618302699
254.85062137327623
257.40368600492366
230.1442484217696
222.27233464922756
279.70058698183857
260.692170504597
302.246989613981
291.9250226394506
243.09432050725445
244.8042261620285
313.144599211053
270.2063837007154
243.37034154019784
274.0461614909582
282.95302677643485
274.5319198120851
240.07052533200476
230.72432279016357
257.9979157958878
208.63426022266503
238.66398695961107
243.17322043934837
268.89078152913135
254.5971157461172
242.66257246385794
268.8208598867059
236.46569415030535
264.2785514218267
239.4818076113006
243.29087555070873
307.9979411344975
232.480796698248
270.8012883977499
245.58300944033545
252.2272775915917
245.74645431840327
257.0850147504825
229.57057080243248
226.88998490211088
283.9864343671361
277.1682290182216
252.4964276541723
281.71852215135004
273.9232278603595
314.02631252480205
282.74851475295145
224.83431240380742
234.44099555176217
269.1177011318505
242.38901172671467
240.5510742609622
289.9475780253997
300.49510072835255
290.3823111067759
266.41360114281997
259.35235951503273
315.6781042633811
280.97013287700247
352.5858950263355
231.33675527200103
243.52292696852237
268.8789985945914
256.1336954382714
266.31691890675575
236.03290275472682
259.69453767023515
259.475577330566
265.757704792195
255.86052723426837
309.8405317822471
315.78139156172983
289.5273830994265
248.96380091749597
275.47355053422507
226.5804227682529
263.5246183356503
282.70093833853025
323.3493916186271
243.608491839841
304.5832890338497
285.3870795255061
306.4521345598623
228.0084121384425
258.3214350431226
250.7697830951074
268.8911797077162
283.9574393951334
275.2122483480489
335.7157281442778
289.8894732922781
294.59742308116984
245.61138764058705
257.17078841128387
282.01820198097266
215.75016414397396
302.79729576339014
294.0404498043936
310.9164244576823
268.17016742250416
282.65319199557416
268.88609313906636
331.774150313111
241.03139514895156
259.91757388040423
232.49929443525616
263.24912065209355
288.4590030910913
387.8829520653235
256.7237208558945
270.49649883341044
314.59154228668194
287.46702256426215
243.34756064624526
270.8296084861504
277.9993308453122
324.0564347456675
260.83180562849157
286.8143338280497
266.0608488556463
274.77614068693947
338.7982984345872
243.81216253712773
264.3149193628924
211.56269971537404
257.9263352660928
234.71251836721785
236.13926869852003
264.3943799318513
279.1113208148163
312.840735882055
268.3718205272453
219.02876886085141
248.7310664971592
285.8000878127059
256.40247240068857
261.60974444646854
275.8573388948571
279.7246754014632
252.50030310824513
266.3221472176956
242.23078712751158
267.9992022967199
252.37117101461627
265.97740174492355
256.6437115460867
240.3120339323068
293.21347243944183
254.37836930621415
242.3816802946385
252.95202526496723
272.7748731309548
273.0652995695127
234.61732780421153
247.05938097764738
306.16302347020246
294.4765271911165
242.05665315128863
275.24375049595255
285.96014154108707
271.5347987258574
211.66205286514014
272.23615700379014
234.50750605983194
220.7790905549191
251.59283018263523
256.2925828768639
279.6390895198565
245.95509375841357
301.38216253439896
296.4304406821029
278.3659706914332
217.4829802804161
243.5387219976401
281.362895105849
278.88952867733315
263.70374081644695
236.7289358699927
240.61473939928692
243.25485134508926
259.7942772707902
291.05939732084516
245.62945245404262
224.03767451050226
269.42746948299464
192.96888155292254
245.56182068842463
261.8230476634344
258.87683866813313
245.89481445821002
259.50365633761976
259.2402174330782
269.3026394561166
222.51172727672383
260.43744686665013
332.87210357689764
248.8327414043015
269.1107213301584
262.1980414974969
253.11159389466047
253.6062521818094
261.50822975696065
286.8361934022978
301.8833965449594
246.49439003691077
238.47184735373594
266.38957257114816
231.9808519971557
273.88410030829255
214.5673956547398
260.9548507592408
274.6459354220424
239.19663443532772
244.3282641961705
244.33605997788254
261.0896148229949
269.1904672080418
209.28338836482726
264.4881129579153
