198.64812703204552
198.64959633432227
198.64792436143398
198.64836801890397
198.64860405658237
198.64952564628857
198.64859355415774
198.64942793975933
198.6476747788065
198.64924949263968
198.648167224007
198.64791605664868
198.64837741671727
198.64874069521738
198.6483855688175
198.64867109787247
198.64731593860415
198.64932419686738
198.64821032203508
198.64831028775006
198.64770038380811
198.64935979176153
198.64825526668574
198.6494700258354
198.64764428976196
198.6485728102689
198.6485801669496
198.64732669819023
198.64852757223343
198.64746576368998
198.6480102952719
198.6485226707864
198.64750133512462
198.64792287788623
198.64838768619666
198.64878848836997
198.64938584156334
198.6486045273905
198.64953410481758
198.64853944775314
198.64745861943447
198.64804553179783
198.6477931523732
198.6476324456853
198.64796192808535
198.64768922460644
198.649322033536
198.64818013136028
198.64952490914038
198.6485139867982
198.64954041100827
198.64859017957315
198.64942789541055
198.64768388371158
198.64930790832477
198.64807967938214
198.6481626573095
198.6495889353755
198.64908242809906
198.64951495798232
198.64768490902497
198.64930340608407
198.64810386138197
198.6476009183425
198.6477888759582
198.64762489442728
198.6479319478749
198.64839314441997
198.64869810033997
198.64941776346677
198.64769373623858
198.64934581454145
198.64883679843115
198.64944699496118
