368.85340507787134
361.739613910107
322.39778184520264
334.1333309605466
321.45260488796794
315.8152452355064
299.20364270630535
304.34650349384674
356.58835306818173
273.5142414042821
283.97312971424526
328.14758742206186
331.8609764431494
343.09883244741195
290.495709202326
336.0272994788693
349.2342433012336
275.5686192585499
310.6969365313653
287.65049048071796
308.21269365172975
281.8454833335618
294.11609717763804
254.5204576358592
261.69684655597666
286.0024323925627
305.3391127414561
296.64472798982024
298.2151842045296
281.8018371437993
333.7387075820516
303.91161184029806
354.07723412704945
297.4188330443758
271.9184986007331
310.9878010973134
298.6316874665117
271.1362202686869
296.9382894053779
298.3602387933661
340.71551313685086
302.68493465434767
303.50617976805734
297.8570297553724
286.37238198933846
288.9951387859637
325.291804296432
324.5217405408657
299.6383186043713
362.8363025602139
323.0783794344643
319.7179115097988
279.4319586870388
312.7056108382021
300.24434933374505
312.8131583626673
299.9518853210502
322.215655006632
308.8552749603441
326.4041710995116
351.36761036322787
314.9951657464808
293.4547731397179
298.49637682717366
284.5745149795948
305.72850417451264
266.897060931904
353.18010079727173
372.89697957530734
289.04694749657574
298.68781644133196
321.5044358300547
323.33725787056756
328.3711139110528
292.8783003869794
291.7541186234994
299.535960417732
289.8549965417915
320.8146280819783
290.91681927766695
276.618244161029
292.3794736617274
367.30095630202777
316.31734379781847
326.2837670146255
291.2797537390579
329.73841527174227
337.0353652072481
354.25709877387635
345.09031725030945
326.30346989765894
292.33209994569916
316.00259241654567
312.459367933654
349.98562154272076
325.39412542014543
299.11111027683
275.15430569852833
312.4956862076724
295.87390868719376
307.874524692259
292.57944704575857
324.1639293052758
323.30239264456395
328.7557014420818
370.1079627163126
334.16540264405194
353.9921179130906
310.9346481448083
307.7529311255712
318.0263917318589
291.783401888395
296.9729974914371
341.8023047352035
289.87632365166064
306.90166191248136
333.19777512619476
270.6399035410068
279.7727106171151
360.5752826218959
337.24978540692973
284.2649505162408
321.52574874053244
297.7600507991883
322.7712134175381
314.26455955456913
302.8614395101831
261.8826702260849
307.7137902924296
295.7319766460496
309.41641078518296
325.5467550666799
322.88961837299576
321.8656872609936
298.9455634698679
291.93347666293266
323.14129020881956
316.06231252103316
354.3952629183914
311.7080817591559
315.05657240978326
295.76872933023697
304.6889393531019
363.66677349695965
316.5479189833932
325.3432275216983
320.1334641404246
310.2654088401832
323.5780901612088
313.12048256694834
288.28074830170226
338.4366914033744
352.23676047683693
312.0866279895199
308.9766362657756
292.43815814693517
299.98306913962733
321.8517497264984
302.8823485488392
302.0482943482566
310.3506243352531
333.3237346517926
255.69632026283944
305.9920820269108
313.38573380095477
298.0553692252215
330.8778766334508
337.79179618056514
324.30400318040483
343.8112098204874
292.784847415438
281.55480180541053
340.7530966066988
302.6578694287309
289.89793817020836
281.69180595394573
261.73205782165314
322.50809072593984
331.8259833324264
276.05415491158055
320.2963570319698
274.3695263435293
285.1497612297535
309.02748154159053
340.8388874385273
368.80754104517837
327.48067535390146
311.3075999527864
320.31196599100804
378.3080108318609
329.9549625246218
318.44847406279587
326.6833549423827
306.51372603061463
322.19932814800995
369.42974820580275
315.29707797476294
329.5695238490225
359.6313958086903
284.7552016107875
333.1878993565406
308.41173818551033
295.70037450084055
279.23554363578296
271.7863541868501
296.262605281765
281.87633805768564
298.6558367513717
326.17188652805635
347.4828893436861
298.8167202541954
299.0075489470328
291.39501001934696
291.78841121910955
316.09513537067687
325.291710584017
304.0116745451378
271.4666478729778
360.14657884866756
301.5354021843814
287.6415138208831
258.24599926731025
280.475665921811
328.8968461531913
340.06149096158333
305.724579537462
277.6725534510042
340.57546267625
286.75985395575117
301.6121518880973
263.67351580214745
331.6957987492933
375.2680938899575
380.7948471648706
317.23266932844126
289.97124048402475
310.73648304870585
304.479281365333
277.50581354432506
298.92478456674144
350.2275035013445
307.66217198334925
295.2950632624852
315.664899330106
304.4390308163711
328.6891415710852
293.77648561903334
299.08607478271006
307.7501978004584
304.7513777014974
306.0743331648264
279.86553160373296
318.97908060619375
267.8382424142619
271.95892087966786
321.9827781093336
300.85497859772295
306.1471933151188
300.05905368723325
287.1354591201962
298.74001625110395
333.5196441040025
321.18757346260827
317.20926043004147
273.873727727012
291.96193453924207
289.6765070317779
330.75372551215696
336.03058224091365
362.19331760409113
320.9004901425942
314.3934735782532
293.38344336151204
307.7442430291121
300.9059239872731
334.5398067560309
326.0862331382086
328.404225208782
291.9467363296717
350.85718130948953
352.78660258752643
281.20362016174477
289.26564051372407
309.01963844125567
281.8896554141538
306.33338623873715
309.1335511533398
358.18309832266823
296.01636302866973
264.07981237978674
264.15332123512053
302.5418731436657
312.5536118452437
294.96989506053797
287.7353691595781
308.50733610046154
293.79983000439825
302.03261259099236
302.24598714962485
310.64180303587636
286.8234413708997
304.8183359987888
310.64772631302185
313.3398613399477
311.73554701171815
294.37005320539174
276.8933408511075
300.23168998322217
320.0471624250058
294.41781575280766
322.4785195255099
293.98206450391444
283.94252746023994
275.45085681370983
304.97189841062936
337.5636748633988
324.5162099313602
329.6608285378752
324.7494950569089
264.9595586298092
278.8413834404637
291.64809081902786
304.4697143700614
289.46468826333876
306.9512832654873
324.98824381477607
293.98766554928443
350.93320339928323
338.2720968162612
333.2845549679914
293.3062614124501
291.84424225383555
280.22320821844914
297.7858685354731
313.17091760119365
325.12019723620324
305.95460097992327
379.47506473564135
313.69920545001514
293.6753753484518
295.09879267385986
317.8487040886248
349.61739367683185
314.8884244317305
308.872399423577
311.87653598834004
348.7533988551004
281.89057174365735
305.02418887671956
359.264041372895
284.8449325455149
308.8393620514835
301.57723042821453
322.1043873234303
331.3581811622571
341.8555293445679
279.3359473554592
338.5645474270859
292.0268910919549
290.2628221830091
328.3239860774629
323.1768904243945
327.0387344222836
274.7763980785094
255.22567182678904
315.9150882438407
321.6810631005501
305.37074853800004
312.81227139921975
292.71858040898223
310.2538390642003
314.69196260289755
335.2121691265638
316.80462309144787
352.1939675019821
362.69305924812215
360.9552485746535
333.5393402376212
312.6043683668104
320.2073006020364
291.4616250975523
303.38724231053493
293.2792702790466
271.2961410894204
331.9649605464365
337.2422485340503
325.78225664900674
298.697639376187
307.89000157348346
331.8151165571762
311.10984917357564
299.1625081249658
307.00728079641704
300.092434350634
317.3685343768884
311.77224812467466
281.2979728324135
240.26703088830982
303.2455193950591
319.66930105652136
340.88552739372244
331.67682249595236
295.7770034495479
318.5576420563011
290.2457090544194
302.81170931336237
359.91729209064215
268.24603024979297
289.537808412555
297.9990420076356
292.4381631273136
330.56972391302406
326.89321715310507
300.65096585340507
327.4353845593141
302.56602783811104
309.2392255489831
381.94138391020533
304.53183896574774
310.62006550967635
314.96923741059436
337.83441091714485
332.63092991814483
314.9862391173083
309.31818791362457
288.66486091993283
299.52279261729564
311.1915214358596
294.48907798554865
321.63234385609394
324.1845413807314
306.99428023109795
310.33824576070765
377.29933877501753
313.4436922422901
283.3679751184827
275.76889378909254
291.8981283090252
323.8829150159145
305.2135799130483
322.8164355150366
353.73659998265794
314.07055806185235
297.51643651822815
274.9235223411233
304.0685364784731
301.00194494915195
319.0284444889112
314.98725271521835
299.6442865768622
319.19989100279054
323.45591215897
293.3907984633988
299.3228879417875
330.1421091236407
285.0911675944226
303.7000168109371
299.07731790619437
285.57392952780356
296.33434126514476
340.34481219251757
351.3624775648059
312.4463117365958
296.4498596933554
320.4556223372347
297.02570968391956
287.7214656632859
312.1047479712579
314.13337423992925
327.3939310343121
290.1487150817411
314.5337919390877
273.4437931276625
302.8413194689783
320.19618734010146
326.9554713363468
334.64546249387786
306.124238784716
294.58563495925046
286.1109299141099
362.62608357856516
324.45668404051685
305.356917942001
278.03671700748964
337.56642561851186
312.65127208203194
359.7421190009045
296.00117375608534
335.35817195961135
319.7156068603217
333.195013885299
276.4718411254289
325.13739987442386
312.2491249931045
276.2921417214093
360.1232193050382
305.55451687643654
285.3569792249473
323.26536201374256
315.07873504582676
280.8199445660284
266.4020454415586
291.20855132638826
274.6137751097267
308.1847253564629
345.96537314428133
270.91462811036035
310.4600650969951
275.0997415932361
312.540046889917
322.4829551424191
250.00463406203198
304.36583701189375
281.23183148528915
339.39211338717723
303.0024382021511
308.76055274589453
294.3877393367875
287.10390363811166
296.544912736048
278.29594605090097
308.7387164029351
260.50116279537906
323.2681222995161
300.2129447629268
329.3927881552954
259.87692183905165
354.8157307819347
373.03573133487953
288.73940997826867
336.6808822354651
299.00207182296435
288.20349502991303
315.78956647534505
273.0353989955329
293.92825069843093
264.5004580215027
299.67724591487786
277.6363189854892
293.8198718003987
309.21418999906746
320.39906952224555
297.1859576612769
326.7901578983292
299.11365534114884
300.8057267694385
317.77954256159137
294.7987961428007
304.58816692532855
334.61267040707753
303.3317339689529
303.9253563141101
279.72253457453917
342.041610524524
331.34145918063587
264.5948511607712
347.4048636869702
302.6430284981616
329.9589263703092
299.14809539332055
321.609669305617
287.89275087500573
305.6974108626018
312.51912998899934
309.6496680995042
300.2101127837086
350.9285512736242
381.76651451241923
333.43725541917956
277.6262656914769
311.1546680733445
304.66231302471715
270.0492133839289
297.77530449879123
350.6486017690331
304.15949574366095
346.6638011212053
300.38176020540413
317.9710482339433
289.6102006683359
324.08171123225475
301.7395543337334
305.31181912322063
277.7576866321906
315.462970349472
301.5127941809187
297.1271886791219
295.67606375177274
319.64499060969683
302.10744226994575
307.849932469544
311.32525358418934
322.91709028190235
312.08735903934576
317.28840581301483
283.5803090320842
293.7282714571629
305.99167701468104
339.9202782967768
296.4579515676305
348.28569094475824
317.31789302497054
324.66765707396553
337.1686121963139
343.10722643428016
323.39186810102547
337.2815420925908
331.4201880505425
284.88597349173506
267.74430070095696
292.42684029010707
253.34892635140568
357.09285001675016
309.6638355573232
318.31562816206133
265.1842931898136
336.7852465432079
370.25729420772404
346.41883324141963
328.2468209480867
334.8378246385837
312.3384280326718
290.717680706759
354.04202747138334
315.5167324981012
323.7364921802655
334.43418467152514
316.4700049791136
315.6907885657856
305.71491178072756
299.45688444087864
289.7910017114482
299.7642142579716
294.18691097648116
311.5950226506393
310.12659523668117
299.95052901667077
268.7817143194552
289.5208378795942
279.23771525002667
306.27864691024297
313.46507722404203
314.19365351632587
329.7148622733366
310.1205293442763
321.86944576140377
276.4988602923986
290.4863106617995
327.4002170705062
310.9755092309497
294.13537796988385
304.65369782509515
318.8674939517514
301.6735967559507
281.7983592012897
280.41398018671316
287.37037422775757
282.2618647995987
300.3569137073064
366.6423874137399
334.71385645194096
327.0164121265407
300.0922055785486
316.32044084215886
321.59650600436726
315.4168989159516
291.07098426122684
350.8988859358069
302.2557882775145
300.7989019486413
335.81340556926443
335.6702913318295
327.17659446792095
293.97162376504275
303.45229304602253
294.679526869033
253.05725109769264
288.41847103176406
284.02146188993356
303.6893066254561
262.3752293805301
297.09271191924927
266.782583947439
315.945043640153
288.75518120700144
280.856953925977
268.83538100970327
327.4157056006661
317.9384862979932
285.2605590801686
320.1174158991489
334.0256540016853
324.8049853463308
336.5158202233433
329.0020970434416
326.9611154033337
340.2359826443717
305.25320737381116
355.7311909061391
303.1277537372371
313.1435685501783
308.995346196898
323.66963097979897
300.05954228388146
294.3538850027253
330.2054516892531
329.34487433178583
294.9618341603491
330.1560204230191
340.9958077025949
313.42683283542283
355.7358788890997
343.905047434062
330.83451000397326
308.45216478282236
275.8393967562588
310.2026132030005
307.6154928606993
307.2824971291702
320.3920537828235
324.85523244342767
288.64763614331605
313.293380473071
291.5511583366315
351.5212893281714
337.4229409251129
316.66509669390507
338.0191488137352
367.663636568177
320.3875031984644
326.78093595651444
333.85016255211667
341.2994899562327
316.96595758918556
347.24164943923824
308.19898119810387
336.4798856090347
374.6724956704711
308.29718842706643
317.04017342231236
365.8209947224532
296.5534412653069
329.6511395323614
320.79834179088357
291.76966033203644
284.7972754264192
313.8602080779092
300.2198047096317
333.6831643321202
317.94380147758056
347.7461892553838
324.8648314172751
317.3551252509642
299.76919475311297
287.80920915456954
286.1247910577222
315.76531612934195
292.057851290534
282.14087993014255
313.5041486591799
285.62057106077555
316.7334004108852
315.6608436576207
288.49004148185486
318.3150703385181
290.55819994129706
296.8891968430544
320.663294962229
276.9664449375123
291.2365050178196
311.38855468441034
319.77488860761514
287.8186426330358
306.9963427024777
302.73361128167016
277.04310821788386
310.4094569189183
301.90850053774193
306.98749906077865
297.9906657523825
285.9151333590853
317.1719610771397
305.8519796479959
315.4788225599332
311.95247392362216
333.6305647783738
288.2704628427455
310.8877889397554
316.53471574318246
307.3875641915656
338.4231290339958
313.7976896656328
307.2257674551802
333.6493741267477
309.480249801476
346.72146659350256
309.09342191854375
306.3087540755223
313.5563466528256
304.208553094184
324.4075998591725
336.28777905678726
347.58928974956507
299.40208449034253
304.57644116992014
334.2179048684775
304.0321445030859
287.7173104034737
330.8122533771966
301.33034761669114
324.1280726608529
289.83959701814456
340.14711080805864
316.02220076485537
328.25676912188646
365.1407720623247
311.030863581982
305.2130316817784
260.52569155185483
275.3321511609538
311.14127540795016
279.40413052908843
345.4011886892258
313.19154158447054
291.25476933593745
312.84308087965474
299.20709913031897
328.0106913141499
327.19744267789065
281.6641336095927
276.8273677639954
273.8771152619156
272.148694157484
320.72505919463583
287.85349459270947
323.6810766507697
338.4678186759993
314.9198608347506
372.9734712013451
300.1183753510704
295.7942141783715
299.3009858977166
292.18221630132757
290.0757556417375
319.64238829462556
287.82916604343336
272.6284977316973
299.03654651658144
303.41617258125916
314.15824688994326
326.35752269695513
346.19832460506586
341.755881371093
355.5093350984971
308.6490075493348
313.2443257138948
316.99106561701046
309.91230734827695
290.1619280872401
339.89965722872876
298.93053754104767
304.7934720006306
268.8601446811226
319.55049006361514
283.533270200016
289.9098104548757
336.5220271612052
303.0944497141754
292.38156442984473
329.6753460432519
324.2312882495462
326.9275489682914
312.3310334064299
273.19905853888486
298.1271700595971
297.92165318044135
301.5033696828177
296.14664284460014
288.5713021962438
296.09888289740775
344.69011508882977
309.3409717056202
318.6808807514608
314.2706509102136
325.0924052190967
297.6372948802891
335.35598249238683
291.55997103161644
264.4577306872234
324.80800483643543
303.29575810034294
330.8537353267311
311.27631202421617
326.22467658063397
297.5464227455668
270.9056168773095
330.3780724851531
273.0233013526886
294.69678455835674
309.4189448407269
308.7480778817553
330.6441792277619
301.242123760283
298.8470035532373
354.4110608455376
339.1063239486539
280.2651962940581
272.1908518211567
312.15408092795406
291.00978197844233
297.19082611374324
322.5721682587755
289.4324453190784
349.00507884309627
330.2852131566033
292.9192127637798
298.99769077374367
351.42616043036105
277.9197904812172
306.7771465605474
323.7403975750203
276.1023964275955
277.0446355129825
311.05673261056654
283.86968504462857
336.89297624101164
294.603897948924
333.6431642876705
253.8217172708828
326.28744140511844
354.7346724704257
310.4936163754901
352.4081333653303
346.9114475873648
309.77912629331695
374.29113352665445
323.37965178879676
292.9492295101518
340.73819770640694
389.4395583283622
300.56410822150065
324.20817914285
273.86291163251735
294.91353118390543
327.10811908432515
292.3835813792539
304.4214116432122
317.69864896993386
287.99051107105333
288.3676725390833
307.2006903536385
275.7505728012766
343.0038283774047
304.0536246863776
299.165143991122
335.0745057304739
306.40465308813145
322.2670146424789
293.6967913006665
279.8037060422939
306.26200854446506
300.604674235743
301.7930878258194
333.7707431916497
286.3722383932327
305.537183028413
289.35124648030614
327.36732257757103
266.17031016462715
359.78445448103594
280.71520926314406
326.48101362370653
343.6272389438236
274.8348803759436
295.7537362082512
346.00925688940333
291.82565438584425
303.02809908252675
308.6358081714716
314.562936712231
289.2906460086815
322.9075622825767
317.86708339489996
281.95909194328124
332.53805597522296
304.557338088518
314.00413771084277
315.9402175680734
296.5551235093153
309.33801458071684
302.61216787667945
306.8901088401326
338.9047771517653
283.20978170004673
293.05510419630446
286.6572761327261
317.453857803368
301.93690142332343
282.9181269835681
319.31254556268686
291.5053672499489
329.30114459444303
308.33012903726194
308.51264037092915
319.1032075720723
322.2720183755737
291.4476853660308
313.6780032693059
346.57403697795235
299.52784503018484
321.1804030779167
313.1303462819196
353.1759098789189
331.036670590227
320.0909655657015
327.29345774266403
331.92010148160625
292.3877735147835
304.2664221379673
316.61877916927915
323.37919571448583
373.08313863998046
292.6702752711135
359.5074661760591
345.67684179975186
314.8708864785149
313.2249686830328
325.637502692407
351.94845766207436
281.3534132504137
254.41158142284257
249.04512991430238
298.1235190171865
323.3786004559952
337.04125908442074
298.5817164577311
267.21995726646855
321.9757217069855
277.7657232467318
286.8955233225133
302.51889591111103
380.23221840156475
371.62782851292286
310.59102145954967
309.7313197554904
301.77187072247034
325.59704620792763
291.26960543269524
275.38679538905853
285.02044416836
291.7626458792947
284.21094697143417
300.8686593620223
310.64798164507374
366.79730849381303
275.8267046159599
312.4203003884177
296.3067246184801
332.44534616096644
279.7397146205767
310.46251696767285
261.9149117092602
326.4919089071336
285.99102143390337
352.28216553875245
296.6042018699809
336.6548892756109
280.46053242497146
308.25518897600705
342.4839691198431
293.4143475961755
272.4125253158272
346.3118207064108
298.2595582246431
313.882738784363
321.6643603332341
344.54788564157207
306.426686593506
342.6295335900504
309.3659485965618
305.7269535770174
277.8443190653343
309.1413746486651
262.6576165689621
318.7325538570294
318.0636455292697
277.7993063899921
310.3262812150642
295.3784814447863
306.40530066314386
326.4514709440409
347.4790910232696
313.023023349524
302.97450966370525
312.15346695145126
312.675658157852
277.5093236939865
312.7713283933699
309.91960977506824
315.7828721914557
319.612778602459
286.06390057172393
305.99852671055123
285.70651334687136
322.1496957397321
305.98665206634905
278.7328606181545
316.4765088670538
305.8158977284911
309.00307417992735
349.4924949470442
310.09806034510257
307.7362571664271
306.82968124648323
333.012184589752
312.60952010314213
305.8836685399874
329.99084037105786
342.53157673816895
333.45125315047335
287.46797917730873
310.3768991691759
327.15504391811555
356.347117793106
338.3615478122374
270.387714533892
284.77711294195615
261.85564822063316
303.7536165631027
269.5274585430161
322.0071023994824
296.25924908876186
309.3629050148302
348.90175343857845
369.5268731775577
270.7844555537449
299.580230232561
253.73860863468144
306.6750574076432
307.19703385216417
297.2108545891242
350.5609242154169
327.4137131582247
303.62794409354683
291.71048146742396
297.13745643082075
356.2117427950725
322.34581303579034
278.7508376489859
304.1187882416416
333.4542728146771
299.08365746581694
352.4172715805471
319.17467605060665
329.19519477320137
326.0861140793422
322.9345063564833
305.8520620254567
304.7591853822232
329.13439814333105
358.53592417016625
294.01527389948023
304.0482310363441
345.12786297750426
310.13779572118074
316.4527704581269
286.1997842977289
343.03965999913635
320.81029426067835
376.2736934754066
325.4962651752867
341.05386286985595
296.44756466313265
295.37576598726446
319.4179892264656
302.6197417428484
327.77377647021785
298.68971756164683
351.40201846766286
279.31567957776133
275.49911724746926
328.12238533661
266.6316428782302
292.63725037610857
323.0773428771063
276.24988795712125
271.3309784409357
315.6233594905352
311.1844179875916
301.7579600146273
321.4971991198254
322.7337556471466
275.10250178090064
323.2665240755887
293.3966807833058
286.9921781994635
287.0124018306378
333.6944028546568
330.5616319964174
337.0668005014886
329.7651541051455
304.0738780166139
330.83349028485827
295.87709396507125
261.0829364923993
310.56464157882147
298.8053925522836
287.11144799669273
328.3831245446345
340.5914367981022
331.71557203301927
295.4407980693504
295.69057369750226
325.4054863311467
301.2358574544196
300.57147465331946
305.3646319688414
345.274133664032
310.8049394816626
311.46246793394675
308.46544831979554
308.95610833354294
264.32263987348415
302.56044447480235
365.5004887076793
325.5709319052403
317.8735607745475
320.9748235276202
319.0714290411561
305.324518380512
330.8861975608161
293.5403117024107
310.7844994213083
299.30411676858785
308.17955234926194
344.9419857310131
302.3944575203932
364.11468644149136
252.8134090094827
278.1735788679798
268.20447096333373
275.8336109724478
291.033703532652
310.75076904630987
322.1347417444922
306.43628692184575
303.654976639722
274.01994426513556
306.90226601745235
297.66124481137376
267.59444358793553
322.7756719815079
287.34665762848454
288.74446420528693
275.44743443781044
293.8165330492775
288.64602204965195
290.4538208352751
314.151937107963
328.4473587452667
352.59541294531664
304.88614960009
321.19316804455593
326.2817493522307
314.55144002096495
312.87221139279427
331.1457115948433
291.26677564485
328.09893367561745
356.8563637380721
298.6969746343675
291.08065648999764
329.9478595883702
324.1659645172185
306.0238803566317
307.5928477093694
293.0674562637578
304.0535932565108
311.80960227083415
347.3307436914765
332.6123860638472
316.88229190482525
321.2221101957257
294.9054893212742
314.7964567457675
332.11792988254456
312.9122941006208
354.997774126532
303.86694427148905
334.1631618765532
325.17346497642575
343.8698911964311
310.9707165613072
292.9715103742783
322.0184141127975
271.7616687184782
311.22280380892335
343.3554474528646
356.9321270574583
309.18783311120933
311.46752575435676
329.6555510900798
262.5392177939648
300.337249354925
281.50924093206413
364.55105097644264
304.53205496736336
258.2717720246874
309.81136509909993
314.00172481295886
350.24114563607145
315.2717493484379
339.7607991612749
290.6666928495397
308.1755194835132
338.4280925090425
293.6108137041447
318.9520525864209
292.5199755678186
346.33045624243096
317.30457567365374
272.1146581150824
333.71730856073555
294.34056820499245
316.7073500418337
337.796783304133
324.1507029364002
299.18427284352947
290.04543970676605
289.4016849126201
332.07874371449
290.2778530125506
295.2429838514654
320.5326163236168
306.7207546250429
285.69565411342774
320.2086533137481
302.8489745610277
358.6275050928234
318.1716184510733
304.4191473352257
319.97989570186473
309.1733645686181
302.21207520680036
300.37374789861497
277.32145042257616
296.5126097270986
313.7513220157125
313.632897591393
272.38713197165634
309.9166154746199
294.5537313691457
353.98598058259813
339.7155974918278
312.5772406127071
293.27293076209025
309.38092949200654
370.9186359036248
349.25652318488574
334.18248048995156
323.6076167424326
268.42756030365126
306.2887463376974
331.6167448067572
280.69172454072395
364.00795197376283
294.8976927586482
296.6614068112103
300.3790031610406
332.936224229401
314.38007951679174
331.2705495893606
298.06932975223754
343.9736973870895
303.13611123745795
298.8522418977809
322.81244477431756
314.6718078412814
366.38128807075555
333.0432185882819
292.6894801122835
309.0461526050931
316.77265088126296
293.93443577719154
283.3741843611351
320.37144781270763
298.29530710709514
306.56501796573866
313.6804208236281
332.05756190844113
281.3754039661726
299.10552756354446
317.103080819943
282.32758507109247
309.8619356871932
323.1851055782754
297.8580693884869
275.9233002718538
330.77427596074995
306.96712447848404
303.7214571944787
303.57195218699053
308.9077654859866
379.53930685832165
323.0892019702587
315.49226115475176
301.06617596250726
285.7097451533773
309.515664365259
335.2109441071516
275.3438096299651
292.3722146929358
297.8199900856707
326.68968386226334
305.2184749717708
306.379323090252
291.8212354227435
349.56182318081846
267.51956189231714
344.19546871242346
329.9958382959594
315.02999672229635
340.61316536879167
298.25304786278866
335.37736112612765
334.68667722068494
304.32437311968533
281.87309969431954
275.03152929537464
309.43713729438605
316.38128780236
328.33043754450046
287.1909022456384
374.46465137193445
337.39819931122474
319.6707410917734
325.6403109647799
307.2942338795983
335.27973131171893
289.2392052995856
315.2819298906252
328.01893876463873
338.5626528394059
285.584585937846
279.4906470828573
296.71090471814387
292.27899564395193
307.34279474103823
332.98323328827973
280.1526329984772
302.22416311042616
331.4733042625012
342.6135894412291
291.65861809509806
324.365745831572
319.0133662993321
314.56909244158305
365.0312950220541
275.6889534688089
284.38519732665736
271.70007187419105
299.70742565981345
314.040497878741
301.80438172863796
322.5819352247054
286.8517330994364
320.2550199950347
306.2872099756496
314.6934536647168
310.53776122193085
295.01850029057823
301.8699963961262
283.77671848027967
301.7158940403024
298.01430645916844
300.48075104365125
321.6073324379977
364.97775789140724
269.65964890579926
294.91857102827635
280.0183520229766
296.6100747389719
360.90134324517567
319.03049814037513
334.2748691336601
305.5664348845021
337.43721976625966
297.159263616486
329.99538379057776
315.10213710041717
266.9024410407874
323.6663330573938
313.974147072935
362.952571886417
307.46789416624233
284.03318352164933
320.7441026587039
346.0552738067927
336.4342976597254
314.39052627416095
337.2049170783139
311.11591197538655
325.35879562579794
324.9142503805924
234.78033131395932
335.457775315037
329.4967102474766
276.70998315839097
263.63872842793353
283.2987244600081
290.45712203747826
291.66541004611645
296.1692682366702
331.70998888497707
339.53213897696696
327.0931202376378
326.79118667630246
306.18714005319634
374.29747649404453
324.43393234023824
344.7140332517447
402.08460236905375
342.6357804258005
346.30828654248035
302.87364449189045
298.39966485468904
314.3355362472357
284.4662890417385
289.2604936341522
278.4968339493498
296.63421941699926
296.02875076484634
307.9491193975555
314.2498752871179
325.6935936741065
295.52427676448133
303.39537989062956
311.5294562696945
310.2030363830854
297.1467864395818
310.9727824536967
347.3362202216522
314.6794598661363
301.46619174454827
308.250770917919
319.1807662259089
325.51014763402054
315.7741293362924
309.8772139979992
336.07984345644945
283.2805663550389
364.6538353334181
360.1830349226948
299.48374220053665
342.95742859423626
274.1774624309619
301.83489659504266
310.2138942266465
314.9074596949504
296.42146624071756
329.21903243730776
344.2593558896333
276.8464589448413
290.8741384127061
324.8233247533208
284.91958938830066
324.3054011250497
291.4920997538138
299.6126941952971
320.1638596356497
310.4018295040005
320.7746014933218
292.12475665833335
302.05592718173284
329.2108924315544
296.34659681183985
306.1991623036447
264.37644555734005
278.3314153479878
287.8429916871246
311.02506675361656
342.5051094685332
300.93524579994846
321.7708663411322
307.36359626532067
335.0721979631926
312.03656314424006
337.70620166283334
295.7983051352785
276.2346045944141
293.74154319119407
285.3805658845813
318.23280903708655
262.98123471828876
321.1465205802233
337.5151599965757
276.16567878826754
298.07465559476987
346.3650056102779
292.2135104309418
298.00844275194686
326.15218572015874
275.99428918916965
283.418118533853
304.27235968090827
330.4757600404555
345.0632665803423
272.05921849928563
336.8735420634621
308.7508668595692
307.0628215209581
302.4903077231138
283.57299934735056
325.7300493932562
317.2096704583382
317.8464743832592
328.6285897917114
314.7305221922579
296.0725762033253
311.1880823895335
314.979416522081
337.608810019854
323.61403501516907
300.0088477093377
348.53957581327995
295.34464053448755
318.58430107694585
278.58926129335305
292.9466490824707
289.0571000723867
264.37886614742456
324.5237989735324
301.26277035824023
297.1161026386544
283.5986753809266
309.9711955325329
316.9112057464663
330.04628428723663
295.8283397668274
373.8180269312579
316.68945837317733
277.099539965624
308.2569397756597
339.3962841834873
335.4704676087131
311.794426772045
350.98570962587837
343.2280532667064
371.8764777883771
322.20303703146055
306.01171448623063
303.27934598654974
334.00736935343593
327.82714331528405
346.86881820182316
295.1447944701649
303.77685998158995
362.68653758370783
316.27645749098156
287.8938995205681
336.73563054041006
315.10160439892206
305.07376188604394
284.9755719413515
304.40543296572287
316.85601195541676
283.89129669149406
294.6753965567332
281.7147408371093
318.0535927966703
274.11557508364785
306.07945488375844
308.3252708152868
301.6073556439369
300.8573557776981
301.01192498381715
279.22747287811944
300.03353208559565
321.33612580189947
318.79461397539126
283.90477011934854
312.5767021238571
338.1924375509261
323.9442495793919
300.60363817506004
261.80082112638047
341.14805297052953
314.5118275639252
290.01453652093187
306.17983214498963
329.6415546241915
318.4338446247857
303.04400869610254
315.25309182854835
304.60934522293974
282.1254723360762
280.8755637621507
294.41829383186996
282.08831358572934
315.31185994506814
316.67377843533177
270.2826606143499
276.45153265830595
287.197353018797
281.51775411271956
300.329067673767
338.4274545881199
315.7656946675852
302.5460302128922
268.8162956923479
305.4143560559023
303.4063337490661
293.524024979095
291.6744878933532
298.73739270085935
335.7944953064434
309.49256895377766
340.5849121140782
310.8642185583012
319.92098430218175
361.3534726072103
321.7002103306586
311.08447731961496
314.1597797855502
305.2220055090729
305.31909586593974
350.1695459103212
310.8925397336716
315.64630482473876
305.1960285680834
338.12810094922315
326.7821835867362
356.4733827400487
309.31561093206983
295.07407672156114
321.11225650063716
288.0793001728598
317.7649310961133
316.2210883121006
319.28503133461345
272.30125816888176
265.5203243108699
295.0128217715537
319.2488478460582
293.2157509083627
367.97217058273964
329.19884248962626
325.7137840609066
320.21862291696016
311.5845137956785
330.68649064796045
305.30745258333627
369.41222062532324
313.8195404657163
291.8856801041402
296.67097346589435
307.0262607631739
293.98479456908535
293.39807332027704
309.262492462527
304.7750098560937
307.3509677199181
390.0139098886866
334.1831430029124
324.478730169707
309.4266874549212
299.5951744747581
328.98406433453783
293.1481810096884
314.14527790586
292.49450421892107
304.68229169759434
301.37287102639675
307.21801112929825
307.2984728163574
338.60499451635405
289.3117426552344
279.5134359849617
323.96148384467233
298.6160715642618
313.85200537985656
266.5974701329833
337.97544262662996
296.96781720314175
294.8329279513564
291.91307648061775
298.4990828690352
306.06806459475774
297.9707337237196
280.3918573083356
308.5027535802219
315.9555512922816
318.6819255237933
306.90121728915256
329.4820870301919
330.7777930824086
366.59107788745314
302.61606023076456
321.97094983956777
325.4176914994605
307.13841519970447
340.78286253183614
324.22927034273744
322.7849058631109
318.8754747407511
325.8326588720083
339.0028980571078
335.1708802796202
301.11054367234465
332.1621123327641
294.7192681252491
271.4007102891337
298.3636799963424
278.3664948742371
351.7960246624425
315.4371559320716
304.9596828914946
312.60805873724166
338.27809230203275
328.6621068089735
332.51201750303153
324.474555212073
309.7328006334137
368.5193834147649
303.9073175332742
310.2764122480294
298.75152928952593
325.52074246143457
361.93788814207073
313.45689159154426
332.14589962526225
328.67863263876643
256.9380560059799
304.86486816208344
320.74671319837216
351.8618224908132
313.1730185174383
318.25220840156544
269.65923620329704
321.38249387056567
313.5569949091878
325.69260248402134
297.9548486130079
323.96221173089
349.950698206434
303.975957025541
307.03796807827894
351.8803805784555
340.3910069944104
298.89294394047465
314.04363947256934
368.27383833623026
294.97432727273554
337.18692688120063
289.67089905415196
310.83873020729516
258.45826273877174
316.33462629735004
309.2345710613299
332.94571244658437
319.62014875747263
290.71475195651874
280.3301235558465
323.65418309217785
308.0185178266838
329.68652006750926
305.35245865932666
350.98174698476214
298.2088919832604
290.03850847820286
294.4290159471566
290.0998090824578
282.265785722062
303.3416669134749
285.26851069403347
322.6171421217732
282.56224582437426
285.00276210089214
265.492946612183
332.9313024954172
294.16382316942327
293.04729840520304
361.9913546605967
357.12887034367304
342.8575290713925
326.40940515033435
296.9808776890859
312.11186755704693
341.758444767911
337.98403122019954
322.7183518105885
334.2625788054429
321.74251367826946
335.1910536260111
312.62549409188796
320.1610804864904
337.30377524206415
308.19770927296486
336.0160670764744
338.49071806576103
289.824612139957
278.46747049398255
350.3575819231337
327.3764977803221
310.73711793054827
262.11945688084234
266.39292182028294
316.2821328358259
322.7518722936511
314.6035927081248
316.3152929004282
263.1445922671119
320.30957235139795
326.63184099574573
275.894438569434
301.54029542033095
300.63560174847953
289.97397208726034
346.6710845212219
315.51299139484763
304.1024931340944
278.90003466256894
317.571962692542
289.5170863009989
322.9462656429969
325.27340994833503
305.4874449283816
331.56427584635094
325.2699885300826
295.1221189398784
286.03999837546144
308.9560098827351
282.99909371708054
334.94316402904224
307.640943508246
342.8996193371713
285.879780500778
289.2759643577738
355.66031450091396
334.3453176362673
319.98628048063256
309.42742013768293
324.05775133077987
280.19884076318704
317.72182018565945
351.94812310952693
294.45925342617556
342.0267438724404
305.20955994038377
364.6353284881916
298.93758652196266
304.386222971254
309.2295348396292
311.79024198674597
321.25613426521886
342.1066773071652
318.7872304567136
293.0670603190083
322.8501690715784
291.25879045482725
320.8952743798727
281.8589402161306
280.3404548689723
324.9464006203925
329.6822621180909
330.6341348888818
288.7839775782777
300.252849694225
344.5145494324388
359.02340742212255
296.3218854247825
310.97031743079424
328.74554517806973
316.47069024969824
335.8694153057877
306.73787935229484
310.32392737909686
314.8817889232887
299.0371359557612
325.36270338483155
312.7871782393195
285.6212673666887
274.335010949173
321.7212787490571
372.33496665919665
307.8199253400089
321.1744202430127
329.02012742345687
328.40657343750354
283.32978557178285
306.0460968615953
322.72551140422
337.6746493818937
327.5270008244552
300.3755189249059
293.36532938538585
311.69739179022145
336.7135073149111
311.2472663986264
285.6003653143998
306.31516425008886
332.09627210185863
309.50632192438934
270.3941781910835
291.89027768909
365.6685688669095
330.3980495323194
296.6279959784588
320.8540829255944
339.1864868570119
342.1931947779376
304.46259707782883
310.6842212936608
328.0900948413182
321.11742564174347
324.4117448644247
311.97996790963225
317.1404379720334
307.54470615345053
307.57637513638474
267.69082448468544
316.38285088236444
300.8192504006438
280.85116703703534
360.4866190231405
345.54839740355965
358.7994079597993
341.32672531961
364.1854133781744
316.95796261157375
334.83527692058124
295.3377294584643
306.5423782650614
261.2824077567784
308.48330570885446
312.78969738504384
292.61282708356157
321.7051610230701
274.5751915113069
329.65323430940043
343.88201166514773
314.48802720184904
357.40096893312875
351.7154967923416
335.9330135566415
316.0996746716555
300.5082816440845
307.92419200052973
283.8205131960567
290.87468345614616
330.8054434361402
328.8303618966602
304.02534474944696
314.86789546487853
320.7498914488824
283.1650289919926
318.15468514245003
327.7184491449734
325.6216728183208
279.55552007083315
300.8087109767366
280.65454511658754
275.82062978018075
328.65055402112193
305.22922588395886
303.73421806574333
310.30075580987614
281.67895483085886
292.14883815695066
281.4666593391448
291.82445345039014
311.23870340385474
339.9823489865521
283.4476961058099
306.3795209429227
329.26169803529046
347.09399690979626
300.449175322894
346.5421515342314
324.96050149959046
292.98253486922476
325.56396984204184
328.37710518122185
327.81424102396704
295.80956437741406
305.3564111730084
290.5645025734557
292.64507755136583
304.46885204699356
302.31609234854113
320.943301991676
329.8735121303471
364.1973814656958
307.4904461002443
280.3557938254671
327.4036126441788
391.2672152174637
388.16982801584527
344.9071851344779
311.8989633922465
313.61303316242993
279.432901603519
306.2060086413985
304.2757124915952
301.54376575537026
319.6348828864284
319.10273072554264
310.8413900982123
285.855075226631
349.84714055841323
299.0291688586585
306.4945950115798
296.665419723955
309.7991192203481
280.37822677125223
337.7220298241591
307.9266884769313
373.6082340562716
306.5789176587714
286.80699832201935
323.86486495041754
283.45734441722743
309.7907307012938
303.4686256827554
327.91836708714254
289.24168531189207
328.3863343371777
286.6055966677377
295.2468131650239
295.0564806450857
319.67183811822906
317.98971462785266
305.4939525304362
340.65058906644117
326.66226039116737
315.71291770925745
314.37134169216733
330.75208888505585
301.8471158603206
340.67316647211555
281.82410368765704
369.5257305057021
259.4742398932576
332.3973910683999
312.4081819023704
291.5455563196447
272.5618398183724
318.14687682234216
346.05540276586544
292.14113422855735
289.0635185071733
290.97609012038447
325.6251905220561
285.17464056855533
290.9728648053715
311.74366700451355
329.7146807302488
288.147392992978
332.6925050962018
276.0578326260438
288.78772706061136
275.8232040568255
288.4586554566631
371.67122292832937
317.94841085991357
277.05726937483996
332.96987827238627
292.1521629348863
311.30215957807377
329.3914248163346
302.5573745286092
296.850581842009
332.7511301035993
350.8733038564678
294.3981382037746
273.14571392850485
325.18308170267846
286.85337349853944
296.3348834159551
297.82400359248277
308.94845034205355
309.8748331021052
319.08491328696255
293.3166295795236
309.3274898196105
310.56347949884366
300.32484951172955
306.0765447031008
282.7960351667134
289.62954008206725
295.6397364536533
294.33715506619774
304.23893179302104
314.82655990018975
299.72644864057656
304.60451374412514
313.29485878092237
323.67261296813376
323.83726564294193
324.4861198089784
277.5557753115427
288.4833466120763
331.59146439586766
359.198644026299
260.644938990823
314.43829053174704
353.48939051129855
290.20915119047277
307.4847346683964
334.33983978885226
289.3040466979146
293.4362374462653
292.5636817336781
367.3266452832613
301.39149384456687
323.6081597111188
297.8040763711324
319.99419783998746
311.0346060618758
316.59671058750246
309.6865154178813
339.12585195398424
302.7116826438578
284.47330965544097
331.2123011685908
324.73826365789864
345.0753165970091
301.87068880093284
312.82914502813946
324.7026724694297
332.74496292846743
298.0489812401356
321.11659371003043
288.9772756258026
283.1771855056286
310.31790654873475
304.17211176175624
345.6836410694523
303.67169606580865
301.94891062553506
331.8138042986393
294.201478407369
290.2594831950264
323.7307577219326
342.1592606877675
295.4892765528057
294.87252074305434
322.47526959562674
307.8092013626592
281.1998225072166
316.34023889526725
318.97928314842284
355.6553889985662
310.8968043286586
278.3814578866586
305.3480449101189
333.61779146431945
290.1144587257877
296.3048718072241
272.63009363703895
294.8716315642232
299.3815074583981
311.74162784940563
312.5262832468143
356.38245879265014
291.9220648277551
340.03335849253926
325.3141193120973
286.1128120494541
317.9655303680338
333.83978498971555
276.1504477453418
302.7347324024886
323.68582008685917
293.5686097431462
309.5637688181596
311.4815135006793
296.1412083733594
323.7949022219982
270.82351366977673
270.6094076166628
274.81777612352744
360.6115238957573
287.98456654010806
307.2039482278051
322.8677099865163
375.66880847036373
304.9134461225476
316.8860972695984
340.8155632467242
294.11993218795396
288.5936909232987
329.49690722092055
325.6073267365573
333.44062858982943
308.67095687938854
306.31613484292757
301.5632501107175
327.15856613614596
304.54508710675873
315.2491297554225
301.9013730298029
323.0306950263912
288.9072405040497
253.76257991231978
281.51902661437634
312.3982979650609
288.96676353155635
299.0296877891524
316.2774408230325
345.7444493973162
353.4047731317114
302.4753142572008
282.85283481969964
338.8074723202735
311.6517824654002
266.32634524069726
329.61879574600607
330.131013316568
305.69253501691855
328.7514619913418
348.5094792449381
323.7502667584922
292.741418619873
314.22122110193595
302.44400693278294
349.7561667248374
357.28026640671305
296.2635266339639
308.62439855095
289.79386225610506
324.5660832034191
304.641733697732
317.4722332560923
336.91031474398915
308.1767246259842
324.07265595311765
354.09346227615606
310.03285368718207
359.642730141175
302.7842820221558
320.2284904215485
294.6353646683274
277.27822601550724
315.52779000939336
290.13155615562573
310.1960816879291
310.57303643994965
279.8336441646097
317.63163207739126
315.83577112236526
313.8155070914654
326.0549645925639
342.42015408515
314.67706117022317
307.1542839916656
300.55049834994134
260.03003412135877
297.78625604033004
298.90172648534644
291.63628940237686
291.01000323111657
320.6216778821545
295.7803585215006
292.6768244479317
331.3432968456764
297.34849062375724
293.7347581030335
311.4849365572445
288.2587133409688
302.53348634648137
319.2839742623037
317.7567363185808
292.1969085452147
347.19490646768827
364.5302713488927
289.3859557652613
294.94587963283993
298.72249705763534
306.8774380267132
305.6692596593639
326.98547180742025
294.2593948288122
266.3517696723575
320.30100084270816
330.8602548013441
324.48494652844965
300.26819109765347
259.5602338623721
317.26214396429714
315.2905820411397
263.8602702068165
300.02365869644564
307.99031606607605
278.94169794756453
320.5274030199507
266.6279404652305
333.6545780991437
320.0191214622464
280.74362087622285
290.06144842971116
277.1447962343227
277.7891979657579
281.06761687539984
282.1211424458306
376.4289348903112
315.7770070080878
294.08407493762206
314.09668433549814
273.71879015420564
325.03019288019277
286.7888256456936
331.8135300099384
306.9269780514296
329.35864995536394
344.8042998313904
295.14792439725716
305.5368275048677
305.97469803865533
289.0387702755397
317.37495614530053
301.25881319050677
280.08303810923826
323.99406162346713
311.12746279279236
282.4793684257893
257.0572915150551
302.64036699791905
320.2157053705305
322.97428263444453
302.4170725882286
300.2473940902855
336.4782491772203
280.4765158792725
293.0310742337024
268.52312062797137
270.96072592621204
326.7603096839739
302.6411371224094
272.03650635515805
305.6368729681708
272.0645203682361
293.0724729853682
335.68804813805036
301.8076316206716
318.21532503468916
269.03590342449024
288.7054838447366
308.5288562156493
329.17076534894295
331.5536729225423
318.79605175508186
322.97796113509685
309.9190593744861
271.15569214639254
304.70175591111183
292.4738698147703
287.4363253880292
318.68681890761945
276.083030703594
326.80986975168344
297.55920438223984
299.44004501600284
330.26750614051707
300.5801513446495
307.1945652895374
305.4552482656436
305.96632513788063
298.8336909074569
298.43417439667974
269.6107072549639
319.47864753345493
308.9676862764172
299.6039523408981
351.9238649237668
266.7529778110329
278.24458313547075
281.5829424096737
293.60269809735473
351.9906764787156
341.5210175284883
307.0806192805758
318.42675207648426
311.6978757409379
319.8493402430322
292.64644148538355
307.10341639781836
297.0368677043589
270.8713991579134
329.9332848865306
304.4583699454088
344.198358551017
285.70718209352344
292.52730969397817
278.77031978114974
320.22066368733067
283.79242423188407
344.2351890562568
310.50233837706037
314.3147385850316
284.36760837293696
297.4395106425509
342.2141753580654
356.99988005077466
358.58524002996273
324.54482753772754
300.38416298502125
285.8392073814757
290.9779487858759
359.284262688132
342.2180675449781
342.86678700125776
403.59930141828954
322.5419126483612
326.38460265507456
328.3916034079157
295.858616378624
385.5502547324868
317.73485253727995
353.5006718807854
334.0518505949294
302.9282540761633
293.72060863894876
292.6224106892478
294.3986855293624
370.15902245766483
315.3286303188652
350.8314878712408
290.6251656159293
326.23956353776157
295.0182118481025
323.01743088965304
285.7048904984258
292.37047709338367
275.01812024216633
319.62409682862926
269.3953581363894
323.15084469655994
281.95048641681205
299.9479280458763
310.991269043996
291.18824540788773
279.0964624171611
273.0306719262153
293.71726004011
275.2292242901167
335.1865507221082
299.7251699732151
280.7923829223728
303.23657000635285
307.18214800651185
317.5099678244442
368.26906220335513
308.07258596643806
288.8157319665188
314.50945532741025
280.0600640072953
335.4079055238981
309.77042905031703
311.847025255207
287.9590815715492
300.7156849160092
283.5501984989969
292.69187625846826
304.7184909021016
292.968482500175
297.7006668477552
318.1074305056827
330.90359991253354
290.829268071102
305.253055214067
289.1952565277461
285.06545957829803
341.4640586854657
294.30873129621614
288.8653840770712
328.61326755431946
279.30476539058145
342.25006559386384
331.3217750067124
272.3627476199763
289.05607340240385
296.39768746634945
281.4661677799886
292.83834716374986
310.9368222776102
337.96602053404786
327.13394905696623
318.6930843599839
293.2213806263171
325.4802643005969
354.82970727584325
318.2777133376803
320.71396027703304
297.12140425282996
306.77841313229874
296.2792885239469
266.7852183399955
296.9511767195072
310.3237067545997
301.7492418526672
274.6659724357305
332.4441308012465
327.0654609889025
324.95859233743977
364.6579833748983
300.7371784328716
309.6603495515883
274.75560555246193
299.70701732847374
339.23309601284564
310.6149052081164
359.22808363335207
322.90982445003465
300.7999636976747
311.57011883647647
307.9358178770635
277.7648736947449
296.93614108336624
285.6834592347732
322.0755747532239
304.4885835282039
287.40385774639435
302.47809334425256
318.38735090836417
317.5717826419277
294.2606861043023
308.2135481571313
295.7394493902102
301.8164768295828
306.054727450246
307.2913687158143
278.3206111784093
283.41839528270066
285.718514001579
323.9411992474925
299.2745103308698
283.57172322575934
296.73697948048357
286.2302298574941
348.03077760571614
316.92157735454384
347.2766299316427
331.28098335361574
300.41301698063035
314.2238220659783
294.44678794802167
312.3270886761602
304.89184320461936
315.327838102472
333.96481873176526
306.9071093482198
348.2622175309807
275.20777125575114
282.6020682880189
306.510037609376
319.85032629279885
324.2940518669784
261.3114176909439
293.5836032166844
303.64133476500865
314.35274413076695
307.7355738793267
330.2737646654714
291.8856654711999
287.0545190400444
347.4199348085094
319.1945993200643
288.29483387444634
351.46386342379265
282.06253624975216
298.3458127673948
289.67645994445775
294.19737531477585
290.61215984332375
294.2379468571162
305.1701597814681
322.2649883965496
270.6623129992513
290.23934478114825
315.1656905959826
330.31144609092735
354.6052006838145
336.4157029403141
293.21802155289333
306.18042562308256
285.0338712700177
362.8278524548514
298.59302052890416
324.32818603969645
367.38319122977555
271.2652845229022
314.38184732361697
339.89757508342154
319.0276637492934
308.494777568616
339.2116141807055
282.7584595521912
335.26021176285576
307.9837802918628
297.2399441313464
286.7137584920274
359.43371621961705
343.0302556382958
292.20636814879254
306.8008856343804
329.458736280445
293.60976144182496
314.6033208424924
318.9898569136858
309.5078776794253
302.35720729327295
301.52656490157824
295.00037815771066
295.12160135258455
320.56063567777164
326.70259841450024
333.3948570113862
308.9636509671109
306.8396542116534
320.220009366516
325.4498783274321
302.24788719508797
296.2015044572763
275.40622826095205
286.2258706012508
303.01888633100316
329.58502658829093
302.7576693119481
291.5749688479118
307.11086116731167
301.44771984254476
312.84874377353117
292.04139790602494
290.51430550345685
291.4016850888729
305.08352761738934
290.9197759446688
290.05264425778296
321.5622316839872
252.7560975587694
273.3869472265942
309.92932814045344
305.9561631906545
314.77922313660383
306.39889050624333
275.56455176637974
252.94168372114655
333.40030464867596
315.0345466368599
293.74836231279187
303.2096175150946
276.0840227268636
268.3407960393233
336.5736657464877
320.0385337258922
256.06539204274304
295.9237481907476
313.1527016685577
302.94276568933856
300.3431629318511
298.3940387737239
304.8888394231908
314.1455606664531
318.2002096385695
292.7533609821694
271.21374976739753
290.3563486493658
326.4228427214548
323.35607419908047
333.15653555688914
322.4006103941938
330.1117005927954
339.8660948526813
295.5766950348625
313.96637624967843
330.0955197754083
372.26726671063807
347.4978280083742
302.3700578882126
304.18868490157183
296.62091294140555
323.6956417079782
377.03383966337424
343.2796160962898
285.56282536662184
311.16201822902076
314.88438589766156
300.43434662092477
305.0877665403532
316.3040840985486
304.8463199016405
288.3261235038517
300.8905263034394
301.694096249179
277.47200236003846
356.357680033776
328.9967113782186
267.91770246310625
338.36606558959465
291.3187077702023
302.90980362915434
285.80265230475925
304.68659391766414
278.3977882232284
333.46742918610107
280.8718164501479
300.2189576997189
316.87290153070353
311.66296639526263
316.7115280756261
332.12089531111997
298.5847162172431
314.0952077808324
343.06375174969435
337.96277404541615
298.22968134994153
308.8071604904253
280.1164023975143
289.4565106345108
315.59878711786587
297.26174681878183
289.7316241856897
337.25642241328023
314.45723067002837
323.33510436688084
280.810770931188
330.2727740504779
299.63079103897326
323.5311973124044
328.8703328933334
365.1997263372177
354.596485450631
301.80109895195346
345.81193190347403
327.4873685046332
297.35966965719126
283.0664676090237
321.41611787094735
319.36063502542675
301.43697056442033
305.0545298262732
343.1894448888488
302.3792750898283
309.26834385551047
342.00764087727293
293.1215360732749
322.28371345379855
296.47779595677275
287.0318321202649
280.52996413514484
315.41640219825786
316.189401195501
316.0072304913774
307.88876217382494
282.9859746079892
312.0217097233981
306.0114601376699
339.2848974621156
277.3575666801771
314.25806462566834
345.17611452925485
294.90074569673743
324.73108570068143
301.4168316493742
333.6708743257914
303.72574309667107
315.86753333662637
305.0080517231254
291.826841610251
308.32769634830765
332.08526349812746
340.85201010480523
339.9671853980981
323.7973184566945
361.6684091925854
343.35929526854306
328.2423114820849
301.9724209031556
341.3828173993388
285.60010438167956
315.4488504647743
345.8698302108096
316.0218614237383
278.2421698629623
328.5445765017066
313.7699243185343
297.6973698445363
298.81966927391477
308.072095525451
358.67326465505175
331.1097584764939
292.5741091155214
310.7988786489004
292.84292307915166
337.0778156715678
311.02176853537094
265.65227745857555
286.728874989436
291.621534866048
311.07243453525007
335.2065824314486
318.1778920828365
297.3734778688522
294.15943171735853
339.3905227162177
278.79381440544967
293.6001638461603
336.2660294051748
263.9504674782511
309.66245986463036
292.6438862202922
312.8673235165188
302.5604360285215
277.4254573308863
289.97301359358244
288.7783479299396
283.8945776615292
322.001520923106
321.47213235346135
339.9727788747987
298.64281584112905
284.44614583579823
313.06469175731763
339.4526197622763
305.76899526047055
278.1394650300499
324.5651418970665
331.5585268381983
292.19660745048895
316.1397431339137
301.5594387699384
292.4547246975126
316.5571994265774
304.2874187909765
337.05449890659656
313.7097848486155
309.1183461563196
362.84939071687404
355.42187103559263
353.33932824363
307.59405194420833
364.4556288749445
351.51870770787355
323.0205188229447
290.4953591885278
317.17438177298754
287.6206629257649
339.32251308334526
313.21167958248407
273.7933556402568
279.1349702781299
308.47221371752676
293.30962044745684
294.0280694946414
298.91984501783736
341.25770971516613
381.0559573879
272.8913409895031
304.6132851749426
339.48452098760754
325.54137521772645
339.8162562157959
287.00324057007674
253.01814974157605
304.62941109610256
299.7582622531336
329.1952244716231
283.0373041393468
285.8248846519273
294.55129606008995
305.6255598736461
317.5468144114129
351.46654561767355
347.81782484566793
337.2257155968109
316.78518656350207
318.4849674993893
294.86544372863136
298.2279632692225
295.7534973898437
306.5840064738877
325.92886646289844
328.77193151786923
339.76681611675303
275.49676868203096
331.4911101520993
313.07296031923033
321.7488575084135
358.24530300835613
315.5782722578151
292.92556530504953
314.18643891613465
363.72007389424834
303.4580984399654
309.55842740414664
341.7212123381905
281.00650887191296
283.07795896276366
300.66839086660184
311.9121977168834
299.7642689461354
323.9126834080089
305.53577059786767
310.0059475400485
297.2678108429536
314.56685306108557
313.23568205034826
323.2424613540061
314.6940346567426
279.7388539556414
310.2905366765335
308.11342133546714
312.84388100751676
336.7392965069739
329.8433010119479
312.3897945600329
307.5743598851841
323.53232768154703
322.90414981904905
298.8199753386434
268.63902007206343
289.83856829290744
275.6909626045963
306.2862151627196
344.7201532511972
303.96049407764804
333.18459171790164
274.5138828146737
374.28240569343325
427.6335426971782
271.73187866143417
355.3438565277029
307.5100836807396
372.74785414664075
320.6099945824826
307.7615930385655
319.78830320201814
351.56381958839484
308.1738327635685
301.4967866387451
329.1351580155315
278.61351284454577
297.1976539554307
288.248930198024
305.57449471671134
279.5313432494877
260.20612662134226
294.7242965758778
316.65164778917097
324.83141300827265
395.9125842009671
354.9105425667949
312.6619206384057
279.3654030711623
274.26101388875395
274.65859282342717
331.15824640658684
308.7266456600046
329.7036997086834
299.33400318340864
330.0758878516499
341.22492104244884
292.1458325658459
278.80049796029925
321.1117793060839
307.73156384099275
308.88375582313165
301.0558302941499
310.5506279489491
345.80222241964657
286.1361024000216
290.69360845920164
300.2367594188545
312.5693630396854
315.996504940209
301.72925808641594
320.9544679787941
299.8831620551646
294.4468426449457
310.68347013229504
316.6453948584385
300.9665887001902
282.67113656236324
295.61039506515954
280.04164815996774
294.42221478919964
328.62145569641143
311.5222617116524
304.2377794509521
324.6740790141048
338.73930375184864
312.40028504421934
298.78387947008014
308.93895269196946
300.37590947467834
320.2620973435696
270.63804122805595
273.5247708760435
275.1701515793102
307.54522065096535
293.8744766790187
315.53961330105085
318.9579933742061
324.01723527361173
318.9193819266511
290.31569681409746
313.5772645957768
293.51020831021015
276.64790728338994
263.80797785439063
276.1968208125327
281.31409503286704
332.5116993339034
336.5977971336106
306.61032712250017
335.39994379889686
289.78065794543363
358.2164676527027
365.90467153466307
288.3750506292563
335.0518212636234
291.18787090678234
287.7909114692593
307.87590598885436
292.8728398785461
310.87427764059976
285.3409417368239
299.94422455714084
318.8601836359594
316.09165727416985
288.332892941311
312.34703253989574
322.10288282844704
310.76561247115023
308.6737593028229
307.3744037603028
334.3220593527658
279.1089063506806
377.109201374813
302.7514738580212
324.1483606946422
301.9169830388855
298.7785254487535
312.91552060761023
299.1002982155187
315.2723806024296
343.86247148830444
333.22810631315224
299.4560104839038
265.6234979168512
294.0285749605391
325.97993689985014
294.13390926574357
297.74508471693844
305.4373136750655
342.27609508135356
359.9533021985553
296.5131030996563
311.92862445290666
329.5914379330352
309.6707682594424
320.0583463498624
296.6507915087277
324.3777117119171
367.59889682137873
299.4132455304498
319.43441395973787
329.9125150180189
295.36782965715975
325.5666191908531
294.19220571103506
316.14512753870804
309.7921913305763
291.5112578715198
323.5097476331284
268.91906794777606
324.9731265321607
320.37160671921447
295.069128314266
315.6034681091551
318.9037435280625
285.73194451548625
334.76340006967075
293.10998504958116
315.55287356942426
283.3722947402857
308.32441529328935
308.55546599975787
281.6765596473124
330.6626328546554
314.5869639221346
316.3430512553314
328.9915450899862
285.6902973059332
288.0210023893742
286.0796149575617
355.50717976212036
307.75405071966816
286.4082353608683
357.9416793298442
357.16230486310087
325.1491948980838
334.3787136912579
334.68965608102735
294.9981024690205
340.41786555363797
277.08650802168995
312.53101293428335
323.9224268938415
300.37363362452015
277.04588063282426
270.2863654961111
265.18049240554683
346.5737308267271
317.3008211395936
305.5915683283238
325.7138242047513
