445.77076455862243
446.0023910415475
446.26420518458053
445.84643163287365
446.0943764454978
446.0984106960759
446.07002488683156
446.01412611864725
445.9692121747685
445.95805450255466
445.96649422172595
445.97748863415836
445.9819331719591
445.9799285641784
445.97623696778646
445.97439110562846
445.97469489381
445.975771050802
445.9764425237918
445.9764474057829
445.97613699084104
445.97589968996726
445.9758654923753
445.975950948663
445.97603040970716
445.97605040551935
445.97602945569815
445.9760042142407
445.97599552050815
445.97600014692216
445.9760068018113
445.9760107563816
