200.30522474444206
200.30520405616244
200.3052099902543
200.3052147177932
200.3052186374025
200.3052219664396
200.3052246838215
200.30522691871738
200.30522886817562
200.30523032460133
200.3052316160729
200.30523269534478
200.30523372937932
200.3052345039514
200.30523505627934
200.30523545070082
200.30523601890673
200.3052363345687
200.30523659831488
200.30523686837296
200.3052370384903
200.3052371797603
200.30523727078798
200.3052375491825
200.30523755451213
200.3052376341784
200.305237721901
200.30523775365327
200.30523780437215
200.30523783094577
200.30523792939493
200.30523791006635
200.30523780628937
200.30523789134713
200.3052379328401
200.30523794197688
200.30523794502187
200.3052379044584
200.30523796900889
200.30523801554045
200.3052379061537
200.30523801559866
200.30523798903232
200.30523793988868
200.30523801718846
200.3052379357141
200.30523795565932
200.30523796163288
200.30523794684632
200.30523805037046
200.30523805519442
200.30523797786373
200.30523808988983
200.30523795776207
200.3052380560148
200.30523805589837
200.30523794205874
200.30523801894742
200.30523800243463
200.30523789881772
200.3052380830013
200.30523793678003
200.30523809028455
200.30523795466434
200.30523801019444
200.3052380192239
200.30523810478917
200.30523786996127
200.30523799108414
200.3052380305926
200.30523805123812
200.30523797884962
200.3052379760702
200.30523795119734
