276.6657188090139
276.66689503205
276.6657612506324
276.6659536517709
276.66668380551164
276.66442221336365
276.6670434876487
276.6665873561542
276.66246527587737
276.6666193805331
276.6673176339991
276.66653804528687
276.6663507402445
276.66640999121773
276.66727398975854
276.666940732277
276.66561177747826
276.66439870790236
276.66709573714616
276.66631652163596
276.6674592201125
276.66735100830374
276.666445617906
276.6664970798647
276.66843101393897
276.6662407393633
276.6662113573766
276.6672404588062
276.6631881466601
276.6667522521493
276.66735869128934
276.66637407980306
276.6665025809307
276.6673953168429
276.6660246776173
276.6664724964994
276.6673025031105
276.6670362294899
276.66628512556235
276.666576040634
276.66651453593295
276.66765564446905
276.66844295858755
276.6662646020304
276.6662272990943
276.66725753185165
276.6644994556045
276.66637738388454
276.6664767875591
276.66741332976017
276.6660298611605
276.6664477938102
276.66627655096454
