376.1677414428806
350.6474289897788
236.4337469311514
299.81717737629435
276.6965644328227
280.88480031395943
255.6344364161364
277.0380636963823
278.9897570967046
330.78845357049977
268.8081453446125
278.8433066498742
290.08946873612786
329.4751912328834
263.9151974136348
292.60263478153956
277.3085466708653
249.37653207964377
282.80614212778346
299.33910862994253
264.16069772000264
264.3088607837253
268.57880296228814
257.3843464937863
331.5751534419078
254.16935517684578
271.28876247866356
296.5528402414284
318.04869029404017
303.6668338641066
291.4233743356235
266.5033184130061
256.9020141436158
290.1785732770568
291.4693498017223
251.2254013200254
277.08591678972334
229.07116767915613
268.39867735142616
305.2788972293856
275.6203830898303
295.5638489936082
264.19955790572567
296.3825033193243
267.9861949749138
278.06024272750983
292.89905999285475
332.6816980534695
285.25588369446814
306.63747082453847
312.60824309795316
284.9709880393275
283.7144941588849
258.7123657351767
302.1996321923489
293.87466248888995
261.7301690229215
290.3898166775034
284.07628966333505
264.17543661956734
278.77395381345195
283.9975752518403
298.2246330702146
299.8866976298268
252.6163064056018
253.03462233800747
256.40470666411784
237.22537129405828
291.14090741076143
293.61791498979073
247.22896204655262
274.5364375199315
297.36407716205576
298.3101133752425
271.65772013448805
284.48523612386634
270.9796476760275
256.35228729979644
268.945938880006
275.9328226745747
307.9667889639859
360.0779502950463
302.3591382206396
271.6149102648815
258.5842968069337
303.3079507676666
287.46752361398467
248.1633852718296
282.24538551217483
246.01085355361647
255.89708801769302
277.89799570907417
288.97235219115464
280.6104494031424
285.7499087424476
256.7249546824278
279.54312892718735
248.00873272363606
286.7380539118931
273.07677978161155
307.2747778117482
303.5645477801445
267.4756104178159
247.46148067055037
231.97431170386335
265.82728779940226
300.99901101525757
282.90986980011803
255.1242159164285
272.9116194607341
257.5899454138089
251.51581455196356
259.0005087522113
268.0226600365604
300.23941338529403
244.8913455175134
282.0371182519157
257.87829931799934
286.10165256549953
266.0170312036498
279.4695353378047
277.6440553011489
299.4409553060177
299.43730145901645
283.9261805861461
318.22995279327733
348.0635689650371
301.4962792717997
270.5893299159652
323.8805303509216
246.05065589964943
292.3132199592146
284.0223512059747
280.19806421510293
255.47538668518973
261.78722166615626
238.247470724069
273.3114321719768
294.11683063572855
288.93540463713
278.7136881083643
252.74873023045075
283.8094430547426
270.23417759969743
257.3462779595866
245.61427654451109
283.2384387046768
237.06401164347335
270.1217500609564
271.3058450447861
292.72830014703504
276.1290864384864
268.2298961372944
264.0942389619231
258.9930075075681
265.6854286855305
295.2980561887525
301.2306990944926
291.61173700642394
289.6631117077559
275.2406900178539
290.99150498831295
283.12890659888944
298.3029742172657
282.36534370873414
267.6148400347156
301.5733976171614
326.5739875823783
295.5505138774097
284.28861228149617
242.49164826131164
270.1486907515646
236.2006043243091
258.9889270965723
262.643859105352
266.38052405292547
257.15118509756576
264.55344849807443
312.66658744518645
251.04672975277936
305.3153042034901
290.8829253540607
255.7548925249721
334.72047448054946
283.1530459280111
268.4350028159679
286.3435031275876
340.4019709092172
327.8306928600214
237.78285006371152
295.248474003085
296.86210748269514
289.4129487095197
303.77487288689736
325.47299695602123
262.967773252989
267.4747561149561
220.0705852430183
297.94484835599724
255.37514899674716
278.1661705361621
242.8006569192512
252.2992211583187
251.45529337585322
275.80052758027887
284.90407067776687
278.2694319823495
260.1809960623141
244.8566885386972
288.4417453180504
281.663261579728
291.179625728837
299.08863176457817
268.69642146758997
261.77164620155963
249.91972113008524
239.05080897223525
275.3388109762236
267.78700858361117
277.5344049869309
264.9934305193092
243.62762588262558
257.3584905600874
279.68144111780566
331.12321125324524
255.5934786092912
266.1248837166713
271.2147740876753
260.1595015884159
277.2686174121627
282.22541954008193
267.21336778256955
290.72985358865117
286.83199883075577
276.9573871664106
239.0527316151347
252.13151560729602
294.85881703105406
243.7598466175259
250.6861571448244
263.5230355535314
291.7641473019903
280.1877504023141
282.4623425957252
289.4458312632778
269.7155912034359
308.25196761522966
275.12175342367846
307.8327532601106
297.47448194441677
323.9637967354938
294.7499806667911
278.44280256568163
278.2998235670675
274.15550017116766
271.031323049654
272.71107013276196
264.662388271463
250.52393277335796
269.743511592038
292.1017947304208
267.61422788766504
265.46724735554017
259.7616173215647
243.9910875717178
232.84963121061446
256.558217952057
246.07828339913976
232.5048802081874
313.4857476263569
242.90843585785478
297.98615928165964
271.35656603252573
289.3925728082977
275.26829335950606
273.9065915638348
330.63373229165154
285.06404233571084
251.79321650882775
296.9800641618931
286.02316124860954
277.12417704712425
276.6869399170828
284.5087787638331
256.68864192931505
298.50541864366096
308.4439970422536
276.725096802591
272.9294851048762
306.12854593258817
265.9199946768931
253.55472465444473
288.9714782940864
282.61762011742394
261.3770489673625
288.6262036772532
280.5626737385319
277.4807823482115
274.9701579591492
263.7773100577906
294.55919273829204
299.50689717315254
287.7815070194338
280.64558526908513
218.51558401885268
290.7939094949252
279.02390657116484
309.542362331209
291.04421647776326
257.22610318966326
266.66365129452606
279.3242087937979
254.09028987139754
309.15682104195
263.6399122254952
315.40304961506627
314.00200998842774
263.9376298071875
292.0069718711602
266.1435557697696
266.7919223965582
299.89071031680214
308.46576463841484
308.5198350957653
266.126902366741
253.39278844142973
329.4016650218109
273.52270088746445
259.7790963924199
279.606184131233
234.27132049413922
279.42768842808437
241.22519910863775
279.9247159319493
306.2580119112972
267.31193842968787
310.5206979539653
276.1781098287611
242.8128020366712
298.8827242870757
252.60461125242
277.378849275643
245.52892639271158
277.350635605515
262.9454956516274
342.03572133308626
279.4822619555489
314.9442486256157
284.4382663837605
273.3498294366873
296.14189757435815
297.2606721985212
225.47192470222944
253.881110210903
280.2820031646406
282.15840245664003
224.59471416211454
274.8229519221495
289.67908755021926
283.13457975200436
246.00073816523945
238.67292906511284
284.22705814577057
266.52001528904657
267.7069194362266
281.6056293310976
306.72806421882706
304.28621119225863
235.38835129696236
239.85872573510278
251.135038873108
287.1228484817402
334.9206880892307
257.24929375473585
289.1688320196117
233.24961979147338
296.87554266053485
298.1693085590814
251.8973850334296
264.7076088173053
277.5177020075498
334.4298724368855
284.927889342056
276.9915227324964
279.1376503916399
279.98131253005704
287.4185186326649
262.1792337733641
285.29751137712447
324.77597947994946
272.42533906004974
313.81920867181907
263.75246746213816
292.22175358278037
267.36818135874637
279.61106554396974
300.4269135456416
279.10960325819906
298.4816924984043
244.84763791656587
288.4910492997733
267.9544901281479
277.0446554110531
272.45077304584265
270.9112855185231
282.8870536589384
298.3125596935279
287.2085671535315
253.6598088269384
263.90883077280887
286.77872318927257
262.26280394512287
295.8134972550761
259.57623596886697
307.42725309530215
274.7192647039483
269.64151662844233
250.02587108273292
260.4380953741929
256.0260314176121
299.9065204792132
277.2242621267069
274.2196956929838
234.57670192309888
277.72898772213375
290.46880077404785
258.20550401645596
330.2826694975083
276.4656403643312
261.96975658953306
285.02827674066066
324.6047597693687
302.2601177171164
276.3939653702255
251.23911785513337
230.0821768650494
229.8408330464299
253.80530669598375
259.92426520185836
258.3551750083716
