169.24162904825243
169.2416084821798
169.24159022599997
169.24157397920044
169.24155959275322
169.2415469214684
169.24153548945196
169.24152521675114
169.24151637991417
169.2415086855417
169.24150162561637
169.24149522331481
169.24148987974786
169.24148497590795
169.24148067338592
169.24147691317285
169.24147349664418
169.2414705825795
169.24146781795844
169.241465647905
169.24146361415842
169.24146180439857
169.2414602089084
169.24145878560375
169.24145767261143
169.2414564178307
169.2414554537845
169.2414546959808
169.24145400523594
169.24145332716034
169.24145248439527
169.2414521599585
169.24145163124558
169.24145136099833
169.2414509483333
169.24145063767173
169.24145039212272
169.24145020881224
169.24145005250284
169.241449710511
169.2414496050369
169.2414493205306
169.2414492870721
169.24144920542494
169.2414491058862
169.24144897322913
169.2414489074108
169.24144883998633
169.24144880031236
169.24144860310116
169.24144868718759
169.24144860794877
169.24144851487836
169.24144860936394
169.2414485663703
169.2414486402722
169.2414485233203
169.24144841722045
169.24144837040149
169.2414484209021
169.24144853622965
169.24144833184437
169.24144846150193
169.24144853505277
169.2414483571756
169.24144831389822
169.24144839540713
169.2414484957735
169.2414484284891
169.2414484518049
169.2414483680659
169.24144844782495
169.24144831208105
169.24144835106927
169.24144836081177
169.24144841810994
169.24144829104262
169.24144834049366
169.24144827688724
169.24144829374927
169.24144834531762
169.2414483352586
169.2414484357323
169.24144829424404
169.24144848352444
169.2414482572276
169.24144830947625
169.2414482890781
