163.51844563695158
163.5183942053809
163.51834170124766
163.51829175678722
163.5182476663631
163.51820761860017
163.51817080685942
163.51813776020208
163.5181077893376
163.51808180276203
163.51805838328437
163.5180374926431
163.51801890118531
163.5180025166901
163.5179876065522
163.51797447972058
163.51796286537137
163.5179535369898
163.517944405251
163.5179366055063
163.51792972622025
163.51792338208725
163.5179176732272
163.5179130605011
163.51790871547382
163.51790537342822
163.51790240715127
163.5178995282531
163.51789710827143
163.5178945051739
163.51789278814977
163.5178909098977
163.51788949784532
163.51788859775115
163.51788743966426
163.51788605201364
163.5178855661361
163.5178838288648
163.51788362507978
163.51788288434727
163.51788225412201
163.51788205749472
163.51788167771156
163.51788131545618
163.51788089101137
163.5178805464966
163.51788097290228
163.51788012421275
163.51787993472317
163.51788008566837
163.51787958375644
163.51787928014164
163.51787944791795
163.51787900206
163.5178794669573
163.5178793300911
163.5178789627298
163.51787928840713
163.5178792060251
163.51787890724336
163.51787923700795
163.5178788580506
163.5178792119823
163.51787888261242
163.51787946876357
163.51787941799375
163.5178784599193
163.51787868930842
163.5178791923572
163.51787891959248
163.51787918773334
163.51787857110685
163.5178790877253
163.517878541581
163.51787895068992
163.51787847386368
163.51787818577213
163.51787830902686
163.51787862484343
163.5178786903416
163.51787924231758
163.5178787429104
163.51787818974117
163.51787812678594
163.51787896433962
163.51787843812053
163.51787859783144
163.5178781969371
163.51787849753964
163.51787903521836
163.51787884177247
