202.19794370497584
202.19794465201085
202.1979454305274
202.19794607185304
202.19794658418868
202.19794701664614
202.1979473691008
202.19794765095594
202.19794790161905
202.1979480852142
202.19794825581812
202.19794839221504
202.1979485032898
202.1979485934271
202.19794866422944
202.19794872151124
202.1979487745284
202.1979488136967
202.19794884831936
202.1979488741872
202.19794890227968
202.19794891318088
202.19794892920436
202.19794894519873
202.19794896033636
202.19794896085477
202.197948971203
202.19794897675638
202.19794898657892
202.19794898243163
202.19794899450062
202.19794899038243
202.197949000265
202.19794898744112
202.1979490051108
202.19794900554734
202.19794900188572
202.197949002928
202.19794900731722
202.19794900710986
202.19794900381203
202.19794899675253
202.19794900763372
202.19794900268062
202.19794900667148
202.19794900325542
202.19794900302804
202.19794900768102
202.19794899783665
202.19794901838577
202.19794900594752
202.1979490017966
202.19794899499175
202.1979490049598
202.19794900747547
202.19794899675253
202.1979490112899
202.19794900772467
202.19794900932538
202.19794900141278
202.1979490111371
202.19794900437773
202.1979490045269
202.19794900032866
202.19794900342094
202.19794900670604
202.1979490044796
202.19794900187117
202.19794900009583
202.197949016012
202.1979490100639
202.19794900061243
202.1979489999576
