202.07471844461065
236.26611965383637
201.87695427230153
224.65610699639376
193.90899610340762
243.27021596035843
180.52433151610603
280.34312969106736
245.48665502424728
192.67004728312577
218.88681169797064
279.1124668408288
127.26158741755216
313.1205329762088
142.3434349535114
243.4605681022922
346.981375568927
225.2483647220406
173.73523401781313
194.4239972256255
276.68246266631377
208.90232209625174
258.18645345511595
205.37394209143986
155.4962259446129
183.97140079836663
194.0117534921401
213.65200648094742
224.72003317657254
371.70600363279027
108.02196245649975
350.8526736622307
166.30718721769608
246.87733791415303
175.34757882829945
244.638952252154
174.01259786188712
336.738736613499
99.58380535978358
372.2628127814005
295.0390471840983
241.8492818684863
285.89305310256714
111.01047626540822
281.54256041886765
157.34807562969945
275.8181698736407
172.83760017370332
236.3239694139138
372.8657382029869
151.16782156163026
151.45351040012793
313.09301739995135
183.15934775498863
163.6484897276714
230.23227782467984
239.17616849997103
184.47783496078046
229.3964593358105
159.93865179366367
228.89561532737935
254.730048351219
258.80827412616054
277.2143244400813
207.5045829336941
218.825535011003
219.8892521235175
195.3063593069328
274.4150491183791
136.7384568349753
284.49985057840604
208.29789175956648
210.6816404755882
176.317011541003
216.56033888257298
177.55789553949216
267.6200309612068
223.76633437111013
181.5413957393248
196.80990129702695
292.28683642809483
151.34447037613063
266.52039892077664
228.61407422710909
116.353043687428
304.47596988071746
233.942804774244
254.53190857780646
244.59049115341986
220.17379966469525
257.22513135962436
356.7310152382379
266.1114352405857
233.12203917708757
247.8694142744498
184.57276326437204
291.7335463502859
250.17686906842573
149.88055847381838
194.1028277663936
229.75404956946295
171.36373311896386
231.1246287491267
181.09599836876077
214.05633395936457
251.88665196225338
251.56894057398677
174.3635693377728
339.8870521184981
126.50024673606094
306.5167796736496
129.18974256590081
208.79202895411436
256.04150112686693
223.59207754689123
226.94240787889066
396.3339290023723
166.55644523539013
207.4460068522858
193.66149777479222
276.3698665890188
212.7172883391686
224.83128483255132
127.17711978013904
353.39129764453173
209.44370168180467
262.4716031333337
188.54512753802555
168.99681558634984
254.90613908723753
218.93739977635778
146.9339548054122
250.43467609189975
241.16854147564663
282.50979203105817
105.7141976385974
258.59403667450897
330.224212453104
201.95075056612404
330.80372417227045
327.8164674103573
247.36116345728806
163.69079340017925
218.8868381475986
198.91862536466215
312.2340557693242
204.5943624977881
118.85712101124227
223.15231253995444
198.41951698342746
187.09561974033568
229.04258950344956
209.81776694668952
316.7423914261235
365.258160424979
184.5840793716634
195.58399006648688
255.24392487636214
365.9849844835553
105.76755830676848
254.801389544009
133.96639137792954
269.77269471595355
298.5376139621221
135.18363514036173
262.0937700565846
283.37096205823036
164.130617902847
271.67220342611836
260.0334697029248
336.32626846669154
200.57911599068757
105.86223850681563
255.96966752473236
204.69697839027504
142.25701602093613
272.8262295029417
279.9296673537756
137.08483581662585
195.49243499088334
206.05209049508267
270.13370319337264
200.14057234683423
172.9681984592171
232.20572752833687
265.1015587207512
148.07596851211565
240.09577452079247
230.13471704096446
206.4395297016381
277.7245749789363
198.08509052759473
260.861820504193
185.6953272378887
199.77990333626803
190.84355583123397
156.54829799388244
223.89659630784445
254.36051463254262
238.7492653190493
274.664020940545
258.77586986320966
166.27673560408584
258.43681476300117
293.9618356120409
186.686116840232
195.44838237577642
245.72389463834406
222.29338161349006
271.03874814250594
158.55092818578123
194.0110684908941
194.86630172479636
218.32546583900694
213.87134875779157
285.6316281969921
197.47562881670456
204.81222681111103
194.88455646516377
243.18247312153107
83.29580521376192
242.53850138741836
208.10540145865525
256.61073887399834
159.9683560113408
266.5650354258614
187.35051431475586
315.9315164879081
118.47637963965826
221.54537047097256
223.19132021781115
282.84530862591055
226.2044517913164
232.5223001704435
283.05035419102205
260.73059894129983
155.8499209624497
195.56903101164062
232.07897921617405
230.80395880237484
170.8323759505729
298.4876170026473
175.64459528325096
217.5412464528781
221.13728183838248
271.77105379183195
187.92879771368462
214.24605625065306
300.5514075671381
219.3757473078731
143.06016561723663
285.6604106895029
101.7879278342225
268.52324848418357
255.67764358723798
218.8596229211471
229.52885589507787
230.86297199255932
243.8605242108606
241.8627364396525
170.72087829277007
184.5671186375621
217.90951607972966
207.10300653777085
286.2426409257023
135.00918707998062
352.8330648952615
151.6127772610198
204.72223613411916
244.71187731338432
257.81014187932306
180.15186967440968
258.0318682693178
272.84402049400524
125.44583872742078
269.3856648717774
160.1629717603355
258.67365880102443
296.4610317287079
270.3307161116536
142.0199525354401
256.8109599069503
222.27594481644337
163.50432059344166
240.4412193022581
159.14037297865434
270.35838403127127
251.01989141490048
223.07674372058682
227.2873721532378
193.47581453227758
200.84896956049488
162.8494883752428
297.38852127736027
259.9112315992388
138.7807127036649
210.80566577194259
289.8160837198957
152.6332812767214
234.72249264252605
324.10785700540873
230.40866241151525
181.21757126318698
266.79402713610034
182.63826781554963
223.45216659313883
244.063117424972
155.156711118776
199.6571682866197
250.27008103394473
165.75785724967136
189.98193753309897
234.83808396794484
195.17944791457558
197.11244100678596
302.45052807628235
178.39772984375304
170.64869384306076
244.22885725903325
191.40213661445887
228.4365172727994
249.3993416876183
208.94007061571756
206.8919299114932
260.2086853748624
136.07533305510879
214.26356185115583
307.2810995850159
129.13385219461634
303.1472118452366
172.06102521061257
185.5225643069134
332.49360336584505
165.0492566691828
262.52337769318547
148.00028380313597
372.97230231737194
222.3435748533957
291.4082296631241
175.3614693849231
230.32591149627115
216.07348026972613
226.42630147142336
198.2305684327439
320.2253249790665
180.9693011339259
257.8215995445498
185.78694663089118
187.732661920978
246.89482055928966
164.59015659319994
280.3973902874568
201.68872979748994
164.85785594301706
223.54094087130215
225.46227901759266
206.42657724565652
208.48202171297453
236.30967034908826
267.4909612726624
177.2593737883435
251.95572146499762
248.73839665456035
163.17022520321188
229.2806334517809
197.33286784814845
224.06939800102555
242.11514726819587
215.91969761249493
225.1060622031946
241.11321325761674
142.45535921394185
221.71840799372876
299.3176257911982
115.38540958562226
217.95679216171266
317.4712677133939
243.01124350866303
167.49464850225195
263.7116619446315
162.26949888198578
212.43005716067273
270.26345697087527
201.92411588704272
151.88811616852763
305.6764184300846
223.13304712838726
190.17501975575578
275.29545479612716
229.88366075058002
168.11349970400624
227.82696387910983
273.5726054784609
171.48513244953938
291.20653143116215
184.4830313622224
275.7743511090084
214.38244530446536
283.71851167973364
158.7760853375221
158.99480201290862
229.37459302588832
297.9070981628465
169.73793653951725
183.61169245014025
215.84678029370843
262.77932206624246
199.63086351685342
243.09774215253128
359.7702809677867
141.8305268715485
186.9985132686561
243.15137840024545
200.5407709317078
232.39321686830954
205.93963736727892
177.2844125226111
260.8418471754703
252.00965062291652
203.87230117671425
231.8873840317101
302.06058797404694
196.0124534675415
148.37151758748223
216.53079223490204
278.01426730284584
136.1408960004046
305.30486219507293
240.4058474550984
143.89082348185184
233.74684002972208
140.33742836552847
235.10091411470785
228.9674370703724
204.0942198666453
190.34987106203334
181.25469354780216
209.28570171758474
217.93688393375487
208.0416093774984
227.4484991307545
191.3348981632298
167.21642335872457
263.4589346418361
206.98823284715763
258.3653666150349
207.41769617468526
154.67640038182435
204.92545060499106
180.64353034815576
251.26954047672916
163.12157210135774
428.2870402260305
143.11753087397665
309.80997162913263
207.27349374754704
450.2832106533024
76.95315146063513
208.7286867267394
185.29417554466636
191.67383704317035
277.7166089033126
124.58405336400028
261.44880552138784
146.12248957328848
264.7803746146528
245.65312514659308
173.94803526416945
196.92492927353305
275.42978997745377
216.36519060037972
252.24618028088298
306.425524236809
244.77089720583172
498.1161162047938
182.1663384350104
214.5080992757721
203.61899967232603
250.82870127845672
278.2898318739899
78.25361515513214
375.34114141293685
136.03663938987302
216.6654092175886
208.95758756023133
223.21560765380855
308.67971750331344
231.99341952860414
156.99380027281586
280.6233198413247
213.00882143848867
181.94303788988327
276.9741064605332
295.5861137079628
158.5694816988689
174.32356896347483
201.55359228336602
289.5462891961797
249.93975644060993
157.35583329926885
253.02147606607468
201.2022902129247
205.51553269494616
237.15256381008658
309.52319125183567
349.8432567058917
103.42246352124494
264.72890680893033
180.72784066482564
159.36879942714586
213.94542409895803
195.31899094251276
213.4800696271268
240.587841109882
197.75404824805446
255.14792567725817
196.5418671114312
195.59015443715907
295.91164225571265
183.48301665006147
220.26181523283594
242.2601334835781
211.85241485868755
214.77436533091532
314.1291865381936
145.9813433183299
253.49451471219072
222.31031615426764
251.86226449119567
227.75056815698917
211.93121184391202
215.81529823472374
242.0292611643672
243.9916280623438
279.7854380570352
217.52924554508354
176.6806932776235
202.58943039197766
159.22962012396601
252.09771218824608
181.7284357517492
224.37956988844962
236.97290631035867
173.5038246953336
181.80327587854117
242.02265379737946
272.4324314692494
109.23628697778622
297.3730634783424
238.25449894566555
157.78780054909294
189.62416895320348
245.52206535663572
228.0311101131374
129.7746998852963
262.97201531128667
270.38169225663296
215.17560153042723
233.69273835397325
237.71252627644571
256.15907222208625
147.58241072883538
188.82054111987236
160.95892043664935
291.6236058888753
286.1172131857893
176.67420448637858
259.0614923231187
298.47167676362733
173.05639873459586
191.96083661701414
194.36183329661435
293.48909834852384
129.11593755686772
341.15578839094087
190.01913279984728
254.441965828315
225.46083171149075
216.2841261686117
233.43677614550688
193.4848887026601
153.4304889672494
327.62450951259234
205.23449261696078
242.98647562597762
157.60865494888276
182.85851006180746
313.811762425903
117.92732456195517
289.8969387245015
286.5360775439767
207.48924270897987
246.2250019137282
264.1967161137436
104.03349585452816
262.5013379076845
265.549344044819
280.53064531987184
249.74712524114875
249.34041882530437
225.17277953145094
171.20344899984775
215.49034517569817
189.0688336188323
279.63991464537685
138.5555799510039
188.66584105428774
344.8521015281731
147.74207853528787
161.3929958132212
169.62352611048846
192.83380267120083
225.49378094336134
250.32598816035897
254.55647826002678
185.30948551022448
296.1438724041218
196.51533939136425
198.41462142657838
222.02349892651546
211.5332712191739
189.15443814077298
229.57153623035992
239.59404672653181
212.78010014619213
212.02779181746882
191.756557623361
182.65134394535562
172.0747820379038
241.04432386974804
293.52293699476286
139.66545212321216
176.44029009121004
292.50024361157557
193.08366289339028
243.02076027033036
261.8364240018418
224.61516580951866
325.32846429469646
197.95627924072323
144.34187849165755
247.0152410029259
200.92758862260962
200.5606800968235
202.47627296700375
206.44228265210404
213.63024139349
259.61802074537263
212.51032098615542
182.33785044570686
209.63003558147466
271.82205956502
180.5916460689623
228.16116129266447
188.93849735576077
224.17954395530978
227.73742866510293
239.37081075980677
189.38625964414678
223.0497315513494
207.1157364070532
234.6904211268411
354.8233464391669
118.25452805194072
167.0706725002674
262.1735222543648
171.00164163223235
314.1901591474598
238.8748878945189
186.71325787127716
278.5865628741449
190.60349606676027
245.99589920902508
263.4847024327901
152.6111167037161
256.36731260531815
226.15323845564853
222.84459234186215
243.57599514949834
214.51270688857767
208.55231245959294
245.90277384003275
218.25176865365938
185.13685251196148
277.60284255060833
267.33569210217684
160.31457478250377
250.26501085064956
261.2545171319216
176.1413191629108
276.63435544387903
275.00281850231113
145.74780154982
201.1721077223774
162.50076348232687
201.97747415862978
218.71210060617886
214.36688631228753
269.45829293638235
238.78851301129907
215.03912223494262
191.1238287386077
215.50634199334309
197.8133785132086
241.0068135499896
395.44776748423465
199.2435733465245
182.87819185788976
222.20660316132125
167.56728571793064
167.1680748934741
206.6000639401318
263.0927011439344
191.86302074653213
260.94223589109606
323.385684090812
176.19547278084792
216.7552008771454
161.53155722178053
258.81927944597555
250.92687241072417
156.44275718554854
164.5808086010511
230.50654549905448
195.31876921100775
177.90286405663937
297.65425459254766
204.897750395583
175.074047473463
300.35398195357993
301.13607441433123
182.45865057525225
476.23378266658983
101.97755250663613
260.91199360226165
174.2722244906181
177.7220822935924
273.22998642228777
257.1836912916333
224.49855585765908
336.19677575764945
194.36209501879057
174.8431627357204
238.8527335776016
181.59406834444962
239.4099985823268
276.424354462215
214.36104860098567
271.84713243017904
241.3878810160968
247.80442936348845
152.5362251526094
232.2320565560949
169.3359215616074
369.7462824569666
325.9812316269381
86.47479755309178
230.09214996406808
190.40066952287452
203.90313895430882
241.2697247954493
209.5502772690379
217.079700095288
220.6780060355377
272.4219837284181
77.30787142348709
289.8523524853226
176.28914546850137
250.1612567617558
245.31424367136788
173.0099576524517
287.95944539940683
201.92362383246655
318.57233951898525
259.54599937744206
192.07645016213064
269.4184609269141
256.78262210066896
151.27193603449268
241.71944249418448
275.57311027986
126.90497865341604
266.5558066772646
183.9550749277696
202.51859166298527
229.79111845765146
243.76531095875544
218.36222542260657
194.68457459154888
184.06689928544802
193.13681927960715
242.93804611061933
227.83370456195553
271.0151396995061
166.61815922806272
203.26633449376095
236.09017470202525
174.29082780177123
287.2691312719835
192.03136959121912
267.68285276996903
162.54012836361653
214.0008295358857
279.18433064129204
296.2530680280179
277.5620277734124
159.45770266634645
225.00805617382866
200.9720718174067
273.82563116567326
229.88390936458018
182.68957973949728
330.4729450525192
137.247841913515
285.7663616024947
150.06048164039385
179.4537212049181
230.13715814589523
258.8341537832166
254.5735508846701
202.53049013891723
244.6572565913957
166.6925542462559
252.4858917395759
301.3934307912132
255.6311861939903
322.8721884940169
199.69922500455868
235.05429987690877
225.18279163516127
302.9765079881181
225.58094453267404
249.5481429026404
162.67768652996165
182.3177078415756
204.5482230198686
279.4326265992713
253.79480222956045
193.60951611751807
218.65446995972889
149.46465794506366
250.4713933399471
203.83620661779423
186.9822539925808
234.71642851561774
152.08202336143586
227.29743588797282
225.10745352949016
307.517267791467
179.24030251186923
177.1939867217443
277.69616509243497
252.0781343060953
207.3535380968824
210.65055742373806
238.28729847693467
178.5184885817871
183.7632697779627
415.3172262707958
122.00628407971817
209.06341726938263
356.3465157931787
107.42156482220162
201.6207015128166
245.72781233565183
175.42480597822578
260.9942740588449
144.3899714840809
280.5318485988537
181.6221564375155
225.54333175811917
284.9326652804739
437.9928896210622
156.29391068784753
296.9988455303246
224.43539414351108
166.12665590937831
245.35702877334552
197.3622103247908
270.8475094199239
218.12550726087647
165.55463831243105
206.70316502085188
254.1993586916069
167.3124767355912
229.48644931433955
215.9049740562332
171.85207932716003
284.0799515460385
159.47541814413853
281.0274113127962
241.0079662708158
172.62214569802745
205.43674198928056
238.33092353120446
166.61554278508993
279.90449874670594
173.7482608476712
257.53170087971375
104.20981257499079
250.95993262701086
273.25514199753525
199.75555248060846
247.30068310469505
172.0301799363806
256.46214896804304
199.3452094271197
129.82685026773834
387.2784945324238
144.07695628915098
254.5409048811416
263.07877883393667
228.76128254435025
221.87588250287808
161.51665342479828
181.1804583456833
220.80757615171024
325.98217693026527
141.31347590705263
257.74385605883435
322.34009777230676
222.450779690349
215.88907237848616
228.9002398737357
264.38885490747634
184.45771489542676
202.33581011553179
256.90023415573523
221.84998218118562
275.8122388055781
154.1174886386143
185.4152869026584
181.75535508841858
200.0753585882194
202.59034885361325
181.93318672006717
257.9965397604392
294.2555571793346
135.61250936082797
241.61904587130994
143.6959545360878
300.4224500405253
155.85225453713792
208.18485161918215
218.35325772242504
264.6635099860432
216.10645226598717
259.9744886851404
222.84924613076146
285.1544149038673
187.93955358234234
179.86061235464877
200.5852479955356
297.439062905818
275.1237472690118
137.97400945943082
281.6950259648147
254.71237284661038
189.01083039221703
208.2008523652621
165.40195150958607
260.01989676529774
164.37693423501332
332.11968141869875
202.92425903328694
187.7266134788515
225.31272285373416
347.4841870255477
180.55340877830167
133.66664364177268
245.81966287721298
334.4731871817785
174.43892996085924
198.9467666511482
145.47194302739808
288.20925839606207
215.0340170050913
227.73456703894772
183.95999585284153
242.1095380434126
185.28829236360616
261.0822485452518
262.566951188026
212.284628277499
202.2563617027772
234.70028647835716
249.17380334899644
122.75009475878323
333.5343977450393
212.61945587364607
279.1143519557372
272.70023502394906
148.35994684445905
252.9988314534421
244.59506186074577
119.16278479751782
197.49551041875384
196.28384987424943
268.3828750870889
188.3304295182752
249.54547929560067
308.0650140727812
245.58637280584662
169.84342942840885
282.1256340628024
221.3975390595151
206.23342741289525
304.7390878156584
302.6429626051977
231.73995119062602
150.47547418103204
286.7176822599722
144.1412688207347
368.8197153611691
196.64361842980725
195.88516887871083
171.80511618111632
275.20955659842
178.8974266561563
184.342914361594
244.0448406903597
275.74992885658867
161.01023715146584
210.34094836213626
184.99180269343196
223.84150074841455
238.4743692523043
346.35291285734274
122.30817976340768
178.0349964015477
211.38787735495134
319.7294125428016
183.0286117287469
196.29797396739013
201.40536758935195
202.85597087393398
203.8450560286874
212.1312906036619
260.5858146159153
213.52037666671094
188.17147880262928
298.67491018405417
288.4914860468998
131.17691423883662
157.85855638008798
293.7457749553723
270.56924397172406
253.14205910256715
202.83982974034734
260.20771187511855
173.4011853596312
184.18787716692896
263.50170522899134
211.82866027916316
214.85852086220984
195.75706940723467
249.02560601235018
210.35255045237136
248.57661362254294
149.11581994776498
313.16976475081174
138.68776101150434
173.8818688247702
270.5040750548651
227.79985996134928
200.9818289084069
210.21632040920667
150.85053679099656
329.4099522571487
159.7938306661963
283.22797448179335
256.955967271555
182.90398461653967
172.3767361623468
399.79911266756244
180.20084935060004
218.8382047061168
238.10913331111078
191.53109790440067
329.19328932021745
155.34454655399895
391.9117377543298
155.20706087897997
223.5546834708075
186.20330371768796
158.17460312810726
235.91357055917615
184.48896907732706
249.7086983616755
249.74280131055275
192.07011137212976
147.09469801650266
266.1241216628114
289.0324909662595
150.2340865560982
267.22790524031734
242.6780569202965
316.8381258456793
224.99197774357162
123.65556692218524
268.9262565425597
191.09986525488785
257.0687540001527
111.69371679442702
401.95051547064213
212.91738702284056
153.2763764244737
248.84007958808797
393.5002792942396
166.974013502273
232.16504807359888
180.96238976233872
174.01886208282667
189.10244488736498
254.15728799288627
136.38697927905014
253.0558458114101
208.33236814750126
176.12810352363158
207.97480930498568
200.29132575163385
218.8480664617382
156.204659636016
333.8853283104545
154.80602750132675
196.9841482655902
300.36620744570973
242.89907390240114
274.4522609417909
199.99382767014322
181.0512823263125
224.04531326971482
234.90262591914507
186.745424284396
189.83372655307176
249.76305426389445
326.35712443338707
207.3346075717709
215.401569251233
191.23628287645988
239.88796738223755
237.80082117041457
212.6677396603627
257.9455580334179
288.00140977161936
218.6657284219691
218.74200063815806
219.05615053282236
240.73184342405875
249.7525251925108
279.62735715147574
184.9788207896636
253.9799993308843
236.71389394474681
196.7408391974168
162.51897176657803
271.7372021607589
251.2144287848787
225.01281897345325
173.93163685352192
234.61816890831687
198.6482461655396
192.2780025624088
306.8652808832994
148.00837154843612
312.9479257304629
177.93543524268898
124.51875927089714
314.0944621396193
164.51410810448579
211.89974626892945
440.01490782300243
107.92761959339259
305.1286050291965
206.36756592040183
209.78720103454543
272.53893495869124
211.0803959418554
229.91110215208028
267.80185476958286
223.2541491885204
229.40327917784452
262.09048604842974
209.78417216584785
262.53829618764576
248.98664985841606
234.0740458687069
199.1899625865044
197.632494544785
239.45750795979984
163.8778183395043
211.43803197384113
244.36279578320682
200.01098871568684
300.4757144499454
264.1573218755657
232.24475155118853
211.7845430750167
207.83497179771075
255.9171884264797
194.090919654991
320.1380438597989
120.56450799066806
176.49636458721943
187.10621502168942
208.6008272973122
224.01430933823576
177.1052846799139
271.9441971897031
322.62316118419403
194.97240635048365
261.05415390309645
262.7128057733062
192.44432869646698
278.64079389942344
221.24860634456854
194.15018184576184
271.96930280607194
176.4725807857467
218.55870040837908
241.27351772226393
158.2018531835056
235.56813867331948
294.22078516951296
240.25523369543953
169.83767787000397
316.59800224669743
175.49291389534483
272.7018147018971
137.86386927758576
200.22139894589782
195.3592108822195
248.5438372719218
206.9839600730338
292.8264932851889
197.21838008391205
314.785199248814
187.6796017062734
203.2892783456482
228.52823555585928
258.8266749586328
340.17159474449
177.05291556753218
180.12678540911293
179.64319447882008
259.12405824271264
191.5968490325031
142.96982012980152
312.8651426678989
174.79752260522218
248.62801324296743
195.49782128306106
146.25636825960828
240.33623021759558
270.5106811101432
163.02841043350054
249.5075856692274
201.84023658762453
213.084859274677
154.68398435611743
233.63116720831022
328.6728144561057
155.98335216206033
249.39761282037944
132.16280698764604
249.01788103149738
211.84227022359846
215.7672836864367
273.7424038296449
155.86224835651228
246.52588017372182
278.1836090911529
195.96595245739445
330.1798596457229
186.3474775396753
226.3786859671236
148.49797353951726
255.36576778721064
188.76636547315866
209.19935186038492
217.40661411680048
165.80362819845323
389.17000784899574
182.48057939554565
187.13132844428765
188.95536016626284
246.75328820908908
192.7855974783888
253.8725083945319
186.48108679510187
251.3860123225022
264.2863786769449
328.31313314969884
210.09666710015154
188.91064466250828
245.18299459316768
462.66588219918776
233.36625066708075
178.16884798853425
252.58990392059786
244.4762219499098
232.33782771416008
161.00425604498014
174.47541715664556
272.1564695519628
275.01800787239335
124.5736495970632
201.07852197426837
251.3157246998744
264.47261281410465
224.83252003323287
234.07784328458365
217.20668445935007
227.46758776466595
280.23195314744953
221.74222251359606
270.74387731484603
212.77006168366643
134.7508242232725
312.26329351059394
286.1848228193121
153.33236563799437
176.86719603772508
293.21876414114377
186.075903176039
265.47161116293864
210.10582021658774
212.69341688265558
440.0359483062639
138.8291682774434
139.530439093709
265.6232666573487
245.64698547625449
179.93297624308616
212.9704739828012
262.2452751266537
251.28431344224373
188.730705836555
276.6280399200041
154.13079545123037
354.55868502741214
108.07558984978823
368.548193028837
221.87788670876762
223.8480398526881
351.6851684213034
117.38793703296687
225.40399097529007
173.4051946492982
320.7137942503323
238.15962187974947
167.8095766348415
303.61988893320085
280.2185122570372
181.54015391302528
246.9401186805335
231.47129144828068
203.72748144267825
209.75690268410835
269.0752228884958
186.86700795200886
282.229192689294
237.8690844104276
196.04041175782913
198.71876647439785
256.1173456402612
142.2428608404589
269.9860724922619
209.16885296307737
205.02559677232057
220.6343743201578
220.30599188269116
248.946895035333
247.7911412898684
225.36165500583593
245.776832053205
118.43047177506378
278.40997011912987
149.73859263956547
290.75613419077126
192.136414858629
241.4748214877327
274.71950575720984
241.1630743817659
171.29922271019313
252.80903802008834
230.94496663141763
143.7370482024853
169.72100662672892
250.78843620576663
273.49432132404763
262.1169971887721
159.9229872332071
189.528280296945
209.1002290613833
285.60296109470073
205.88901356980205
329.5452642480377
244.81163193733664
206.5353537631454
231.7558291539317
249.75662643439136
167.2149643889279
246.93260648590513
353.90052553865826
179.96517215593485
224.4263158654212
201.58177622052608
175.30198246397777
275.94924728863407
228.1126645549666
156.5495330975973
249.3669666662463
244.43111135438085
218.057704812265
296.0192440706305
147.17706296232063
383.0620315874694
160.99975640384946
202.47202263120562
231.7801090751309
183.20000596449245
231.9548977133236
239.82586737308884
224.51360866363393
285.9795373491361
158.91056660941103
393.6330129656708
147.5604399192962
211.89537654770538
187.4563684532768
237.2419354597223
200.17020464863162
220.8613178069936
217.8276797615108
271.92153772478923
248.83700127794873
163.49084335152293
267.0149118214031
213.94834953930695
160.51943685795413
195.1053043298889
231.34581293398514
209.61399033176713
266.6479914463125
148.71359451953322
284.3401293689385
273.7907799050445
165.56368218717398
177.9959045514115
233.0662070629187
347.4467219794751
257.3930767616839
165.06089629145572
218.3009013130213
212.53563529852545
185.4847563325893
192.21835878363345
179.03357377683278
174.53502552525606
348.08358335500816
249.46553186042001
122.75586470466806
234.03717556141783
257.75755153008504
196.60937527398346
250.50875315762823
308.91492440283764
205.993998727703
244.69618373410776
224.61591349961236
173.38231467013247
251.1239793128334
187.198913282773
180.08077389578102
227.0805135014234
204.2520154293743
153.91857447172515
298.81650172383524
156.0430920960498
249.064675667556
272.36066395737
188.88325889245607
146.72529872209998
328.9179947162047
247.66465339949355
185.5727426719386
189.39421379711712
235.37779660272645
197.2048433869495
241.56621628353605
188.55474943452282
201.34694563777884
266.7617236144142
262.8520331910695
254.32304720504908
234.06511604005937
279.9076642775326
157.4943910074653
165.75622127309907
359.8993310339865
159.38215299433796
392.7890398679301
186.61799969925778
202.0105831575347
194.0655438285321
229.5410657315515
168.35184649459552
230.9652088546427
216.1970933341654
224.05432462063618
212.21493357646978
173.34051734168315
192.37455847271485
251.24751437915256
126.85197613853961
217.83899668697268
221.8990851865965
182.62845543021103
267.3266604115488
181.35577883548103
289.1255305376253
224.10884299426107
173.15713564190082
148.90467272378737
254.48902409675065
288.96027369139483
101.35948022059165
247.65591825387673
229.3848442598828
275.88968447287334
210.65985306922812
123.56761722191004
260.51239608362084
199.88089558202773
368.2899674686487
289.6298464942374
152.55144174746238
213.83239709422924
275.3290247762343
224.01152920164168
182.9712030714727
256.420188337157
198.11503448931035
201.23492609109962
221.01671373541467
170.38254640443483
187.92782001552405
283.25305804109666
126.78679870296037
221.82232546701562
198.45725399511866
290.0672168650781
186.17811657470884
176.20338472235017
269.9615069953725
186.8873862157925
266.4196204213076
135.82770469191018
244.68623218371067
204.01926386501873
246.4380466589355
292.64561633608537
234.909309090639
199.2826551729231
335.9779127695365
310.86821670125937
139.61566863727057
303.6137984225643
143.65680794493528
187.50055456039263
251.90374913823325
182.29758369817864
223.27567826176528
198.24951354874065
307.8597142265062
193.9384251900483
196.22003534506075
228.5190601000213
249.52615070476895
190.74459616449894
226.99998616462108
188.1103536693263
258.6477770109195
144.08409300958738
207.42572946718428
259.04138576064724
179.74776464916067
149.10488217847887
232.42538031359436
279.05062936706236
115.84551524644485
240.07083941146266
217.33001057471847
185.97915265720803
218.91114766761893
235.2694362954935
276.33961180219194
299.3638151952764
145.21921827894403
227.65771711728303
243.61534432240296
189.17233077512356
310.91149603947997
147.79384922864847
244.26722441846505
218.45457616524072
152.28981130808825
310.6546797177871
245.7486218184349
175.41202348575462
210.99913140473654
205.3078083670698
197.92000042134896
178.48210762877716
287.1049995094654
279.08369455620414
217.08750487247016
206.3274228569353
350.9354163251119
187.05481841240544
209.97089007124305
183.83999966451665
293.85361452330835
342.7634864797583
146.78862978093093
251.3502789127524
274.1985287775169
256.0351292323903
254.45511971757514
165.81124704668764
234.06284882681211
277.7029195158393
170.5262810306158
218.39419338060543
193.3299123951001
241.4939002675237
116.9007615436567
265.35198157047853
146.06314029695932
404.8565058710519
198.11207908648066
290.62399702728726
128.12553063797532
219.02457532624248
322.6197309328709
208.20896166568855
206.46396646241192
233.30981764849275
284.04369342926657
266.75614431494614
233.9619368048734
142.69740375393303
277.9228700645035
217.81376541598001
227.05632902489742
189.57208059949335
197.81587162491633
192.06757406610996
195.00692159542814
179.1442334727617
211.0444668571581
189.23036524042254
231.03129888913827
210.90051674540155
189.7578323695925
223.4549641975318
173.9018363765208
316.5218320263666
264.77745066862553
255.06685494602425
236.26631386124063
185.01260076736799
142.04724855150562
310.4705221898621
215.567791706766
148.95363910356537
319.27721541235223
185.26744351751404
168.1806293122936
241.49880945775658
272.0662746199523
184.40850164054427
239.29188843187876
228.48066607187502
313.2599893444567
98.97876264114166
317.19294134312076
148.7558141266927
259.86797287722584
198.81602355855284
235.55448251072085
143.28223427193007
250.15425648610108
212.77283851848915
209.75956742168637
235.56175911583705
190.13177166105015
241.59684558259323
163.64203796291258
276.7221564226784
152.5887386770919
175.07403468037955
186.19822158454917
194.93620499776443
240.94169563049218
203.79995907418197
173.92061275895685
264.5525563575793
144.38973460148554
290.46931443712674
216.55958591564558
220.78978247428313
246.2222698155092
207.78324839263223
196.693137908238
212.66174722177675
274.97627166466555
284.6416736320243
134.66266739967978
295.8191138282418
222.5106074908981
175.4393207723624
276.1460231745732
196.97714033571538
236.06957476737443
194.45031421037856
151.40928835608065
276.8422447745688
238.29544784256723
159.17029635957442
278.1569205854903
174.60927113180514
189.60754181083757
220.20450787129812
256.2663086524699
257.34936312481295
173.36447282426525
331.8803634442738
118.87941425386816
358.4180032616132
138.54585371009307
227.6878090435057
218.72983832657337
158.1323509615031
345.69200334203197
207.96490990940947
197.79834355256753
168.72808892128523
263.6556312071625
159.13236999127548
238.23786156327697
257.73911579308333
226.53841441182885
215.62866150925402
154.47356222989038
319.8368685376481
162.85653716762317
346.278294687625
127.89688745106105
317.4510206722771
272.4574096929282
228.91015037859324
169.0846357771661
306.9412935714354
218.738912814355
284.35511113586836
206.5517587805516
209.87475776084466
226.75149512320058
308.771050149051
289.9047014058451
262.0282838201965
175.4666700446396
258.4770359690301
231.00418875383912
183.5818763366551
202.42697717243573
212.26495273626642
240.26085531787248
224.84816495043924
197.65773411438568
292.23417919524945
287.3748796733562
115.80386394879315
266.40966636745725
296.88133882987313
142.5105644754367
221.42812842776766
234.82480789965484
276.09059025277384
180.78321127180243
292.9034533012891
116.36583884956781
275.9278985974961
238.14694835297996
320.6537917900714
189.6951417045202
202.2014481330989
274.49579847761197
109.43992312141927
292.1769587073941
202.44349027541466
235.78747042559553
238.78100167232333
229.31382532668067
222.05147193808807
280.4274597931071
143.60566135204863
259.2608621601248
151.1246955289389
365.9078453699476
131.2650964151835
325.90374366927426
152.52382395014865
170.4173176655895
332.6237228757236
177.75320327514783
177.19795252248878
175.39439176517772
202.99168606410967
217.77029346703785
238.21047097526025
185.5226100307773
286.34152473550057
152.4081270764582
258.8585095379967
260.2125274774153
218.5165714218747
161.69780430570245
288.0166457191808
122.10860480397241
249.55588243179955
206.80418519687373
186.81212575995596
206.04234149499098
307.40889102063375
225.29716920736246
146.96409069711808
207.25859621394193
212.38031382777262
240.05699286871823
195.08320638089208
338.06494332500733
187.3190049167606
284.91396390320733
179.75129112281138
121.58331199892564
313.0984294434893
300.9936772498186
212.6586945214076
215.75429969641846
283.9500120326993
172.7557816907065
207.7612836417975
196.66433300834615
177.55729711044114
175.44809167837957
360.02064190473175
153.22749063943047
225.165129082161
142.49579032999463
259.4069737959653
219.9913885119604
216.80806092440616
231.86367556470213
153.84515242371708
183.29874674766324
180.05034316476667
355.47389115486294
284.47376945702126
188.00192745879758
244.37335878494196
238.3964155628928
181.81137733795913
272.2613347452716
153.73210523324087
258.18955047265626
185.056049873936
206.7062843462336
178.542496954964
158.74749467341462
244.10708671063185
382.0692390331533
170.46814710414037
295.4494253563462
181.38187084166566
257.5711556589813
192.8798822555109
182.68516042426927
200.20412254071562
475.05798491532914
115.08932165848091
252.88252184318844
256.94981546746567
236.36970932752592
162.88189285818953
202.62099737126846
222.09866015426815
268.0261365096667
282.5342673348496
190.44401154539082
188.56292893836508
289.31169800675707
231.41247835400281
208.22109522798564
226.81265592377167
239.782507522963
175.13675625855103
293.8101586093544
204.69938369025476
297.63063479808625
108.76797010283917
302.0049295666395
171.3050713595003
209.81122342229355
210.76850368152373
166.73873136477778
275.10712582600536
206.4070549206226
208.41166026267456
209.36021172936307
247.93738615280017
155.53026333270827
292.0386471908423
188.37969649536535
183.13646197586786
275.9300520992838
205.74570193671389
142.60498324164655
216.61672929418273
214.47116718720645
163.42975366744213
243.5261798002757
342.34422816114966
210.5837578359642
299.38916921103373
198.7090170502779
236.41273914749036
186.32757548597874
314.3906199555495
214.02616216463502
298.0675845100195
129.10165554081323
185.34166292264126
224.6491161120357
255.19765356258722
149.31555125123123
262.2540474526468
198.85266798513476
200.06930948694935
259.2638114390429
179.20481271331664
272.7207419886254
171.79198244278086
235.22696603700751
197.8166530097369
307.1412820551195
188.81282731250394
218.7902901468915
218.8385860970593
207.8376258496428
237.08831143507268
189.3846373547567
340.9657375275856
107.55598855746211
261.71980165474815
277.9522832959774
223.10411431617104
148.68521100480575
266.30846014997223
157.22700533887837
239.314948270272
247.49362729658606
237.48825826740358
117.90776797727449
204.7539617549046
259.6069510486559
180.59695060667582
240.29989005689276
219.51674553519115
159.330150758964
273.9030169566395
242.30636775615858
232.16490077617345
169.70113005209714
182.11359181301668
260.14677414653124
275.43279674480436
143.00901590962894
241.780747749086
248.1876220020349
284.8402246097685
178.35292413044954
212.05651581811253
216.57039367582183
195.87152000906644
211.16837190376827
224.22789090516744
208.62174873508047
238.64729194995016
244.19284517935012
178.0682151169167
298.18767610396026
201.5530312601477
205.787486770947
215.7647669047583
253.2983588631614
220.4044762548292
248.08550738007762
193.66836966009578
279.473678096605
214.629786153615
225.10429908463266
219.15555402683094
190.39256009506062
284.05779336212436
188.79785331751918
197.99413253186503
169.3386922389618
227.7351020356291
286.97390197741333
173.70976197416894
185.12898511101957
401.3695931354305
170.94326542381896
203.3690351321129
340.486375554814
138.7841415865114
210.7965524244355
255.08921585022472
322.49746473738924
200.7051075946074
186.81223907560343
241.82359805540182
212.90702525590314
229.97006191516994
265.598063425452
176.38967362215044
199.28962870064424
182.3095751402434
314.2954083031509
147.44701806054218
247.61723200709093
246.92951737326803
183.60020099126268
277.13827641529497
194.4963320249808
352.4938382183318
88.34792803862365
333.9642922023195
122.00999571604189
206.56328945606947
275.4219501262414
199.76521954557393
170.94131892803125
255.98642988369102
211.5886673370842
261.8223833794473
256.3049324347521
220.36647334625013
286.27669755450916
284.29473732277984
146.7212417886476
277.46382953051943
163.71196572866756
227.3182431855239
223.5578728095279
228.17915568890749
202.36049892561277
223.1862977493438
242.50243720185244
201.69024663610617
146.34413040528307
306.887636371539
142.3191641193116
267.81793661636766
248.35905916651245
257.5558124149684
141.9170157032204
267.58451892179437
118.84003125247546
263.22807805694174
131.86539118370274
235.6876960786758
249.26750042423373
133.4755637444905
215.75370162987383
239.7467771154479
262.8288449526881
178.75389264454134
199.1911392674665
205.75595018127933
197.4410464350949
241.09775935759535
173.12013536697486
164.5310232687043
246.6591031671269
276.27011582878185
175.2451742614503
229.05439223599387
146.76251241622958
340.53053846693365
213.27176220994443
133.35239925747737
205.04135735228192
209.3727918197401
195.35604944633087
231.76926326361718
240.6613315969007
283.6140661080717
206.1435255788383
193.19397481903434
223.07359376107343
163.9211859239731
242.8888003899483
216.4063999428181
227.05545522691682
169.66223425482167
227.25709625676973
202.69439133512788
268.51147874526214
226.96381356898928
241.56552643456962
241.33366139786085
280.47590965323616
155.43904362770263
253.5168464349117
309.9301292374148
266.66503098397516
258.4225110402331
180.56014913116815
185.6320513712708
267.80848476692336
234.415640826046
246.79608967155218
362.3796201336081
185.08313120849198
212.51246838527732
285.30411576956976
117.15980668837437
301.57948729605414
256.4783488351386
152.59126221906627
195.01491391682066
196.68875342188403
257.8948151320801
290.4454378989758
155.70167285314528
251.99357124214293
190.3425942986505
273.40161168726627
138.57479615311604
282.8271779631614
155.089848235948
199.4629581240588
248.90198677545413
272.28629060840467
224.2547418549657
237.65393684461014
153.54985654214397
224.6082405524794
262.1738436749438
184.17388380342163
277.8195122142788
204.8134638024494
174.19861120794667
196.9938263966469
306.5077554038144
105.07800599659095
244.52202759840293
249.66306166548748
120.55272157868603
240.61201858473942
223.1920788694988
319.2448212757008
122.6319318539463
276.2620441522449
183.66999728087103
230.62311211426277
227.9565900368616
153.21455240889918
248.99141107167816
296.4561874361243
188.36332887160825
286.04528125870274
180.20275319099892
162.35713382274844
263.19628591812216
195.66788346861722
259.7412783353939
214.61809128383175
210.7329304034356
210.2427189918817
191.78102026606211
254.91795946558705
238.73220330965705
223.99921216559596
363.46409480355214
165.7810090877465
328.31025691964896
224.25715844356455
218.24445726466365
230.72864766861312
230.72813104843954
339.08606614219025
90.8786384993582
294.70756152190734
168.10671169502893
290.29721304459963
161.45937460812274
251.54384599637706
301.8249249267974
106.6490525380359
287.2351345238858
223.43299619166646
166.32794482150348
194.5089181715739
283.8938132516341
185.28587929694913
202.6476660092594
245.8973617706797
162.73399929091102
190.23762602184433
172.5450250993017
277.18416378612164
157.6649284341256
252.17822701565456
155.34875251725316
237.6180135718314
177.0340939052403
253.59512426838046
163.48474542517215
210.2922740014037
300.9321984151029
154.8161082023871
158.80839164822828
247.96902566670906
245.35307055461453
257.5071813407121
165.2627419132623
194.38076036860002
209.90016620449023
318.2918095286004
179.35507532564225
186.34263742307667
132.17105790198548
247.01198578742333
391.6501861216966
76.0888921233709
190.96898175869137
313.7631901631248
203.00300214235904
154.717344253615
222.93767967721215
274.06180976098403
193.73207648901735
234.00039837951772
267.7986397514469
301.5240591976326
199.57875618746039
221.5190309555619
241.93600262858672
166.03816137259128
226.8514878874994
239.3663798875641
141.02910625218647
345.4555754318717
201.96741162450053
131.9715156618622
239.32102508150274
252.78647818078753
208.68039419368142
172.27294895681553
255.51591965573607
198.0891460275161
207.16784522269154
164.94068742968375
231.9510936359875
188.74641346686985
301.4916632263921
190.29736858210526
143.27408036473207
302.797828648414
212.62727617198834
176.1009374463465
241.9589726855047
305.17850573401665
146.7040865776362
258.2549005870824
193.27789521537488
372.6629284566152
235.14050778682576
172.2231850733515
204.7465129311313
299.4463418510277
169.84700298670214
305.2195086169522
146.87921603227733
219.95180628576782
274.3149351827451
141.79073495295597
212.9858041749685
280.45186382584507
281.1797183153103
188.91032205021475
227.15019028866664
243.868344557588
205.68454093689797
266.957269541861
176.14784984581638
174.821184123517
230.5258241458796
251.8567878449685
273.5230933211278
216.4365386510035
154.02821405272698
204.05452803336084
246.36795118119335
161.34756560833193
242.10631947219372
246.61718743736856
293.3523125204956
182.88224475772586
202.52941363776335
180.10541202896275
320.0242342291167
160.54660499561578
212.1016574660316
298.1759610376903
158.90041514695622
164.9086132082739
348.2956172847771
155.70748907030793
261.1750337727135
163.89948722999543
275.7236182494089
243.55267877381993
163.6174677903182
315.1913399573532
319.12871915334836
114.43850609776564
271.75282309693284
112.69334668386728
204.07094245834742
226.14479563420173
217.69337056553923
301.3801037193043
196.66122868063394
271.8523917074781
206.067249350599
187.62469403573778
219.10576476855204
248.1413255778607
228.4174074785551
155.06796755758114
255.44673500186764
204.302441022126
171.14249349280726
290.8333237998886
105.0894951603841
219.18647726124618
248.79984638211317
275.648951265146
264.73548169760033
164.92401999502908
206.33669048675802
286.22683040087577
161.53218392143026
247.94486762210727
203.67310950893443
196.52503662812524
320.78421287902165
199.0795487271389
227.13945449655876
302.27132753119804
207.66187310114037
250.61763949343003
170.02650359540712
232.99793173454236
353.6800494103227
118.59162257343996
231.7115172460908
290.00167778669856
211.0656899624737
163.00022322009318
215.04801444034092
236.39891756279394
148.71370897081215
249.17600220395252
280.29725469625555
245.48368916881736
180.4877662929939
259.4325141661102
229.1353042947594
195.2319107010262
254.32008348649833
190.91625230619684
317.87540012947284
154.82174758054316
211.2980953627266
232.52462627307978
205.22173090465367
198.14923119661398
228.10599104815628
269.3768403704744
290.94358560442924
139.40748286270536
179.73584102117456
330.9920741134556
193.53223856294062
276.91101371112745
256.8758096527308
208.20350988849532
146.30107189074624
237.02944628859404
246.69286600523628
218.6928568528965
244.0724410515977
118.1162389756646
209.1443006733898
340.30240940256044
220.00074009830132
165.55244623753242
220.12929742399137
218.35419446229935
323.7700156617211
186.44721194752492
276.44720212509856
294.1596181008499
202.5699313391233
134.79806830186862
243.79453390312847
160.35403086687438
208.52795141737442
283.6468962015351
227.24733622407075
201.4746783063747
200.70030055753887
259.6431469398085
193.07699977280572
221.44810063799378
178.4508286435157
256.2313089843374
234.234813225572
296.5373741706135
151.21575618360657
179.93971363920718
255.20335134014022
164.4489928750554
253.48911938408855
222.882350808708
234.32751903811004
197.37154841376469
202.2569639495341
184.7399122363422
276.31290603021625
176.2044073146535
165.0367170815589
352.55550981790293
219.5851676237071
248.18478314194363
227.94000789651182
177.33176669187378
267.26663166913204
123.65180383599363
227.9478395493934
256.7179426336661
170.50203823752236
298.10322542337235
232.93643043970224
194.97674999537412
169.33384745917283
321.5440057483502
111.57788333890494
256.70874486130197
219.5100060373079
188.33918806433212
247.53090174903627
239.87372327805497
248.88210982689634
163.6671679195715
160.55558545864187
250.35637747705914
315.11552308895625
291.03163071151357
175.33828240865842
208.78706446196884
180.29841325536836
244.41607633966487
200.6678997547133
107.92632696195506
294.7473757422995
233.33365774690174
183.42794917803258
255.3793722750852
278.4153586756438
298.4488661820069
221.79328171932139
232.1181074026972
258.73328190739267
313.31814010161906
230.438650765107
142.6830668458715
217.10005277511664
241.7350634651957
159.84321768709924
216.19982348184567
400.40338442625944
160.04944515076932
161.04420591052622
343.0627442804398
176.51171587826684
211.02408869366627
240.15571233222727
162.69595670315903
254.05207567149773
232.25811009237077
310.9132410470629
201.22263294190634
191.55821265582927
209.32439221651293
181.97777343320195
169.85667456698138
242.0126261654077
184.57766246248502
226.51998289022595
217.34486757288687
183.0012159543112
227.33550804923289
195.7392893518554
224.49857092497405
237.70322539575864
286.82315816218033
150.38596747710835
316.5332463340601
181.21984211949166
142.07296997494996
310.14940007263795
192.51858341461048
174.99127215601038
281.5994008667767
304.76639950997196
110.90474076592363
391.18442689080257
179.5855498482706
225.56773847911973
232.60491003876086
169.9827411029255
227.93021314207
375.44660930056125
162.851300671231
240.65690087189432
237.6527362863999
138.4972820559051
267.1794664111221
224.46185389254242
218.57849646965042
174.49678150680847
203.1700726362178
302.6060866625048
198.37057723337784
203.16119224997237
248.06431530846749
281.549826683593
185.40982680628076
204.66760646447074
374.7029370100936
133.98985182028264
281.42400246311445
163.40783945820294
323.5103904653806
142.47733922104817
220.51716528099496
223.8512528418796
268.20436102105305
271.5594993252307
171.88219818263315
180.4848956441274
198.0781640141504
285.20443704887293
167.45646571868565
280.05488161102403
210.90053805708885
199.70896807231475
149.3500312154647
298.71119915752206
238.09723263129126
275.69735546724405
236.47757064469624
173.17352844844572
291.808001435129
243.0921864559641
213.5102093188325
272.27664640464354
220.20373234758154
209.4126613775734
159.5220183674246
272.4483102366794
150.2456446401775
194.64215023908764
238.5327939168783
194.19360366277397
349.69870202662423
159.1420034187613
198.68047734664287
164.72265812847763
199.03737133275717
307.636613114737
232.39199878042564
327.52567100233864
133.05570966156665
282.2207132326439
262.090527868364
249.63656750845257
148.0428896161029
218.41117607615888
207.06968808511738
239.99413089640439
231.61439573275857
212.92078169772867
231.8697683919454
382.7881634045625
123.52998831262812
227.51211725303438
229.25396922649816
248.85480039776303
179.71703879802953
322.069244756829
180.536508538411
230.43887151929084
225.00085763831157
342.0887214067625
244.99560767167713
253.05751112336293
124.00179375812877
329.1688553538406
113.90805058344267
247.44752879370935
274.5883699430851
144.5348410899751
210.0482508452842
227.10619365551975
152.045398456743
200.61249936476815
180.43680783675518
270.0046415849356
166.5882264416432
399.4875906702364
266.16402209119406
139.67235126940068
230.55185259564314
205.07467559841461
210.22657671186607
214.68113631918095
364.3885034696432
203.71202343620826
224.5228976648068
231.85173959063832
151.2490402989788
359.5254655252211
238.16311845439486
222.07574839238077
169.29604483675212
227.58091468876228
190.8343336506514
223.03725202486385
219.47290221217554
202.45272738731
277.93890678172465
172.52096733113285
271.1881496470887
157.39474296593107
176.30819717026316
240.09480812354013
232.10631282255054
183.84438022598624
229.53222421079408
176.37317551660817
231.7152795913862
222.0429102354683
158.97184899705462
191.05720241356175
266.95136878150515
167.86247711791657
250.9413016155595
169.6512941295514
221.3406864667777
268.68423710775096
183.20448218646925
185.8663397274213
253.78126290044747
253.06898900610395
217.73782805656083
140.10396874067374
221.67712715407833
245.53691137046553
184.55037981877103
208.95374266023282
228.0436473704176
180.2715823717881
273.5738143646158
136.87098800891545
293.1990212555975
204.2527001341805
181.10330194537528
227.79767178255133
198.36484259308781
209.83423207630403
348.5242499144515
101.37223606184125
281.2420034307288
206.36585617554374
197.16824835329317
212.26750531571452
312.73464797006454
213.82808463054243
241.64257678424474
221.99218318762723
299.1485315049067
211.62652048526797
182.80794835963752
306.4793027495034
171.22011821949854
215.45299080875702
210.6333684483543
230.68123709550127
258.7390133510344
235.2734174656216
102.69690008484758
272.27473761700094
156.14509682089556
263.80909557291307
191.92601182730868
259.5338290121872
199.2201125745196
293.6849146535387
191.37651270953938
171.85900551697705
280.14885736617725
216.80441209231503
196.88671762531158
161.38611794332974
252.24425970006268
319.8870890365215
178.97231624950655
273.18189468153287
168.38894144119695
201.2369551777374
199.04275053960737
170.37092999042943
290.70026380661875
138.68700609426014
248.13484541361686
206.93644986557774
217.06188463664148
183.7022786475718
277.6705973255448
154.45625959301833
274.2414562306367
214.4942170965951
100.18412782601081
305.89078350237105
192.39953267748933
244.01633789774496
241.70009251357988
264.94698361936025
164.8168220736552
332.0908576557413
157.43115168844815
219.74925892462488
174.38924800103996
176.10029810015112
333.80973130231723
161.99642960436177
232.37801163084805
283.6532608802663
228.69785954162944
189.47203205095138
225.07159839500673
199.1737948313821
263.84452783782035
181.54996826907154
280.8301974310307
224.75488827459048
227.7123153982684
235.93049677461386
211.0485699956771
224.46583872195333
258.0892684463179
183.0236782297725
223.73688937711995
248.04306569916662
163.67974791652523
200.71704785327893
321.1999252430396
141.67304106161464
191.34611258283257
264.70416305505205
323.25420709024183
136.01358083926607
186.91814404877368
322.2323768020142
229.88773703644983
264.3685914678499
200.63667427294422
202.68031464144588
247.69326544285286
253.44581835565623
176.78619379526936
226.0615642539924
152.29499940609094
214.6906513449503
171.92957139667124
284.69089294807054
162.85520519281272
201.96703681978397
164.25409398472402
280.5881243129261
254.41359539190307
215.77493399800733
180.3021290365141
215.45883821125608
247.9537403275026
227.8079946686048
317.3855990914162
187.63216380530503
215.12978525971994
477.0103299372131
94.81391843617894
377.84935023006983
97.26124398887623
225.0331893877592
294.76294543012045
204.5481415380491
174.0174110061489
250.48190422763582
177.10798825032543
220.93151135917287
223.07206934364513
240.24319322023075
234.36657589336392
293.07718296768144
338.4185968245147
139.1947133160429
217.95575120823923
316.92015771137085
148.43070947309025
186.47852542891633
173.33213942032307
200.28868225880433
214.98760897980537
283.79900139477104
248.60561305982992
159.04474773758557
236.5986705517862
165.52047960658092
314.4885722345207
185.54876468493603
137.2233384589199
248.02425574476365
231.9692677804269
185.84372264216654
248.11339725391008
223.62280925747473
161.43248418939766
260.63987871899735
176.62200691457838
202.1672227163799
225.55954622337595
216.12808614748064
301.10146522778086
169.2891971085919
278.6360215850873
215.73027735494543
217.9842638602713
228.9431507269619
197.69158759445418
257.9236124167219
220.00119398138486
215.03825237823185
220.5397452157922
205.89201902400237
244.76138181984425
126.53401352267247
239.203785386635
351.2760887144832
242.4149859471945
164.18364942877088
212.39704687520862
210.0850575226359
259.60626479180064
181.88094750477467
286.18861663807184
210.92743924784008
288.40593770868145
272.1998722795397
230.83556088851765
198.28748907963745
258.02676123951096
230.94834623823408
193.37998564180452
216.01100396190304
348.83023440639954
149.9894176418893
219.1087522705784
162.23607977898791
319.40449848980643
147.77678844088223
314.52845250815153
145.86041736393236
317.9374813711038
173.43372766429093
365.91895141254645
246.66077880712692
206.33456403715536
281.9160633899737
275.65723694243934
198.38063064252492
211.4694797025295
254.41448402183596
201.31123377988115
180.5077962622745
190.86250538332388
336.2311608105665
186.1888013118878
170.74943702411838
293.25321539945435
173.95656555739697
143.24837521172594
254.81142834480852
262.71835852612276
275.0443645452615
234.16435592225753
181.56238033203408
268.9235541296657
188.87008754559793
330.59495582128875
152.1743857145775
204.69165184604935
249.03763924329542
207.57601303898264
237.59384715999477
272.0012073867256
227.75673751207069
193.02708956156857
221.41467730363365
257.22677442315035
218.80804060562514
233.47561416379176
293.49885308602825
168.48382607952226
200.75288827123586
219.36866024439223
287.0880428928649
190.5176763953641
267.69627190590836
145.63881618529558
214.93503923155367
188.62978473701514
311.83263340906706
134.0706519127125
264.59589224669617
298.5730555377668
139.40747454750817
315.55669373157434
128.89579447952565
266.3926407735562
197.3185701359762
271.3031486464897
322.33107853948604
175.67360564426053
257.7798280841671
200.58269785146695
186.52723831287585
215.83326261630282
359.52283178735524
165.13447355444077
219.09467712265905
272.48539233824704
228.18507126916666
164.18288632517215
201.02997150924057
206.91071410302538
252.0798965942813
217.17163929867093
222.80943141446915
210.9446378350258
327.96312757465057
166.25848349789158
180.12176462216303
237.12557664327323
224.19102735666092
201.49001196026802
255.3710389160551
219.0219975617947
175.7437161646085
229.46923730848357
217.61654661758803
166.85290283861104
173.93129823787604
223.56873060087673
265.2914288974134
172.1395616584923
248.44205885345582
266.3441624279367
236.8622890280094
188.01825373875909
157.19387372920755
313.76124210411217
200.19878082361538
192.82809854194056
291.58535249205306
224.20783506834414
177.57655445474666
282.74156025168486
149.73742837633472
248.87832680495922
162.93299578211736
260.64372319250833
178.4389768175315
280.1074486115249
155.94812513666693
233.64352566574235
147.87269153725356
314.66302397474647
220.82904535497073
197.3227454685839
139.5183749673888
226.54621162754484
232.0506003552582
175.78805223247036
210.85026479745284
260.76818418723997
185.04966746503487
212.6703220604686
276.9505646334728
137.59752291988116
250.1841479577124
126.46678263286594
249.30767464626115
259.5054518204415
226.61856280453503
280.95975383988116
175.76931452995632
213.66885385580827
328.4079089711886
132.86737542692572
232.39053787698504
175.88593118079007
210.58580239291769
194.1689797914587
272.58442197262775
251.6374149986077
201.1129649381619
149.75915024534333
215.63127462752163
327.44166607095394
155.20962984964717
272.9520488876151
306.64300317689776
190.11554973991588
228.98058458778542
296.88193767808843
143.00350140046794
250.63223949458916
211.90947888651863
245.85185080289375
168.68570729577914
167.25089050643146
358.0372926485725
136.93539717060048
291.5711242997786
180.49324041535147
294.08885436481796
252.16458432900254
175.67796847678255
214.94019861263223
166.8014739669161
212.63121946284082
227.60230083356146
300.07539945468307
229.51484361488838
168.5101161567727
237.36297563416883
242.40802599920426
194.05526357947383
281.55399400531314
155.40072360669728
175.62190992909018
237.466310570715
171.7911615925841
250.49509526300244
194.62061448849272
189.66697909426875
344.5548690203577
155.45102148666047
222.3375244755298
264.35618483414873
181.57854713057168
280.6198976485757
263.5086339546833
198.81729799380992
246.16172592225485
165.8725821664557
219.9520379465539
169.02027407009155
228.99369338876568
248.9616745254025
220.55286206735764
110.90090973756742
302.43084045045543
252.80151110875886
275.71527853875887
155.5066128158942
184.64896832953673
190.71946531836875
241.729890579707
186.91416374221444
270.2630810822593
210.99153466243297
185.8033452917589
171.32523189124186
225.34197211975697
183.45873971877154
228.2658639063593
290.5059432112612
202.0493447945919
204.76298749796115
273.69025809213053
257.2537771197967
325.7289842538303
97.4157875844976
220.17696065607015
179.8335930745816
217.34033347922377
278.2110833436018
291.75073750689626
249.17271788290236
291.3546023538802
232.43269431067165
224.56886843277607
153.59656057064421
274.4508153751958
180.97879640420433
190.50148947234266
268.59957541374024
153.85933614976238
253.956453900435
224.40637805103324
226.62528747855686
287.93107515817974
183.66676082555205
220.8505193447927
249.990543872118
233.22425093117636
262.60017784743104
232.9829987657722
157.97979895176832
153.64824725454673
379.36695352196693
294.27766236674506
68.08494409790728
250.27716334641445
332.33467544661835
299.3810176500119
124.95715185429435
260.5319680508692
170.83399783202913
317.4482208659174
280.79106704192236
280.3168544424698
176.13877885683905
295.4339184642304
200.85517682810314
330.3174842018634
265.5296420257073
242.1148167088395
182.99403480405454
245.39086968754418
160.16182728798594
192.7375052511925
214.50074545433745
175.5682289908873
229.45699094957672
202.14076251594815
208.02483230701182
242.8757243854925
193.41064020164777
222.9459748720983
217.10465980134904
182.2921563810669
265.1447179839015
223.1107819348108
176.85487913887482
244.36362126772292
180.46775982365943
166.82645790243987
227.6428451356478
159.78716036258265
243.81983418983873
293.1549604550237
126.13167631893884
375.08968828374054
226.35405895102303
144.64600234804675
313.88684460893273
248.14899781846907
164.31680557702202
244.74273320578504
176.28181261150166
269.19638736650813
165.03415542456787
298.5826087546302
168.66492334310897
261.52215289184824
222.29209633974824
180.89243996154983
357.851795591414
188.83292379183695
157.56813356105704
252.38412384619005
203.02704864100087
292.9233675993746
108.44589218706824
307.26730570057407
128.7828802911099
228.01195974380244
232.9110173023073
272.5569091588259
178.77714362938423
178.38409510813653
209.34912100445945
216.43483064172324
233.89233073533978
204.12888410128653
256.6500493179774
249.52337474143133
227.9701229414204
175.28925515408628
292.5663507821737
198.39641429518815
202.3933532742085
175.8689489630051
202.7080781882396
308.64302160940133
170.19539835001342
228.0416275257012
296.73044436366763
136.48063635081053
205.9931895333575
326.0331748086028
224.04414898424875
215.51027103920933
196.33956175623462
188.55526537809055
320.9682796334382
108.24667700822465
271.5839599221945
220.56147289823275
171.01551976625342
171.4200064879842
253.41744609188754
213.90784612391144
144.10317544615828
270.3221990612801
303.91486360458657
161.52961103245616
184.58688868873287
331.24089519819245
192.30278794106562
234.52005676995032
220.10525986307766
231.7165051678894
196.55893836345058
228.47710615966935
247.6834148861235
155.4550321456045
198.46610529813915
217.76753455435392
250.12840526353102
104.16423791088164
332.06256159965415
118.71921571902931
273.75490840221755
212.51075842487626
281.3772610974265
207.41492478596047
199.03304560889956
125.14533720444888
230.3526581408223
235.7386083311867
272.2671735135373
162.6800933770137
328.47661565523595
308.7360439389013
123.24271471670363
217.70177642081399
324.3149079234572
127.79582738422323
240.76293381664436
178.77257210214157
305.4838958992623
207.8385526506463
181.80004553170875
253.59488907421473
187.72705123620108
266.77043813932687
249.1640044057276
243.46479720738716
187.7516923150979
269.2956605042564
349.84789549489506
195.89515336917248
274.23653395532165
245.74513794947416
251.51877055875957
304.3070216845954
152.7510746526532
270.00807541259564
192.34491386287846
200.606875856407
279.34646093205083
281.56762788281776
168.9388557021739
288.0467315830756
214.44208845018875
208.1507113261614
201.1878279382363
266.6735272092046
188.67314450396225
288.6870511472225
364.072354351636
108.92936352442484
240.12156712892465
218.70914435363375
235.9490095806541
173.2435445135925
290.0915750886779
201.25832395639736
269.98368470103014
267.6471543906955
187.10044760198798
226.85864522727206
356.141122573521
175.35793679964263
172.2754168799147
243.13186431059148
269.75804035470355
206.1615282095736
254.7671010090271
307.3681373583386
233.36850710457657
220.80490725289565
199.53425455081742
318.71377463440876
204.94122397550382
204.01869273302145
262.9631020561792
184.01061313645914
185.63111425447278
191.04936380882282
331.667584217852
132.53174450807273
265.0519597309176
214.63257943291683
228.51748484768905
221.9854841332417
164.14221991412342
220.69579099083785
232.0149464327842
215.3600900565507
220.11079761350993
271.1372509418288
329.4301362588303
79.14182188466657
227.44301920197904
239.02405805827584
240.90990695089567
197.99418496189173
171.13272079755552
180.40296156401746
278.5660398855107
136.09760952333454
350.7226235974813
163.5863859349629
204.16894127917476
205.32660684769507
254.52517717785668
213.9104652783135
274.47639508883003
255.88461661536712
187.58447246509604
113.57652234146371
252.20214634749573
168.7098061334109
385.07771259592846
119.42139379039872
217.56583865871653
287.1797110150801
130.53863672656007
185.78587799402885
193.23451065958943
224.53910661139525
339.9664499728242
129.73957291524857
285.82337721658405
266.70876048412174
315.6248394731665
211.0007491306169
153.1187956490321
252.25244065152947
235.94209979800507
189.25141673302278
164.78410342952702
211.4164227177389
221.85346352367196
180.7866337504238
231.97242187149823
200.99688504566438
217.70710524346214
266.66939022240695
199.13613151188474
207.4242209722288
225.3104370861547
254.1002901691245
185.37534704373684
229.37575151992496
166.26180371653754
278.3694989773212
133.0817062741844
244.89864892419428
195.92286476586014
231.02396825270262
182.66786326712463
253.55490346078295
180.38559801853262
296.80881611933
237.02322290220764
128.7660719420528
225.19692333834246
189.52902793232352
337.4035594726447
165.1159160825191
195.5011488351738
267.3060232719872
245.3082776326919
143.83960481523536
300.62503591459244
242.18440688378178
272.7010050169192
190.4488124161726
222.3997732452117
205.94630373769905
294.7718359490391
277.0075277790893
131.5331076249713
285.24049449083395
277.6498389565386
259.263124375022
197.26224885322154
240.42640524706803
180.27465632092208
265.867312886985
209.55224778642878
191.18066954566166
259.14441862679087
183.20497384434566
372.9354998411145
185.55735616548918
181.9199875392951
336.3847123954911
236.91499376820866
166.84304943843745
249.6024435047293
334.22916192619596
165.58056136243977
381.75784138194285
182.88777896307874
187.52202394488268
209.93040833366103
242.92022544553038
262.7926972868154
118.28683687467128
273.03529941581655
213.10789304506034
247.93502362724394
241.57314704009332
222.2900019058725
206.10483989946079
239.21960193745326
205.73229945951607
146.12707738834433
225.86558096623048
254.3101916668238
221.37744864437263
248.0735448092455
167.50023966562003
246.99665395298507
256.2564905312611
254.05967389850412
168.33947304193862
160.311521778116
276.89635307050776
183.67010899819434
208.72971607279032
194.4835712601198
347.6433222597698
108.14580397016834
331.32808622927405
186.86802052974235
224.20675719494466
258.2301561293425
364.16518444614485
219.48327791667543
225.96337692136876
240.7376085827127
181.80083043989725
307.57355056493543
146.06019872054458
223.28058644058183
225.29409474192653
227.26920545042958
354.25441827613395
150.93503552943002
331.13739907811396
165.08999754895922
272.67028515262064
165.5172358219279
211.77110791322775
276.43192468455527
251.7370831859298
226.72713968669996
296.89869859756436
219.58321287645958
284.35961461719126
113.76549472741317
245.61300064541865
258.1432107628789
170.87007911899127
340.07389892684296
132.59538041171618
187.73486664670054
157.39318520599045
226.37767135619652
261.9254470082233
229.84585511509795
230.8852311783703
289.8073720919201
114.15872954344377
197.6420249901712
221.4354417938739
262.4941015802324
183.78617531002965
277.0847555670189
205.6914669953985
203.18193893320858
230.20523084735032
352.8029191484675
97.1529894839041
216.65107242087834
329.90970299602486
225.07657289213967
180.91695415077265
199.2888564656023
222.5587398976786
191.32060810679104
269.1632812328171
238.93497721746098
230.45932224288117
139.11125942284707
255.34939879423473
189.46032788115554
304.2624495130731
174.24478570220526
215.12821331212763
242.70897067221813
166.99088256526738
332.76925111946184
145.8021273901686
209.5436329973163
206.52657030301634
262.80300172779243
199.34340854617767
315.1583178443834
201.2954465355724
258.79541593266185
143.5825226206798
184.1142139225267
205.6532355870586
224.3453662255779
249.41491876041982
184.7602652409114
190.05027572950348
239.92301073344424
233.4309658597922
218.77099694986828
279.8694179088343
272.58718658902217
211.82631821616087
185.20040844439063
244.0973951680353
230.2783798542805
162.2557158494601
155.00490595714655
241.8810522739077
193.37740980123635
286.39691421808675
145.8900075154379
292.2672724260483
194.76426175085362
235.6751015865011
172.20206056931056
260.65060937276576
237.6311549663078
199.90092188096605
203.7083641856443
288.3620616981061
129.30823456996586
245.3617308200337
195.07287176221143
197.16599236393813
254.82075188378803
185.67786048189737
173.2641488404479
184.72285248734988
223.22314728971105
185.59796417178586
190.83288171270397
218.4447949792957
192.53692184749525
204.2147769003641
228.56315182591788
292.9963431629585
219.91934145556297
189.27710675250273
270.164723824244
140.14706721622497
250.65701908664778
167.43937528994866
181.3532935489202
243.76259330136236
184.67142689065076
189.8458131243242
289.1742355437018
198.17598486423958
261.626417066087
103.46709526318591
492.93190488009714
180.5600472149672
172.97750273544807
286.8542536468012
215.74332767759915
154.18835145700723
266.6851279255934
228.6171036324231
145.20972630672622
262.66616256767884
226.93294917582534
184.00149345747195
303.1877300271299
175.331808253075
222.85838111804333
166.97213501832448
238.55613841873128
142.4898211171385
266.6868352906313
276.82335775427055
220.75278254086152
299.64729192107916
210.92324799357448
241.6354819565313
228.6062000936363
222.006375457393
308.37921938824
232.00105150649324
94.00649510987569
227.18657950439956
255.79643359477632
150.73570372443646
265.63092502369545
214.5966165305581
130.89897697570268
369.52457475382835
190.79013085446786
278.76543172146194
207.7870645216899
256.825035411166
270.8480791763868
206.54235187906306
239.04544978647027
130.29664153559133
216.16674486070406
320.59283899574075
289.1117432762403
111.08962199359667
205.84139108692762
293.75291308690794
327.1876580499811
208.40654047462158
166.72098915860988
205.84524158982094
238.50007013592403
168.00401529471856
278.7589526415104
158.14471934293397
331.2788049355149
181.17434305429924
203.57390056725126
157.1239807594102
231.54246374196373
199.69492225768045
265.3107130486751
244.9123001404805
276.50566461507697
172.99134884774685
277.76461181859486
215.5691372018773
232.9221487105824
286.5725313483272
213.31931644980796
267.0101566191297
158.615816838108
237.01212923205458
186.45860099419951
196.3160571899498
228.54930478800088
216.39382181118708
215.09960870351642
176.61389703385066
268.7484121203888
191.19227768701967
196.64689517137595
188.85208259348292
310.67810397804715
170.13832238363102
254.47614241181873
225.18043885880616
202.4659485464217
260.2849009355996
191.82707895338535
257.18102112622
184.3449220287148
243.21709223417565
306.291309979395
265.84096253907774
277.9013112025568
185.67626588512212
291.16514320042916
236.71023967501242
185.0119567173533
186.49238576297648
347.37278720305767
172.26281981391367
256.56731132708956
313.3514053527033
107.24896209093276
230.92895366996527
237.93818284757435
291.66634792566765
101.57974170742091
244.94770903803874
226.18246785504743
195.40998470422346
316.95309885730967
133.73363839404192
226.82321058853995
145.8225717965979
199.80491740861908
231.50324056099635
303.0194847250823
133.31799201888498
224.02848135784734
205.79490586812608
225.95649554685224
425.121442440548
180.19847991445567
171.86406416096725
202.95106653752737
227.1668246802874
200.10719695943408
275.48439908609726
206.93061495991424
195.04724116355646
344.9710935567273
199.90134485112503
214.84326569351833
238.78506271727383
292.04075186001137
193.24850217916537
219.34471840795595
229.26463272690307
135.75957291934174
297.29816076206043
200.64138148678467
146.93847227143124
317.936849736725
362.7924748006044
104.44622757344041
261.97520299628377
235.69238947110716
280.3626817117911
158.6935245813802
253.04797313245945
286.4025285905227
104.15699176548515
231.07034043746535
243.91555386944674
165.49630112654995
312.9714737251634
182.3675152627984
185.5620958196232
221.39039931760635
168.35807444166858
207.54666567232925
187.6322925137356
180.93161926500034
309.6996309137903
202.12018548953347
189.20673388044816
265.8584450893104
225.45132825511973
231.6387762937229
230.67492585198488
251.08738728764
193.7468747110106
203.66971625911538
195.0333506137831
187.09546341083478
263.1453598161461
205.1805071432609
163.9303780834889
336.203044414171
96.75217364728451
340.98969139764085
290.7769389571622
180.2176708036568
284.8267364834901
184.26118923409376
242.17603881261311
217.82530876912642
216.6708110430045
192.89699961151928
200.4744890757138
211.62174437905196
278.4251651103841
224.0038105821004
167.16923352133017
375.0097689641407
139.31919960759114
252.63383897568565
243.64135110389907
170.99016324034892
208.7536058537662
251.58628639322706
270.63094391545746
130.48826932278462
197.96163714688737
315.72600498236716
149.65920043864753
240.73469281604048
224.64002690766938
240.5904206042178
144.46512625040486
201.0296957042301
245.73157832003199
286.5942908129655
188.00393400748726
286.2940646010684
156.62934694101568
277.1774003470782
279.94434349786025
221.96447837445885
182.473437451059
302.7556294510141
149.47974624927156
217.5506053850986
230.84640017920174
194.8373845659662
198.42033025890123
336.49981115711853
236.72205097728875
255.37529046542477
241.06301011878531
221.490917873336
225.20322956773452
202.79394060536288
181.25521682517137
180.77680790424347
283.05196713632904
227.20002000813838
224.9188066443894
241.7135118797887
265.49610969622154
235.7646466565784
212.83287666807882
131.42203911498655
257.0224332178477
236.66964468243532
159.87004178669304
255.0922948322259
246.15904102358036
323.4271431065863
106.06547235953622
242.26075441134162
267.62087926489767
161.99793479044456
183.77566070656758
282.08758882561233
260.25911213166546
160.84515442035627
186.43330681149382
216.9480610609753
192.4032810286153
253.7315637312131
328.3050864712568
112.71893878199626
250.6415362196276
250.18867887125816
194.2086228238186
277.2218410114292
189.81970671075396
179.19894203764852
269.4826383537147
175.97129905526526
190.35879117017612
201.4257754809223
184.46928581921384
203.31086231127847
265.83097299572546
230.5560399069218
211.86014903883915
258.87620581733063
140.0605072590988
282.6140117618488
192.6116506708786
315.85941716784146
264.3262372936588
207.17995884700213
203.62299792969134
218.86008961277548
249.3293885147432
180.36813218554016
200.74316780583467
233.37272956653032
272.56828120327555
204.09369477268774
387.7240145255346
127.8873839554144
215.95345782116055
220.36749846790917
203.4118956795428
285.9661503677489
184.90009806409944
312.6942314567277
391.8252171797212
214.20409203355666
79.33578631747514
228.20477024815045
225.4601784554543
240.8228795195464
170.69104600790888
198.50252230965998
244.83171812433284
160.02345971460454
233.61063904338516
178.75773481233045
299.60283266636543
264.34470449457876
118.10024738695938
282.09993276465684
231.34561064466834
230.39785170531832
265.09939653007314
263.46076006803196
184.27270789188333
228.58174035768025
206.79966041375883
243.31024145253468
147.59664946538396
281.65256093849894
250.1544127134839
310.68151954433415
160.8964093318209
215.49012374831364
229.25540951627772
173.81561659870204
273.54801830486394
272.0768866444705
137.9967401503818
259.2501855044393
203.73701895971317
290.0379355670884
394.3792680394836
169.09446731372736
178.42498873046134
278.0811196072027
258.00293692410924
147.00309585721698
206.85376229893882
269.5398753216723
243.13024486694485
191.73582151241135
183.83376945718192
225.85332153516356
242.00715271453373
186.99236477166414
233.96045787795447
235.84432319866028
204.43494228529744
277.70916834054515
257.9114797079237
236.5333018520614
163.66975807247218
182.78055029537063
230.00163419893943
255.40308521094266
221.87183424993418
163.7671040382702
347.4702826309949
93.10362383991014
243.9440355990082
208.99034556397237
169.28568078752141
290.34424819331616
193.77059867593925
195.35035252920352
337.37438337958883
248.76530003233347
191.85430979414377
225.9397738140542
265.40103382756934
251.6676184835378
176.41472812660504
206.6741300439462
181.74821441515815
233.22481837053783
328.77291767986026
280.179354961263
199.36999597703107
173.1422924969811
231.6075319913216
300.8677616016939
244.98475074814633
199.863187189796
218.98763338604476
218.014165240922
181.84414467262104
267.6959041953087
178.64822256425396
291.3548862193711
184.69484770449344
196.39888973464258
204.31722511269618
220.7369986004196
135.63530210300814
236.9080558968708
290.2831835949328
290.7655616402626
338.6668192463694
239.59203134453855
137.51869798044208
186.52404592279345
285.3061423986219
151.8358890709933
186.70000491593964
313.38482127082534
173.44837458850816
185.09997169708367
324.5205125834327
135.15210719278548
260.40474555583205
159.0283900341019
198.06514046608936
194.96342015569098
285.03545315878
244.45767571846955
279.2302771714749
112.50138615688775
297.60773435025476
167.2349060639972
302.37742461811285
194.43365259759594
277.739362512948
426.4402259965427
118.85569520865101
226.34034508827608
201.37275138916448
240.01620768383145
140.04901351139415
244.35928278591018
187.54547807236668
213.9594690328231
172.70546657114755
356.82751821156126
189.12202273716684
197.68498974549584
184.61462951544672
334.13540711067617
192.49347979435697
174.04242228798103
194.72677962109447
268.02798998972867
132.8742190139601
290.1610603609588
185.2784521871945
253.40128298779018
203.19842279457953
194.15884554001968
230.7239623654168
210.6625307330396
176.56290159665514
258.3568097172538
380.011330464622
143.69346233678516
197.65873678203207
215.83719507348724
333.2741042204434
130.0277672871016
282.5532199010486
173.98085276258644
191.5226764677791
244.74115946190432
253.6516497868579
187.83298589964397
193.15965269401204
232.72405427182093
213.1168321998557
218.66689014283475
178.1153123433469
215.15002619032748
206.78832068364136
302.6666085142642
204.04291167098563
180.73764256574214
227.4413721067831
192.7228471249109
270.5211155891884
209.63713984040078
197.36115773615893
215.8468799784314
308.2927039557835
274.23366550169885
162.05326507531572
190.1084819600219
274.5583495432511
211.39745839836542
218.83289912354667
238.2611968605779
200.446035140194
171.47849736968055
410.17202038888354
98.39270564599428
221.12888304400258
219.67435902764555
229.14540342183318
155.46314080129378
187.13025072496384
267.49891602329444
185.67820474738255
200.14034824888222
216.57656126795337
218.20763548265677
223.36754454276524
220.86676641798113
215.87198937055655
289.8463083974784
209.30201103747822
299.82715448655654
133.19574737967923
240.3999618096277
181.36454349686392
218.35732234606985
283.11753944063094
289.30463827960193
126.92514835414477
166.2035478760954
344.29874088498764
119.7982717215782
251.8309551879065
431.0039463331923
95.54980142996646
239.45691554585937
161.9736068971688
273.8031786181964
140.47541598731186
215.59964535397012
232.18772377015557
163.30433647544123
254.3700579594588
133.04679775377735
203.84323345765006
296.8823637497844
125.95296690717805
220.44493879633956
201.02337421488483
214.89756537473295
233.8275241209194
219.86521346843801
207.0432713170303
212.6495423198212
202.87259549694136
257.9031052213395
238.09604507044423
158.62623509264085
222.04019097413402
309.4450518627418
183.20739450491965
210.13070439815056
234.8244912205264
162.48068539204542
234.7880015061237
247.7992867839057
243.56643260549754
134.2836655935971
234.69872496649623
515.8616013394203
114.86802814260591
178.7683390371967
206.60204514162615
235.20407516881824
194.0138967804378
214.97900181054138
248.9920856009703
169.962059345562
312.2834739458049
187.94883165683132
231.3394508328056
185.29520284710452
392.436819827999
80.52601514570415
252.9562785436865
221.55215177312493
232.56508167181164
149.02925330540165
254.47647022723686
241.2831028526416
289.28528518404346
275.2191944308579
227.3896709814435
275.63965598179493
149.993327633827
278.09592504112516
297.54493824159727
238.57535257237032
236.78644790221006
203.1758411609335
285.3836177092744
170.521310885204
299.5555021787295
213.74615856306627
214.4760637350846
270.88298633426894
180.21268047997728
138.57293322705664
261.3172841644846
180.59904516977258
238.0408771474613
137.85322076734155
364.52019889629446
206.6516642938368
179.9157368359156
233.87769865232985
300.07913342549
73.79712475277483
258.9760711588897
289.0784581330372
142.02042537508532
168.8706367572304
298.05896219820715
292.7723808661103
211.14320765645243
205.8680805619806
206.03366073488723
189.9841223222902
205.37111994693987
291.8937458571745
105.07943251298275
370.76374790398404
125.41172181325965
275.00043087021913
155.2088452882599
172.75790825206786
200.5475395831745
167.7034453221131
233.34451931039803
180.24785708403215
355.31262926082127
120.77697214053478
329.7817323645577
202.41491544048768
219.03392391267698
212.8743384272093
239.01549503172282
242.71604518347885
211.66635729244445
180.59299760323483
243.3421151743969
266.0560671653366
319.50124942639377
154.9985344671877
207.3485752546694
342.8161680137273
128.39639389363583
198.70721650344785
414.76837257051375
193.8165248790756
202.63850218907464
217.77520561870188
189.83480192825664
190.36534491030034
224.26497233868577
291.543557476718
155.40924717590678
161.34291581553407
264.929111522506
143.62109527841676
266.43794590455946
204.36011478083674
178.6058479063213
214.59644390631001
224.484912601416
174.81799722381402
265.5916250554146
192.67970565648284
189.96535743179265
170.67014702351298
298.2438225073274
147.58988495345693
222.77624921279494
289.7853089045966
256.8345893776277
235.86510027886834
178.65048720513005
398.81438630691264
117.37089772953186
306.05819178489037
246.00687068037223
163.15211691474542
258.7525847851066
334.5179495527409
158.72227826237213
300.70001947518904
286.13772396813147
259.1310164096067
219.8636702146614
138.31527281238232
272.2247623637086
250.87197792250663
191.03846637287643
195.65007191640325
197.392552581965
207.3042991629336
203.72851987101603
436.40652709570713
118.57216990552843
205.02023171039764
197.91901956836227
276.6526623525424
207.2539384769043
229.40158392244484
288.8675964786671
119.8863388968166
258.85825435246807
220.6341994786635
259.90413164370693
161.61111731932033
234.90228619088884
293.96113313443493
189.45785205753054
213.30066766613163
240.00991613441147
193.18410639138892
295.6500625620829
210.39753564319108
240.160914424574
207.3960525112925
163.33660522964783
228.2961437794147
163.90243501239456
274.3492123404285
378.84499211923685
127.08705279650167
223.14766856725328
246.88623905007262
184.50307018472813
267.84402500395663
245.2662839901168
259.0487894206308
168.0948521050159
192.62572842743248
226.2193980999291
176.6268313874025
249.93484518304467
184.01682434079703
243.0773737624986
207.50109043088742
209.98330198402982
329.02984808571637
219.77434186614119
299.88339568895753
237.30214772280306
258.5946412726771
206.42490588140208
200.46183164126705
173.04557495424524
159.03366468206514
218.55378987605218
235.88929341791663
150.86051507131197
298.2684749175096
207.73755051381886
237.57665819325484
343.28238355217036
162.11621113994624
188.04706061829347
277.7838758082362
211.9201904621441
229.8776666834019
276.3139469199814
288.2034227779368
344.6019184498582
103.15136323904153
214.5831025390653
206.18434541334864
225.86842388752848
207.23490610381123
281.35180418007076
224.9566890397109
188.42065317754168
206.22125621233135
244.3580742921913
244.61617518495768
249.8810468208976
185.30938066157978
184.22973289946094
224.34597567585297
190.0797172540333
217.21263582853135
266.5845665676752
183.1818452971056
218.72550830349792
136.89131778862793
203.62374949280638
249.4112712017959
215.37233974027913
184.61470741045196
201.63972216972616
280.09224686864763
255.90482893306762
180.36758299777284
242.97484301857185
228.7448901560856
243.9718896674458
169.87720108265057
277.7737124960404
211.60694249498192
179.96811083285138
326.7677460089326
