285.43705800093994
285.4379589991795
285.4384869520254
285.438483161216
285.4387162341518
285.4381609169095
285.43878908427723
285.4383266710047
285.4388944638504
285.43852307419
285.43890540480606
285.4384189238308
285.4388886412762
285.43893544219645
285.43883853770785
285.4388982167966
285.43838977545056
285.43888383229205
285.43885355045677
285.4388470499998
285.4388934777526
285.4388814188551
285.4387680064392
285.43889008726
285.4383163765633
285.43886425687015
285.4384473498394
285.4389436057518
285.4383245021327
285.4388654425493
285.43844709465884
285.4389227505835
285.4381179815955
285.43868634149294
285.43890342955456
285.4384325533465
285.4388990487387
285.43895668839104
285.4389997835915
285.4388423585424
285.43839430520165
285.43891570647975
285.43898935981633
285.4391136317099
285.4388893594114
285.43822932008334
285.43888737084853
285.43880178627296
285.43890797823406
285.4382860761434
285.4388550358344
285.4383938007886
