275.98912669518813
275.98801860884214
275.98879630769534
275.99093333169094
275.98738585227056
275.9895695269697
275.9862938411361
275.98903792791043
275.9859036347016
275.98937202353864
275.98839581565517
275.9889012772528
275.99011139328104
275.9885437288194
275.98776395747336
275.9843770542684
275.9890804187653
275.989250883591
275.9883722802606
275.9883862476963
275.98874011992484
275.99231252157733
275.98803437974493
275.98761654101327
275.98878157801664
275.9895974583942
275.9884978751743
275.9887816804203
275.98966834920066
275.9885609627927
275.98882294496434
275.98926629941525
275.994280584453
275.9891300822874
275.98858923092484
275.99048239802505
275.9874794227526
275.9894792029063
275.9887257046157
275.98918256554134
275.9932230526647
275.9877841024827
275.98864520527786
275.989188542364
275.9905778737193
275.98749349170976
275.9895097137487
275.9890672308575
275.9919064807764
275.98773640291984
275.98868274182314
275.9890902505431
275.9884923104946
