187.03447833691644
187.03387602820567
187.03459097683663
187.03120172425497
187.03438854269734
187.0350581973571
187.03446770061964
187.03382513259567
187.03326689603637
187.03505717237385
187.0344600321905
187.0343778742872
187.0344223291586
187.03432494960543
187.03509220571596
187.03440781412155
187.0350488075792
187.03448534120798
187.03389434224118
187.03379658523227
187.03440074427817
187.03448591336746
187.03389709721887
187.03376506222048
187.0343993382303
187.0344868331722
187.03390230670811
187.0328167749867
187.03451337110346
187.0340111880505
187.03452284264313
187.0344133895469
187.03450166286348
187.03401129133272
187.03452250448572
187.0344139278168
187.03428034510398
187.03508484101621
187.03444503385253
187.03373310820825
187.03498120307086
187.0343324607711
187.03508459850673
187.0344436638934
187.0337289277395
187.0350091305463
187.03481750111314
187.03439547058406
187.0350579024871
187.03447954414696
187.03386230988326
187.0344640292169
187.03352248372903
187.03543765263203
187.03433467169998
187.035084032761
187.03444449349809
187.03373151375126
187.03499205216576
187.034209115287
187.03509571559334
187.03440485624378
187.0350514974525
187.03448421010398
187.03388701269796
187.03423772907627
187.03528712176194
187.0341178357594
187.03456113759603
187.03365526264315
187.03419017699343
187.03357264013903
187.03387917155123
187.0335320004706
187.03544100912768
187.03432401323153
187.03508655563928
187.03444068941099
187.03372026273792
