271.1856848594598
271.1860537997254
271.1861887675477
271.1863799022267
271.1863590633566
271.1864192719231
271.18644105907697
271.18645029061827
271.18643482496645
271.1864023655553
271.1864570941598
271.18644620875693
271.1865155573796
271.18645690781705
271.1865208345589
271.1864748547596
271.18644703093923
271.1864691215578
271.18646872872705
271.18646942996565
271.1864668712933
271.18647666060133
271.1864604206694
271.1864548923495
271.18645062373616
271.1864649789368
271.186469515671
271.1864709614474
271.18647025091195
271.1864813954762
271.18645098904926
271.18652537615526
271.18641296363603
271.1863746183426
271.1864506463462
271.1863716605385
271.1864122868192
271.1864434683084
271.1864107374968
271.1864155816711
271.1864665965186
271.18644022178887
271.18642848471427
271.18647620558113
271.1864700554397
271.18648937692706
271.18644692107046
271.1864075893973
271.1864100297644
271.1864524010489
271.1864280478512
271.18634273309726
271.1863549756017
271.18640324426815
271.18645461950655
