158.4743556586218
158.47434201178294
158.47433019981145
158.47431956938817
158.47431043565848
158.47430217473902
158.47429488647686
158.4742884961188
158.4742827893324
158.47427779582904
158.47427337282716
158.474269454171
158.47426593388718
158.47426287498638
158.47426009678293
158.47425768233006
158.4742554984241
158.47425356490567
158.47425195412143
158.47425048551486
158.4742491047473
158.47424786124247
158.47424677232084
158.47424577086713
158.47424503976072
158.47424425166173
158.47424360309924
158.47424292766846
158.47424251233133
158.4742420658422
158.4742416173467
158.47424119672542
158.4742409264527
158.47424069028602
158.47424022032465
158.4742401303265
158.47423991732649
158.47423975321544
158.47423955157683
158.47423940826775
158.47423930925106
158.4742391607324
158.47423906149197
158.47423900205104
158.47423892862753
158.47423886959405
158.47423877454275
158.4742386935195
158.4742386373655
158.4742386389771
158.4742385835416
158.47423856601563
158.47423852299835
158.47423856746718
158.4742384977908
158.47423843500837
158.47423842183525
158.47423838205032
158.4742384080546
158.47423841176715
158.4742383750763
158.4742383395569
158.47423838530813
158.47423836040798
158.4742383555913
158.47423820281438
158.47423825854275
158.47423829547915
158.47423825533224
158.47423835163318
158.474238273835
158.47423827938292
158.47423826008526
158.4742382735203
158.47423830746266
158.4742382216573
158.47423825722217
158.47423834769506
158.47423826526574
158.47423826373415
158.47423828464161
158.47423819575852
158.47423830119806
158.47423822238852
158.47423824727593
158.47423826828526
158.47423821124903
158.47423826427257
158.4742382785771
158.47423823762801
158.47423831370907
158.47423832613276
158.47423832833738
158.47423826261365
