145.5660070795293
145.56600685669582
145.5660066661958
145.5660065110269
145.5660063700234
145.56600625148894
145.56600616056676
145.56600606850952
145.56600600442562
145.56600596312637
145.56600590366452
145.56600588341553
145.5660058161984
145.56600581083967
145.56600579585847
145.56600574157346
145.5660057520954
145.56600571950275
145.5660057168343
145.56600569664806
145.56600568224894
145.56600571909348
145.56600568172144
145.5660057040168
145.56600567177338
145.566005686258
145.56600566255838
145.56600567292662
145.5660056756533
145.56600567789064
145.5660056760753
145.56600568198155
145.5660056614579
145.5660056427896
145.56600567531314
145.56600567940404
145.56600566131056
145.56600565189
145.5660056564102
145.566005654553
145.56600564341534
145.56600565393092
145.5660056643501
145.5660056402303
145.56600564542168
145.5660056582783
145.56600565557164
145.56600566266752
145.56600566259112
145.56600566028465
145.5660056736997
145.56600565435656
145.56600563798384
145.56600565112603
145.5660056601755
145.56600567116766
145.56600566989982
145.56600566397537
145.56600565313784
145.56600565170447
145.56600566208363
145.56600566435554
145.5660056552988
145.56600565554072
145.5660056495126
145.56600567002715
145.56600563937354
145.5660056806155
145.56600565393273
145.5660056493616
145.56600564816108
145.56600564330074
145.56600564662767
145.56600565801818
145.5660056625875
145.5660056406541
145.56600564510154
145.56600567026544
145.56600563005486
145.56600561047162
145.56600565517147
145.56600565300323
145.5660056494089
145.56600565720873
145.5660056544766
145.56600566564157
145.56600566938505
145.56600565938425
145.56600562517997
145.56600564842665
145.5660056744855
145.5660056447232
145.5660056724555
145.5660056728011
145.56600565155895
145.56600563162647
145.56600563414395
145.56600566242196
145.5660056543893
145.56600564215114
145.5660056580382
145.56600565387635
