224.40954097064696
224.40873662181548
224.40953760754928
224.40873427473252
224.40953591340804
224.4087328349351
224.40953453557358
224.40873184938573
224.40953375310073
224.4087312343736
224.4095333382529
224.4087308455919
224.4095329633501
224.40873060404374
224.40953278980305
224.40873046439629
224.4095325476901
224.40873031512638
224.40953261774666
224.40873028432725
224.4095322917201
224.40873018291677
224.40953253656699
224.40873020170147
224.4095324143036
224.40873017058402
224.40953242938303
224.4087301901127
224.40953230361265
224.40873013679266
224.40953248075675
224.40873018152888
224.40953223661927
224.4087301251693
224.40953249153426
224.40873017339436
224.4095322736248
224.40873012715383
224.40953245370656
224.40873016950354
224.40953220891424
224.40873011871918
224.40953257216097
224.40873018400634
224.40953217988135
224.40873009757343
224.40953252452528
224.40873019344144
224.40953214239926
224.408730100713
224.40953256492867
224.40873018112325
224.40953216281923
224.40873014020326
224.40953245284254
224.4087301668078
224.40953226473357
224.40873011415533
224.40953263662232
224.4087302194821
224.40953217590868
224.4087301147738
224.40953246199206
224.4087301455329
224.4095323416368
224.4087301394684
