275.0943398002628
275.0946581686785
275.0948552942764
275.09497526545147
275.0950472796112
275.09509002292634
275.09511515132726
275.0951298050022
275.0951382917756
275.09514317480625
275.09514596823556
275.0951475604861
275.0951484625366
275.0951489706258
275.0951492591739
275.09514941729503
275.0951495073841
275.0951495573372
275.09514958477484
275.0951495996651
275.09514960788147
275.09514961410605
275.09514961641435
275.0951496193211
275.0951496202433
275.09514961862806
275.09514961763307
275.0951496207763
275.09514961932473
275.09514962123103
275.09514961892273
275.0951496176531
275.09514961979585
275.0951496194921
275.0951496204907
275.09514962069807
275.0951496195885
275.0951496211419
275.09514961632703
275.09514961898276
275.0951496201051
275.0951496205962
275.09514962061803
275.0951496202033
275.0951496209418
275.09514961790046
275.09514961869354
275.0951496184098
275.0951496196467
275.0951496188609
275.0951496203015
275.095149620367
275.0951496202797
275.09514962115645
