421.70075317149167
421.7105140270369
421.7177810875655
421.718813439049
421.7211199181738
421.7233055102306
421.7219365411056
421.7225154780426
421.7223732233524
421.7242308474324
421.721482750776
421.722871543534
421.7231769418013
421.72234120189023
421.72292428752917
421.72233051960757
421.72391676761254
421.7222144015668
421.7232036737296
421.7241371846849
421.7221424466061
421.72338438202496
421.7235013508762
421.7235876499308
421.72364679489147
421.72368334976454
421.72370440299164
421.72371594648575
421.72372204144995
421.7237251677434
421.7237267293458
421.7237274937979
421.72372785662446
421.7237280278241
