87.46530679374446
93.91349848270161
94.63480950153814
84.76272849330906
88.1868428407983
85.78250420074062
86.08101682499239
92.79899376121796
101.87300295810837
89.74374866637527
94.77767269982178
86.35702254603143
107.24613446951366
97.62705105256691
103.57148691168732
119.90104067606126
114.80936077424053
103.38945850070218
102.63216714848113
109.00895160507912
116.26036018836294
112.85408773798554
107.43989287208706
111.55035308676497
123.38061009751345
128.7886119553832
134.1305708857676
127.55963564724834
125.63503114822242
133.5570776872628
134.80405242297456
172.06403274898094
133.6221832693518
144.98411529624218
137.36150553250445
113.3849663184269
153.03540895004062
145.57060969632948
118.86894807613771
161.70560403132822
140.41937725284697
154.4792619711725
158.73030759277663
134.6502649050335
159.47543136894365
130.61463816825653
147.7619488809205
114.45840746209706
142.94782795559422
120.89098133060452
161.0575358434753
143.18216433539055
164.41065611629438
156.1788498059932
149.77539890178286
131.34709765474327
137.48689013679905
137.93670363365163
158.32672403104152
152.87053955124702
143.0258667942353
160.0507243964139
132.10308020174125
149.09605005140293
150.6195646669512
154.43122349985424
171.92564479551038
136.31946664428324
142.47579996480636
168.80144956292133
124.8530745616481
112.96916360052455
152.8152459481862
141.12060357799965
160.2816199003555
139.09893069545433
124.22066694586465
129.0364114070635
155.08074245550233
153.9027079858406
147.134257170801
143.59437572614115
122.75508061927212
121.03397092601335
131.67160780841368
136.39798375710052
137.47120098306732
130.03595731784662
139.0450192257431
143.40382696467896
156.0568655869447
148.46190334755192
163.53835935183815
167.70630994501153
126.80809728617714
157.53216925003835
162.02929768409922
143.66901545985456
129.55898656810496
151.89605148698502
147.65406572296342
130.07593712808557
130.93459445898407
139.18574535662083
140.97940162223313
142.92830326402145
153.7969061090007
157.02552166274654
145.8758197995685
119.64837639875077
146.2812408434147
138.32538195576853
114.18870837675786
119.39095323888432
142.487823748319
141.51771433471004
129.57875276181585
139.28627345447967
169.5191303088377
158.60484929203994
140.3670015091775
128.18531849606552
131.1051146680693
161.6397965216529
136.38118525426762
141.59950160634253
164.72900720196776
120.43824721335113
139.09705284298252
156.23863329197775
166.06115463318565
210.65356509972116
165.85540568297438
151.41412275240145
124.16503999226916
172.19699984998806
170.8819351266793
183.59954837601617
147.7303349235881
162.73685928483974
172.830634975071
138.81430238327448
174.5931652484178
117.6105886326477
136.56328607556134
132.56400116732038
149.7114629096468
130.7574513783402
112.55593977680473
148.5329683446471
157.1104525896335
149.44563263959935
139.6805112661532
145.0651195131686
151.46662841713623
155.9997607238438
129.44819366345837
173.73731911865252
158.30134983182143
131.37726489861961
123.55397320049815
140.5180383294355
109.79646329475509
124.64008821228344
139.98330628665644
190.6751382724724
133.8061297705135
187.3196661151742
157.96629008098535
133.23453220175725
144.89743899603127
145.96749592652486
134.6888175785025
160.98366976028046
131.9398432093767
131.25983562388137
174.68292266970093
137.17627833990628
125.80807055112018
127.45761755459534
140.64541216326325
144.73648246421362
143.77396895171478
140.8413283542759
135.71824916755213
133.015801385558
136.35078355740552
153.6457743563551
140.32135286615448
141.03087757492904
130.63989307909287
156.10439075593604
135.76170124574492
160.4944156819911
155.63637894837666
138.83065876952242
126.55640679138378
127.80030098401767
142.28141660907204
119.04581366793354
132.7615625844228
100.18451793188433
156.64885680017687
162.36825568381028
138.43516764161177
128.05634093644403
149.71924892684183
156.26356826217307
172.35401782661938
205.80721647181053
132.04723637988354
163.90510237728813
180.46282373407666
195.02247551446635
144.61382251574105
171.4008345685652
139.82522393998806
144.9084981429478
145.68055018535597
158.0399755564431
139.7252493602391
113.9139084425733
179.57595089901224
129.77746280853898
153.63462611141222
158.53293412486528
154.06815065618503
186.11943242984853
181.76223511523858
127.8788332822005
130.24928266874485
112.65964947089014
192.93880402047216
193.3300462453626
155.1211069418423
147.26867583810235
137.43384829426213
139.8376400815032
133.20826828522695
120.5832094551879
133.6843111601338
115.04057802527677
117.30319648263685
134.57373115389055
125.49016634026339
128.96935081205447
145.55429366644967
160.41827504432877
148.28395431616082
172.92012184929627
133.05960372745176
140.96426326668734
146.74619446531142
122.79291536706296
158.25283030337596
148.46151732900762
138.5347204556674
142.96788931342599
128.8534072627299
121.8151010323636
116.29153414645407
172.76786085696222
155.47987959726015
144.41984052381304
136.31092596715462
193.90465339273942
179.32001501984632
135.51101019945054
152.68234401324298
158.74945119472977
127.49655833001452
139.49867071000335
159.2261609075431
128.3270150234457
142.1641295130321
164.60779742445447
159.5903231840275
141.19983483739634
158.2143561281846
138.26327592731832
179.40554347483703
138.08426363093895
142.13813983474392
171.66190894781175
146.88256881183042
131.26802853275876
114.04822624952067
145.96222552555992
142.53258025538526
151.78430216501874
143.3039839620178
149.07062950463296
117.72526388167171
129.0663786712248
157.0927556223105
125.2279431149509
159.13108947021828
128.94303759324248
146.54080832211184
154.3922579598002
148.8000610777308
133.34133854298852
128.2676306254216
194.27157946960506
168.7405876783232
152.70747832117195
158.53504983447056
153.617274715667
123.30712110471359
146.18399614674126
125.04397722697468
139.84664106566197
141.52637310176215
160.14383861693932
125.07930541116366
158.7559389675589
129.30092438842985
171.45130937304202
173.64419411166455
125.2271509263519
163.3719719436267
140.75294014193787
132.4506338259671
131.9737600071967
153.924903637424
168.98014896015957
151.4815472643313
136.0123525530944
155.11101781581237
151.98375758586917
156.68767779230257
132.93264400236512
156.13123132773035
136.76216732312605
136.90670620625315
158.25146989466157
129.4921178686709
170.76120386522962
142.00780191409285
164.17067318240152
140.52611009724205
143.06225391235057
146.54367963894765
130.9881172340829
137.6631833442225
151.51192856035777
163.54403709968756
146.07602300179133
156.68939913484064
169.77370475421776
110.55605938365625
150.26121654731833
270.47500391019275
121.84423842726392
120.82021526266908
145.00177040450944
129.2619682489385
149.4308702958224
169.12898770054744
147.3291549630594
144.8211653110775
144.09628536950186
122.71029874766828
160.64261462348804
135.8026463757924
178.97834841864096
149.4095694523421
148.25307055038138
183.3964713778696
152.1186019249435
153.40928994540445
154.93820003637666
123.30952148068172
142.55136673268862
146.35368074074358
145.65750585970818
236.6121246044495
173.549073103095
168.14965003620455
142.30812872495153
130.51870056500047
161.3616634920836
130.7710506887015
140.96785219653975
142.15566852629854
128.42399164076778
133.0742281829589
130.17891937202512
116.26802972744917
133.889647107193
136.8941439088885
151.423491433452
149.20719645829377
140.18459375335078
177.83948933590727
139.19368758111523
151.3385429722257
133.18811681451916
138.75279486898944
129.89034590512165
131.47574045456713
155.31918018394208
126.24706510597025
137.04856307513546
122.62314461906499
130.78680705548322
134.52765607101173
124.82378538978082
156.2989196407434
149.89006022159447
124.5681257061442
141.56166828667483
154.26212968152686
134.04518429018208
144.60224326696334
136.50522638179245
147.2310136394517
155.21931208093883
142.0297939673328
159.88443360623933
118.93764907211153
135.78161079012352
154.34955256426474
161.50080491291737
134.15583064711973
149.02007442220201
142.09917353057244
204.96719838037097
135.39070017632912
141.27559282424045
171.00185861928185
155.82966051847325
146.5026601766367
160.88869841625274
133.8262198165612
129.07930548561126
120.42650614526792
135.12789196480298
136.54936016759893
149.63733154368674
169.2800289827428
166.89818596914847
163.24237263116083
163.463809375673
117.37953184169601
144.15378366315417
164.89571244483523
131.2220013686092
169.78457260374125
190.02660298616684
133.220481418095
138.74940648589836
157.22710279686726
126.1605464151944
146.5728999452549
150.74529427550442
169.3675983890571
131.79370836992166
176.95423425421177
136.6139665377268
152.4744217708503
143.9430931309762
155.35286964758416
141.94881981713115
125.48706591616792
124.96087459541741
109.31073466097587
127.34533210494556
158.32233069537324
125.98382709962607
120.76744473430153
137.64796752382244
175.90312194927537
135.89393693192687
144.0384606296866
171.2555051872041
146.18612783581193
138.34267174291017
161.80907856453268
135.35429692802427
182.00703784418874
164.50395942247997
175.53851403683075
135.11628866390674
145.63238541968167
134.07522564585088
141.56257201204426
155.71177812486712
168.58242273770156
245.23584409941395
137.19128892032313
826.79743197668
613.1510493671958
186.8229151324922
250.54871769127203
213.3581085581245
161.3562050256005
156.9407419016352
146.17008650965
179.76136040347046
144.5635014106374
111.61666621630138
136.89896210406732
116.91840414967737
131.4576717558666
122.93715004489059
132.3728504627943
150.14556389508653
126.5070716884511
145.28794683840533
158.002813938263
125.5553413706366
150.02837516440195
127.95781544058991
137.34071359297377
131.0700902481185
124.09412166711991
116.15812107498641
162.1808045419457
161.88068765240314
286.7230164462817
150.6603424122004
157.30911911351723
173.2953275268228
135.29220252358937
136.33154426254623
128.48521409125533
142.99364370206604
137.2346443397837
152.6847884253657
131.1310620832519
148.9217160250264
152.01593188359402
145.05759110525833
125.05530786322197
145.6531622386974
130.1889853594621
137.2070099872799
212.43938708648784
154.53276135615306
119.98228566347098
131.88116335459927
132.70012618237524
144.54175099395798
173.86359447587165
127.51811433085823
126.74999863628182
112.26807441117126
126.19780571470619
131.7058290100249
131.58926737752336
159.76208697463153
148.80563104929752
139.00785579749208
128.2943557741819
150.79575380828464
140.1427143960609
137.67075020450284
153.50459429096372
161.03834564244607
128.8128553260176
126.20566356522613
130.5534697183757
127.46143025395577
