209.18081086969414
209.17866523497014
209.18011939734697
209.17950521811417
209.18011404539266
209.17952421732116
209.18011567439316
209.17952272746152
209.18011817206389
209.1795179506671
209.18012026782708
209.17951355534024
209.1801217082275
209.1795105736228
209.18012276876652
209.17950832454972
209.1801235280036
209.17950663394367
209.18012404200817
209.17950551872855
209.18012439060658
209.17950479860338
209.180124635197
209.17950423533875
209.18012470476606
209.17950409304285
209.18012485250983
209.179503788082
209.18012494897812
209.179503536403
209.18012505023034
209.17950331722022
209.18012505661136
209.17950326323444
209.18012511983397
209.17950316824135
209.1801250119479
209.17950352274238
209.1801250224362
209.17950340089556
209.1801250790595
209.17950330079293
209.18012510062908
209.17950325811034
209.1801249897071
209.17950350887259
209.18012504902617
209.17950338836272
209.1801250445169
209.17950342825134
209.18012511164306
209.1795032418504
209.18012509660366
209.1795031910642
209.1801251347224
209.17950317191207
209.18012511390407
209.17950319119336
209.1801250555509
209.17950340429888
209.18012505215665
209.1795033327544
209.18012507335152
209.1795033794806
209.1801250469034
209.17950338008814
209.1801251198449
209.1795031535912
209.18012502659258
209.179503490559
209.18012510650078
