524.9265665987023
525.1343226961808
525.2519750493293
525.3076823469482
525.3386828362709
525.3528624184528
525.3593685842461
525.3635473775175
525.3642349678921
525.3641603768356
525.3657139637417
525.3656789430388
525.3652145351571
525.3656070353118
525.3660721970045
525.3629070698207
525.3651003743998
525.3630660552826
525.3699184103007
525.3661564146842
525.3677782684081
525.3658947115309
525.3624677031003
525.3676867018439
525.3633517502167
525.3764496715448
525.3705508398816
525.3673168556343
