216.3557537686629
216.35470668223206
216.35538059342525
216.35691713766846
216.35547479801426
216.35536045180015
216.3569216118367
216.35551675339048
216.3569006103835
216.35558428694458
216.3544386947051
216.35519008094434
216.3535914945478
216.35541709183326
216.3569261028024
216.35558901308286
216.35215901273477
216.355436485268
216.3569264824182
216.35558113017214
216.35272459513362
216.3554305781763
216.35692624056173
216.35557761524979
216.35280801008412
216.35542919563886
216.35692643777293
216.35557667163448
216.35264362388807
216.3554319692248
216.35692632867358
216.3555761316784
216.35275986645502
216.35542999796962
216.35692646385542
216.35557528833488
216.35280328363478
216.3554292807912
216.3569265321221
216.35557563149814
216.35278710893363
216.3554295475551
216.35692652364742
216.35557512301602
216.35283865096608
216.35542870965764
216.35692657806794
216.35557500876712
216.3528861581617
216.35542791782245
216.3569266317554
216.35557499312563
216.35290830780286
216.35542756857467
216.35692664419548
216.35557494786553
216.35287601261007
216.35542809404433
216.35692662340443
216.35557548838915
216.35274802129788
216.35543019224133
216.35692649141492
216.35557488820632
216.3529123295266
216.35542752024048
216.35692664470116
216.35557506290934
