224.76344696528122
224.763281102787
224.76271305485898
224.7634692311458
224.76328756502153
224.76276537034755
224.76347009043639
224.76328556710905
224.76276308164051
224.76347119393176
224.7632865140622
224.7627765277066
224.76353101612858
224.76326675435666
224.7635853990505
224.76347193540823
224.7632882404123
224.76278728892612
224.76351042211172
224.7634735180527
224.76390731375432
224.76329996419554
224.76342503202432
224.76332703497064
224.7628648611826
224.76357443465713
224.7634674677247
224.76327361317635
224.76269587896604
224.76348595728268
224.76333899290876
224.76291357609443
224.76318092887595
224.76283584352677
224.7634760080673
224.76330763301848
224.76284867936556
224.7634467531243
224.76326499057723
224.7632842502935
224.7635098902865
224.76345282634793
224.76305098053672
224.76341999701071
224.76358369697482
224.76334985792892
224.7635045983643
224.76342305499747
224.76286467510727
224.76345806620338
224.76326950220027
224.76328472021487
224.76350849069422
224.76344370931474
224.76317041438233
224.76288273441241
224.763428245893
224.7633186226376
224.76286021666965
224.76347979402271
224.76331226011462
224.76283633062485
224.76351058575165
224.7627125261606
224.7634811358039
