203.3808990945363
203.38024554040476
203.3808793506123
203.38024239601236
203.38087071412247
203.38024165602837
203.38086475054297
203.3802409812115
203.38086109245705
203.38024059060444
203.3808561199512
203.38029352183003
203.38085223258622
203.3802928155883
203.38085095080623
203.38029274291148
203.38085024717657
203.38029274483233
203.38084983248518
203.38029274751898
203.38084957532192
203.38029276382804
203.38084937738313
203.38029276862108
203.38084925084513
203.38029275876033
203.38084911917213
203.3802927405559
203.38084914993487
203.38029277653186
203.3808490435913
203.38029275877125
203.3808490757383
203.38029277530586
203.38084906313998
203.3802927647339
203.38084905123833
203.38029277072383
203.38084905276082
203.38029276658744
203.38084899330897
203.38029275710687
203.3808490530755
203.3802927902252
203.38084905991673
203.38029278840077
203.38084906075164
203.38029278747854
203.38084903354502
203.3802927693905
203.38084900541435
203.3802927663237
203.38084900077047
203.38029276198358
203.38084903666822
203.38029277884925
203.38084904657444
203.3802927836332
203.38084903328854
203.38029276140878
203.38084898648958
203.38029275630106
203.38084904615243
203.38029277661917
203.38084903529307
203.38029277923488
203.3808490762858
203.38029279512557
203.38084902832634
203.3802927797842
203.38084905694996
203.38029278665636
203.38084907849407
