347.76460379878336
347.76693642766986
347.76670191899757
347.7761530249645
347.7684270612617
347.7559443411401
347.76698826509255
347.7687470317751
347.76391928219255
347.7924876098932
347.852852946211
347.8012073402133
347.80089256833526
347.7777897595224
347.7811874730687
347.78966873694844
347.8024192082212
347.7810544231852
347.77992719631766
347.77781443917047
347.786355795306
347.7811362446482
347.7801003338518
347.78440037967084
347.78866513109824
347.7867776772746
347.7690725212706
347.75822156975846
347.76609032966735
347.77493030120786
347.7832084747879
347.7878947598474
347.783552872972
347.7849896650732
347.7741100733256
347.77893986803247
347.76908290435676
347.7732206909095
347.7794433455092
347.7709437624253
347.7631440548539
347.7750761061725
347.77561696778866
