131.59614052681263
131.59614126001998
131.59614188468368
131.5961424650086
131.59614294179664
131.59614334832895
131.59614373649856
131.5961440118408
131.5961442971702
131.59614453902395
131.59614475726357
131.59614493162826
131.59614509308994
131.59614522615084
131.5961453384698
131.5961454453127
131.59614551867162
131.5961456168925
131.59614565235006
131.59614574521947
131.59614578231867
131.59614580943344
131.59614588491877
131.5961458767042
131.59614592024082
131.5961459546288
131.59614594933373
131.59614596575557
131.59614599781344
131.59614599046108
131.59614598605913
131.59614605884963
131.59614604893977
131.59614604873423
131.59614604498893
131.59614609321216
131.59614606162904
131.5961460564722
131.59614607021285
131.59614607813273
131.59614605942807
131.59614607785443
131.59614609208438
131.59614610025892
131.59614608489028
131.59614607466756
131.59614608881566
131.59614607672665
131.59614609725395
131.59614608430456
131.59614609507116
131.59614610224708
131.59614606546893
131.59614607619915
131.596146083426
131.59614610956305
131.59614609071468
131.5961460949893
131.59614609490382
131.59614610717108
131.59614606644755
131.5961461039733
131.59614608561242
131.5961460859544
131.59614611827783
131.59614608640368
131.5961461087063
131.59614611299185
131.59614608226366
131.5961461010229
131.5961460892122
131.5961461051702
131.596146096741
131.59614607517324
131.59614610966855
131.59614610524295
131.59614610697645
131.59614607258845
131.59614607886033
131.59614608173433
131.59614611347024
131.59614608161428
131.59614609676828
131.59614609626442
131.5961460931303
131.596146103102
131.59614610225253
131.59614608175252
131.5961461296938
131.59614606958712
131.59614610605422
131.59614609240452
131.59614610845892
131.59614608430275
131.59614608497577
131.59614610044082
131.59614607689218
131.59614611732832
131.59614609670462
131.59614610746212
131.5961460774306
131.59614609067648
131.59614611573852
131.59614610161225
131.5961460934668
131.59614609767232
131.596146097796
131.59614611212237
131.5961461134866
131.59614609459823
131.59614608884294
131.59614610105564
131.59614608640914
