149.8107706060946
149.81076981902152
149.8107692007261
149.81076865224168
149.8107682003092
149.81076781582124
149.8107675320298
149.81076726009178
149.81076704525094
149.81076684961135
149.8107667172917
149.81076658164147
149.8107664555373
149.8107663861274
149.81076632167878
149.8107662329976
149.81076616082646
149.81076613685036
149.81076609696174
149.8107660628666
149.81076605077305
149.81076605250564
149.81076599274093
149.81076599635162
149.81076597854917
149.81076598385334
149.81076597486208
149.81076595084414
149.81076596055937
149.81076593604303
149.81076591946476
149.81076591284545
149.8107659345842
149.81076595221384
149.8107659178895
149.81076589134136
149.81076593670332
149.8107659242287
149.81076593487523
149.81076590954945
149.8107659184352
149.81076591147576
149.81076589304394
149.8107659147645
149.81076592012505
149.81076591455712
149.81076588932774
149.8107659046782
149.81076591581405
149.8107659232628
149.81076588622636
149.81076591759847
149.81076591856254
149.8107658968056
149.81076591824058
149.81076589999066
149.81076589871373
149.81076590598786
149.8107659239522
149.81076591776582
149.810765918186
149.81076591373858
149.81076588438373
149.81076590234807
149.81076592739373
149.81076592622594
149.81076593094986
149.810765918186
149.8107658996505
149.81076592821046
149.8107659102261
149.81076590391058
149.8107659131747
149.81076593121725
149.81076588595351
149.81076591845704
149.81076591300007
149.81076594212573
149.8107659265661
149.81076590480006
149.8107659071793
149.81076591485908
149.81076591526653
149.81076591753663
149.81076591866804
149.8107659069101
149.81076590665907
149.81076592733007
149.81076592215686
149.81076589031727
149.810765918588
149.81076591509554
149.81076592711543
149.81076589648728
149.81076589728764
149.81076588662472
149.81076590771772
149.8107659214802
149.81076591366946
