344.35633739667446
344.33936882472244
344.3432279033859
344.35619599426354
344.34484712295216
344.3456075454242
344.3585297867603
344.3510955499505
344.34437009582143
344.3568010035251
344.3425556872444
344.36228304069846
344.363964939148
344.3303495244545
344.34735859142893
344.3536145805174
344.3475414608638
344.3485144896149
344.3573149947915
344.33935622677564
344.3416067271628
344.3470443721708
344.3419071833414
344.35300814069706
344.35569056041277
344.3526549548478
344.3416455713068
344.3411917140893
344.36425236942705
344.3405211295012
344.34040395065495
344.320112866455
344.33619569845723
344.34160090642035
344.3504183678815
344.34429605873447
344.34270964728057
344.35257158814056
344.35010572309693
344.3496451773717
344.3555953997493
344.36079822013926
