73.62325860999863
73.62261502719502
73.62293037539803
73.62282383164893
73.62092816854965
73.62327015899336
73.61984686045707
73.6216821281696
73.62092262976876
73.61856711615474
73.622077485913
73.62302384327086
73.6235758576695
73.62334154778182
73.62166534414791
73.62121223040867
73.62151595158502
73.62120398076058
73.6210488223378
73.62201878181531
73.61976360139579
73.62165153821934
73.62212330153397
73.62273371254287
73.61778562006566
73.62423444237993
73.62384109095728
73.62278058248012
73.6165048919056
73.62362428416873
73.6205444569514
73.62182356056474
73.61985495065164
73.62202981346854
73.62203059327385
73.61946800953228
73.62088736279111
73.62407910520142
73.62358574517748
73.62347434940602
73.62115282534432
73.62186391484556
73.62041605191826
73.62063131542527
73.62206746408265
73.62266531491878
73.6216497854657
73.62204046187617
73.62267098787197
73.62169010853177
73.62094594920927
73.62081724682685
73.62017810083489
73.62202303956656
73.61799995824185
73.62257239423707
73.62214664611565
73.62363650357838
73.61530036154545
73.62332166236774
73.62027733992181
73.6206282817202
73.62417855863532
73.62038718443728
73.6153795426344
73.62333179624329
73.62172999786526
73.6226038407367
73.62065594858359
73.621818102014
73.6226738618443
73.62181550966852
73.62329073723049
73.62172319833189
73.62177636221531
73.62146978679084
73.6213131356908
73.62207775864044
73.62277610066121
73.62178875382051
73.62156594780754
73.6238366125308
73.620437558111
73.62073695748404
73.62205242102755
73.62283559638854
73.62174710543877
73.62251021532211
73.62322096961361
73.6217913050532
73.62383996036806
73.61822730797212
73.62226680865024
73.62119613849427
73.62203128816145
73.61900445845095
73.62146600972665
73.62127839487584
73.62317494382478
73.62005217636943
73.62260960970525
73.62131282018527
73.62195081658683
73.62212936731339
73.62271161832177
73.62184880954192
73.62179609443774
73.61536105740743
73.62321122404501
73.62184371050535
73.62174725699151
73.62084437636804
73.62189941394536
73.62066808706732
73.6220465056922
73.62205171744426
73.62280016373552
73.62179737719453
73.62329244098328
73.62051390887427
73.62158909878599
73.61918469256489
73.62256600351793
73.62322742599827
73.62177966425224
73.62229369498527
73.62320301690124
73.62190655069935
73.6220607828327
73.62268409100034
73.62186008350363
73.61954425698787
73.61447090727597
73.62186268086043
73.6192052922579
73.62378785869987
73.62271185137979
73.61719526074558
73.62371800905203
73.61547708624494
73.62328506027188
73.62127798669644
73.61548496928845
73.62331158396046
73.62066209278419
73.62202931248976
73.62286190505438
73.62173741970764
73.62253127128315
73.61955455085081
73.62069578711998
73.62094503927256
73.61889654100196
73.62344327465325
73.62123575600162
73.61869065889186
73.62407508609613
73.6143009243824
73.6232975765015
73.62128605502221
73.61431815792821
73.62129931825984
73.62145899240932
73.62285866538514
73.6218101088707
73.6232139829117
73.62187771938625
73.62392745788748
73.62043650206397
73.6213499645819
73.61325882232268
73.61904749854148
73.62304337875685
73.62200655747802
73.6217416373438
73.62201858352637
73.6228489278401
73.62175364701761
73.62253587560554
73.62325699235953
73.62166053861438
73.62203730294641
73.62277289120902
73.62182106484397
73.62341232555264
73.62126275874834
73.61740030511646
73.62354625597436
73.62027580985523
73.62121643397768
73.62190167917288
73.6197529000492
73.62192149055045
73.61810235905068
73.62177197342317
73.62137174049712
73.62338935144362
73.6216674993957
73.6220134185678
73.62285721371518
73.62174350425266
73.62250753441913
73.6234079039532
