186.46488710268022
186.46760365817408
186.47062114870914
186.46885766032392
186.4716633674925
186.46942835741265
186.47018844748527
186.4699365584138
186.46903886836117
186.4701945041279
186.4681615588679
186.47033889224713
186.47013764442363
186.47042175855313
186.46981039237107
186.47050873290846
186.46938810757638
186.47056601128315
186.46906751331153
186.47060185944065
186.46884537786173
186.47062748712779
186.46867638737422
186.47064332170885
186.46856687300533
186.47065821772776
186.46845835491513
186.4706677578106
186.4683885743525
186.47067332608276
186.46834930719524
186.47067656727268
186.46832286421522
186.47067801096637
186.46831392093372
186.47068275511992
186.46827558157383
186.4706819314688
186.46828391399868
186.4706871359158
186.46824082833336
186.47068745412798
186.46823883117213
186.4706872976858
186.46823929349557
186.47068855786893
186.468228282989
186.47069084105715
186.4682101384442
186.47068570864576
186.4682537051849
186.47068849114112
186.46822943301777
186.4706858279842
186.46825278297365
186.47068627388762
186.46824968238434
186.47068890995797
186.46822734561647
186.47068889378352
186.46822572238852
186.47068447291167
186.46826368265465
186.47068630233844
186.46824764968915
186.4706893743205
186.46822379639343
186.47068628371926
186.4682491460335
186.47069017757167
186.46821686813928
186.47068509719247
186.46825725280723
186.4706884023326
186.4682297754007
186.47068836295148
186.46823163539375
186.47068725411373
186.46823900487288
186.47068521597976
