310.8570012191385
310.8593617835413
310.8585244172109
310.85942292160144
310.85882093388136
310.85945811723104
310.8585207088936
310.8596212746206
310.8573621685264
310.8602447409694
310.8588500586975
310.85886183559523
310.85961430055977
310.8589293509467
310.85954871477406
310.8585986074213
310.8596437446686
310.85714687896507
310.8598452621991
310.8600646817504
310.8586005059733
310.86001440298423
310.85914876610696
310.8594996695374
310.8579611341029
310.8591924372631
310.859904957515
310.8567973069639
310.86623580846026
310.85711082587113
310.85972987453897
310.85912242563063
310.8593982832808
310.85825287638545
310.8596215460948
310.85955849533093
310.8585269508276
310.85972099976425
310.8586935598105
310.85968862139634
310.8571407913005
310.86033656239306
310.8599421344734
310.8588366046497
310.85976625545663
310.85865561194805
310.85972137493445
