316.202463495495
263.97429624011124
262.1485265588218
247.18607414706253
228.53347501532267
239.41442997306808
283.6836920463436
252.49182035763783
240.54465096490821
260.53343257890947
207.09350238164234
281.7992314584285
242.4465088920847
251.17368975657882
207.60725484238537
217.7834059856532
245.15254639065233
256.3377139242457
256.64158553168727
244.0670508602716
235.1570722890092
242.71002643340853
247.14078513951426
228.63483515627922
210.96551484660904
236.8299717936452
229.51925428091
247.61765877013931
241.75407618470854
210.70397122794657
221.30756436968113
232.57610346621914
227.6154958115976
232.33324974510924
222.62858942086132
231.84111258518897
252.82640299864943
261.19173506876905
221.8422809110143
242.31538233256106
252.28757391805811
215.23565944911206
230.94774748128475
244.2979747817899
210.16222354473211
184.51371815491984
228.57137840679388
248.93819763801366
277.843050171301
244.36878106544464
219.72052251155583
205.25381388196
195.72145707347045
265.1858735909773
270.96067479501653
245.01893916088557
237.89329480907145
218.62656082553804
228.99931547131564
267.4950737783547
255.95748758509762
238.8589877482682
249.03981502673014
224.57629074530814
255.16002679068515
222.31987991211463
225.85481885728586
225.43772700108275
222.40990195702034
237.00320701409146
250.44515973500165
251.34133343357098
230.51397866223124
217.24318143433993
227.94925871718078
236.42273080252562
232.4583936321469
236.33348752535676
234.76870239196796
263.5773850102705
281.19713907588084
219.39311646540955
223.05862469085696
216.36128363054013
250.75183280706915
225.58288594415717
243.2808795036981
242.17280365007173
227.30820339847196
231.21410188859954
258.1497862731594
229.07164966159326
261.82869678818315
204.20998381325626
247.37559676622914
235.25398590242548
207.1720017823027
226.63640201208182
208.06320517250424
230.8224370228745
226.96506257195142
219.22816507826792
287.7273238937305
240.66391520862453
250.39834023591902
231.0509174831459
246.00603515651892
217.3131808430844
228.2918948249171
228.09409686066647
281.601114372952
227.15692835601658
232.95534004538422
232.63019726342827
228.18483841588386
230.60925663829403
219.4559570858728
199.78769368108624
238.7710790245401
221.82048928361837
231.2731987971929
247.3823978899054
249.80119514483886
261.14357081814524
220.8256074974379
222.76901837428886
289.46598087544044
216.85761669338535
216.36373276101585
236.4691195567284
249.06236820254708
218.92859130448414
275.4512746530818
271.2598210459655
251.41591997268915
253.8869496627267
248.03550119923966
252.94752111639173
231.54821793535666
212.2346933193985
279.15295450561825
237.55417496989685
233.49260230581422
252.56032894192322
222.66485390165326
240.63052484315995
251.59535657373635
235.20449225841003
230.7374009946725
238.13636141184543
252.1522428158496
271.79470535253495
272.78479777812754
250.20746586136374
224.23024334166985
260.8089711491921
261.1902278967609
205.86845533452288
266.55738861095597
234.66999892360036
265.37459491759364
249.36929536242678
219.5701244361262
227.55047804952483
208.46030452289415
210.809829973281
204.41488777420454
245.56174888981332
240.23430798840855
244.97034042183077
244.12736766164016
242.39765333457035
262.5256294501669
219.3858127730855
243.44995754688716
272.1075878231204
249.15866695281147
237.33791388254758
275.95945505304553
206.73543924583646
258.0675074258397
213.5524737772139
226.23264889272104
232.6458594784708
230.80613161109795
226.9837258977568
263.81146165363316
222.34846397889487
252.22805186345067
232.88801894162316
223.7743469017587
212.49650600094174
232.11974643400754
253.27198566979496
243.93895981884998
230.3077271924776
240.8989905421622
239.48991015950014
226.59777271809435
229.1617674485533
219.4339450964544
189.38120296720444
237.7653706713172
246.3559815882545
244.47690702543332
221.57529484608676
236.6827135193671
224.01068998260598
263.91370036720036
228.3649336439703
230.26074043322296
262.6393663923591
227.9988216257334
226.65734323941433
198.95687501606153
295.78636797433865
299.80524978472386
251.1010592118837
248.96004307953262
259.32989148970955
245.1832738176381
238.75479847467068
234.38247364801646
217.53294759419077
234.8972025000039
214.52060533865733
242.97931351590523
215.03294236274087
203.59848529362353
218.780645873725
208.66324647648435
212.43779804359656
229.34578425695508
212.19259633357433
264.6853620908587
233.04320991638087
254.9879051566968
221.83762722864049
219.87325424638402
224.57623988926207
221.71439942497818
272.4196101095804
218.15035700285807
229.53222748734697
205.25742688692844
201.47354243036534
251.44662214817072
240.60278905707673
256.0715961226015
260.8597794537782
260.38119318724785
234.58603204869723
211.02608016951126
269.9149495163292
244.7697177993905
232.1324811832892
198.57102637781645
211.67951011266996
273.432011639401
256.8211856351554
240.4437601413374
225.7939091694716
230.16478918323264
222.289379075155
245.9405078813652
240.2918526561698
249.89724782336998
234.25114993818715
208.4560150951802
249.71423337252781
255.10719498941035
266.1281616994602
228.24429991726356
251.9044739999881
248.23275554268912
245.86795106349746
268.4928903617838
245.68247466922912
222.03505883156322
232.21091444589547
233.14073269815708
226.1246132204833
255.08367314450152
220.47010433471587
260.0132015260169
212.3136599144782
215.18701732243062
270.2694390338147
317.23790367542824
240.93116642389214
239.4437938920455
231.2383181748737
211.06091734932852
227.03478327873745
217.11700628555263
270.8273585966963
233.0264411574608
250.23178600953543
217.56204464123584
206.23231519311958
207.8787192406162
220.51824331509124
231.10525367004448
224.6900538621412
256.4345539074857
235.04663424755563
240.1723014332092
259.19187391411106
235.62516057917674
258.2253392540588
263.7705268751888
291.55563457623066
229.32586635010375
214.83040513441665
203.71832908518263
215.019134550108
261.82182508728874
257.37192202103324
230.3549334268464
212.4148066532798
278.9468673798401
212.8694168598886
243.48278295593627
262.7901384116558
253.48804555943934
233.8813351757999
258.3723545135872
242.1273640144209
217.77057148580207
228.1192123854853
256.01252151466906
221.50898749507905
253.19231688768195
237.1274457660329
265.14870525168953
193.70532338724297
230.87813950407144
271.657015306846
264.9007633749716
249.85259020105877
238.54446031131374
256.69357967084215
212.39013738826907
236.9652562270494
229.5892875524005
235.0675277014816
230.08795744614326
239.61671185519663
250.23899934506335
234.12051260410226
205.13015053025447
222.79343435574265
258.43595717808057
204.31469363618817
259.39986437185144
248.891059724323
238.69566339925223
326.1182404284773
214.97532096681243
209.05481020100706
226.76818298039143
225.5124555531802
227.0515388204949
220.98292349751864
208.91163100385165
221.36641958479595
248.9322832843609
275.91452643884986
235.10337249231816
251.9501966209791
227.39009337163588
226.6369029241323
264.630449521268
249.14458724996075
214.94163350469898
258.2643021243566
222.59648462441692
193.28449665523658
264.8834559754905
252.70416878971446
221.32451058771403
227.49010075283877
218.84236700373003
251.92247107732692
230.45599759733886
201.70091221570328
253.40976352160214
232.4751143698668
226.5550714472629
257.8231038213562
235.18423900028574
301.41665140204714
259.7959676644532
246.41497449901362
237.85513799029286
247.3002433582733
249.39148497574206
235.49718099320307
260.180434878348
184.6941100339318
233.89833562643616
228.4714258168533
240.01911065360764
251.796766421161
260.3399569866888
243.3946259162185
267.8430184059689
245.57968802464893
234.47397178501706
245.699094473297
232.25289715616964
233.30610677483492
232.0293606020423
234.08277132913645
220.62411508792138
252.91402226654463
220.07881526940037
245.48689728918544
201.43718075395736
240.91612039299798
218.7078171446483
261.740703165764
256.5242933531845
256.1251130474848
209.33282106932893
238.46195949742105
233.53789458645042
268.26197755226167
250.91855903288524
268.16199041750224
269.1333425397752
268.3617348863918
206.12371443075244
217.33863669226412
220.6379620017251
242.4329450950463
224.479723980985
249.09649895443
231.19888558625826
204.47260714159347
241.46673466150241
226.09012403500674
245.23942635169078
197.20006575870502
230.09612863892107
272.46190406593087
223.78100755914056
236.20648700579477
256.6412380683032
262.76011628561537
227.068950267756
209.00775576784508
235.12976568769955
229.8937339715776
241.0186791146407
237.76062236039434
229.52751723569236
235.4032210107107
217.79645606747363
225.6710505362571
264.0948444009264
261.91704649351595
270.5173922072572
255.90078732751135
260.9822822579008
248.1848383917968
233.6877027641167
198.6835225995892
251.10388892985065
248.81792390653573
233.28647764808557
295.38061811398074
219.27342801012855
210.57681554520968
213.95579178372282
231.4668734651641
225.6459986608097
243.06853977544233
243.01507644783123
216.13527191294997
223.40301964101673
226.22002017192426
271.1571449835901
236.0742885892978
243.8833754764928
193.75699893916317
250.12143740423198
257.82024588838976
214.82542655528232
219.5124125186121
232.52235073590418
210.51251563074766
222.7484022317076
231.3012175738113
273.30590237950673
246.32427653687773
213.9609681732545
243.34285209137306
241.9421087159135
235.27929825527826
232.90830529050436
234.50764069866273
220.43919499218464
247.82439582202642
240.7343814796186
267.18050726587535
248.0999646281416
230.85252493950247
261.19912627595477
220.17925050773192
261.56217315293907
222.16275837308785
200.76632440960384
221.04496220346482
235.41805486936937
230.88050137323444
262.09616468148306
260.1460154343804
238.50448871505796
235.79352001014922
269.5320304995548
227.74549801033572
219.9476139129838
228.5824945804634
256.0914121085225
228.6707658758969
220.37004574095772
200.9340413415921
220.42402940805187
252.19287940385402
244.74239412751922
246.30354575153615
269.0562625716266
237.07022654514003
254.3197380099882
263.4343018375803
270.41578131228744
240.6772860342462
223.3568071356567
227.58330894436222
215.80976725171786
233.4764582739008
213.6962371012778
249.3635948185256
283.49064654219546
241.1779139204591
246.2051103075355
219.94345010859251
230.73106840801483
229.2463828905311
243.9091116518248
220.97336858903873
217.86698171379976
258.0721713982639
259.8690471938462
226.42313127135276
230.29884328055778
269.63306019321317
243.718482029828
239.95249425325892
207.0973415192566
226.0196372422797
243.35602354668663
236.9593541889626
275.61577779703657
239.82716867511044
222.18054723067326
250.24462864929228
266.1259798655519
213.26197629480157
215.40892659078236
217.90766133466968
208.95080593091552
250.43806821777252
184.87562445460935
246.05642267127405
203.69486767420312
195.0476641250716
216.73981737316353
264.1486139195331
231.03953501628712
239.60427403260837
218.85535939142574
211.05552238153177
242.38993423309876
215.33640253555495
266.5935660460964
254.87196041815332
275.03922502699425
275.4196020787058
230.93333713288303
225.65396365808556
230.33064596983604
257.16364796151174
220.37114569044206
248.81168676217203
227.85765609520604
237.32393566795508
297.07709445018554
256.5618922432768
249.75106576431426
278.03853601924493
222.1238836767734
223.05100055361982
253.38167505065212
227.11936679348582
268.826286385447
289.31646848339005
233.25528022280196
287.2046425564913
241.47638047253713
221.36172957130475
244.60191190362093
246.55805926100584
205.36429433515877
219.03924794119666
269.0618040901318
208.43072798481444
208.60136964567937
252.038118756318
241.98546613758663
290.6516378822853
241.35789261281025
258.92882274312433
278.2663762487937
245.74347196656163
242.285760550556
268.8361743025016
203.290978870471
232.3532249040145
243.85615448540193
252.51618945618975
234.57685109874
220.78105351969134
244.35975367738865
250.22449158132076
260.7689453329658
254.14225267156144
218.62568993645255
246.15151070736465
219.64968639373546
201.90633501828415
234.69038555031875
242.28613778296858
246.39785230785492
280.91887643758673
242.00531355815474
260.95852771771024
255.03330320189707
237.2780087554711
203.63129475773894
253.17593467084225
267.6099997118872
209.55724611561163
221.89571261085803
226.1878042545286
238.90875848132418
248.08011250101845
231.46292744303355
238.26630135107553
257.315554166591
236.03035752216238
267.7173328996869
242.96039172195015
228.96415695219184
272.9963338545931
230.93716781321564
257.3058127266122
248.33329167516786
246.4726147489273
222.19733820710098
277.5724344277987
239.89830690665985
239.35026316560106
243.31761680715135
247.53133685837383
224.1400707383582
219.64782311033923
239.44230559829157
273.8629861383524
252.4563166211883
217.41355437683524
239.4109557304473
221.98133178183343
220.88647503434913
254.9609523534309
270.45789780680207
210.46781678227126
241.97607664909447
275.89964314433746
226.77133737245458
230.0167386229441
230.91450892676949
247.28792549305945
234.497618297406
232.39694283579593
228.38723083311925
250.5749840688659
259.7557503845601
242.84602721888223
261.60607254572096
215.05166140725487
271.4731232881895
237.39957051593228
243.60331297654193
342.2453592734819
235.0229554150137
259.9192239046097
251.32364279043395
222.88925080592162
213.70141748385504
253.54349896212807
232.4171873871819
218.1739023894188
215.8427947711898
241.04426240705652
227.38862749747932
226.47426492592786
290.737117151235
229.51167182609788
253.80916272624745
223.91649627202423
235.44276987403282
219.93417950245203
249.83030182661605
233.29660116194282
227.5277106598951
234.33224686948233
266.6786692304595
245.1962533472397
301.53730288732913
251.23396149094333
283.47035731500364
243.89950402732939
247.2989198997966
232.91960245603696
246.09104706908693
257.7020576802606
244.59132148663048
202.01953355877777
230.662735461985
228.44404778606258
224.8842185715912
233.22222425832297
236.5252007538802
242.3461835705093
202.49136127438396
219.22322658635676
251.67995183795574
274.99027786267106
269.2017668177141
247.5361088756763
262.8352592882584
224.34827652238891
237.1292367229471
257.19575106335105
280.9345715956588
228.45540220840485
220.81685944698984
242.10826609595097
259.44845705197076
260.76715833722847
235.17126124785864
230.63372785967658
240.27640727267135
251.57330771847046
213.58310146289296
219.56789948651567
222.92304322720156
225.10821798749384
218.1664385177719
261.4324734370748
246.16089716961142
250.03742417311878
201.2555617580365
203.31062280735932
232.4425704855239
253.8565588412166
240.18009551014984
252.4616989606875
221.83661989544635
260.1545199496031
229.77094870284782
216.42002552229678
244.79473312624032
204.6073363557225
236.30743487898144
229.36296847098856
251.79405684102676
242.69090419396525
211.2041355111869
243.5694395536848
224.50654752799892
231.1169980315317
242.24953948680195
216.39845422896906
274.1730815845367
222.16739772318397
262.3136820505315
232.83052295961534
254.62043793709017
203.48331099870848
204.42430855802377
229.34425877183094
252.19356233999133
228.45539411521167
203.56964961404447
257.4488976333232
254.1223935932503
249.07175391970668
250.05100436636712
235.68872265712707
255.13778882307815
251.4707838136237
221.0524440741574
225.91309655530495
239.0202549136302
210.11464983885526
225.42241895364714
254.1146793977241
246.08766630626633
204.34026610240107
247.21418994339183
238.28989800889394
251.32727478977176
253.87787755968748
231.4440200923127
218.5564119911869
238.89842341654003
255.3365202154382
267.8396814535081
278.86113203826244
223.90970977648976
273.55091169677326
223.22162386073614
236.5967079718248
243.3616453583818
266.03726324028685
224.6093831892067
220.41559871917707
233.99687479704153
233.16595366119873
235.43606486628414
242.2191358805867
239.15198807342676
231.61576122237602
216.53030814704834
274.976516560273
229.50812271426548
228.41306068768608
196.42563991437783
234.2328893574595
238.5487012724334
275.9171726759232
220.13698060580646
239.53728901559953
239.63134308569715
263.8617942663841
242.23951276528533
254.977787793061
227.79076323838672
243.8550613943662
227.33580258575967
246.5082622684713
224.35471874504583
217.1909133826848
257.2167178770469
232.55534340871964
249.73629610566422
219.8495734462922
225.34011382999597
222.72582887706812
250.68250094683026
201.71655507283867
200.911396998883
239.2058817448269
203.83002053789096
232.9737769239582
225.54365412672632
218.68020983354654
215.9661584723217
241.05770024843514
216.87911486960365
228.41333508206299
243.2717349663435
237.4751630188548
229.61663216119632
236.54024885434774
256.3531711898977
214.50373872628552
253.14366481619072
256.48462990121334
246.15066113660578
230.68856262756162
247.77642307511996
213.36839431640692
207.41556647999096
201.45987870518002
259.2668057072733
243.04773070506053
261.87322815629886
208.20224836163106
235.17803194432054
275.39915561809903
255.80103036854416
239.16639216511976
195.71446057246067
228.09965253452538
219.58170782378875
215.66695330178482
230.6102037106757
237.78458705186495
248.7279451606737
301.49697463732446
223.54900466377148
229.804026706086
233.44339996945928
231.77130629701423
220.1272858173179
291.6037206838664
203.94433011955698
231.53141353922547
236.78753169073025
206.51452475454425
209.08266659086803
252.66716806651675
209.02538871846627
240.27917096903548
241.71742771199206
254.1851606348937
248.62904436697136
226.8159035127319
240.96562945036567
218.28859009352163
291.53816462506074
227.97039351728745
241.21433462758432
296.9447977554519
234.6887209887209
246.19426783695235
192.0783767387329
250.86701283490402
255.12762560130795
259.1737483825709
236.91103095762082
226.12515314811026
235.73807105992455
251.6074325396621
235.93509239060222
229.05240618044627
243.92007906545768
244.72619028223562
263.74627387939836
214.61707213826594
236.42905740288552
232.08702487911796
237.4537474407407
215.2833138529968
250.79730225654203
220.52886634293827
238.82333293894771
200.5128620613541
223.01252897264203
237.20249690359924
246.37849149966496
206.5388048257446
252.46947618486593
225.06768829442444
233.8029636356223
254.477337741846
288.56946940001217
269.79296789926593
248.3679147422663
252.90102830302203
247.13943788598408
209.87953315174673
251.7235614938836
249.3009610841109
276.7898420144338
246.04204544698587
241.52104917593533
239.14001793111674
258.7463846929313
213.9804434547259
260.5332403223438
218.43984842128702
261.07121936188196
227.61747039618785
252.87609240127495
251.84333175540087
222.4768399608147
279.3010833581502
267.3520985970681
264.00393559754593
220.2299903187086
217.47712822657195
229.70615124728647
265.7833895701915
261.80227460042806
247.38578207264072
208.535824952618
274.3439299665624
237.68688511673827
238.26807481981814
224.0120378236752
227.7400558256195
221.65647213882767
230.9484466565773
222.82393930191756
249.26335428861785
218.0037832428352
263.33958961907774
242.99839659410645
227.30344535788754
224.82123729767045
242.44931281288154
256.8634258575621
277.561891032994
228.08882399098366
232.0716753391025
225.90161637982237
227.2843499064329
226.70684564305702
248.0528415091976
248.01832408987684
240.00599015361513
272.10926281264983
233.4371430374158
241.38845901118475
211.68613230844494
250.05386024090694
241.71042521027266
220.03755833604373
233.56278453484992
187.03265178840957
246.71700727529242
200.37615718736197
234.11424648642424
230.39780769567005
230.26000473316526
234.3561769373482
217.11372378771193
229.47813692179625
235.78426671843044
226.0110562054906
226.72654322205926
253.61662303225603
217.27542270894628
264.96822000163957
271.2207354878774
242.05639907706063
245.7338526188105
252.42571361840237
234.4024646319158
240.46552000680822
258.1006969935552
228.64501314001973
266.98571873354376
237.84518737756298
253.4789812952513
223.14903691905783
223.3516327869729
268.5909526774776
228.47305563191185
235.76475400748313
267.2533167777874
234.69789585645776
215.8141025582736
279.55387996832724
245.5177463487198
216.05247987891198
240.19918008803506
254.193585575209
196.80088906860328
259.79612560308306
225.54454100088333
237.10608138339012
234.50594729860313
243.31758264426026
221.456052332127
182.23673221823992
239.6145041876589
218.1792817277892
195.36536175038782
230.98455775191542
259.93591024461784
271.44853706561844
246.87128886056598
224.03188364120433
287.01616530513274
236.72524843120482
231.39234664759715
221.9689247260103
231.71814829378854
229.26237846867298
228.15042678671307
240.9573326636455
302.8670495496772
247.61898433582974
219.12353107775562
259.3950586973224
222.13321746047586
219.21609100926435
197.23881562100723
191.3330177173484
223.1717731320532
200.20838071533944
273.4940048176213
242.44327097921632
245.06802537490148
226.8933646774385
226.81145401706453
226.08945415023481
248.246234399674
244.87882805790287
227.7158082947717
228.55257821356645
230.97595341713168
216.5195058885147
249.48907562694512
253.4548792587011
241.68724428169662
244.8329002110404
232.6070686823805
223.7165045409929
226.24521933234064
249.89860437624156
240.00500769843347
232.68560684332624
209.2824196384172
251.2567960548331
219.8073104339419
235.94718355161604
279.49291678337613
227.6206575264223
251.5958719108021
244.976590056438
213.17493303929223
268.81463382800575
246.27288620045874
267.6396968170302
282.01355230784975
212.01621751615312
233.98184093285818
218.00967455550563
256.3435634729103
238.37201803247444
216.62933647818863
256.58639050327474
236.55919923307374
240.34148557344452
249.52174428047147
290.59406828088686
231.7014795281575
243.63025719532743
224.2578370362171
244.40983245696407
271.38331490493147
256.5244004215929
272.66871914069634
230.32785563811194
264.12370473181363
205.50515410891967
244.0702521263156
229.83078045281582
184.4988716362277
208.3764621820883
253.71930912625976
220.1551421317854
233.9596784215537
236.31043515028432
233.7694474417367
219.20861451432575
249.5253457071376
243.0979352700524
242.8354898969992
214.91081750701414
238.1568511246005
252.20991666062037
235.90173327445518
272.91213581629563
239.60636434459593
234.9305047322414
269.2652180137811
230.04947974946117
238.28196990379365
280.9221623346675
252.24035277648363
255.08343703282299
251.1631554084015
239.75763843453024
226.6818227074691
299.2989805570687
219.7497867916827
281.4375610793941
241.68214206956327
209.18850914336508
241.95429831923684
225.84070695302216
254.42517055768985
230.57101262547076
256.9077008976601
295.70948521856917
269.6505273692892
244.8636671451968
235.8971857657889
250.70221975742606
241.24573291518027
258.3640236092033
211.6314214359736
232.13134203501977
240.77892709104344
233.79659053927753
233.70441390108317
218.46196017082548
241.3446001348202
239.65749770391267
252.38946028088685
233.24667409947142
265.26988121966133
219.497520628036
224.7089687573025
246.29846594150877
247.41358632937772
226.81379929103423
225.2421944530215
217.78117134759668
224.9217143007554
228.52708120842
217.98341610620264
233.77749551803572
223.8993372246041
233.51417849416612
222.65724426548695
261.01191613299306
235.9610915533267
230.5414536340977
237.19682142487727
193.21227930189343
239.10056936077308
236.62839867704315
218.15540661418345
236.03014817694202
224.68183110834798
228.89915835898137
217.88980321149575
248.57490959117422
251.0147568586981
252.1665211135405
261.756363425171
231.6785032314947
232.22524944890756
245.08928348316113
253.3475757613778
196.5785404148046
238.31139877298847
253.76836265379097
253.6333314900403
248.94770689599682
220.05010333220707
236.1196530292509
270.752159205731
256.56384984083707
220.76370339881396
226.34099256340414
265.70780410873704
228.2934825925622
200.96301031089388
300.36138003185624
233.2594631834072
257.20352398074465
263.4905509025557
224.6540286213858
222.38082547753584
240.7338383573806
205.8918443483417
265.45844067895086
252.27336757909507
264.6244933908456
254.36967967200326
259.27117899869336
276.6596293320763
236.9966604532092
254.64125935273478
225.2716937867226
229.98096695228014
266.0288760580588
219.34634853346506
213.98098671197658
231.02545814571204
261.85424898244673
233.81581861618906
223.81591353588738
243.71294801926706
243.14366349915508
215.9410308469669
252.2282573239063
293.50363154587103
235.08302925439784
234.0240290213842
216.1855885651894
224.63070805266034
222.4650081130676
242.7229160493589
243.4629879919812
214.53000528004486
225.03447169228457
264.9559358539409
244.06331539223902
197.17638129671104
231.36733491509221
281.57745235966286
219.05936512810877
231.53434792545158
229.12382470670855
215.45938227005536
257.75195303699
237.14877365547
211.11853883531876
274.4018487171852
260.9301922879531
261.0420114262961
207.4478935645311
210.55687711184146
247.28946465044282
221.82403761323076
222.48829206597293
231.48794242582517
266.21065579517744
253.3038657894358
267.9748031940544
242.3638160333503
266.4620699499501
230.5006629889831
271.303612038726
248.96919467917178
228.8530193361803
264.5041776788421
245.616012239072
246.51694223820232
244.81842134572798
246.6400912819081
243.31688899244182
280.5898307269672
227.24982393556274
237.58436338370666
244.7589090031688
233.80180787289282
267.54513275576755
244.19252809212776
252.92685262666782
237.25908343977062
233.56169755972223
273.7589763892465
232.74489108123817
220.5317363179638
247.60237749305088
222.94155998062342
246.73717871389817
288.4998084959807
222.7630156709929
247.11647871445166
252.25557708361885
214.28888421144802
201.30101515742717
223.059488758503
261.18810469598975
211.29610165132908
232.41938706417568
223.53130482503911
246.15637700166553
247.96372985374182
263.742811081931
222.73628070874838
223.0359865023056
231.84276778443018
248.61768942134222
236.05714445444755
234.4481537414831
237.00679274532013
253.4489531251602
237.80354037776124
242.34410757542355
257.59352384961676
239.59563988633454
233.7008037576452
232.72945056122262
262.24040418083314
226.22828685032437
216.15108280908316
228.8304448396666
252.44497888389742
214.98404149338603
224.45037662406685
222.184220260242
228.99482259334764
250.03712013119366
271.44714586634655
248.02308436407475
211.86803524574498
249.18803099601064
279.6202725810581
217.89112968137488
226.8240870151203
262.95141618250636
259.50966287078336
259.81721763906535
211.1767870282638
223.17832154856296
258.1210105367354
249.93849280761788
275.4425258820411
223.64852184749907
198.55337326176232
221.58512272877852
238.55171846906887
247.66035906074103
222.29829232866177
217.03556843858678
226.96013781923102
230.31253321183613
237.45902966085123
216.75801738299197
242.88458829623414
220.28466959972866
239.38576293125516
229.78973840578692
231.9541109909187
234.4001025596517
243.50808982673334
231.96995259274263
226.43999440583866
240.72232816170435
235.00796826346777
244.65714125533123
187.45275030803168
239.78794698609272
212.36349141248502
275.96779555251123
223.86403176904423
272.6779155054828
239.31058799946913
216.00490836566314
229.55855318706017
205.11540542251896
202.46382478787564
204.0433802807238
230.93831731623504
223.6816098045092
260.85891775845084
243.1654014296364
256.88965260755504
243.1198821271537
231.4428425715305
299.19077636959264
209.47926161746727
251.1154271568521
234.3250798242516
255.45302866143174
248.15001444215886
205.6079857418663
268.2237646249123
240.15245700464584
211.03863953927066
227.40385546186008
224.3192788316519
230.04769033991033
236.89641429379117
234.8060617709998
223.29771256900858
233.79346045013517
254.8862043787376
260.906429153576
233.79118891892722
198.39141324465163
231.61897525418317
227.77856765827164
220.15692203462822
231.06384891370544
234.5941115564201
236.92267007019836
265.62066661793506
221.15188914409373
275.8385723682004
224.5777173161041
232.145750156953
252.60346755670616
232.17070516425883
182.34269148786552
230.8350674843532
233.40414959704503
245.70135670836316
249.97390231018653
222.5100128147169
216.91948503942695
264.17762801965
248.16245103889378
266.01931811659597
227.0574095696793
232.2869742247858
179.3189344033599
232.93541634851135
216.96172526286682
225.29720749071566
243.1662482493557
218.85704409040045
238.81456168257864
239.09778358094627
207.65172522852663
224.99631017947104
237.58778596273623
251.4955145721906
229.60152585286414
216.11323059676215
250.96959583694115
222.56707727635512
218.6871447543963
242.76946247857995
261.701605248556
230.58573405473726
219.92800272832392
216.5108447970124
270.9117478575208
233.3404541062191
243.00065882282797
249.89144922589185
228.7177848687861
285.8835759270587
237.0453564831987
220.33574127219617
301.5146190378582
222.75229050131747
246.2383984408225
247.46668698848225
266.83513584325556
215.3034754723194
260.07400128169684
246.4802120346576
227.62599378067534
244.69565265020356
239.5012255954207
260.0927399408538
252.81063156138407
229.8496635252377
248.74211868294515
233.34659593738616
235.1010031165788
228.27293216221733
233.1523888350348
215.98484254191862
212.5441174057778
242.02428931591567
253.11518930527382
235.89705341903027
220.2124198243837
238.24016402306734
233.467628514627
224.45225726481294
273.56639514729613
205.46909295592923
238.88853329827543
250.97475791815668
248.25421287800418
247.68686216615606
232.31825328525156
228.2676878029015
232.89763269928517
237.9076589125907
236.84706054948037
219.9609951763996
217.50454938516486
258.0089422148885
239.05465703149093
268.44974399672356
235.1837288730312
213.13728687429102
215.3223919540178
210.7867632675334
238.33809941244544
253.1702422099188
214.01243971445365
245.30837143666577
244.06672533164965
253.23173706792295
219.28220689255977
239.37480530288303
253.4951052410761
267.1768488016096
212.90752975805663
247.6875430496293
205.07441683136858
215.10239121457562
193.89829476817977
271.2338944784715
225.48777833231725
270.08716749347514
272.13378795882454
238.62772520055296
253.84333428094396
215.95226074341917
273.52587066596607
216.73773430346046
213.79071209265385
217.5024168235832
253.81118028366473
246.2389662496862
266.4838297563256
198.49257848068373
219.94681222358486
245.295382479846
263.56284085597144
212.62559778761351
225.32652083254652
230.51241073972778
271.26926625543274
246.9184052213095
230.08499194378965
286.86967320996337
231.13963937445078
220.709755256481
235.61980226566084
243.16150216228561
261.42269133002264
244.88468048057985
211.69530155532993
238.5027946587652
193.45991911925375
222.69947822170798
260.99736568453955
219.7949603695888
254.9282901363331
280.59469313931186
229.01369249017444
230.621787554177
263.4469011054607
252.8054789994494
258.4410681116278
243.04640433262102
219.19608786923345
270.99097917677136
264.62399475771235
200.69009533664212
268.79502878908534
267.2070024407003
294.8813790528802
228.7354856687598
216.4354717543465
221.28120628086617
286.0381819884642
239.05203110945877
241.6922224907903
252.67345192393987
222.27907917788252
222.97059463371988
214.86467598727904
252.7772235882585
245.0203534705215
283.0762624105555
256.69085659313714
243.0507669467479
243.35068443301134
239.88957821467193
203.1503154427628
242.03262159513542
253.1954071491491
238.44388134178007
238.45287953253137
241.61974957300117
227.16034001292428
237.91313790448476
221.61221018631477
232.96092049207073
202.66632620815653
213.89982472191332
219.71192824048921
208.3298760333564
268.806131283578
243.7908990100841
218.18894504307536
212.8920641547884
250.78029123519082
224.72458804375492
240.51288393640425
243.99271621083608
218.27935817290563
238.1641129112104
258.8622488522087
245.37344119686168
255.90578931896016
250.86064550478477
243.26672020874685
236.78927136556013
245.77028187050018
234.95535481034312
226.2924505113042
213.42739344015718
203.94639829546213
213.3429955940228
230.04215044359444
232.5773253958323
255.08632106002187
221.819886934245
203.16409424197627
216.1652492507128
224.57924325956265
242.70400244451594
253.72571861976758
228.65480947727337
198.93444092210848
236.84465625911253
262.53339909936767
199.23223830288043
239.6066221416695
248.2639793829876
213.01101045898395
267.231303009612
311.88294615311315
229.33474658423802
225.7785735448706
230.79066026140936
215.34605530987028
243.34300534817157
196.13338607514743
242.4951266743592
243.2885293387808
246.77647605660604
260.465576803952
232.820924536034
228.9477614001371
246.64161663403502
269.445744106255
226.40772226109402
226.8785497621866
245.29884056933224
222.70354715595022
212.8552215959062
249.32442723558052
244.23389595857589
279.7663789751823
275.8771231168648
281.292777620547
226.87460294924676
221.0167958480306
237.9499815722811
230.5214548513759
248.6731847881456
272.4611453890684
242.92374778306112
233.70313117199112
230.6570383986109
261.00653918174794
249.19558833586052
224.3878304035752
235.3463970675366
237.47771669056965
264.83990408841055
232.96477591979783
216.1497586161131
235.81281057582237
250.11337977903895
262.85991701326566
269.580865650787
247.0323381019407
295.72255081502954
273.79616083722794
213.7227261562948
270.6486296413932
257.56744596915087
238.16515461361269
201.91671760194004
232.7177687131334
232.6581894129631
236.14870844606776
260.04973751941
257.11433050519554
265.63341265916824
267.4272874330636
232.99420684651705
254.78816469665617
240.3343746669707
242.04916397115448
229.59385220776312
247.95249031850835
217.12063290335936
281.3945051372866
250.2614961657091
243.65635021257913
214.75406223919708
253.72637351241428
244.45023984549334
274.1297692807275
248.88593009812757
241.37483853497542
247.4230945695308
245.903017029108
212.9466935696546
202.16899974580156
219.1116785746417
218.71597950538853
263.49240427283803
204.01830898586195
272.8955367784947
244.1838871598593
226.86763254035031
245.72967818396864
245.96791252371622
221.57094960927498
242.91722999839112
241.79785884998273
240.1407631058828
220.32194520602934
239.43650160118705
215.0123150376021
245.81469679740258
223.69017275236547
227.9699450561311
239.02684563188814
230.3813617452397
225.81756646599388
248.71605047374032
277.5460202964023
236.37078950670548
228.52052237803582
216.34479511051904
214.53803679830162
217.8192993029952
266.17153375415364
292.19504665915156
249.4602557210601
230.0739099875791
228.99758830980863
215.5586027278914
301.12897652416723
252.9388375309063
246.0613539382466
231.7358612109674
223.82831190043362
246.46699107962195
225.34672016039258
253.09298758528894
204.22436162352096
242.93096962576965
194.95921747206012
247.67743455484742
258.74111370084574
244.43227351008682
227.65471850748872
233.30358025297755
228.84155399451265
260.52482413488906
222.02616972557735
228.1107371286489
223.34132840955863
226.76014002092415
247.70825677679386
252.07312033505877
216.30607078882167
229.50366968050366
225.40218504262157
261.11373400874436
220.8356434563757
238.9233928162139
261.2498752127285
258.03892761003226
254.55253649386577
250.17626973363804
232.4580648043193
249.1648104529595
250.55560008395696
305.5341347922222
249.75794580043294
249.99378044402692
226.50897748360876
249.73968582972884
225.15451809822116
238.77224961761385
220.15103323187213
177.66043769579846
230.2290342063643
238.1049696985283
269.8554173397715
245.76083952275803
278.39676060172496
272.5700529170572
234.5263562631444
222.1545915819588
282.4121235225466
269.8734825553838
252.47773715347284
224.98761375702452
221.20073960890295
227.49430719896918
237.54750665387837
252.99570540286368
217.45897581300233
207.97118661931017
224.4313281166833
246.04493924818235
279.25787555455463
206.3341912176693
216.66131798835704
259.136913465627
204.86739159881836
272.7518667476252
245.8296189844841
237.26704293332295
262.7941175173619
264.29101325565716
233.89289240265498
249.13951231329702
258.0445637489902
236.89531320665265
239.1074522486888
243.81806288094958
258.6155792346108
227.0897088467027
230.27061789721483
211.5367592626717
233.85427512496244
260.38512393500423
240.09191949060187
207.17585255543236
216.3613331093802
220.52071843261365
264.9930070450646
246.74720330763375
241.92167538235663
295.1870476101176
225.47710098029347
222.0244585344917
238.7023979665828
206.37801334110554
273.0283186000888
242.01568155532004
260.46392132580513
242.31212559138658
232.32851996470708
242.8366152062663
202.68233419931494
210.44160441419808
260.37381534738233
240.14424693083856
243.63673689670395
217.4906390416436
239.14071106014308
239.54324088379508
284.8184167960426
232.95345941354753
211.23398958542384
253.71219541446771
217.04906372452388
241.68923206982436
231.41188542131567
240.90605647559278
242.48897618759656
262.64187085983576
243.5043063116027
222.10072672116803
261.5724825686193
224.3257456086576
214.99017320136772
247.7088087578304
267.5819065034739
243.75821769598406
256.39799194491934
211.56123694655253
262.9504632432363
238.19104746181984
235.30660967563745
224.13136228878284
258.0023123638239
236.10722259408794
228.81394423660822
238.26913586317096
190.34451004693983
241.31407945143292
209.5463882876793
241.10920731694205
233.68008053553058
249.8342123622424
265.85615247982787
243.92732680367772
238.4910776608158
219.77359699533554
239.15087947802385
237.31660419836408
202.8650931561715
244.53176106337924
218.32454577996396
245.7844433664577
234.92488113592844
250.2892906915513
222.8832652431447
240.69246978551382
276.8620563573786
234.85454009333625
232.96646366192726
217.97150813101325
245.15175862895558
240.8157958961674
249.54028016421944
259.8173593035899
261.72785105061485
188.0915429556626
250.68981806375086
232.5854059177218
294.3175031018909
229.36157936725067
268.85089086950757
239.31473821471445
224.15590241341852
249.42262890934944
207.98033201135695
234.33760613325285
251.40669307432836
240.98006478877505
255.11053439130774
241.53624364268035
218.6260316086118
250.74624851666158
218.00344753463287
222.8294894718565
287.86238977417815
256.5195283801295
238.23884547193302
261.6907086856663
266.4478869420127
226.94108512200182
238.18054479255807
233.6504282024107
246.2671211467241
280.85212388646323
216.4443019782193
231.06700982386246
264.1656046093558
257.3108087897999
252.65674056950957
180.93139877094654
217.57191510609118
243.13027439638972
232.2722003480303
231.39841866033385
226.79485793050844
257.0931322235265
230.12593083118554
228.3820268852287
251.92337657534517
206.48777852306375
272.51544158923207
256.8211304678698
239.41986911545973
272.4898412988405
224.01319508522283
219.00633839447983
296.0587566134054
228.3954209954827
223.794296648819
242.7918510728632
261.27390045381617
288.2460201566573
249.4878128838027
241.34199149848428
230.26249014405767
237.76429669657955
241.97474665980553
230.90989722887753
250.67868872417603
241.09967118129134
245.5880160119268
256.64570776955225
235.61641474009957
250.10999479953898
290.92021423217375
291.6925188684836
249.2623528726981
237.65634298400255
224.2497091256664
229.59701840463094
307.0874769774964
244.8726174122421
233.3523459568387
246.46631766483188
223.81325024086982
251.2711670299177
230.4555296599865
241.72176959417993
240.80279614945175
201.99105863057775
221.94988465640927
244.21484514325857
247.08855987881543
227.54731331579387
261.810163905262
275.04134947643615
236.47729998611612
237.7283153065946
253.1155906007043
219.865318161319
249.09777640295215
263.6508443908533
222.93789553653914
247.42925868014572
260.24552699626656
221.75500099000055
247.77755774982506
202.1081969953375
238.1781478098128
257.47957213473273
230.15860975161195
275.83474406116875
218.9628444981645
267.58509791089455
263.976072486199
224.55786526185693
225.06530197279062
217.3103843332501
252.3440200581681
230.27316135255387
234.33989787602331
219.17512272467138
230.55306183855282
252.34788613388082
232.0445545457187
239.04109563899692
224.7328995647258
245.57405351527268
213.26158263726393
227.91735691565555
228.1242145706783
308.2388677848503
227.95756353309844
234.3213314936147
256.5256675425917
220.04613369138679
236.70936372276628
223.02262433915166
287.1759403726901
237.56728640489746
226.30369195749518
218.50776975537883
222.18256799684605
262.26037532952614
267.35810753982514
242.41413416148862
270.171160576283
239.43467923131539
223.23545403848402
223.88234279648168
205.74928303266643
213.18083414726425
208.90095081576146
215.5353831910761
269.4965788848931
232.05105751741212
232.31897517596371
230.5021209975239
248.41983900609193
258.0746603910229
220.63219818595098
253.8621019058628
288.17146378726466
256.760175862757
260.05816749378573
268.9618883735966
229.40594564104686
232.75848050485365
219.12115976860514
220.06586156913545
225.46025416825432
270.2435506999027
251.0273939736071
201.3539644026314
204.03208073292626
238.93106479180278
207.80860276252497
223.22470907628303
242.2765098575619
224.32677403383423
267.2737733841059
253.31014692073222
219.14604923618026
253.19554739823798
243.29684167035157
244.02297156234272
260.45463777147233
227.24013665126404
250.7021260926267
246.08449028385803
211.59957332111662
277.15111315163085
245.90766965644434
261.07574445952196
227.32828704098938
250.94885907846037
244.1592669909587
245.09090112161357
226.47701488505118
212.45246593793854
268.9842177563114
217.39535163587425
285.80714364896994
248.63101760251448
229.3686209950829
246.1940087103285
242.54935368022416
242.75701167737134
272.37481530650984
225.355969452532
266.0789467957802
211.2549582121428
225.75581428734586
212.69185734016355
245.6068198052235
285.32532559055835
219.98409721953794
275.7286259243265
213.58402730384842
243.21720418904442
225.11112278094515
230.79076338151935
238.27753213595133
232.30236075620633
207.02586783329025
245.12888303946238
225.98688755277544
266.60721758555155
221.08679202827625
243.78861707577016
273.3773415668402
252.26623401627876
236.7491451597307
237.9011654293863
230.59682506078389
239.43207128543872
250.72561123315245
202.39002451580018
237.52719989186153
270.42535034241155
250.29359944432508
259.7876989779761
212.67140971927438
232.38450601766817
262.6925578910159
248.86223689385224
232.0123122682562
221.50000650051516
238.84457462350838
245.53715261723846
272.03801606420893
241.83736393367872
231.2970665327739
237.4168740233872
204.01152495201677
220.12447750673164
252.09399901609868
220.2733244074043
212.6440607442055
265.42192385776434
234.00269823195413
268.5290369420545
235.26459975971375
297.3958142370684
243.7797025658656
200.81349206261802
234.05277308251243
229.9563253748929
229.26155169680715
243.34727934899274
225.09161466592923
247.87041683646385
248.3036457290873
290.00414972170256
220.004777419148
224.03183184051886
218.5869682629127
253.29466030339245
234.02460035309196
226.59843488316983
221.61584765522275
247.27749940869398
237.08492314838804
250.01705773023423
231.51719386782497
245.0499362521805
212.7122871215688
254.41306589590386
216.04022261418868
225.08164660504553
259.4760561826406
233.03819012350868
232.08786163351033
217.08748525590636
210.09365856368095
231.94718822592404
262.48775352421217
237.8819655268453
247.37476430123206
225.88995730737224
240.18955931894016
264.7366952270968
230.97262247581966
220.85035277623683
241.3818709953921
224.74163618753664
249.71510117617436
228.36686205898877
256.81018820463214
261.96221023856197
263.78508234315086
268.9277721486287
240.2870565772755
277.12346533231903
244.33376210567076
240.7088297298178
251.07587268052157
213.9850892139366
228.01006181689445
233.34736735571641
249.32995572302025
226.8432807578938
229.7684431032976
240.83320818759967
219.79068924474996
249.55363211035728
280.09650450281333
223.24997244926635
239.37250140099786
232.83945481129922
210.7632002918981
265.7309756241739
255.59693775884807
221.68305023328867
222.64522634982131
215.5856625388842
255.94360333809163
224.07058354187757
264.49079968372826
240.7413960651029
220.9334369627759
244.9018300162861
229.0983627133537
278.55671419540886
260.8075842144899
235.52678385726176
218.37617503397632
217.03795133635867
228.64531907776836
226.43860605731606
239.01416646130383
195.89972420211416
201.2254739162745
261.62336452130694
225.4785018825205
200.10746971762273
236.87395978334825
249.15386609814595
235.15033512050286
236.4245559311239
216.75374241895042
242.12617190438323
232.24095732078422
268.79413786751684
244.76366142882034
208.94918050023261
254.83836063195486
246.3136441236129
225.58667366555892
234.0661050932249
247.65598652674817
222.7550386468647
233.12967447121628
240.37525188038126
268.392625881359
224.3266443911707
255.24118740973063
196.89237597817555
237.95059087092523
250.94141149090137
267.152817617869
213.31998657702934
248.7344536317978
243.07981422287412
235.60456088290084
210.78234032611363
231.34928043140098
241.774744355469
225.64795717562083
293.0676377915079
240.11302923620678
282.2398789237486
250.46754483948462
237.10560299735516
260.28182136430405
255.62756252510007
243.39107865095139
230.179065708071
229.78741056693252
217.04915817070287
236.02788614260498
228.23799582116771
213.61408494913485
216.2213545308914
177.89654399990104
255.13427646970376
248.7240037652664
251.95545134472195
204.92038618586957
225.25015805044677
251.34950716770254
220.32207834650762
256.8807288535172
226.11703826405574
244.55245155992452
218.3938523142133
228.63404430425726
230.30939202744048
251.4463779265061
232.2643233621493
232.10006681317464
235.73304146982264
252.51926779409405
224.22932976204902
243.41879996552598
236.90485722757876
240.3664243654348
245.71235106885433
217.94198882044293
283.6796711470233
230.76204404048622
227.80523838102818
206.08354833547492
254.63893629668746
229.83848515816499
236.9529969651485
232.11517582309898
229.8598356876755
199.185245003202
224.7082301551709
216.3248110623099
231.43916342465673
225.1172878537327
259.00862071476877
233.70443994819652
276.92679015151225
222.00427040585782
213.70444432122167
251.8235095657874
245.01882451516576
227.60506266914308
244.63764151278883
250.30281156802084
247.88122747582383
274.52210007829126
244.36063197802287
234.787032542401
214.01493527251296
236.01548636180814
260.6240648610983
212.6371070529567
241.8464368620189
217.88608098367695
219.02971301134676
215.34231435891706
262.20791089732666
241.95535581558943
201.42831396311522
250.8361239794176
272.5742242684355
270.13042717357166
218.1307757840259
211.0571772196563
239.22848430939484
234.74364877748303
266.6387616544962
255.63111611420754
244.3903081327444
225.32602169620804
238.08102945412975
231.94236188195646
215.0148263486335
215.17931565316394
234.06207392632496
259.36082516773604
238.96015108202118
218.9875724496087
243.86143062752672
276.2624008936109
224.42241005564574
250.13878948742058
218.97094958019443
234.4053833753569
246.14980311715044
224.78041605919134
219.50601948506664
280.70416204689536
245.4716633085627
242.8468630509451
230.94938412553165
204.73281355109066
233.83399453375023
217.32130113255698
251.28656544710975
231.3565241828328
260.33288854011334
238.77102579397615
262.988214120036
232.38456400157884
218.80688714166172
231.92494820361026
251.3405667601619
274.6560085522942
238.4211837274488
296.108429700369
217.22946904413402
214.72396798199043
221.67016401141882
189.63609308213927
219.54043164558243
233.5950657610083
239.56246546877082
244.85931301664095
238.07139136572368
237.07861278241035
257.39937038277276
249.6693389393622
258.60370223154314
215.65988587692846
251.28915097285062
233.3617047391599
266.3144070508424
227.36928860947955
221.2824508124031
247.16688364569563
230.26325467554852
233.68916936579626
229.63353727932554
278.64250075398013
233.4263853034936
232.49950430484023
236.52231657144148
290.3998320492683
222.25135858322028
218.62425783846993
281.39989960868843
236.89864811045118
227.8695654288167
242.1128472626442
223.79914866015315
234.96608115383424
254.2270268490538
232.7277879259782
234.37838168186136
282.68950265459716
240.77784040838014
215.474571301369
217.06330731138587
229.26142218860332
239.10776732070372
288.7186718196608
214.21794978610706
241.47856725682504
212.61013972770888
333.6717904154211
251.8948274012655
244.89331699791364
238.24788480147254
254.59103716735262
239.6999763076892
227.86952472548
301.70699030777905
225.77781679155305
234.7960765695898
219.90520669647958
235.94705799454823
244.94627956103068
240.9905571383424
235.86574201076292
238.13163794542197
261.68984106124844
263.0344590502791
198.95172678667586
266.76073527126573
232.67381170520093
204.06379133858718
239.92921354540158
246.58756684570108
247.92090459913015
225.92577375925612
209.523871454061
211.6652487036772
219.07825564756058
238.14178806729615
236.4713761655148
215.24052852857858
215.02147195267025
234.7538667464396
200.8465860900469
234.32962455239613
246.03225016209763
239.4841833928367
273.063261350384
218.56973182596266
219.0817382542882
192.30691109853797
250.7615824523382
217.15300310670864
235.4985749766929
244.82644677651115
284.4351839934243
211.60648763983045
231.13812240795232
236.36597568111029
223.42855295422487
212.4362738247728
209.83161641750485
214.65817399916705
222.498308573151
263.6836856578011
225.34256501228083
222.83889895910397
204.2035417186562
231.82521957613062
219.87348778150044
318.4169955487596
228.9939093348803
237.5531131903408
246.61585461348295
257.38076445146
209.08055045222864
207.7026972392341
255.84757817944046
223.76319512410555
231.1552027858561
231.03772589867003
226.04044444381725
225.36254922032822
227.89934569620527
260.35478252649773
229.88776045909617
240.53941811039113
208.1342851803638
236.75056978547946
258.6564317630837
261.62999302637763
240.46378434519283
236.58458106056787
221.63664424000308
211.81875811622012
260.39090939587913
214.54549606353976
225.27409008226823
205.32002385728993
280.88356097612996
212.0285241007805
203.1854488797253
245.9537159166066
231.0545417019166
252.18204473657534
235.11521022894885
239.45954108494334
237.2762420133222
255.5223561738385
224.1788865084527
246.62805492116604
224.39461571525317
219.70175037696026
212.20047139714006
221.98927041795105
201.71578238357324
245.39363453816622
259.2801183840493
221.95003337878734
239.83171874063555
257.7323055533925
224.96577199723106
282.61777366290335
216.05174784711562
232.82733877177816
212.82726163533516
200.22005163796712
217.9883779702941
256.4275740496814
260.02965852082707
217.4600528459996
218.49253118911292
234.33164865663275
236.40056926826946
222.7202067762846
251.88480958540458
249.19595732004382
232.34196448500734
231.67559014772996
247.98460357065778
240.4787954587955
209.918994669104
248.2390826123301
239.24744369124528
219.91240278980695
258.96672898263205
258.89835533022415
252.69200050958898
227.13419632962905
250.99596388929058
215.4962239995366
240.9191171110142
231.55079766199924
240.717256821692
252.55283421184868
263.72291271283757
214.6431944121141
215.20487792033236
289.20403100235853
233.50231044844259
222.2136108155828
267.4910299201729
253.65327293449081
232.76921145792585
213.73415394779295
235.1756033458514
239.94639332056977
267.8308812282048
243.44948984263465
262.6672492076177
246.28432860143948
224.24115246604197
211.3917327390518
208.93210629862733
242.24308500310872
263.80828096950427
230.86294767202344
257.96603326988406
246.75776243128348
231.98358393495437
238.1965775549179
282.9748600384919
223.78059825312812
266.0186607319629
226.4813652416924
249.8180683440296
226.28577142604627
237.00412023509853
231.32168413500767
215.47116798569914
243.8922942787176
221.9161142987432
190.25095732032787
222.99131537321955
225.62332419899758
265.3294655971695
243.47638910682872
207.2654438437894
220.63316368404776
255.3348183936905
219.58679882844444
234.74588357063476
238.9311460647732
267.81937138398644
255.02325577347074
215.35822810675018
236.53440967097413
243.50416459783446
246.6014319419628
217.56347210437525
235.16836702276487
208.16015021002386
246.25051713560242
256.3606340184342
249.67436187376734
220.48218265082687
217.11798559420276
208.893909587292
270.87289139593486
248.4716012928402
259.269571299199
234.46588018978946
235.0941417578142
219.44015527609736
254.59859907708596
250.21066983498167
280.60306558478624
240.9600394014269
245.2345188400941
242.7309756828472
248.75597080471925
217.24062059284188
230.07092652539723
241.15151331038214
243.3413668894209
230.91012206370942
231.6884742960101
209.56776152190287
249.91332025872543
260.7890773448162
219.2098448985489
224.0849247945007
192.1141427368857
199.07751621678472
218.37285992852412
234.6317042344017
202.2579713690793
245.37256279075518
203.25493134139106
222.0378587312298
237.16158509324305
243.85688443121035
266.77095993538387
215.8478227625601
232.38539168902207
233.04308736138046
263.2558992895065
228.3135931014549
221.80730040732305
226.9336197527591
247.93877147580497
280.380303312093
245.35381147731096
225.81010511983186
232.3027694801567
233.0755839314079
240.16731369518675
215.23155492835212
258.84005554625764
288.1688995778095
251.8608238606248
222.57990106439684
246.4805711322697
229.06604267947841
257.3087138874689
245.34992905310355
252.68157588806935
249.78732959437184
221.44331195089035
205.7225015180884
226.33367749035824
231.5324711240828
245.06751724146307
223.35034685977735
258.5506260780385
239.87599041580688
213.89602898107842
217.50106865365524
226.94824818498455
218.09448356286157
236.24429025349673
252.56604418950155
204.1309717129916
230.53479384304956
272.97728739399463
243.65740133204963
264.07696003862657
239.44663939415477
245.08356937055942
256.7696046921192
228.10896109777968
224.21285560540855
234.38784596009646
240.17725861130748
275.5887486570282
243.93583308381494
207.27008259145077
218.49818616418634
268.48084527114406
230.14274187455885
222.24882947048172
240.22868956427556
234.88835588574875
260.96765718981624
235.91673382068984
217.84462693682872
219.80565533868503
212.65402253216598
227.91127932455856
273.9877145672217
219.80370858102106
273.02077462442685
248.6320736563066
230.16793090407737
238.1736028966261
229.79644537647255
278.0136161239352
231.93727247440256
249.40208446141332
233.8013324890053
244.63038536102977
257.1109466116177
233.85808429378085
212.22724917845335
213.33292183978483
252.79343084525317
286.226234360598
295.7605740132276
236.448303483543
237.23343839740846
233.45195807586424
238.12626402825117
258.1228404628346
240.8569517666474
221.61247982166242
231.32603111723438
284.2943088830216
220.2446592261549
216.38323527330067
214.67141082521994
191.2491224776022
245.07324142742436
217.86963860539254
212.6828435806092
252.47267123684287
251.82696471409872
248.75795190758072
257.11526882613543
246.43232408957556
234.98930831428152
272.66101110889576
230.41396043356508
233.43838720442727
267.5632955565816
242.40356816374697
227.59485381806735
240.83666154451203
210.36162674904335
215.76528902619611
204.98291591822635
225.21934011066332
243.91549562220462
230.15783405082766
250.78501670388505
256.1368119736435
258.1522585351486
266.4459679942811
229.5796038149856
252.11054272099864
198.67673204187304
220.25662171153817
247.65216206014156
212.72485736513045
208.73604796465952
248.3151290497044
228.92452080268413
235.920165336458
245.28603390511125
238.9081250288291
227.91744030977134
230.67982864612713
230.44670093944296
209.24169295630418
247.2272930961335
223.63737071992364
226.45062616083305
250.77841749053914
238.3019683577586
262.28024931577966
238.69621891505085
254.94709555164445
208.3592410547426
239.90685004123952
224.7234979958739
319.20391117956024
248.33202430303209
229.02197278221138
217.8713353119092
248.2805513893254
289.2116743027
246.83543973171618
251.4533956241794
262.1728107020026
245.20552250475157
296.4038694839692
241.79901063477155
244.94085235556122
232.60464768321253
196.5565596712986
210.184678856167
230.45040176273324
221.85095687257126
209.04832587845158
243.6017133272253
241.68175894673914
236.26168184739072
289.57738246768713
230.26461721153464
221.33163323102053
250.83987355127465
224.70765395078342
252.35809581528883
270.53627770009916
217.23108832747675
224.85150715813506
254.14474077220075
265.0386156073073
218.11986642773263
215.2228737627156
246.08743285946548
253.27468054788187
221.3199786391342
249.11183215281926
233.31462769408245
225.6233144068392
264.4734868844971
247.00785804726183
231.5216084192507
236.8249772809213
222.84278882294893
219.4084825089667
243.55036658467725
236.37077700928785
228.2012038344983
251.4398051209282
236.00535939924885
251.71295463072602
245.6162831496913
244.95572996558622
236.46478332113475
229.0361051459331
218.48074145626742
232.2421736648539
201.42876801954117
232.50121909030713
235.95797290082555
192.7833200817695
230.1219749209704
252.59191680594813
273.732121873647
273.7616315874038
197.63094677985646
255.4966426321771
222.19510168232955
227.86835039546713
251.51162690215278
239.79991527821403
257.735305526061
247.8526792556513
222.8761350242421
276.1324519648915
276.76350743405055
227.50797623954713
213.77545749314595
215.98399171128403
231.25004033267032
223.01263159373775
221.05235620460007
226.03221421991475
218.6139731578296
273.59713995934
227.11537904955912
226.04421735717915
252.1204508447554
239.9676198195666
216.21034552028868
262.81088729272597
230.74975967034698
248.6679006862687
254.46083103190176
242.95054295437876
228.94225806253962
238.4542280914029
237.7634984360775
238.3255015190225
238.9518252729904
217.28042188519612
242.11780491750687
223.3581225759117
269.5797601158265
211.65874942194205
254.2086144874338
270.73214142094366
226.5249958075583
214.9998008981347
220.36056422628462
246.80855762353167
253.11483916838188
252.59350293094758
242.3721686587669
243.26926882343832
234.33286359149497
224.8950908203842
254.37603868846782
259.88774335745256
241.43519813579042
236.87493275327142
310.74882447125856
243.21744410868268
234.85908504365943
251.5586845538346
233.90106547949836
231.8406135336263
294.9783741940046
242.0687867180677
243.80880980356596
252.45141923055053
204.14701213187072
232.92117588222027
215.8547265320085
216.83949303033296
205.97179469745606
236.01008817797992
229.55682413990144
236.87582247529645
260.7198978315573
218.8080342616886
225.89702111424413
234.41888500086498
228.79046174988616
250.20176091243047
226.46208845824003
238.56083589070477
237.38882486021612
262.80926742963493
226.03187036444433
240.45716767164413
251.1040036699269
227.68878014129587
221.773316965322
187.90370215824805
230.43902226316277
237.70743177249096
213.38417204550933
221.9430539428722
236.61648099159356
234.43904853239655
247.04793911252636
217.14955332502723
228.99673196964432
229.72203047014773
227.52929515508004
232.88802841701545
289.49224658566527
244.71977489290293
227.04181424411945
230.20921289618127
247.0700684695039
278.7387381559238
215.3552760310704
225.78413132892456
223.41504872357473
258.1627251195023
258.32130547228735
232.20644440350588
252.69979164889082
227.55345380189829
236.85516838287003
252.23722775024362
206.70124264527112
254.3030773542123
232.83403489366174
234.085156709305
247.89378746028524
256.09237008856144
229.0151515546022
238.75027445098385
221.9155871340772
240.33211358904373
276.97855185728986
234.6718775788322
235.50291033752728
207.25400276237633
230.45371217140928
277.72179413982667
209.18695686000865
264.58421241969336
230.97500333131757
217.07890508533455
242.7208371871384
227.42657523660455
249.47343531413935
225.93765542446636
251.05453682737425
285.26089851383585
215.84331724303775
229.91587156511378
233.23044416017365
270.3972409872804
251.1210064693587
196.63491868239362
272.9942715568468
232.0133959314553
232.97580962488428
215.0266414115904
250.79114098194987
240.8342878082767
237.24459922825918
255.490179508226
256.65399384801276
279.51797470485326
233.62025433569215
241.63018151163124
251.52240634371992
229.27801976643968
264.43647037050687
282.0415026162518
268.39263432542793
226.61837505397853
245.6320776011562
228.712337564677
226.96864950144663
200.0534037220059
258.8131773265777
229.2287811449496
223.5558236176148
241.66353380552027
248.14949982776307
242.40384818741586
244.22899458999746
224.02805266645737
248.56001957016997
271.8628194144694
243.98524861386977
233.8337730128551
238.7299433988519
257.16396956541575
221.29926960531157
216.33002773439512
215.17183511471376
218.14650278934278
216.29141366865952
286.69994676695205
226.26435117784422
251.58992903365288
264.403580100392
252.12706632714253
255.5692266243277
220.84565303637646
257.76829101215117
245.67851608304773
262.16406587162055
253.09132980089635
215.05598409543745
255.26402790949214
234.12576776917558
234.2414440161083
247.73429918207694
240.80457047955133
224.6205727381166
235.53477308852598
225.41119734663516
224.30313480482437
225.27099439501762
248.96789767488372
242.94903498422354
245.83325002377387
217.96724488434847
227.42734999023378
276.85054812266026
258.3263644876424
209.83436660829466
275.4245945798466
255.57420523604378
244.85352219990455
242.13859652995598
230.5589617867954
231.15491438796744
241.64969488827046
236.02219488017727
235.15620757907163
259.83939967269544
286.80755232460797
232.88675641082227
235.1734975298168
216.26376552483998
266.9951413384406
206.10634059051517
198.63211487268563
225.04687603737693
224.94796552613843
247.0963023713557
254.08462021802552
223.40072539285757
214.8730059695663
235.8387473754119
231.00166812492535
260.9479997586459
249.3854344385909
250.24989086284768
229.5970129086636
226.7017268690979
210.61683522968087
229.4707257266855
233.46612601319794
273.362698247307
230.140482702991
205.57968011684716
216.67494428320788
229.95542503730394
247.67654254939407
245.6053248924436
228.26427336793859
239.17409628187306
213.01232971111313
239.68298874760512
201.69442002638243
218.6821565796854
202.4252241095528
236.0425090425415
216.6244924318744
220.75693893793505
235.17132177983876
219.8171195272589
231.0756901698187
228.42238496534992
226.3678644229658
216.4835712162312
213.7958579363767
201.03633530274965
239.63708820717875
312.49849053425714
228.95697733771522
262.18785122060217
219.32021858845837
246.94741219095886
212.44190597883426
225.96942672482692
288.2258905743947
251.42913524911273
228.21192541893106
207.83327650558203
234.99154292338062
262.7460673011374
246.11432651500218
234.1927047930658
288.84041978011373
254.76200478803366
241.13610495254397
221.75110066740308
237.74767722620163
220.6738667807076
266.0280057763448
228.95830141741317
232.44785900972784
249.14374479441904
215.26171264296863
296.33160894038156
266.7062877828721
223.8842145043891
222.23539332463406
237.19756949262228
252.86768776620738
236.47309505275916
197.1190057118656
246.39602782402653
224.05110873433296
231.93696248554625
212.89703401213046
223.51281834742986
220.26749758399092
282.3387308411766
211.24895524349995
226.0217486800393
273.8843380638864
234.06340449745767
272.9642732043285
233.30025213432964
246.63129904621746
246.43996030732524
237.2714050336508
254.89406658895314
195.2820189538179
247.13445439503994
240.3065387159586
236.19005935406312
224.49166048120242
231.2853542478988
195.8961544407066
232.4299102226505
252.8006497885799
229.26838903687894
232.41557667520829
283.4191843025619
227.22687299526297
239.9371640291065
237.48585373803508
211.13219020934775
231.36804061708972
229.6516140657477
252.21391719661187
228.09010150341783
270.84476094157435
243.8346196935745
239.2585409366293
211.90766126196831
227.35836277436465
234.81539123982657
274.52019988698885
200.1692104890244
276.4746130927233
222.05440052924678
223.41159340611193
266.93769166013226
245.01635259925388
223.3190205884166
191.01818783744238
222.97945656825323
257.44491956126876
256.0062212853227
254.96946167538408
280.7657445181394
251.7345781616168
272.92316991544794
217.58148486958817
252.4868316113716
253.88564222317655
254.0717525514774
262.06470506917685
269.5395170346601
220.46801371313632
220.2919207632076
240.8794381255284
207.77830262447242
218.69242244050838
239.2768231545342
267.8965921702329
218.28732753486838
233.91570943652187
253.05033700494096
234.95402304828167
218.30566806090064
238.2692212741822
257.31524725607596
230.86047273420263
199.59475504001603
216.2384693652857
265.1824778065784
234.02347710635513
244.9190891161561
251.19811205321457
260.13453263323754
210.32194402848836
204.88318855385296
208.6522114238469
264.42653437540866
214.4651351995999
231.9536943944404
266.1881225707475
258.81259094784036
258.09073875437025
192.98977966071106
217.52017190039624
225.17747149884235
251.1607139398111
223.515637501725
248.69397602556273
244.59766959538683
253.89017274358775
233.8425879762508
286.08935623732395
217.48595633765217
216.52524228522088
254.38299806113355
233.98973859404214
220.1995944933733
244.57482701935805
246.59785535209812
251.4304831753252
201.44718543696217
207.12456867774017
216.34514638688415
231.59809407871217
218.8827241002582
217.60644889902323
224.1760614089435
256.717823090381
247.67133658623789
215.78138744202442
277.93300296750385
251.37181503407191
246.1969730842393
229.685450760182
239.016682391637
264.2611230748007
210.7565798893338
226.69017809140496
246.43687849899288
253.91810041258577
237.13242042355705
238.73422837618273
249.99062985007185
236.15986074064858
280.4394255450461
232.8143017081311
215.98681880102959
242.81361338763963
246.8738848817302
212.76841738296207
230.23798595846165
202.39535429340322
228.45035474689212
232.90232175169513
191.89910551765934
203.99504133779556
264.745986829279
248.25154124805704
262.56828760448843
272.973777721636
224.79728642909322
277.3545496627921
253.12070749222767
248.59425568999723
241.52329805854242
241.82518723444082
232.3190651499899
232.53740055987146
254.62028229271527
253.38544054667
224.23325331741944
239.25874057982583
259.8834472451126
250.51186817104463
194.93151743512135
236.43711383640766
243.59217341500334
223.18390407948755
229.58072165108752
220.92282647860702
329.0217134830309
273.0572548347991
247.83014837629162
229.51619866641704
279.69737992063165
260.2965453854995
235.5831016850425
254.00089921371546
256.8692463792395
246.6140960471239
237.00999599031638
253.41527898004279
228.32479936920572
246.560416487162
258.9668367340928
244.44611979823094
220.8569575068541
225.88134348753374
215.37753125582822
238.43025522481184
208.27033336786553
271.6181812300347
211.22322127444204
243.78172724705655
251.4985875952989
241.03660379035864
240.86860739730764
228.382351234206
249.63482896902133
240.4138665040955
243.75405747129116
217.44996390433516
236.07886841415893
225.06923577585258
222.63210596388672
241.4557011135621
237.03513706568629
209.92900894710328
269.7819065024378
200.89988996263128
231.97204765758943
243.93906084576156
233.7768241398735
233.09648796345573
249.68903401785064
255.75143171148375
249.9936121685896
238.83441239933018
237.6001141994493
247.18121102370787
289.08902047167066
267.6668963903794
245.37092938716523
222.12307567719836
249.55228289938532
248.112275766558
224.17220954003278
219.86566694360226
235.14412390312646
252.6629252169514
224.92439100169577
235.4348623972619
246.22736417804845
228.99903482408263
214.40006593998987
254.63118407223374
250.7074724782724
260.44669064797927
224.8827169870492
237.9098868513247
211.9165891421726
231.753080243594
192.63657010602765
235.04574357403908
205.79374214238487
249.26342666638084
249.4845054736361
257.8800033503212
264.06439378194045
270.1394389846828
250.31239520478994
194.72385469067376
243.48459330946207
211.64410314080305
203.57696370885242
207.01293709746096
224.84956435475033
220.53841508598998
207.7934633597033
200.87313577416353
235.06548914709128
232.3743428789312
215.3644704078324
213.89208766364027
247.37781875417568
201.20747635001317
227.33548900356982
229.3858675180236
241.8628933361033
225.0034150489373
225.90477390249725
218.94936328509357
258.0646447892068
246.0304289124906
204.9912364410702
213.62119155889377
193.85503611911554
247.68810500577092
244.24512785393745
212.05736704997253
206.21119736635592
235.51904322381597
235.2103459883947
253.2710613819072
239.38175130623858
271.58405060274526
247.23937476845458
243.4108994465787
218.779703237582
219.90365537884645
234.01735790993553
218.94241416780278
266.77767505985685
214.10607053886633
266.6533161342377
253.5246543707326
240.41538434207905
247.65625516604632
225.31237337877974
215.4113391204737
241.11022921581753
221.11867700738367
260.19635153817944
254.59595205099322
212.53441230824683
242.37480621540453
263.13184678414837
220.54993600538
228.43630966823548
253.9690342033282
237.0184469835367
225.8044093628414
230.95119992969558
253.63752764568198
224.29798038315494
229.23652274999768
236.15429071045946
243.66553329804447
258.8426944607636
226.7415260503767
219.67038028035313
231.67095191287808
228.71376420278102
253.41980256710667
246.3238067338243
204.98514951299876
221.92288296332117
248.13045714073814
225.16810894501396
254.93230119289365
233.20889162027743
276.62867118266877
185.67550501704682
242.23477377346717
239.43404220684897
234.22285469365306
281.048805157654
209.27486035961192
245.54574887955096
235.35938694223296
254.91363846394233
243.8656447668327
232.30572516063694
259.18741790228523
222.20020769606344
221.53730637265835
248.5224078996107
254.47482722834684
253.72499401448295
256.58827228611335
246.7689924860606
258.47206051065587
226.6551178585505
245.31875126005616
228.589239371242
239.30994245246984
231.90950450941455
220.41752197861206
259.2963953092694
223.71800134168006
217.33922853821423
201.7667538317619
235.15808770863805
241.55950824776664
222.135144689586
186.17107278911863
249.9789013788104
241.80622690694872
232.16622398397885
206.45581038866658
222.73677401046734
218.41759775718674
247.41582389327232
232.909898511949
214.3156892855186
221.59442462679
267.6139209427638
235.5029548422899
263.5973046104191
253.8139680173481
231.95591147523373
233.32881780085154
243.97120053088292
216.65594841830898
201.44632980704773
221.07802901498508
229.3826517991256
261.563616607571
242.61679074319545
209.1190848032711
245.27338931162376
241.83863025833853
235.38455412734766
239.0714814887615
238.31301161367446
258.09975171950646
206.5687182280235
191.89156717294827
218.2056354150409
254.76168293086812
249.97311383206397
228.43974306085147
224.54043721070047
257.5032596021192
214.83292142988648
242.12658901466057
258.83181780576706
241.6878962132614
245.43666616885457
262.9594741356559
234.32101699779741
253.34972828009631
243.13584900670685
225.73532713321038
231.26585996162612
263.90354368963744
232.3222231111722
268.71777196915355
251.30872824497055
244.06950410676654
228.36540437594522
242.93058530113194
212.19365240610205
246.43757694994565
225.7754226664547
244.41224732925184
238.2870502959704
209.14885099965613
207.05704939644784
239.79103688523173
211.19149873428978
233.90633945912123
242.13615930906963
204.33908428100403
190.39239229133818
255.82492271624506
255.76094970921986
221.676158700604
233.766355033149
258.1233256268315
246.67161889199633
238.73216566455085
227.35291367431637
245.25056794239208
218.4156910610618
245.83107573003508
255.08032812958118
203.60472009854857
214.12847461015917
214.35193998960312
219.46883377525955
206.37301853997633
238.89888736302964
258.98973111086525
235.63982732512522
243.9629225768149
215.19118587020785
243.90144198248163
229.09815444273409
234.09809254633728
243.92680369212758
233.48021646367852
282.3516044358257
285.42948632792104
249.05751273350324
249.72850495111197
243.23046013258863
237.18880152422935
245.54583047924098
280.0015349915484
271.12115223752335
255.64670308469795
215.46069330035243
226.33862286410294
243.22304121637717
238.39782535203267
250.50750718661584
240.75178910640534
252.46860113495495
211.7931211872492
239.90982751268893
248.58483798988163
230.5756557743298
253.12575899634976
253.87268229888286
235.9488938137656
259.01260294008534
263.60321248171385
261.78934081445914
253.10151974624023
245.04391371144447
222.38793781993445
214.55124906240962
251.15240159805398
202.9862465854967
236.80941755417734
245.10720803879667
222.90860476670787
231.18267794221174
214.8763598377118
237.55469629343133
216.82056974316947
228.48269193049055
220.09300278977025
220.09646702907048
265.1372333035106
233.71100178500637
238.0077842535684
238.08265760773793
259.40828111593146
235.9772136384854
239.83649789122865
236.20339475467335
269.09685011790134
233.83494217309635
239.89243070431985
273.1748212437378
256.4896533486899
236.87359521270264
210.57117440283764
236.78365939983632
246.41788967780303
201.54240059503354
224.273180497461
224.9278864575317
235.0348036173964
230.5777966728201
230.04690767533612
263.50491786992643
231.59715300006792
288.5231686560437
245.57891970535275
221.2208475715015
215.42726982256863
262.9408194255084
245.27826447994448
215.4575435348088
257.56619288248476
230.90432636789046
241.74108746054117
254.47442392574158
244.0455134928925
250.687826925423
268.6865005712025
224.9790956164943
232.09706845798064
257.1554587892024
213.1471467843512
233.2495734456461
214.34090735786594
234.05871643172577
252.0117270218907
243.89037464221474
231.76720965956338
235.87475696660113
279.56681203702465
234.61005767213646
238.05799071316142
214.15044964209665
230.52222705970053
261.8508610908175
270.3076363616856
250.43097726791166
261.0087889818242
226.85338788013905
224.19169101212174
218.70054205914494
227.87974317814223
246.07836407178547
273.6610245426418
225.2261455511907
243.73739108804148
208.057255318854
278.5841953889467
250.36471251526382
264.0596630178625
215.65296261303592
254.6454893181799
216.03245496295858
246.83121779037174
283.6114773208974
211.07802794210147
230.05258929764386
232.31064033135772
277.7055021520937
248.47031568130478
271.92390769242775
236.9217302026227
242.7108288819436
207.13804408465512
225.52857491362374
252.4285168685019
233.51556938095018
264.9355793191353
253.36058658419643
260.74851644737646
259.95392603520304
286.21555622213054
263.4942863275064
219.8521959357895
249.11092272633687
233.62137657951098
227.23410355462693
227.60920242639259
234.57362283067778
231.2635694744531
237.7148308615433
236.46370223595295
266.2908035455039
222.69562383019365
252.00183041230775
227.21142355946358
203.1756838602014
223.12133818818256
228.4997872581007
274.71540112700313
262.3769233371131
222.81327673711348
240.28083093697205
287.92200503859203
245.35804976220243
240.30104027269408
225.80302456079517
253.3732187888818
203.01374715112615
263.4347736033378
207.23274798225611
253.29227631154936
238.21220699872356
244.0612772462191
222.13716218923219
240.6121589820832
261.79548770422116
217.4086639615707
224.81417085020803
243.46617712685838
278.62082028237637
231.17760672362056
232.34473143680952
231.6739460423123
277.24759292486124
266.4361113354098
227.59451820037793
200.92101298074704
208.02956662990618
213.8241910036886
223.3514630702557
242.63852803152986
208.78726797318086
236.61764895392116
253.73717926081736
264.74448143620975
272.600047009415
238.65375837765168
249.09213709423784
253.32047470554244
256.1888138029026
225.692400233238
213.6059087156318
235.58460966544226
238.8076748701278
210.5365648106672
229.1151764600072
247.5044214844238
230.61087631073315
219.41521954420023
239.64389677077997
250.29296011209954
214.40677470806986
206.88168925151695
218.21638923999853
263.56421612144914
229.9427527465159
248.06385237292852
236.12729202525225
240.7031177735189
238.3525315276347
235.588037705631
236.73691824369598
237.83589021931402
261.0379349410068
285.2916484136367
246.9441301189363
270.32444186892826
215.84688631282188
218.52175864833407
239.45136809558608
251.85505941999145
226.00902754522394
253.4164489385439
279.0194327584468
241.87979935586918
304.2841475006426
230.79205210879445
262.8818753241794
241.69519058859441
240.65701976895798
206.30015338549856
280.0221284670988
209.07117748376913
197.65642874268815
197.2388263354078
238.73140999744646
215.2972360048443
246.520357255009
237.99913931975607
278.5535156095866
243.21038511197548
256.8650893830927
261.4332572144922
233.34168393281288
236.5041502279928
258.0474179656012
249.4365829869639
246.86567539419048
267.06474335177336
240.95235976669937
204.50594279833604
227.2616269987775
231.27592972805724
234.02646339545026
252.2732805472333
221.0789974841755
245.86414800561033
247.2170276773395
263.16664012672845
251.77861278527416
251.3045660458738
254.5170371455606
223.184416177799
244.05726342380513
240.8338495552307
270.0246416736627
246.3404030004749
257.12284715811256
238.57963761570863
228.11680265225004
229.88224046630785
244.68611036159564
246.80308151978534
232.08849017799366
211.61785643990152
210.98222315509338
241.99470805143937
248.87943813786842
203.26005590334535
236.91762790596113
229.81973023572937
205.66678450338077
244.6771502327174
258.0469789070776
240.60562844271772
272.5583373802947
285.8835114252288
269.60718423803337
245.2196689324919
231.15629591222387
244.65792258863803
227.32017911528237
250.7556949572172
265.7008302032482
221.69711953087244
230.34301395528018
291.24875971733127
223.9710905039683
299.28493177401833
222.3844757260522
249.85269423760474
271.3787089108955
241.36020356463268
235.56654008303303
269.72486802667845
241.74379630654585
239.36315784486942
231.36271331494208
219.58300102618523
262.39634965197183
232.89606347028166
250.08828627644107
281.872680965811
237.76340245606843
249.66639115847647
224.69396592362318
251.54877131059766
235.3243360966444
209.11940178228542
226.83538899000268
250.3547155543929
252.1054585740203
225.2745300787501
265.0819393892307
237.7843194702873
214.31818340683822
209.3770921867108
228.64875207154546
262.8866105324123
229.5106597392587
216.3381601133151
199.7828966367524
223.8104208811419
242.913505002507
269.64546112145763
228.73073818569537
223.70528838282917
251.63629816193134
239.126187425456
216.93214515654836
234.4249383629067
206.43325014365837
226.97246108064428
234.1690044774441
212.99495859630406
267.7446960872039
230.26181508926675
267.00549607840367
246.1742324223742
259.686494663707
249.30848868610337
242.28716662095394
219.73408756707795
242.6047765990952
232.67700185696594
254.02488596306648
273.494142579264
253.1751858399948
210.7526410552673
218.7228391718818
219.81174472044222
221.90915876277722
255.8806663993746
279.25753792910837
243.03627378772944
247.04111170116812
258.2729559332365
246.60369469539728
255.15400781936478
257.44615577568766
245.3444513132563
242.41395978827495
252.86656447325367
209.95863103610463
250.5192777335178
273.4180872498546
248.33793491439428
238.88389337691478
223.53357084828895
233.47087925649248
270.7007523806533
221.38903994718567
240.34797283168882
