305.12171561126524
305.1227428849825
305.12330571429175
305.1236378133399
305.12383503126057
305.1239505546728
305.12401741170015
305.12405570865394
305.12407745837663
305.124089726658
305.1240966002706
305.1241004241947
305.12410254860515
305.1241037146574
305.12410435833044
305.12410471747535
305.1241049000837
305.1241050102508
305.12410506264314
305.12410509187794
305.12410510824157
305.1241051191282
305.12410512177485
305.1241051281395
305.12410512891256
305.12410512647875
305.1241051321085
305.12410512774113
305.12410512481074
305.1241051338384
305.1241051320176
305.1241051262914
305.12410513443683
305.12410513477516
305.1241051293291
305.12410512837414
305.1241051292309
305.12410512643146
305.12410513306895
305.1241051287325
305.1241051320285
305.1241051338402
305.12410512201313
305.1241051221732
305.12410513344366
305.1241051240286
305.12410513123905
305.12410513005307
