152.4219681646373
152.42196820516529
152.42196827118187
152.42196830183093
152.42196833700928
152.4219683601832
152.42196838705604
152.421968402964
152.42196841623627
152.42196842521844
152.4219684452446
152.42196843745296
152.4219684712616
152.421968444939
152.42196848213462
152.4219684456275
152.42196850361597
152.42196844210775
152.42196852304915
152.4219684277832
152.42196854758913
152.42196839745338
152.42196858897842
152.42196832941227
152.42196867617895
152.42196819286073
152.42196881852033
152.42196797153156
152.42196902051546
152.42196756237718
152.42196926932047
152.4219668774931
152.4219694981657
152.4219661577008
152.42196955466898
152.42196591117136
152.4219695339125
152.42196600363422
152.4219695374668
152.4219659877872
152.42196953735038
152.4219659895498
152.42196954502833
152.4219659744922
152.4219695390948
152.4219659824994
152.42196953428538
152.4219659631235
152.42196954397514
152.42196599403178
152.42196954121937
152.42196598488954
152.4219695484171
152.42196596708345
152.42196953664097
152.42196598106784
152.42196954094106
152.42196597820475
152.4219695341999
152.42196596909162
152.4219695364427
152.42196597933616
152.4219695313186
152.42196597885777
152.42196954894098
152.42196597506336
152.42196954317478
152.42196596577378
152.4219695405627
152.4219659688515
152.42196954219435
152.42196596843496
152.42196954612882
152.42196598416922
152.4219695503798
152.42196600898387
152.42196953863822
152.4219659506016
152.42196953644452
152.42196597141447
152.42196954376413
152.42196597641305
152.42196954317478
152.421965988171
152.42196953729945
152.4219659624614
152.42196953688472
152.42196598568262
152.42196954015162
152.4219659721566
152.42196954106475
152.42196596792564
152.42196953709208
152.4219659838891
152.42196955642066
152.42196597916336
152.42196953977327
152.42196599891759
