243.88604699590906
243.89183438059172
243.886087215732
243.89186028726363
243.8856888826367
243.89190661364773
243.8848236980939
243.8918695774446
243.88306312515033
243.89183225323177
243.87933447559863
243.8920888287521
243.87635551515268
243.89249959182052
243.8771154189435
243.89217154922153
243.8884813985951
243.88848321284968
243.89165746332947
243.88841863534617
243.89183935032815
243.8881334919497
243.89161986376348
243.88809150357883
243.89176532534293
243.88850014962736
243.88852589747512
243.89164705079747
243.88859916061483
243.89154888580197
243.88900363667744
243.89170654771078
243.88824221315735
243.8876159623942
243.88804621346208
243.88810910282882
243.89160248617736
243.88877898689498
243.89157736595735
243.8887508520329
243.8915651002917
243.88887686700218
243.89161613102624
243.8882333571055
243.89158044336727
243.8888730171966
243.8916145825242
243.88842734176797
243.89155490619305
243.8890168189355
243.89171148145397
243.8878025014128
243.89163581624598
243.88861164675836
243.89154860266717
243.8891224528379
243.89176571238932
243.8885044764429
243.88854796936357
243.89164131513462
