297.93356867004155
285.7901100014223
222.43630334193688
248.8843208286853
251.29534075564607
236.3535317210983
232.9549086403556
194.61558215768127
226.02891584527788
213.41083809467318
250.52245363307748
232.37058492506458
254.56093909000947
257.09320001641026
251.663357090687
245.23773948270673
238.67475739239035
234.61290653477226
234.98382688977108
225.40292379919356
222.7379655921004
266.3485517691415
232.6172553049164
225.07120255720838
229.96476105572674
221.29860242623
203.2462054204725
268.77905415214354
280.7589450684636
237.48599266300062
239.66628028112427
284.1702822928137
229.13189452754614
219.72684544971708
218.97540820152062
213.4664320448519
228.65132412780076
225.00306525243468
267.89437732188526
259.02723747463097
272.66431673240004
240.10376046310193
219.7845980459224
247.4927388414617
215.468734033886
246.13325158051703
270.885949359983
226.02026946630394
210.55861674358312
259.0967273517472
235.82803534006416
240.05796329170153
242.19956943518446
242.61071115996856
226.47287882005185
240.39049013667136
225.79769508658865
193.40690392683427
256.52655133757435
247.39967560450168
228.0433473664616
237.07156524515813
212.49507481792716
243.77496682134552
256.07884529603143
220.5321243086055
209.83750629556926
246.6807705557494
253.2957282855059
209.70897795938072
219.1846589828383
236.60947829152065
202.92404441726467
208.17583281876068
228.96171123821478
251.4560414321677
225.2197761083371
255.46822549584977
246.14177623457
222.41593135394942
253.16601574003653
253.69911382125792
235.8663646230816
257.3635023991628
218.3783856314949
257.7406634288782
253.82745667580457
231.29834466010652
258.8746746017605
244.0383146896893
244.0026515161917
240.49036246417745
209.32711444683082
232.38506608956232
236.2827152330574
212.823439419004
245.45128395580832
243.52587416192182
258.6289826100983
221.90503191387324
219.40024927276318
243.83374812281545
249.19921045005685
225.01488587614222
218.1249335217326
225.9025484749509
314.18532579036764
241.59899167156982
242.32287222157538
240.65835635554686
246.72552853613524
229.0169127217123
289.48661063566396
258.304334619017
232.04200640761337
216.29131815547225
247.19332870444123
220.11368449726433
220.17598315234864
234.67071741616382
234.36433418691013
286.224445270007
259.42712631024915
250.38295650716827
220.0674934830713
238.3820970953384
232.52164255490788
245.63057353750992
238.7342612210996
256.61547580621846
255.09545179329507
240.74693494785242
233.34448056443216
261.05927350767524
200.76943278465114
219.6321313381668
236.47267095481584
232.98432322574808
233.96620383708068
216.10664732912846
225.57776049013773
243.33845555068547
259.3388710167201
210.85938638388325
247.9600771776677
214.9258828273887
225.6555061799445
236.91420208636555
235.7392912438445
229.3362481879958
243.41826117433084
274.2869983353521
238.81287607067497
233.74467459130392
290.484072665291
262.32441203522467
218.10233463376062
230.49376025248785
202.69106870416726
221.0070452589789
232.09185981687915
202.21487216226524
214.79149850699469
212.97331791918987
201.42630886237748
221.89929570505046
247.05814420760726
228.73027016736887
218.98451702050806
211.44130204082467
248.40451758509153
209.39434788838116
235.8920513694975
268.06609791853407
232.57963213073526
266.02575025692204
238.26516472340154
229.84155283252767
231.5729750758037
243.1994125768615
258.7988733786624
218.5738357671653
217.6545290829672
232.88797471430007
263.6537097421824
233.2834808680709
251.5195984609527
241.3101337588887
224.88269686060812
222.20083188785065
232.11724840527313
211.03933688949473
224.0597577456574
240.6644750242558
247.2259302507955
227.83990053609887
238.80531014844746
268.0915636550053
230.86426999414834
240.73421197606513
238.4988839144644
246.5622471076931
230.45791200114036
240.74202529903414
247.17016486464127
248.46667107314715
237.53440505017352
224.16810388666636
253.46911564566108
200.16007043192803
213.03098687365127
208.24308274581563
231.46715481730644
223.70930110683548
232.92720667464164
210.60972345899063
255.10560452080972
202.37813553041633
217.58055166516715
234.542599554763
218.92292840997834
223.04715747617593
232.84818243245536
234.26778904886305
247.9077829504531
203.63122725885478
212.28153510705306
254.94352861871448
243.8598777428051
210.6558700106034
201.59577034468384
221.03339669229172
233.87112053620513
219.36961348357
229.12208812470635
220.3333697864291
225.86542771667155
218.46099675937148
248.90218801728042
242.07208933316724
239.61228365962597
215.0691308217647
241.04150344033405
251.5656985765454
227.76723366924853
241.57740495239705
220.92326102048537
222.64163239816844
236.28745644007722
241.78806567165157
265.2584583748976
248.87544548846927
316.5212966962499
258.7734452068835
201.99428534542676
264.0692821738194
231.27425861291704
229.30365589597204
262.3969975733635
225.86012224126898
229.3314900643236
233.1545213319332
249.11901481092355
287.8926756565488
214.16293711540493
230.1010579587455
241.7233607252856
227.85987699607358
230.047403691613
236.6883605995099
259.09326712595066
226.68112227699748
236.51866188977874
222.53311542441952
205.31399965823948
206.01336097241438
231.52570263904636
218.48909860378626
207.10724194136856
204.40357505070278
224.19447590442724
253.42028492821555
236.71770340032526
223.27161170328327
301.4817511086294
220.61371626368782
248.95103648617805
245.6881372837379
242.26171448609966
241.34817619726527
212.76220762371668
260.03303259609675
273.023462060999
243.87656652645092
241.0684531450388
276.07230197655736
265.9571293931658
228.90689167540404
243.01761620037723
208.54751580908487
219.01930165135127
205.8859968309116
245.61322079585807
201.76161440915894
241.37508544273442
226.7480157497048
214.56010238007002
238.42671085010807
251.662965844851
221.0964676029398
243.67339788920071
256.47279411301133
236.4079822529893
246.15380601790093
232.52450719797343
260.5377187249687
222.9078179414646
242.90675468140398
220.38900810580526
243.6975010738097
221.6801188654499
229.5485551047459
220.24851103559195
248.11360653460724
218.68281955440762
244.0839619213657
211.136004533706
278.14014713942015
241.35234592924826
247.75290287577081
276.9055123562284
259.090780139406
247.863167900985
278.03131002903683
244.8504547879129
254.08937731540937
259.96984054926725
222.61624026445497
246.94165793007414
265.19886381496326
252.92523027016432
236.49564550854848
245.3163471985754
220.70597638003528
279.8295662745513
242.10272320227523
257.19795611668087
229.22877140722994
255.23017457482638
238.28397384138952
239.42946789512644
219.60461957060033
260.4282678897871
232.51301857193175
205.6692764836771
239.66523071909614
238.3183972229017
256.2864510526415
238.65594731934834
265.5993101590866
217.9274946450023
275.5867429491627
233.43005597146112
254.51420079272066
194.3137079754233
251.8414693481318
202.98080112412572
227.53195344048436
257.6714024005487
237.94956193026155
246.46472404109954
224.67998895615165
210.84397189442825
249.31933259735524
218.21889060159447
254.8039229743008
244.48124442523113
280.27693377784453
227.64044810834457
246.67747709568357
274.2797191543068
227.72458900119818
268.89335182710784
235.0923038709443
225.99149231503543
239.0946224055806
230.89134526114503
230.75895291444613
262.179880766329
232.1614964553737
242.15567107098468
226.7009769094293
232.9589999508171
223.32916034212394
244.13385488220956
209.130334280635
216.95389620355854
207.9002344901819
286.3259846037399
227.73943735923967
243.38604490135913
216.87246294498618
244.7278954772628
263.01184304096387
208.5589498883637
242.35850265066256
203.06927498520236
226.87457877382985
247.10252766576014
260.4388578199869
230.33859390633006
251.51751281210454
248.91543158265995
266.54730973014375
219.09695028685383
205.93723276829405
216.10712330816023
268.3130103454896
227.78854196237808
246.54906375386054
274.367967150989
258.8184552391176
230.13756732088223
232.2140143699362
212.47360899888736
262.0480324297969
269.78526264533866
216.69498839235166
213.6516383694252
234.51089519450034
232.31667073587596
239.09113105968572
255.50467682750605
271.08865847864945
251.34211477862846
244.4535438195162
256.2326494358422
219.42276994907297
255.28660621815652
193.31147405641968
248.1846758777392
260.00980766824796
239.75305339941406
192.4424558476603
190.4924305446475
225.43157169419283
228.53051558272273
299.02016191631265
211.0481305038411
259.857661999893
202.37732319132192
268.84082684917666
242.79809142678278
253.38918447047763
259.8935402802599
231.5016229222092
245.36109343802673
222.27785017529095
237.9507045263599
252.1172419601644
257.12491202386445
202.800867395752
257.4530659288139
249.66002127980755
196.75668389216298
232.10722912909114
270.2833275349403
233.19263975440117
232.0051238873566
227.55895354857785
226.7657391364628
246.09627080819337
229.72981374670053
253.57307034275436
252.7901349910535
261.021306663577
261.54533707340306
276.06319634689135
278.39015689906955
309.08275311262696
273.0984778061684
253.94761840548017
235.99165837363398
244.119867080939
231.8860458866693
233.4530165365868
208.41789189484552
221.02569758721802
251.92470493685687
263.59083824142
232.1801250701683
244.93365975856432
246.05086605412362
259.3330707988498
206.1325815802411
228.43507215302088
273.66707392998796
248.80724901272333
301.1195982839272
222.4207258217648
201.27322363511485
222.9965235634445
228.557798684109
255.19590085626987
267.1440689757146
258.22466171979613
224.5796112837561
263.00882150171674
216.43688215753355
255.70192741464416
269.46956473025784
248.14744746116048
223.2763901694707
224.22662093443796
254.61746135250723
258.6057901868335
236.62842650696984
288.7519525192911
250.67924041683727
230.80863195596612
248.38331175627536
210.71845370596566
249.0435225857509
246.38455446899752
228.61469450559525
234.4279826573038
225.70125130175438
266.4411239829933
242.71945347059227
217.55922477781132
225.11568481015274
252.2222977468773
228.9010699638602
218.1768877745344
224.02929883415345
226.37338579201605
239.4077431497426
207.97180208322243
247.56514232681366
228.56011712146574
225.0209078661428
246.18162613255845
231.04823522783408
215.04595866295858
233.94194920705922
275.28938860348717
203.81154920918925
249.05238745806855
228.1185832159972
252.35928781724942
222.34781608579215
212.0890637464472
239.29204252923955
247.45982117427047
215.83069273934234
227.35472320832196
218.5669069570722
233.51522262766957
235.79864064935828
251.15466194527107
303.16354841479915
230.63208059687167
240.50213664476178
222.29172025085427
288.3189070185763
223.80081767056254
230.98027290438768
215.67899312803638
245.04278805787908
231.75147739314707
235.996404694597
227.02386688650586
236.0828790644009
224.83682016204693
223.89535792270908
205.38750153244473
214.14809132943628
230.4288935343793
227.69382060714997
214.04413464674144
247.20341580745298
215.55050322349416
208.23816432015155
227.51601989776827
237.80731080894475
240.20718222711002
211.65315211884445
224.97869132191408
249.92639217872056
240.91066924008192
228.88819267158397
324.8170759564964
252.8801969094493
250.19783747490146
258.09833815853926
249.654588747886
242.33206561717088
277.08050149775227
228.0399854662246
230.87140956908115
238.41390567357303
249.41945669052075
203.39659729751293
228.89210161817027
232.79249202398933
236.5805470221385
252.64580404316075
228.3802869968349
202.1504426136671
200.21224446612177
255.56659945522551
203.27844699882553
216.40199076003046
227.44123948569177
225.2537608523853
254.45061953476397
208.15815082626068
207.81949406399508
228.65554199338658
227.95973601102014
253.54842751348042
248.70654458837816
215.25771401595557
224.33475973590976
213.1191964749596
218.88789483020082
240.15938411539537
199.20520576479612
252.37112996497308
230.8864383235632
259.5194363431947
242.8661780228431
264.8338581439748
249.58582003298216
220.20444947460783
222.66014325301512
218.42985807880177
216.45506323548034
246.61026372021297
231.91208285820903
219.39497395433136
305.07953901967267
277.6286707582767
231.5535577487317
251.0118762179336
252.24494235860766
269.23768600000767
190.57427877796
202.87048328109086
201.39498715344234
230.36350574734388
221.0953472329711
215.4797053966031
238.65031101857312
267.0764912754821
245.6109254770272
267.292184509628
269.6519010775082
240.16150951266172
254.17254046865855
236.06525116978446
214.0533835029055
201.08943388948683
239.1840489624883
236.54104962779093
231.31861545302672
224.93923474673647
241.03088061034214
242.7393536241725
230.8568930863985
252.36103232397
222.5561063401401
229.7265787217475
237.338645246753
229.35752043424873
240.86593218630878
235.3073094066931
247.85300557228038
229.59141151668155
225.6165759548021
246.71307388256537
217.96639461017912
260.0796890404017
243.83382155324216
224.8450607416744
199.77789306049817
224.53521818562876
231.80621796517516
230.93381154668168
219.91109815897653
248.3910307076003
306.80833295479533
253.2603909696336
224.93348983098986
216.6461509502842
233.85370247237734
253.4488686757104
217.21681298559997
250.2561220456555
241.1678251393605
202.04866505035898
231.98235871104407
225.55591023687157
230.3246743037016
207.52690420256113
261.53213451305055
196.7607478896971
231.3535613642598
222.85759643028723
203.17740423060604
285.1775676825491
215.84363554883748
237.921780293138
240.69541508314433
239.88343106384855
287.85650429857196
250.52697015571175
210.23967980378075
237.23523625268717
218.80938842476462
244.40911102600512
217.83272106974619
243.23977873666445
222.62908248518943
227.41045600382495
230.88385130281677
230.45103951048804
261.48433735681465
249.48706386442063
229.14386170427315
234.3967040826974
223.12465384206735
216.84153492184123
229.23305970872752
256.99456343986094
217.46500908464077
225.41167337223305
225.32241886970587
271.7991276185785
227.71995812482783
234.13651499518892
247.422210905439
271.19215427569
248.28956276274403
243.87367327063112
257.50043105261284
293.2602242634748
266.1528281191131
247.18322685040766
260.3463840309996
259.8639218613098
292.46277603908675
271.84011238990934
251.42674920527497
232.18136962907738
239.3669651619275
277.2453379709332
221.3039635962923
254.49632786388975
233.71649148131837
198.46646507750847
218.40327928162878
238.59178631356917
214.54688377163257
262.89785823001876
240.20547675376292
242.56540509310435
236.2886398000701
256.41101365190116
232.6539363162301
215.77100831866846
250.12475413479842
244.99469685769873
211.92273272539023
266.90912989820936
232.26783860311843
214.53522667108336
269.03815901617054
199.69688692927593
242.413460298063
227.12016477467841
226.50548098338186
241.64638177945744
238.9150636313716
216.4872137249622
218.24103569972795
236.8788785331417
241.8381761062774
246.92085676448187
209.22044347357587
202.60449912282638
230.63584848522441
272.10033431631746
202.29929710977012
271.526653474808
258.028624735598
224.12106460062205
211.39297205084586
283.2022609898122
222.5800103826914
232.86423969594762
217.84210548517876
243.66603928850964
234.54680448706495
234.8086325825716
233.33736553581548
239.09111747250427
245.74679607825237
255.40295168277225
237.5590194731485
268.1562909152999
249.0522443447553
245.36556363775162
246.21613479187363
214.38227675191592
257.2153456554224
208.9495192033064
309.80188691904186
275.89295073979883
231.96502788449288
228.4824197125563
233.70499935559928
204.6390265499649
199.90523368073627
260.6170926207269
219.14607668592362
234.47624472831376
235.0277378379251
216.9690076551342
224.391770077229
261.0375596192025
195.05967519720434
248.69468746561324
217.9951332952478
225.99471739958972
242.78390568721807
245.32045917742653
239.30511224694783
233.43314641295
207.7128503630811
235.2458412956621
232.71385832651868
208.1397416490072
219.93839175495668
240.75465304899262
257.19629901094595
235.35881246405188
206.04623997112503
223.37946821810328
235.93931197671918
228.29014684876893
222.74642345446046
227.83236524101812
215.64164381680894
253.98784257247462
239.83535368277808
213.64722256956156
227.94343330641277
235.69074964587344
257.1337262407178
236.95276890468085
232.37639937363565
209.9061604811577
261.96045116710593
215.28928977422765
241.49003564345185
217.38408097735373
200.33660061989212
238.43658347649034
219.67906922995462
209.7738366733247
272.80648635016405
294.84727441097493
246.68286671859096
226.8423828635132
273.9905243636458
200.33714900820632
227.23609904549085
281.8645529903588
246.5627481394331
282.8555956715718
266.8904497696494
217.1604406478582
255.78381393518066
264.5333452996565
247.93083910140558
230.5886569013528
241.26691586419474
227.08142813909217
264.19466207223013
247.87912358317408
250.3730318946764
278.79534066835186
210.03237884308328
254.98809720604913
268.6043752388214
238.444010020321
217.47713896419737
252.70785649315803
234.76150107488502
246.16742768985569
259.02229769097175
237.90924730632105
264.08531541982666
253.6691894933756
237.30237531100283
227.08338956843363
219.1973065941711
250.0048022803967
268.62762276030844
230.0567472758703
267.33129363768967
235.79088138090447
233.2074218998314
237.57159714135923
275.61340308745275
221.36806588468608
260.28278269045404
220.5227548511757
249.5526464790164
228.0412558094249
215.92743241865537
229.6092830861744
225.56375238238252
237.13292736638687
206.4067514508788
256.09813228677376
250.74052636200213
264.72422226780327
233.62131287602824
231.12583827815251
272.29436798454844
267.2171502528072
227.21492875015247
234.60847262563766
262.18573743547313
285.23533568077255
229.9998862123757
297.44226330096717
233.1402435337659
230.62106276775012
212.04408366823918
216.17163686919957
233.82524621670018
225.63068906019907
265.30231045142864
272.99526271704235
266.92370406826376
252.64338965926436
233.2383208287938
216.47478354698978
237.30426633005845
233.4675230595749
267.52188823002507
249.5730551519373
242.58183790624025
255.3903370956832
203.31801485916367
250.2904523393372
232.20694238410215
247.0768176378333
236.81034543120768
280.08658136916347
227.1180660428654
224.85543869034154
217.7458120562951
228.25132150307763
214.30157097653137
230.3674659342796
195.59515488223406
228.33392370666843
220.03076650213916
257.4845970860915
263.87604929177905
254.8707851106592
293.91074457595823
286.19003922626143
312.3113549584523
221.40042567209457
272.64675613466534
248.0932001368783
224.71857847383944
257.73865917907096
229.69638764802949
222.4236442062247
248.39790579047985
234.78114526192076
261.7304599629133
245.39927417275612
246.1784086828702
211.29590510661365
237.68903635416063
212.7820790205442
265.63235724612605
239.83744537844905
235.7796781505749
230.16467353355256
231.88120408338727
198.80814732034924
249.59599564110977
204.67486051897868
279.36698409644305
234.13959244583384
250.23367556498852
259.96876553670154
244.41063741387916
191.9558611374232
278.25272313086316
223.23745121469256
258.65466393891256
221.70291963778436
253.78018702735426
246.21484400873305
256.8164386682038
226.74614062858745
239.74446803962928
250.42573805493885
209.80170261091553
255.34625319033512
240.31919782381738
198.70159414043883
236.1937099856732
230.43065697836573
238.2135845843586
230.3754066588299
240.55054991145153
226.80871005167137
206.81142824259587
253.40306963486364
220.69638568750815
217.97254873151542
279.1387516177492
178.20865204834263
220.41627346441965
249.5243941245426
283.36565348150907
249.36839632087504
276.30714890695526
248.21415270245052
230.2996129836829
243.50573326999438
230.90966788111837
230.25975699181436
233.1461354936182
213.55974238197086
247.1363280081132
233.71464373197523
231.85982928815065
225.63920619594865
259.9784321960178
253.799292339565
226.16124795551877
222.16224169914494
231.02658538427204
241.7166542551131
237.87169476936106
239.62920350659988
270.46372348908335
221.6296416875557
242.98042192161665
255.24469898891402
228.17898372659693
228.33611124783056
229.4135504454025
215.86583031329792
204.35462475990062
215.51779943102156
228.29398229307844
269.9614163097285
215.48141350157675
210.36234733529272
208.4139794667135
247.43216401379323
219.2453822438547
249.69835554092424
280.7267033086391
245.49206433456857
264.9890635506308
226.62386848503957
231.84043666382786
227.60891604525386
302.4338823588914
245.36334533055197
238.02760906988988
217.67224814297515
227.2891167709604
213.11757353664143
229.35600427736063
230.18403032567585
225.03656384442002
241.4912783340551
240.22066944968537
225.99848477204796
250.02987100122846
262.7592504717468
196.02104586860514
243.59731611062307
200.70605089727906
204.92702836636454
254.04027417089674
238.16392189951148
227.1215780263883
238.8838209643145
271.71288083930267
240.8148159754346
214.75194347364595
216.79844372352818
235.5100481492118
246.90602384519298
257.9349912549951
244.54333562398097
242.65240008517867
246.0004328255891
231.0052371310303
218.38582253007917
264.1894608915318
289.6224643351743
252.79627980390796
249.66264966782182
266.46607862686506
227.0847057616338
266.926142373879
222.92931163031608
214.6835378802498
241.04529894923326
246.6901027180138
255.77347164257662
259.31638388399733
202.8122815230745
276.3757340264274
231.58849576633656
214.60671794955852
249.3375005334383
249.7374193003052
230.60867791087367
230.6763180339476
279.4587123931851
271.52306985249743
254.36241616361076
230.27155822119676
231.17863697832217
254.1376675350475
262.1391806387692
238.50434664078057
203.10171750368318
214.81450026115635
246.55313642590772
252.43487012857804
211.74760275683366
216.4091597473598
216.3430972531205
246.7590753645054
242.27533258585026
247.14031190093374
232.21300928876735
224.86697800154798
228.63747957046144
235.04406929202378
234.11621752748033
267.3530463640345
255.2602224854054
238.8569801923004
247.51761570421513
227.71008273097686
235.21837950340705
232.9087183738593
261.7696837229887
204.77528833411634
258.9635562269832
220.9660215038457
246.5378797094454
232.4407624291489
210.0346004938474
266.34608109586406
247.9276356807677
242.82814422313822
228.82409573806217
237.32878291711677
239.42537686397554
231.76211745740147
243.41290813829983
243.58614101121202
241.43275700078811
231.77703805302735
221.96147920622025
208.20250142703298
222.7026111112791
209.98325669171754
260.5237614408252
217.9352956401417
222.6598716841545
257.3200114844949
247.43005467037437
227.98407374491217
234.54936803440796
226.60784167144448
234.113994962594
213.10371603316162
272.1715002707788
214.22201114607742
195.81239229132188
257.4140312417876
248.41661088290857
294.7662593742134
262.13950400293106
244.56888507399708
230.77641037118156
227.99991979281185
234.93291449471144
221.81615143443923
268.82023918099003
233.30524677218636
256.1286684028455
254.9759197444655
241.19753515475895
211.07048090995522
268.4821878184448
219.48563274380285
234.25064888386987
225.6925841596094
257.9994523568894
247.72171052539488
231.92792118154466
239.98779597162502
227.92329572868766
234.2095021143905
200.07954131189035
228.80883482279023
268.44488225335954
239.64364614448277
236.94782694312744
228.38826742517995
199.87753531336784
218.44263737060828
218.47445457574213
203.58254149736604
240.97068765939912
231.06230675702682
233.83391993067926
226.7071309509338
245.51792726217536
243.40814213472186
254.45792004896794
217.39778534101788
243.6817763633444
258.101948095602
239.93538816313958
231.35802345123375
235.04730738862418
243.92782706744038
255.64201038581086
220.49959027016303
213.1695197094814
240.3625607910799
226.1197662340128
244.8974545482779
215.12661322765052
217.15177517471602
238.2951975238975
233.1668158895336
245.19916897814255
228.0925941792084
238.47463313711341
253.6275401347666
244.53252896171762
218.8260967027163
254.50027277844492
236.97768034646288
233.5623319238657
247.13405388209503
232.4741456186166
219.42049836594379
266.36629572784295
248.24982935457956
194.26689097454073
265.9256048373063
228.93414214876248
208.13816377497278
236.99218810745515
234.6839901455678
263.3430456564529
210.07670044823317
261.1857024705969
214.68510078417603
231.1733550367644
211.61528726131655
218.01957881101407
217.89817840536125
220.85397918871604
200.0806721818517
216.49723389704013
226.5331599274068
249.5261807971401
287.25235785736004
248.92394398938632
215.81340083305258
215.54373919474892
219.75768379826332
255.12932816176908
237.59096784860594
240.71266137779457
208.82953503727913
308.7073250897229
241.65307567833224
216.20838070107857
272.381373913493
215.8111191317439
251.3398458242882
239.0190705008572
299.0363151806523
211.81120977405226
238.40809275698848
230.46722227404825
238.29684173251735
247.61617386015132
259.64180808491074
290.8961153461714
205.0803462108015
271.5841168781044
223.98116100620246
225.6810669209808
227.80438345269067
243.45810062123928
211.16606791870436
259.8215392494458
214.341755041969
275.45077015273273
249.28254198364448
212.56478606141172
237.26418443885632
233.67424525815295
256.79711828014115
204.5511931462679
248.70703619124833
216.1929738544277
235.61005455406848
219.67339342820924
257.6337809829856
227.67743377079023
242.04618613660568
265.98505763255525
229.3388846538728
277.8384623816819
225.06580054172082
234.06507426244207
274.0517966359039
239.32540484541096
229.666672835825
239.97101379634114
232.9832842835458
253.36180978809716
268.24078459019074
217.85174294858007
216.07048810832202
233.18933714769082
213.87449071876472
219.03408649744233
246.02641566103557
265.83248362410814
235.28631220239913
235.2530301535735
226.32626711420016
220.28251701395493
240.8462982379715
234.14291736186715
205.69791368662845
234.09517871687422
260.601051166479
203.7954585555708
269.6362309291726
256.9414777419879
255.11984994256636
264.7335398895084
206.24086202087346
242.6632342627272
224.4026560743223
258.34741883917013
239.51554819446756
232.63080467935652
224.98120032501174
245.74175604159245
228.94247565948172
228.6865405657445
264.2592566185631
244.78601622022688
212.90147539629834
266.4650796649512
230.0284418821102
220.59458397625713
248.6573279867298
214.31157740060007
220.08725364488782
232.29815815784968
261.11563999572536
250.95057468517916
255.79199285438517
243.77184355753707
278.8201082868618
230.9735117078526
243.62227359967073
204.0222409037524
210.84324810223188
215.47049085248727
231.52355379756773
239.60016506083775
233.0786388499546
250.96048417664133
208.9209642240894
285.5191658309195
221.97536424879218
288.20828182587866
263.28542311361525
243.4138996482361
268.785613472166
262.3416449447395
218.01837784354575
208.31645219790516
227.52460852795048
269.4137966000708
243.34907353064045
216.50740263261832
230.61283257853938
237.0713274072623
256.5685378172202
243.40799281571526
251.16929023654666
225.810259029211
222.31994954845868
212.5437850402668
229.33141790668014
215.78459435823606
222.1736571781803
215.77926952182315
228.73160238208948
231.38260671892203
257.80820705281803
227.70761921908706
224.27127462584758
272.4312941489625
290.5052229592693
224.33062396082096
239.49200941377785
234.7918581282138
212.3707721310784
240.86854773783125
242.3405276327394
203.97489012335427
247.51572329376359
233.13102551939664
229.49992878414923
236.84069112921134
219.44956166431075
251.75969390198588
210.12294522847515
235.7410044426215
207.08677140646614
288.5525041070068
239.1266989443102
215.77469380327966
226.1458955196431
245.66994248132687
204.5806489601382
225.25303394568618
253.30462039780105
260.33938811614644
204.79015753709245
244.1974876486347
242.03579405497294
259.80050865910016
235.74901498592226
224.25682647537906
222.76645644463133
204.65982050570892
274.1546057430678
265.7990924262558
244.20959896949353
220.63348525000038
249.38767490064492
235.29198506241664
238.05799526924966
251.52882456663065
221.29762288881466
219.44021295406856
238.56565472244984
230.41466494987253
217.24772895040223
188.06601856159978
251.1909631852177
287.6438415108132
255.8999783816398
234.58872344723204
274.69614189863205
238.87484206771478
219.39678532275138
273.2413236076827
238.07020840921905
242.4056384935975
265.0545363247511
233.71352580731036
222.1893960146117
243.70583174639614
244.34484876453644
241.7484132248792
241.12248783098767
218.6227453011088
248.78093163023004
263.0773248379701
283.6633335578954
280.71989728481276
266.10475868335925
271.0887570629711
238.62603458680678
216.7037693921011
249.39382923411904
273.72107662202325
227.4298101636232
212.16496063995874
284.0298679244588
248.81467464659363
240.18356098333606
246.831816735561
258.49389686022187
232.02529870386934
255.16345739911776
254.88935137429507
215.63646152772708
228.08308210992254
233.04949588689487
213.43372047157027
199.97825048136292
191.57667027635034
252.38727582385764
244.9480535085313
226.7471098638489
209.883771501889
284.3732742833672
176.7320684681763
224.5939153834479
222.9222072737757
197.02346250240225
237.62429031165084
236.81308955646819
262.34256180224475
239.18693784129573
259.2341586043476
266.6356738534523
194.2552178868791
224.51387606211938
220.97742583358195
230.22265826229705
240.9118743254803
232.40811418084195
242.81635630736127
209.36537103843875
207.44904381840024
229.49688929197146
217.9756082224194
264.3042501960299
215.4209936739062
244.58189811889315
272.7707712507108
276.7339680722798
212.2947159910691
241.81823055184213
286.2055523665622
212.47716566646704
232.81580513657536
264.6911515010288
242.9853338355897
240.31445588736096
252.5524543034844
248.96997624792857
208.68757912830915
233.44894613983342
228.30554100777954
250.93561780574964
225.09983202291187
251.3451709979563
237.39134725852637
203.77251263853395
213.36241176351905
249.27858109376393
197.66364893788705
258.7609578294214
264.0022616328788
219.06845869967947
216.55154417728772
241.1494827112765
238.83551530935802
243.31436997652054
237.6758200643817
237.07551406376297
229.29071837093215
225.9975222221692
244.01126711792313
212.91735130513553
212.57494135253364
257.2696865950711
234.08160248555942
222.45861507527297
223.30747124966
221.1469145725132
260.925652756996
304.6709927628981
252.44982191588497
219.19019513763487
224.14214889588766
213.3221432067221
215.3862182510784
231.8813208389911
236.7599677578546
253.36310842528474
226.89242725563236
221.3745789564564
223.4023909836542
249.94737854093546
237.71485649002716
230.19217784085777
235.1612532324507
261.21541912364773
271.3585394915426
217.54510479269084
223.99353135732235
226.8750557419262
213.61763298133155
213.7181357209338
250.0862348220544
217.58986918308074
219.81413583061658
223.60073857131647
188.4921403559274
239.05360121279955
256.16788638563594
224.4622401748784
239.97312157024862
252.39672648301348
238.48688306711847
261.9522035418777
235.44611059862655
233.19101644749753
227.85185700532747
205.94838215078926
245.57478399638785
262.4773538664449
231.49058880796656
231.86060148727847
249.34437521267682
265.2180984435254
253.65422045864398
226.23480161989573
207.32378857175354
250.03799143590732
203.07091682509053
261.6924824838061
249.09761856979458
221.54895749641582
206.95183797797654
245.6755952766398
285.04769913316704
222.5993495291914
227.16926419484662
196.2934423284023
252.42720384174027
267.0601050375262
240.656432756281
262.8195487878984
241.54552141937893
239.52126475895057
232.87312167411437
236.94325450866017
284.6222999590682
240.07477286405629
223.4715829984052
236.81178185122553
247.40834849665407
247.13062192802317
233.42026493570302
220.89359466114547
223.21064029767876
244.18441530910786
247.99810140801128
250.66385163425002
240.95523663732456
223.28119514783612
250.9931892505847
237.43549495533807
228.14178330998402
283.5345379051287
257.76120524917496
216.45721791125834
232.06225275306497
231.34312643751036
286.4829754875391
204.58083617209923
232.38355516374577
236.94818280555774
205.7320033024298
240.89771555067273
233.95664012455381
218.06740946695209
264.3687294240808
235.51004324445967
217.45658510772046
246.90178582607768
218.5241230999818
237.48704262968386
200.46851657592924
213.22504072112497
195.47259256534744
266.53968487365637
227.43797410739353
198.4560139113455
255.04921169776935
232.0392423266312
264.64275560877286
225.40714503620984
240.24309108790476
279.84410932299215
240.5150290094316
264.1558560465928
222.961394481943
237.78368855000008
251.26098674390232
247.71084392507328
217.09201929648407
246.95017817476764
217.9548647981137
207.70764107763534
246.99252917111153
247.15426574088633
255.23844170669327
233.85740473138867
227.1245018148329
242.7487002830021
228.59977444645483
235.4531254330068
266.51558689266676
271.6181068243459
200.4195838806918
245.84034753829474
290.29885310376994
259.27532299468294
227.49954494269332
214.54268204432447
251.79066937597236
201.8391916807741
233.63130590319633
212.1755766379647
247.31300299597206
232.48337770364014
248.2264918620931
227.14087682415266
228.94293786387425
256.4561923087458
240.26737782050623
262.82760449755006
231.27304896624992
217.15978354919935
263.5832877254579
257.1135969297611
213.73805358988466
229.55834375694394
243.21434461686295
248.9629618843901
254.9364508628496
220.26192389189964
210.28848532645497
226.57682224042946
301.95679265336366
260.2903439811198
251.78327833861113
219.20638759509893
223.39559189713327
207.1817013801192
258.8934811776853
221.4253679063404
221.64390416519018
247.055323591223
242.4439315321506
225.80396877904423
230.38116073404672
229.93956504098605
224.45768973365193
242.08187331695808
237.13596110249637
251.4082491399604
294.2837879527942
262.259920118493
257.30598247470334
234.03624141245382
251.01782610605005
245.59930465975776
245.53621463954914
229.22953296644846
238.29911653295858
238.9120792739559
220.39551265002228
245.0455221220618
224.34025140642188
243.05892814038089
248.47895494068507
253.15344036841998
253.64795154996682
253.49640325125074
240.70101119868923
237.89163950289367
247.1552828043932
237.259602071892
249.59026396932313
237.8476166446344
248.48652461904567
266.30650868214434
243.49532298126724
206.41468396876007
242.48880209203344
261.4818301082705
221.41402739618206
241.73457481520018
217.35666772001423
214.56497266551014
206.1071344416705
213.67595821304712
246.68200619064737
253.49957945744973
210.80439879116602
219.3714707280742
234.63863236719044
278.0938120103674
212.48964864452137
221.74119510455057
201.81604188412894
233.84600124385906
220.81718235835433
199.38594093819847
269.036157741677
228.46022844460094
215.23976660257904
235.25962276302744
233.62156052381033
236.18101561954245
241.46532584517263
246.047634513292
233.35050627304008
238.77983685344225
268.27979756559944
212.72480721306056
215.69835077947937
238.08585049025714
259.9751635612338
248.59111896564718
269.13952674204484
233.88983707205625
241.0586218040553
220.49531685735565
226.84266671305522
242.35841527342563
231.8159238123917
240.85323127085576
225.04540178063326
268.09012926451396
292.61992922227364
243.70895861752797
243.27626402955502
222.30143180728192
206.4114515754045
223.9618261285941
222.3058913568384
215.87969792063814
278.3224858075264
217.4768446860253
257.610728465952
232.08295133104548
270.8357910059858
222.3395272680209
274.73580282501644
212.4000983000151
236.37466509605292
253.46611025283346
268.4705053231446
257.481623958156
244.4024435110623
240.77152145456057
235.14791172987316
257.7981641283841
248.35609379137168
243.35214152932167
231.98454444931122
194.46557748370105
220.73178227309836
231.54341477999697
214.04825010028435
212.97472192178247
223.59794526919723
236.52959409874165
214.89440574182663
206.3252708921209
224.6455963983317
228.05928374663927
238.22476160165388
214.39496922818944
217.40137020195834
207.81395724555477
254.20001537754433
225.33362736733397
216.03940423758468
210.04599900904577
226.30816052062437
222.65205155225703
221.54620037355926
219.99701725447085
227.36339337658137
246.60488358745351
285.7765835316386
232.60217223648215
240.8162596594193
233.66583497350803
240.1566686280421
249.32998924772255
276.8670735087944
225.40320733818226
221.58851632621372
232.06883519230178
223.17527762113605
246.50938563444652
239.9411922902218
218.65285025082994
224.87858440133277
208.45216000906657
233.25453523296164
245.2533904959564
219.89870997337857
243.85868581366958
239.78520436328836
237.09418085066136
226.64284025435336
264.6478714841651
226.37038312095683
209.75456445355667
247.24252067290945
242.01077177899424
234.60998354002368
254.1140389854554
274.72770604037214
217.59372996236198
232.02191263373243
224.85124581342097
232.18750598246697
206.8321924970951
204.29543906834442
225.81024764449103
230.1062011058675
259.0714277641964
265.5163756510592
235.86008575902088
250.36493553908076
236.75710263295332
232.66061702737352
221.56825338618364
230.76268772350159
218.7464119727374
290.14270726806717
256.0159872046788
194.5237724261824
249.8278096478898
236.7600709196413
245.56661309913034
231.91520016343566
268.6641529565677
249.24471501767403
232.6352650700719
205.31205865863012
233.2541059080395
239.76901407411788
234.42986928718165
282.83560202643275
208.32151877268916
235.46529143617954
231.5141508738743
246.49890009616502
222.03685066266917
240.85554441879503
232.70605211431393
227.50411865342176
252.79967762896558
225.9320778028923
255.9920437881956
255.92368225066457
251.96332523104502
229.8657127325423
246.4218928955961
240.97669750300702
206.70615894714138
255.65475001378218
238.6258534679073
220.3529731928138
205.40490557538578
204.31782212649705
226.80631272308528
239.0799170593382
225.37829628016334
275.1107264533057
251.67391130852047
256.462877916696
236.55927637568675
232.54437401995528
260.32080597174354
242.56070280767744
246.58963626576588
251.14431525592227
227.7141087987693
296.9129519443377
236.9207079251646
217.89977562846616
221.79301770118764
265.13206627225736
237.23996729782084
241.08308768522693
206.2755144329276
249.73205294180661
243.57497039617738
225.37402928771917
238.2044323075097
238.98363426106516
229.05896889732685
210.84529123216635
235.0238362432574
230.97810988372657
219.4921227535233
257.6226287544123
248.00193191767903
273.51039109850535
210.06855511531467
240.76454658142757
263.49414668249665
229.5347305101459
210.20943344419356
228.9593036660808
220.482456032536
241.1087875586236
245.6960098092095
259.7965398966917
236.97284860606305
234.81785699067404
232.86791100149276
213.58638686261838
231.22210379503667
226.7366329844226
273.25362630345626
260.6135001919465
213.13491614174563
234.74182858190034
224.7481127473875
228.56165930477437
224.89484301401535
239.36681129137287
252.98105469316943
204.78628497576574
226.06729789276142
213.96351178659825
223.91749856981914
212.03788235399406
246.83750256005442
267.6247616815963
203.65123996377224
228.34386795765022
229.89209204073995
207.80542759329546
236.76815317355795
254.2057100451202
217.56419868039666
269.06186040781904
214.51914473663783
215.59538043593056
218.82025848084595
232.39227061573183
239.42148148216074
277.5505226646783
246.9516646452248
239.70670939376578
205.2384456807049
231.63774974632543
227.856278647203
261.29281506396364
213.472939377476
206.62745101813925
236.68605375825427
250.28607023332734
235.80824825860327
262.78592863248195
241.26646203396376
272.37814173760125
216.37562860012986
259.4301997895236
216.80035439005587
250.21281283756252
268.7368204452796
247.37606988108018
255.0816732198
261.84394921339117
252.4506273404695
246.8466087874258
240.9984376646462
282.1907206858159
257.8217886649072
242.98871660174336
250.79081073205452
299.46859503694577
277.68405953329057
268.92467228719033
231.22956756362692
242.03653470991412
242.35409184527816
248.5444366421434
246.1585390313994
277.2272692686529
228.89561787853017
268.81916597054806
269.5388710833504
238.00932239677059
288.38725818810053
270.1339758968679
221.46346188697498
196.59130590123823
247.64049196772976
230.44024285045452
253.33473765535746
226.26515433791792
281.67883898038417
210.79689730505925
232.01238437602296
237.76004178792937
244.14160085155163
241.6142746375408
227.11480536678573
203.47906724951463
224.69963099906454
260.1587485311902
242.26572455337737
233.98427632724633
215.39804346562596
262.49058981554117
249.7952810213901
219.03039385285228
215.6311533857952
209.04667365120258
253.04396447265754
256.9746569886338
221.32586511713453
231.2938680750667
245.6173930533696
226.8905912329792
245.27848666533828
259.47464774991386
271.97734324622434
256.54361757228617
224.49990106729092
214.29823356406996
242.78823785611894
239.5877427419182
262.49828604608774
238.1746785712894
218.05871126707643
262.39408998016734
217.4212260779459
237.52083486592164
262.80479312624084
241.95919737080112
228.47683042561403
220.08373741299147
221.5157426861697
224.89713275938993
277.1406085540657
232.9310099433642
252.71289822197286
235.13895306678023
229.83122185763204
215.0555755837122
241.53322086745175
233.3303995191818
221.48450903425692
241.8653154752683
244.05398448219057
221.87040554382838
214.75012126594083
260.22057905455586
253.76184287527576
275.39687394566135
238.37273980147438
249.94417101732688
233.12334418762475
227.57462756615132
220.93067818251438
211.54947499756236
227.1898554636864
230.13784928654786
257.67782801634166
225.82871311280178
220.01127738883952
248.09836299909512
226.79868013423402
235.83101311937207
210.60573628003476
232.07144481904106
188.0476917202468
215.28805489232764
243.1612797541311
248.16425918159075
221.63115239224862
242.03404310392216
221.92082972161006
212.4630235262448
255.04658191185445
236.86924666084815
243.7628100553993
243.29898821527604
199.51314869220369
245.12978155747987
249.99574881792068
233.24985701951664
221.7852656156756
241.79799744929187
240.38933294417802
249.32726442848798
231.47884256055113
251.09457351174206
237.43304726376664
243.2245893481886
217.3144035016885
225.0338124127593
241.1164500496816
263.71471775788814
262.70752493001055
196.48363586468622
195.02426691097207
263.17386169196106
240.2040086411871
263.9761309262831
247.1388958581956
236.12393408175558
224.22577738156542
218.57483463385142
239.8993186551379
232.23136270721443
239.04005377553403
283.0101531802211
248.599637002917
276.18181429745164
211.04440519143827
270.11938634724356
267.27499485353474
219.6560853580013
226.13427640858572
245.71287613117602
270.08604230417404
234.01910984213464
236.94819376815576
223.86977624765132
258.8306955060689
240.81273166416213
228.55971539474558
283.98190475674346
213.35220686590765
270.23831011378206
251.87460339046083
201.6167119810125
225.9413765402278
211.23685909993947
217.4955485620303
245.64586492057424
244.27399079338647
287.48695009190124
249.24506366380956
239.1233677775599
233.9966966737993
231.4861793150194
250.01267108053435
220.70681590470485
208.42047136626206
225.58044748206157
237.95627790596336
220.30508378439117
238.4352033456089
238.38345008494798
262.53646583785303
241.00402118824422
236.75149358110502
225.90323285141494
236.1697694916511
259.88783781870734
216.53832222078927
235.93683957366738
222.6337750176899
248.81395829992834
240.7412694474915
285.428903484717
239.337249614764
211.01088666298892
255.99602879025042
251.87553028017282
235.20352946571074
219.12168443214614
208.33699539396912
247.5683409316698
203.0416964199394
252.93201398465317
250.0757397901034
250.08737370546442
218.95780649385415
252.3583997602109
259.93766670441255
257.57128663384356
259.6071174805984
254.45347759441938
222.28857974114362
237.86022890754975
210.17733479116578
209.1866153178271
221.1234861209523
231.0599687709473
239.4008436964359
208.20787307724822
244.6647549084155
248.0495839731302
246.759737614193
231.93388655304443
287.729929525638
275.51622589165345
244.7042182192672
266.283850707463
252.4310040267883
262.7084397053113
223.89187517762184
210.02585812006146
244.45967456896324
267.97941732790787
274.1449543792987
252.43023847346194
263.65351954032667
228.6442503836006
234.76373296009842
222.84558895265218
208.24381249549333
223.8750546486117
242.76686302863527
228.98813981143758
248.4309968292946
194.77466452366207
282.74913873150945
227.43383558723144
275.60098934103735
225.16113569808658
215.2045184931485
205.69731819001026
271.31031890015583
236.9377093988005
231.76923855673522
227.74829986633267
224.62205907597672
243.46945896884426
236.6353749067057
240.80080824322067
232.6025144540472
252.51925852929708
221.3929330179235
226.422667534207
256.7491422967287
237.89586016291287
248.15332431648858
229.01908486534376
246.97500496427529
221.75094314839225
221.22287670441438
238.53029355953913
208.75512663368136
224.84529151022434
280.5935127052944
233.29668193566613
249.11611939640716
244.15295183076523
252.86609565047547
255.15261057170574
233.76072962919716
214.40331427089404
253.67979564820416
244.26882011967245
236.62155042367522
212.78819159732666
235.49829065718222
233.19757658487651
257.1764127726201
228.0664639181923
234.06775788846426
243.04128788236994
245.12472101172898
255.4776383470744
220.62714769830927
255.35419248836115
225.92838430975098
224.31726489134599
260.0589487219695
273.2674763563555
219.3881317655323
233.00631286250427
238.55483013566118
218.2784165709745
264.2624284423655
207.84712121461052
223.57912014401518
223.6005797625985
201.62518922507297
245.57103926315904
228.38189247238915
253.54595480533317
229.14044864976313
223.42641721025575
275.0307316138642
235.0284697592724
251.08099078107625
263.98621380585246
227.78704364935402
226.4561772751622
239.90500718879048
248.34491355577484
268.8477667707484
219.01460859342478
238.14973666146398
244.43829655728769
240.58027192705777
256.5373838604428
229.40724611049518
238.44294127030298
223.30240342044272
249.69625122763682
252.24238625529688
285.5356037947349
223.13519715610892
256.4248977068346
254.46831810544245
256.91935695137363
215.37877857813146
239.65447243279777
243.51983346708585
241.85759125463665
212.22567816020455
220.4760798838688
234.74090472469106
237.48675847309642
224.46754086611327
237.26015999668743
217.62610874092206
251.60723508137744
222.21800901996903
276.12970735679846
224.16398761747405
229.97623158805072
219.67198865895625
252.324412105605
220.3966550969053
225.25183707266115
263.68310258176643
232.46895156847313
210.45275708811823
230.43496543215588
244.78334702411667
207.63418436411303
212.6147599525284
223.27179935283493
216.6190607601311
227.08112508011982
263.871301394538
231.25067756313365
229.07568861008622
248.5760721002007
230.6328509862069
239.84379560488742
269.04893348226324
218.41481650306378
222.32737738767173
243.86753901373595
231.13134326355066
237.65070711064618
216.53262355166953
214.49342662084382
200.78125154064037
248.97605585714336
258.4048143128166
232.2261922985781
236.3901569766458
219.90501727187075
240.94044254045002
225.37595010211226
230.27392061671708
273.72955675644334
248.5238507463364
249.48914407822303
241.69755392870866
271.7277353472309
252.1669206233928
212.85400252533145
228.2010642499663
205.273633806617
230.47444393031765
228.3419779718388
240.6695005755173
248.886718859314
303.2992186358897
238.8985993078677
211.43497327622026
232.5600687136175
218.57535685412586
207.24393050989602
225.3431445180904
245.18516791169532
217.19817176216748
261.79369123186916
234.24118028511293
198.8091474167304
250.92390985554084
212.86459724488668
207.0595105489483
194.58434421289712
207.90809156768955
244.78199812059756
247.7191723253345
231.08476969820913
187.84816197364125
309.10586486710235
243.2857274202397
231.94363956712186
241.30730079684872
221.50118660542648
256.9741386298556
217.73620983830187
256.717562068603
239.28566454688553
229.50480835686903
219.20222194725648
217.7256275988184
217.67294689745177
273.75935844599735
259.323160212487
243.61078761937097
263.7080758730881
209.54512806143612
232.6494439181406
255.55871528887656
246.17374752496835
240.62615435710177
256.8617553502554
217.41183513274882
239.07995972549543
205.81104716623668
235.84641260514036
230.7688501062803
219.02199680008925
236.57903103681747
226.33456630492583
242.2476190959569
230.9323163999943
211.2095368480077
238.41604518471286
234.282373831491
249.3814542038599
246.91098755015992
283.6991433132207
193.6220705093583
246.15067436546087
231.58983788487967
258.7875779882306
208.9924433073029
219.14178439811803
224.8442762150662
199.88112292962614
255.56106422457378
279.5656901759794
221.29699696286116
210.6579333919799
226.1949459738098
252.23401212110184
286.56121426424943
219.0550920474343
231.59811867109966
221.58926330169197
252.31146592414007
309.65696739172563
223.3520332328044
247.44245354784653
254.02340894262306
250.55913226143457
267.7229859519284
238.37649328657426
258.3220041744644
307.03496178414207
259.91797977883834
249.41081329935696
261.74313472607173
220.85456144623458
206.77324262051843
265.6606196637731
225.95849184889812
229.6471992484294
231.08868493384216
233.18496987223625
241.62306470167823
208.958032987779
267.98869926971383
253.94248984521255
213.60727107385173
193.9424267235445
253.43093447433785
218.95482112374157
231.41466165462043
218.72821370640304
186.13805279473308
221.36668950354215
220.82211501291022
231.46007634396665
228.09067849512212
269.6403749026358
251.79415627173148
258.68467520119157
245.7162399145309
308.1848765942268
268.1533685332397
207.93393899931107
262.8543134452775
212.34483482129872
248.82358848000877
259.07338387868367
233.62095653580036
217.30802024609875
243.37611169239972
244.4830972959753
215.46662869676948
213.8972002279479
239.45549244515132
256.2619337333599
226.7612946856534
220.85162041231524
224.73609776957892
265.97760481364094
224.04031012638006
236.33208510326222
201.23755574203096
243.52203783974983
221.44679570721928
224.4705308743287
208.14255434961524
233.5989798521623
225.4550015355926
212.54141144128516
264.8172242389992
218.78933558112476
214.59704376966693
196.27446363249328
200.8456012456445
243.85346669901628
267.533798705088
246.57536791299935
230.64369530871045
225.34551699156873
235.4430908410577
244.84985046531074
243.85528956272174
258.15154842461925
275.2060857687611
237.0773894849699
247.01135653222445
236.47710895189084
220.32510847225785
210.0773485241225
215.25327562727034
228.88851181801874
254.2721343653975
276.77939335035626
252.72704534197692
232.2153405720601
273.4710999401286
246.93151726201177
239.20150302513503
254.45342383778188
239.09311237779912
230.68167576449923
244.36299879301805
253.35439809365198
237.4438005015254
214.76065361092333
258.0829311904963
205.54468055977486
230.07781879149843
242.61765492719132
241.77834357635584
213.6278715468943
276.497467681882
253.43381887802389
222.63913535547908
225.45880219852552
216.6634914383758
235.39539118565153
252.67938412656076
254.44835016026627
235.715551522444
227.27253010484856
268.47283638070803
244.81336217245553
241.1424332394963
232.4821172003867
260.2664487134898
234.2450573053211
230.59249010926578
219.6334687913768
291.32503529952373
283.7440874435706
205.17476590769365
217.64464101276826
211.68416982667986
230.25940938689746
259.86583861894906
224.3141469154507
216.13341377850156
265.26641040400136
242.9121906827204
241.32625165896025
215.22805676364806
276.5318358646473
216.01844663464
221.22889820160344
226.85518282081466
216.95543569873553
210.7177842456149
264.7886352217756
250.2344235648634
190.7806458201958
239.66027250967454
249.49570671189576
252.00634159240872
233.880139663117
284.5820912756026
208.83536323718727
217.1384759861976
227.51581109850667
235.2661184532335
229.02865007566288
220.4636834677076
235.79160929401405
244.35929674492218
251.2839268365642
209.40913893084507
233.50127664988395
234.63583027909044
230.93784110166598
238.32845346734393
246.71564464794938
200.68738974106964
272.6895615515532
265.8171811280772
283.59699549747165
253.55937238701154
235.1733243818162
225.51435581210535
248.96040731528774
258.4648594042519
252.0779271889478
252.05072966695298
257.4265525038354
236.8016002860386
234.79073815094307
225.53971013298724
249.1060655983165
206.93800631316844
215.55955061479472
199.96040974801872
224.39595590217505
233.03237153810915
245.62541408231482
219.96423516329378
221.67891076602973
248.72627430793364
246.08761844865512
245.2699189602863
237.6367731373757
215.96886203379836
222.64788472966757
222.97236723743845
266.9260313297855
227.3231091274647
240.08530159818474
260.5983371026814
221.22837295103818
195.2016750460025
232.34855362493545
252.94706135604065
235.0806427061325
202.43499946361408
236.54729277826846
248.98502575268503
224.80548459722195
233.15610853629187
250.05253549886402
262.7547357529402
235.0476168668829
238.46434030798264
235.45724065077957
212.1840461732354
234.91205294709653
223.8326515937224
219.45610428228974
247.93541131645907
223.11480947199743
214.98110041383188
229.77960111247376
245.96658543881495
230.23195664130617
238.31452614243608
264.74334362731315
229.46312855556607
232.31450384960044
191.26255360723007
261.74066660925746
220.59804793214425
225.10921203368343
218.5711685770657
243.7678449493833
214.69468828616664
252.34187522227876
274.35139429639094
260.78617930575274
275.1267710737884
208.50380894448608
218.1976981899934
231.90557552175596
254.44434021576308
209.48547810455784
247.64191376022063
276.51837842783425
265.9010346204741
210.67016081314068
222.27200107555836
238.96653307101224
220.51801415614318
261.2232425751863
229.95485029334668
238.140569540672
227.55439027119428
208.71146776725072
234.47414635575842
240.7806482774904
220.8187120987568
244.01569095579907
226.46146643022075
213.85288082039915
219.28345352667384
192.849614410894
208.378993471968
266.46510733664036
241.40524713229388
201.54091739992145
215.67498513951432
214.5452570549678
224.7638530578697
183.52689238579478
212.07636288483627
200.8652724281419
238.96132972848136
238.27237243030686
214.91037083417177
265.9193707270315
223.91951793653425
206.4064400130883
244.17802778806072
238.74776482454035
240.87601525138598
205.11668259382714
226.73984862316865
235.95054778433405
216.57272188586649
236.5413640079787
256.6638217807049
223.38005274685565
223.1658619348891
201.87679658597335
250.1820312292548
264.9063192049507
219.91067048802506
243.7082808453124
237.0582132585114
232.37130361492746
214.75346948730294
240.56833186815493
223.35209727706388
223.52334925392643
228.09304750245064
237.37838418770116
254.9479513745755
238.07003236724995
232.763924122788
273.78224040125497
225.6007711411221
242.58089346648194
227.441489799181
242.88158232963178
238.83125866414048
215.47504673013464
248.44386491260957
270.94665185012855
234.46415190282278
271.3198013751535
263.7070435087662
252.3239930914715
242.56587225652765
215.99274546524975
232.70948260615114
222.50599670701195
255.33271791320294
201.99734628445003
246.06899564829655
231.15231485979166
243.13474075123668
280.3850591890514
236.37627287243959
217.02855920302682
265.1998528459808
227.61901781801134
229.49257348757237
226.5773066447582
234.39241226692684
228.60636632959358
253.93359026953112
239.74376064934768
201.71149879449513
219.36905218916945
249.7656723553082
257.4399269039277
226.33522248116788
225.66121370415203
255.20364774705376
235.74002256605309
225.96752728684805
221.89828932110686
273.10216776060406
209.25591177050956
246.06022209767252
235.43963747564703
246.72066291724332
238.33433552552015
226.61684275255539
236.32231926580425
226.43689866561908
254.49388229497708
227.10618959192652
250.82913137541618
221.48673629609402
224.27149721607566
219.58890221174806
254.62512616126332
226.67041169281583
286.70129316602834
236.85992587415967
246.5191819416359
223.66974068933632
239.21076762478333
260.724675442907
209.66021104343235
224.39251970825717
237.83629034587648
204.99530356749892
222.11212661163881
207.17852138809394
212.85718737635761
200.40478789783083
256.61703283630777
236.3874929442536
252.8481005190406
260.7398240985349
223.91347907739691
226.23284368216991
230.3558564223349
228.5205844247248
218.47773970966227
237.8041549809277
255.1651753989281
239.2635325541487
220.09760221117176
225.16613510332536
210.93631906446535
198.87874155130703
218.38325791805983
251.06206849496812
228.236549801426
225.1738868218381
283.6562216031598
209.8453735911753
235.74361345963553
216.484385559801
247.38222366129048
222.06080758583266
251.9268218675861
224.26552288711537
253.29909120884258
216.67848526092712
228.36189903714694
254.93054180464242
218.82762167684268
243.00372694432735
233.7072204700671
292.056369844242
256.3610532511957
248.7842524269363
274.24081340630073
216.6193325225031
243.06250816013198
246.64913008082658
227.452686862438
242.2101305326214
229.74104533914942
273.4907242155168
260.526258146856
306.3473902938422
232.63343005336355
273.38598013541196
209.9517392438138
215.49498152267188
219.19264265266247
223.50183715554886
210.28711660497356
230.78392015188
227.9006154598901
245.5663305373164
235.6452408148907
247.69904618919827
237.39062933751848
266.9155914069852
237.45336796948686
253.47236463672016
216.37908003653865
243.8202437623404
215.57989042217378
268.4552524473984
258.04376878612675
304.43451705854386
246.67487259069458
253.33577685477212
293.0700080926763
207.24320888030343
225.0110883610323
219.58500077784993
211.94568919530138
227.6082762896549
249.4660904587945
238.92538951919414
236.7558462852612
257.19832445133943
265.54211219004355
219.84039094299078
219.7800427703187
210.83057600050233
265.8215246432228
214.12608031195123
232.55079633800779
237.98792244005017
235.54315322521143
242.83070550707635
201.11388258449733
217.77053473482374
211.8186540597817
222.27063383942004
230.24363538448233
231.04931022506207
231.1075462710578
212.47637856006622
262.618392496719
255.0544537063688
243.25017441541422
244.43751492293086
232.94463496142998
218.3729781160364
216.04813674115576
216.57638615986798
250.64515996805858
243.61786558968015
259.09697877964936
224.42971215734724
304.3369027116569
238.6129274867708
224.4279856409412
220.36497873300686
235.31770861288533
245.3789429469034
226.0222343035275
199.02862131991424
217.3781728358008
239.40203828911763
228.8613343462348
212.5521692589391
237.35486154828686
230.5607156472979
223.27133368270006
221.61706818535458
235.6349157653749
227.75844025053084
217.1359028822044
221.43697293824516
248.7701150997309
212.58485737652518
260.56982773239724
221.1139423791319
244.90079714660533
241.19877649948467
230.28960173157975
223.97628178598825
265.1039295581868
260.23897361312993
244.49030275456607
283.89098383963574
280.45304365234915
223.0027186856605
282.6682431270601
221.54419181414414
244.96737224061508
213.5299649965018
279.37473952188157
203.64200432016514
247.3149222348584
235.03201026353054
199.7573749232106
216.42270953929983
186.4314283685526
226.10973048699088
226.29362620669417
233.04085599363316
231.20243489160202
200.6583959950367
245.19964616326615
266.17077613808215
226.60893491085153
228.0142526346026
237.12878952093888
226.20427295553964
218.68623614462558
226.7038772914093
224.61403506831266
226.79297915950883
234.97028333158232
272.4379769592779
223.8943680463126
221.39508881792426
223.19103438581806
231.001769023831
247.1112865024479
221.12707132578362
192.23784415458795
289.92415435495786
197.56627777789254
239.87034031853545
292.16498455544934
218.96469998953398
253.1624310236657
279.34549705218524
282.21079962363
247.49543917912524
211.64641376270447
229.0745540249627
226.19634401670191
272.28884788253345
239.72119829955045
264.63676542020403
206.82937717088498
240.47229329089168
236.23672602744773
264.3215456540929
218.42038130841684
215.5543694938533
235.2834384252783
256.9599838362774
227.2637144390028
229.51017804106232
232.75966153491754
248.47092918795533
245.05558794760145
224.3123902917141
243.14763644884806
207.29245507007
219.0836187818786
248.5387783490587
202.9087433051318
208.4581931794528
219.52324987016618
199.70608821464702
241.9371053983923
226.48043499141932
207.6743284255499
259.109791663941
209.77228877623565
232.25575347943231
232.68740529217757
290.07151527376845
260.46014886151534
245.167037553736
230.59925711946562
221.73454018484335
249.60564481036272
226.0531355746789
234.07937451754697
261.763254560763
192.7520348536782
259.1136223359499
236.73259993013926
254.98190214147326
213.7679277131101
264.8511771321064
238.68997385760304
249.13453854818363
225.67135459464043
224.39260767528322
248.24152446584776
274.92572534270585
236.5756769272266
215.75882647791877
196.93066205095965
241.60781031555962
249.36147670960054
231.39639512926806
216.14152257412206
220.38743667211384
226.70270654116757
240.70181658386718
222.59137361461762
235.13190121296793
221.1800357431639
262.3450634693727
250.94182120042387
180.95812038320582
250.53451916808262
243.44551144784782
267.7275649460498
245.9152275864035
201.47952995065134
215.3893674229039
252.065275147208
224.0641076118918
226.24399920355063
226.9008598093642
231.2816008074442
260.3078897338128
217.34380772383884
260.76706715952605
226.9641520996811
239.87468457513023
238.78556880622637
219.93823334819172
237.15172505797818
234.61727947415784
275.13570026145317
250.18071478360798
236.907021852443
263.569688636926
272.9475530151976
214.65545976627618
241.3222948863404
232.37800677551422
228.60713729355484
207.79962533304933
222.45838022360113
214.5522998678498
242.38389728043694
228.53372187237255
191.43539177125785
250.4699352674652
221.21216727874707
243.49249934987165
211.17529743013438
250.99558028578758
249.12068425968755
234.12074575480074
238.85739615990315
240.72789931483567
249.32583542051725
219.039660501061
245.36159633169882
237.8681080674287
239.9445484734606
238.7761783034075
230.58885608648416
230.94577254692558
232.4713811010588
218.64459222299047
231.7339068664005
227.71550196013413
247.19370919605717
243.54600389744155
281.26019007898867
228.1409237558255
241.99763603578322
238.23783325927798
260.1058957487112
204.2178195003653
255.40889407810755
233.17576534394175
229.8969938888913
241.44991045398638
263.10239736235235
249.07241069804877
275.335232114885
239.90903162769973
249.80744491296355
226.91676399926655
263.38132048922125
257.07310334884096
214.0092382997973
229.30750460224226
231.7463974825805
231.36010563233867
232.93995703954715
207.32536407827865
216.68109823879786
244.5191711174557
233.1572719484102
219.8670268371934
211.07994561153464
267.327924342826
238.99506092525553
243.1631837025052
203.18029421404935
226.24732076516375
250.10442177660298
247.85471736395266
230.69347841874696
258.3331853155978
233.6359512375202
250.319004590041
242.79017380753066
217.23232507053763
231.70430122024845
235.35254296811763
234.57661183958407
215.4156506919535
196.95852858561557
228.3290843834402
230.77202331076842
269.6862845250871
204.29381576064043
266.38536005315837
226.98590573354159
229.06122536119074
245.5195352837909
201.87416427244898
202.0682566575706
217.38539393711835
216.58179973973893
242.60364214377478
219.85152029851452
202.32538359065074
246.3768766639987
226.64946074516047
245.65023064718116
229.8264057096094
226.08937029656954
216.81647744774818
226.35962857480627
222.59916266053915
250.02616273297463
261.84597578516696
237.11912434513215
218.92045730445534
217.5460351362126
246.63530811911914
211.66278284147847
249.954576100572
207.81288644613232
208.09332655463368
233.2049939398421
224.5077325112652
210.28840278403368
219.86823273054324
221.25240844208747
234.98693080001976
222.9169360990636
235.69993301155046
187.80441000603605
243.12982363183983
209.48462062852923
250.79471020784695
229.94529089611024
252.30921695986763
228.3644707079511
256.2003890576307
223.2608498885529
219.19557509350125
230.20468296378385
266.9641465956811
271.4864180950681
271.32513947808184
233.9632703155512
223.90356488339603
246.42526782338973
286.6686557448702
242.27681118703913
212.5192091704812
242.35386868042406
223.66932273097336
290.3472548450809
246.39816757070366
218.30650899617467
239.32687439175788
242.22407429444138
199.00237209070474
241.50458344607614
222.95172450109385
227.0916678083595
219.91385845537297
238.53621985437348
204.50251344381832
246.4056301030796
230.54428323567845
204.90370338968933
239.05956601095386
239.9051813778933
227.87583046185318
231.68689361668658
261.09514995245263
258.9511313618859
282.93877671158407
245.19247747282498
228.76350204681512
220.9383593176026
254.4505098349182
225.7354609896429
215.67814208427444
241.72502815944608
237.1798760527745
246.46056822908577
264.8409312659642
225.86425778607372
247.459637619555
235.67082989693154
252.13158322975505
245.4367488620337
247.00200715323444
248.57398781215306
255.73070937523153
224.3978120732354
230.2951224958524
216.68570699752308
229.2134107495658
246.1697331967298
237.22501697926782
212.10914441396017
222.64097463095095
211.39994715433568
258.1068314270815
228.25371134234592
238.8769415046554
242.7514078442473
210.15514237619936
210.9854257865809
247.3633771520108
235.48098799528088
237.6136175446445
227.3946019130526
208.86101078405045
232.03924392932095
285.5611063246615
278.89173458563164
227.58623330423143
258.2573765430134
215.57425040972885
214.53593388036825
227.3731089271605
271.00167267001234
244.56110908754636
239.25944922410417
232.62701668136287
250.79116828669794
244.7630315492861
218.85491167218424
230.82880919612944
216.1551725055324
265.95116345840506
248.29987973428797
251.00451013003476
220.7514221718302
231.60735475760885
220.56643022946082
224.13836996117607
225.04133009712677
228.61432241322473
208.82571370445658
249.80370520823635
244.1943217695225
198.886269791401
211.52835300075822
219.86401162855327
225.84388020355254
230.25826787482947
256.863777129096
241.9285924275173
243.38542684761342
245.27034378354438
239.08599016314838
280.7386068572523
235.44310413883068
232.55315779184457
261.1183805486653
253.98543421796057
234.71793727832846
263.4708418507362
314.93594224436674
279.9691864486085
256.8929396610474
261.750922417501
248.26298613112886
220.5031066185329
214.30672199022956
237.2901446337346
220.4165918303188
278.00279465701897
211.98574911535252
242.45449560356792
227.23065015277825
205.75001543725375
275.8287897927221
239.34781541128177
191.57218128535897
255.32951488229446
235.49308787914924
208.6177123679081
301.1143901401665
249.34469431242906
241.3737931724172
243.4906375007704
202.2752394778654
226.1578193946043
239.3934737961972
240.0752092532348
232.3498928627232
245.1082371037919
214.65331348381005
247.72281226853374
238.81916276726406
198.30214674561284
218.51175581128336
269.7486124621937
245.89784574473742
236.83981697121635
244.9987548488425
248.679028822924
252.82090666075237
224.15306140761822
251.93043690512422
268.98954777163453
243.28306492161937
230.22978577110916
254.48902864952106
244.25978592573665
242.41280750464648
249.64394391677342
252.60392485186458
242.26101542939432
251.36703209846746
225.55866569443606
220.6965158181265
262.68391022842843
264.1167644575471
223.81501768098678
239.0050504899118
216.74449706741143
239.06227718829177
237.1289391698083
232.03684227587655
262.06905576901045
235.7906905914424
226.46211652830243
212.90816838876344
232.27865459560417
254.6305118125165
259.4441323968349
238.78063556773122
240.5756846058648
232.10597647586837
232.59293373825494
273.9591657988494
243.1057081174804
251.27725921478122
218.9881929937983
228.94920590985566
228.0934808900347
241.5172982774675
239.3892606954323
247.3253236404853
253.1165894230362
242.84618120687082
275.1491459039971
247.7238506579306
276.3516505593434
222.54224239999894
197.90075891616289
215.1213284782134
213.93190180079546
264.5769141468918
212.96142490557395
257.73705053701997
238.69583899818826
268.4612119208323
221.05453562911134
233.95169072726276
231.47563603287563
228.73602205957286
234.1211981086526
249.10179676522966
234.2520222312305
237.0091314102756
223.390200826223
200.67410478158854
236.67306320311036
223.41396851825994
254.99825757264625
209.19537174806464
219.63648719107732
203.560512357275
227.11265388817992
198.64230948325712
276.2085894389311
251.65485722164158
227.60971597826574
239.34348551311996
206.1046111388132
271.7040077934507
233.1399027943844
247.98264155723155
237.98118031362537
254.0575732990401
233.7477505756542
269.6871810328448
240.46611215441953
202.04560923425015
263.45911510451697
207.9395646470366
226.04206125810742
251.33294908795506
249.11044763412792
262.57170654053334
236.47991866746452
224.4990605051862
253.24472063942812
238.12068115803413
232.851148881251
255.24747186829336
245.1778861429775
237.13255512504838
201.14455336204264
231.02761112793814
213.48471202736255
235.0128952137893
256.90568852832075
240.27817526936997
222.3081909621833
256.52733503002673
233.7964923400432
215.7020581458928
202.42659425491001
228.21996281517204
200.40122776594944
230.27608139137737
217.14543771208264
224.65181556961033
268.96735116722994
222.97542440984398
217.28688288049307
215.09696086507756
242.16980975028127
217.96119149739388
255.86775255273096
238.4742289331043
274.24333998782095
232.17223788937554
294.9865964583587
243.4447288045194
279.8733169431798
235.24713893025182
241.84477437357418
222.18405601021368
271.4579284506617
241.66916267352644
233.83282194309868
232.42255878716242
235.1747505312087
208.69645124510862
213.95714080356993
229.30414574511815
249.52421237004455
226.37519800965674
216.84025632659905
220.34798003698234
262.68870384187903
200.82374451309443
224.1473461771384
240.01463681308087
238.95014141057618
269.51415666600224
228.6423239237629
263.13154382875655
214.7341798831476
254.95177996344864
230.77374814776704
234.91725117713213
232.93569174723234
255.19589346495923
221.3568864070112
268.83581601874903
203.8371826459188
205.4869121585507
215.65495347138494
235.92980119457934
216.57300729933195
201.1814300554106
228.78529953258112
252.33235093893018
250.97334315802436
235.09057136951014
259.5108903173823
248.99351812177338
236.13728045951575
269.7619000878185
226.45533375709783
254.61540002352558
219.43699913821183
215.89740775490645
247.67499507463071
278.7518562809564
203.73894516553264
242.6164212563308
242.9975861419225
241.36801720096264
259.1433198825689
283.9929814094212
226.60587425658014
199.82485472457483
232.12209469953086
232.31344685796648
234.86066886992194
216.57723224151414
233.40404336887877
276.84077515790705
268.26035643345676
218.66785424028058
228.56990834744647
221.8899774797028
215.4383551874198
208.65521364449523
228.992073364323
251.66706523869652
229.5090472936863
214.930390402209
222.29345373786055
199.33426363149192
258.672709747334
194.56591738259885
229.7239155836869
265.61122301977593
236.97829653904773
256.59029400651343
221.79826364747714
232.58700298762415
192.72293632209767
207.6666546522174
226.7344097358873
250.56195486930665
272.3256386111025
207.40766277059447
224.1994690618012
281.7837539240718
253.4187100211857
237.05499111744575
285.84168278612196
220.71702131791972
220.2511257858714
235.2688112903852
253.401529856259
233.874217384262
212.49883231893182
235.1370361626614
208.11201015906408
228.97485559561756
210.6819020593539
251.28291122009978
209.33054667781107
212.64156631974038
239.9992562442785
244.58414086094126
210.3519825078547
245.32397194672376
264.78258832730353
267.57389225275256
236.63865416066255
293.10331137431785
202.2014910110738
257.11537571810186
280.8895321453456
227.50084284867626
265.99258906568866
252.38410799158737
245.91647066362202
289.8033578132745
195.7061442908598
259.00034686899744
236.42199829174206
269.4932526566554
201.44189138070215
266.98683776077814
252.33278272021562
242.1447478593327
237.648197694798
268.92865620041266
207.96484456025064
253.83400033588987
237.73951185541227
254.54203684220556
233.4909425798105
216.42170702316798
239.933593707392
245.98804879374802
222.6260082439985
211.8775882839691
255.49323601240758
250.84854959091172
233.51718812668696
271.09621084597893
266.8275104954373
228.54142602707725
232.14984393236227
248.8945649296511
229.51322464540135
257.4378625806421
262.91823884565383
221.67192363052163
247.64170152926818
258.3742194187362
268.50654713856056
233.7018910846673
251.430863759364
219.20932442939375
237.50946360826492
239.17600985511672
232.1039591919398
225.7778860074468
234.95076725666877
221.77221396320965
253.45566199242603
232.74115253216587
217.77314368938096
263.339049328235
242.0881852132734
263.29860458231997
241.49183379055467
259.228001162759
245.3493515345035
221.84974658989813
266.6437261494575
223.70793060935102
265.46856355597265
257.8670034450479
250.41675429791212
245.79568771924824
238.03786035208032
249.0995858956594
241.4427846641047
224.66746262495872
261.60399265389424
236.01367464917712
233.58899102115538
228.09902640164364
223.6537833494367
248.02867649728432
283.79762163979467
240.96575868153013
238.92391727131326
230.29655847826507
206.50309546955395
238.10977823741268
201.3403480281122
279.33059890544973
217.19121915276628
260.8199297429528
254.78618826833554
211.1714616342215
258.394842609996
240.4519188744016
179.8362034196034
246.81649224238936
223.9552736628102
197.49855692707933
242.44000674167182
256.0794749315828
274.17459172639064
241.42850039049517
247.03719135606661
235.62290128367022
232.51704677229282
238.7983269438846
216.25973656913266
287.68837135320064
266.57915864512324
265.3155341814272
230.79208230727818
258.8761436222121
223.96396182989702
222.09153151942883
280.2532047822606
260.61362566030584
228.8015151321888
256.48559677251615
292.0865669560153
247.02764778013807
217.13521538500208
232.51916498935316
263.69457331555896
239.23362650547642
213.70307948370464
222.8987707537599
279.8134638571646
220.01345911808312
238.80821738182567
237.042474624468
242.1952616305789
213.12274356000125
242.64450755820144
219.7232014213223
258.0847942214459
237.13926857477054
250.44687832402997
249.49587965128012
210.06492390099447
227.98999278538395
199.7381232433254
232.19402369810268
207.28319882275537
211.78674559050705
248.23246483504772
245.24546316068154
289.6403963889461
240.68567088874988
231.97080605337396
246.8566824871814
232.23059844842646
199.5816507047275
232.55277908372227
259.3917000431102
216.46205672307406
223.05400799098425
240.02756159298588
237.13414443749934
207.07103648316115
210.97321587253828
273.5928513536928
238.68636797938962
242.96975339960773
253.52324838284403
252.7493171414826
237.72854231845122
254.31281873513944
236.65911003691144
215.51811805192847
221.60953131970018
229.9814608253073
245.938909124583
253.38237782253418
255.35650373308454
244.74441988044418
217.98314403241966
230.18473799317144
225.55605623475276
210.93733022955712
216.20250322425272
227.8076535621658
242.59778261871543
235.33165814704262
259.4371524102753
242.9636019570753
245.54648636176717
232.5992480358109
277.2703605698189
234.30391136591788
280.0635419409955
244.15632339881267
229.6228954232065
242.09860041947104
222.74764325865544
278.49990861921106
212.54164313699584
228.7489576517837
251.5119227564428
245.9899966219673
234.2015357016353
213.7657462169882
251.13420796522405
220.75786896573845
247.74648610933218
248.03244062582962
234.70565548713785
191.67876834829804
236.5350278284168
234.6258886513533
232.99309946293943
225.7857250084635
263.56525560526643
244.52299003698863
223.39811066212133
218.78235876641702
234.5530876875855
218.46712755598128
218.22254747792613
275.98679597477894
266.8985906499438
231.2614366255002
240.95181527221575
206.96304548962507
222.65378527110443
199.18851213157177
229.3944835315924
233.92759537452366
248.18092720163986
269.4996391988825
216.11960861296393
260.5758206794271
240.35364639677573
238.1811303597642
262.34543416579254
223.8738175756298
267.04242521862034
252.53612070984673
273.1644861876266
232.38902947690804
230.43223468761425
210.42937295883894
221.8648982824525
213.0546867980156
234.5303009125637
267.4132591668749
257.5978117425693
252.25768201355822
233.2347478934098
222.38634711271152
259.50574248994235
206.5580122601241
215.6167579832254
239.3408523008693
248.50499909976497
241.08236531435978
250.6022642214084
212.1403502871981
240.7891474608332
220.38969566416927
252.38378853991162
193.8824286973104
230.9070884513203
227.18900379224215
219.45915892755147
214.80802916083485
260.3944595264038
234.41289803839754
245.09354395186529
242.51201912155375
239.1513018066762
263.3764937177766
232.462619917118
237.43013885291293
284.8613392887637
220.90562012116425
309.63271279039327
236.00014877179638
218.24363861454185
248.10635106195696
216.5718287890777
271.72189271554817
219.9301752471365
243.84320851392113
222.11035465006717
284.44335439405404
226.58713164075743
233.45538718032185
235.22131892759353
215.09294383146334
249.98506534530316
238.3982432539342
274.62878320983145
279.50142908864655
278.1825567667838
222.98429370322265
211.60487256629858
263.90881662257016
229.06770410283934
213.6645023151068
250.75017874722835
218.65708367922343
246.14275264146272
253.80443784943782
277.4865129151149
252.5509703179123
230.28171264985576
253.77503147476818
225.33977281325497
241.04858697054442
255.11580722825602
235.92315557983238
230.04759934952017
231.35252954403404
235.55831822322216
270.082773907925
263.2438999231672
245.96294434845913
247.57898640469648
233.42789788206574
208.0506801554002
244.59499374742154
271.58501041680574
222.65213716204744
224.54909408511594
253.6238283853745
238.32535834319424
256.14988448796794
251.6803160266718
230.50353114760946
207.202908747131
247.85140266560484
237.56250808935147
230.78955266415142
220.85646193951834
235.62899166508578
277.5027865987504
221.9135659522144
219.22520455124322
248.9498394797556
241.87983430037275
272.4644038111437
230.31300607777666
256.52916528168134
203.13426350569353
222.77831956523005
232.76440945954528
256.58542466990184
203.19619926495943
256.1608475416433
262.770323126344
228.53644812491257
228.69611720484681
220.99556554702576
205.8043786198832
242.67262070754077
249.2215518048033
244.0863996563712
232.17583880969323
237.13350279361475
254.0378960155649
231.90289361402392
238.9141469473252
241.37882909085602
260.5722502481658
232.69424587651156
233.95840785396285
213.03916834050324
253.67448155151214
220.1265025503235
207.82458850450348
253.22325236338656
217.58986880315933
268.96360408572946
244.08549314795528
210.21015297691338
231.24419832287822
226.06619982526172
243.79659855761565
236.78570539236534
223.38883099600207
224.66764980216976
276.13336883997545
214.79826910281554
253.06029071239755
272.66247318219393
215.89540669322014
270.5474692672724
246.9567456447985
220.2185910536209
207.0920451664133
211.32671942166053
252.04681836615782
248.07888279971667
253.7001597409835
255.92732605838683
245.1389131717151
230.29913444595877
265.4777212605113
253.50776368705556
259.16891159361694
237.4581556279445
271.8452794732293
211.2263577444246
236.54725636332296
261.04070602939464
241.01539724180475
255.71607067470904
268.31481585884467
220.0501499553211
243.73767212068196
234.0616056745639
257.1355198001256
222.9161464376375
230.02697665221058
226.28684174316004
208.75057287607342
248.56156486319378
252.07788873068057
