203.77360750620664
203.7736029030075
203.77359907321716
203.77359581829114
203.77359309960048
203.77359075998993
203.77358884351088
203.77358724020542
203.77358582051602
203.77358467138674
203.7735836746042
203.77358286134586
203.77358217245
203.77358152652414
203.773581076116
203.77358068178637
203.77358029972493
203.77357997264153
203.77357975273662
203.7735795282224
203.773579418792
203.77357922382907
203.77357910257342
203.77357898080118
203.77357890494022
203.7735787954498
203.7735787688016
203.77357871984896
203.77357865303202
203.77357861628116
203.77357857988682
203.77357855945775
203.7735785790137
203.77357852521163
203.77357851103443
203.7735784579363
203.77357847849635
203.7735784809829
203.77357848236534
203.77357841677076
203.77357841920457
203.77357841578123
203.77357844358812
203.77357848360953
203.7735784313718
203.773578452714
203.77357842170932
203.77357843447135
203.7735784237084
203.7735784304732
203.77357841736557
203.7735784187298
203.77357844745165
203.77357844197832
203.77357843971004
203.77357842818492
203.7735784531833
203.77357847655003
203.77357840030527
203.77357844686412
203.77357844308062
203.773578414246
203.77357843060963
203.7735783746175
203.77357842730999
203.7735784275028
203.77357842240963
203.7735784527831
203.77357845588995
203.77357843487334
203.77357841759294
203.7735784486431
203.77357844332437
