336.973599425486
280.1221196859175
234.01686424833258
238.79236928485022
249.84017701186667
231.7074789633216
250.80063411042534
255.53902827082743
239.2815153053989
238.30835627157194
217.1672259062766
262.5029528842106
232.05530907180673
258.6969490380984
243.2668766665488
243.1419505265003
227.6504477337985
247.07193283475226
224.81267240972102
246.03369599792404
244.95017381505022
270.2866039113969
262.4722830265182
255.72047531663247
238.18541333725625
256.9937133839203
222.8239920142496
256.50042507398393
266.667706840557
226.9550721194364
267.3890506175512
274.5569390392193
268.0915239551241
243.14011852448675
230.30844002465528
247.55155222780195
243.87297530415344
209.48740267470566
237.14667969296352
218.35495353540318
242.66332685358066
248.3249583586021
265.6599773713988
280.5457523530913
233.66852611955073
232.25566308814086
260.69649530264724
228.92422260884814
226.39900169032808
233.99193691595974
246.8722083303328
229.54440686159614
245.72870978559695
222.0437987592013
217.0978501574591
232.2579008118446
255.72883980967526
234.77510600470305
263.0614676006953
225.09874296879025
272.16779893650164
243.3336194348194
228.9936125505701
231.68517985650578
242.3248613187243
221.64571797619465
238.15021412610986
215.97794235805486
216.14014641392714
234.97698966421376
262.0253752007993
238.77509101631586
247.54251625837787
245.84808476598118
248.72750706991792
229.22038473290377
268.0918778709929
233.35674653541355
240.33438592933453
237.40122891859937
253.15601750977658
210.2276826997695
236.96483090081892
261.1701608732037
263.6787749194591
229.8356389773362
268.02886408393897
227.320974326929
249.45976264416458
247.6626963498602
276.228986764414
224.12009040177873
230.43461877795562
230.61893525346386
234.4412735274891
231.44440702780776
236.22945278282714
224.88346131546496
232.14075394981046
250.6271774886809
251.3916281319689
238.3653765759991
255.40760346512616
221.26570885719775
222.62712142378223
212.72773396714183
238.5029661381741
207.60872502690836
253.54637811952125
244.44809292041828
226.96449389896588
207.73749585293626
210.79259154266038
256.562201214314
247.64292496649068
240.2801999522526
227.51941756364613
228.74998052710725
234.93926542768895
266.9649284061379
242.08882707515295
228.65275531951193
264.6574223681637
258.70523061119457
253.77248230215264
241.73645323486926
237.44008142057282
217.49543578946395
208.4713921464063
223.84542633238016
226.33682292630328
245.5091301394241
227.41768541166311
244.1292999060788
219.01104621064587
259.6864151763839
241.3039978103261
225.78484037096496
230.31703363827546
256.4540477437331
224.19617622115038
255.72785265074344
250.76709502584708
218.51960337789933
238.61381971251103
256.15888025561435
293.6397650645813
230.0377367223773
249.10105750838557
223.51371605131862
231.97498353651463
247.65233855316183
262.93422799860855
242.9482582494311
252.0578450031171
227.8726984015084
221.3342607694358
238.56082442331535
223.90516393805592
253.96084122985485
256.0396482760407
212.09028315011528
261.75952650479303
242.77944989952084
243.77851287453814
231.946476287907
245.08900139328762
236.3103853219509
229.60272165098286
266.3532934869436
249.17086321364332
230.8962546355324
225.45979847760464
229.60904716822552
243.26519029112387
222.6578274394269
218.00247711917473
250.3331760868823
232.3111043139288
253.81197271231213
239.44003394805623
260.2562276525423
234.47552905847988
238.78554043446638
239.53589717469004
239.13820317514183
226.24863139141962
223.5927344340671
224.23811551576364
234.18393270947126
224.724505559534
247.65550996622187
252.63176700211625
237.48370667274867
239.9738708278819
219.68240451873862
239.8672361248682
240.23520205921523
211.78185129432677
227.341328831164
238.79509823150875
220.5253589331769
248.06224168297194
239.28278450814105
228.76762457191944
204.6984502750638
255.6387677491075
227.40355487497436
223.75477830632008
224.32774053984758
210.08190133779135
256.1308234269236
224.14395711931138
253.23691426002915
256.38495668934047
234.57637966382026
230.94650278914196
229.2785090912148
231.43703508102044
233.8903472134989
249.13628276160307
262.7319946626303
243.82199619825406
216.4730672657097
238.37776315954397
207.09960268218856
212.2762225639308
232.24233714803268
236.73385429503833
214.36647148738848
224.96339602497756
268.27908909677353
233.62908361542213
199.8514013328895
246.4400729817571
247.24328647721995
255.9711434645069
232.6364614026097
229.53587288577546
254.21061380804895
244.31015039334306
226.1947418572454
245.35110937256104
238.5866275145454
237.8970570961319
229.46533703002206
240.22177832052694
241.71370935653977
263.8902331524514
235.91641485111904
226.0415333497731
234.7524236998288
210.48212982502446
270.1146557281754
259.2043947007696
210.9655630784473
237.22802344227966
227.04064130019833
231.6228140168314
244.19022367032449
234.9430351068222
238.24848480858782
260.91039475073194
231.39112010120152
217.31353720276093
252.17579040846613
224.8586113098063
244.85512883594492
234.2255133712315
236.69748490685015
249.19617079483578
217.24028399508097
246.1267247833748
216.12574881580076
247.7981335344375
228.6509893797338
264.88241775789356
245.4450158734253
264.55451213433116
253.82392481439456
226.42048184608575
215.40268761693733
229.09696459611587
259.28492867277237
246.8920689778024
236.82192672867677
267.33920393952576
257.40007389956736
244.5560509456991
226.50448591708846
221.02178227284458
244.4142757322552
226.17450788985298
247.49436065340706
215.14651785737078
261.1815185978776
223.09005592315225
246.23198304252583
235.16702418480418
254.43572028573544
253.0007232138014
248.92638769038604
219.2519116968906
236.35149155851104
236.79472122789593
255.10717264063715
250.8380911150598
227.19125211708888
229.31940969088464
238.3909779953974
246.00193026721536
270.7198858460615
217.87642408059037
248.21980260501732
250.7221832316718
251.29844263216364
246.142795055639
230.59747497545322
241.3309842421877
262.72683348463033
228.47377740661614
234.03061081857595
257.4995433272852
231.91439096356044
228.2837233886239
227.26512068641023
225.13383470705594
262.8453920558968
255.94344252956216
232.64966013468802
230.91578630232834
228.57536923543375
203.18689454323612
249.23104139410134
245.20525390618423
230.8119004162436
255.64291468616284
230.34553280551336
249.6203419719095
239.17627795686712
266.8174366690655
252.48788109591987
244.48185246299545
231.24984028746258
262.94836966571165
263.10499846743187
226.19563661311986
228.8799509574601
247.84603455830074
240.34722374369449
230.94750373436545
217.70159057575802
236.48841464148427
234.3495549572399
222.76953781007614
253.10579564471846
232.1094103113428
274.3935809219547
275.085798868633
256.1416440119792
243.31201432348462
258.72460577468155
254.33585079542536
237.48691237860476
223.38651382662647
251.76553092351242
229.19048735404795
257.03542872637627
236.95404709668946
228.18286182718293
233.58207216578012
267.87729120497534
244.9673151846364
263.9982002726465
232.43988835520577
235.1112155274168
256.494615643227
256.6146021025488
266.7768191997311
257.40429415687686
252.7505803790118
252.94508445945394
236.04753626442107
248.074224282449
227.86301773764717
272.9241597611981
214.10506163614627
241.57455446531822
249.55362042991328
265.75353932486905
255.5019970421272
263.8720072370488
253.95751328606275
234.37105380040884
274.0921061600384
219.3893486256129
260.34072673504124
243.94394458869647
262.1487294144463
253.486095443237
247.83176090486813
216.27211744777742
247.27249056927394
242.68053380792844
241.56465025857324
217.75079883789294
250.37365451433288
236.68536450940883
240.34422181523405
216.68936878569366
243.6448031871696
215.12514635181287
234.45202668834827
213.60925879116985
236.0864207597333
250.2402536956797
226.77389732534357
235.4222934506106
239.6946014285495
240.3862812322186
261.32227166488883
274.4843575916311
269.7888953688671
242.0692559222516
243.7329513001023
211.12080858073023
254.32181425009912
244.44538368296344
229.06979768803285
221.4245695265272
249.19434359487786
224.32991000906623
224.70396840570902
226.86217272757494
270.60791475966107
261.07844670439954
237.58958045142936
249.66146483759803
234.1473085405887
226.9991385352041
265.9917029618955
246.38984177459497
241.49434266485332
238.04530530091142
233.27788107928063
251.03589314385317
243.91123874454934
250.58587546892522
247.82377077642013
234.57507947387057
220.4473441542068
259.6179146450595
241.5781534591515
221.94592093928077
238.6308818278776
246.9329408244812
259.37677735555917
267.1382188013522
244.07455479555938
232.24517888484115
229.37205030937912
247.5733578755462
237.47627818622277
247.2186539224931
234.08158203048515
249.49911826475
264.13733449303254
259.62031212331203
263.57714002036664
253.23669404466636
219.39871355520154
253.7951004572824
233.26827672994114
235.33037238635006
236.6433678243484
224.95438115364232
220.32297246913367
221.88559180748416
217.78865334652073
216.84493904965348
266.53585297030804
233.16925228759646
259.46398792292166
286.10944802340236
233.55779639509274
230.84892770648003
252.97535588522442
218.7195333760028
222.53647339074814
246.02284422937373
228.33905856208003
239.38029918230313
250.65997348814562
220.71154814424517
250.64423123875167
251.0075653153326
248.82940622980823
251.8545999834314
237.01400511509564
254.66384082111472
238.35095560499758
279.9680935235083
258.6576513742184
254.2225941537472
249.01563113575685
245.29254890420998
252.88536120096978
241.90821466474154
256.5818618787889
207.15850853960728
259.4474213853682
231.5477735610475
260.2367293827265
236.47785743362329
241.31991482486774
233.91154175969132
260.6155931845715
231.03363581294252
238.11191234151192
211.8714979539509
238.0711360877467
254.86607446352718
238.02638563264918
214.59197726742423
215.7359762734268
226.783558822106
223.41691927464854
226.06487775873393
234.87759390461724
247.73909726149577
216.68464175864938
243.55851373066253
275.76107810466783
245.27709494133887
222.4196803284285
228.26224157014803
235.5097485336446
241.2239925595204
228.39539942548436
226.46005472901743
268.0499009099585
272.6589369147987
266.0862320768647
237.47164741130837
234.2710212457314
220.4663206342084
234.21524788756506
233.08648667976377
247.25746995263034
205.69529194163624
220.69159724665224
244.32049030449707
245.0355702249508
223.28007237034035
283.62273948063375
235.53882937386516
225.4256354625686
227.0193345406733
247.94456834965968
199.853793934657
235.4293634747737
249.806316476519
227.37071147441748
238.29512046914897
228.28856144705787
264.56501646418474
227.97828230969026
272.8253804206324
241.94047992440755
211.52727216223138
244.81954070314532
215.03270457327017
231.74450958773377
245.261937982752
280.9619467590237
220.83629553447827
225.36367758602137
245.2911289340409
226.09045399934985
233.47495574894128
225.76456715076347
224.086868517712
211.4620269224979
197.60207568560145
221.27087403277983
229.85048755528987
237.11987505978323
263.733143754449
234.12773366464535
260.94511340063764
248.98683211780735
209.4425343198236
210.4245975749509
215.42238513354096
224.96546060228138
240.80070215943852
246.12799449043814
247.2461568400904
225.09269498795038
268.5257925206679
227.37592652617604
221.51095380462357
250.46606628029258
243.31230331287952
251.98464520880952
275.1997617528541
212.52242034123628
225.99109992271406
223.72483086763532
235.79541211604374
275.7344633646426
234.8554135215818
226.9820904932276
227.7909779935144
231.22812273763702
261.70047386863735
236.11330219139927
231.69802538561635
222.34379513919703
226.38115993590327
212.81538640114013
262.3792205847276
240.42033297094167
269.25996394545655
230.6384103972523
237.92958431874285
247.518961642636
258.350519555941
242.37363054035814
279.9730969898519
235.75580319596338
224.19169277342735
259.57179192258627
216.1443081239122
203.09142224039533
247.32446556305513
236.67174307481037
234.13151647988707
245.9786011755059
210.98748212718056
229.48108982894337
212.2752130579902
261.1028629289649
233.95044067839626
235.73356147907907
217.4731597697828
230.54936928473762
243.36314093499095
250.8536837454012
227.05043513231794
228.68399574785144
214.4110197245027
238.6668581230624
224.01662434727768
236.39958949779975
239.72645185969304
270.92546700357343
222.05861150755663
246.52050077734748
248.39175327602425
254.19978382159024
242.21994590724353
272.6165237206151
249.42055759308278
239.81717160332482
244.68443099065917
249.44260924268747
235.53751273592934
252.96581101135234
245.6441762270988
232.83684236134286
254.1409912148374
242.61332746513654
250.61977476466564
273.79211602767464
233.90313990286086
238.66273526917212
216.75169621530222
228.1987650662195
267.2306546297041
254.88305786412093
237.49950149457436
213.23164300667122
257.7656229591812
262.1187182216672
266.96822335285833
231.8981041306397
233.58514053100953
247.00430385250365
250.7259803917841
228.38403081338038
242.8593075282697
234.33312601479702
250.6749104812916
239.19367406435777
214.72521610406693
225.37741364937392
234.4475501961424
264.3691620800528
241.35311032572645
278.50646704697283
246.4110304862843
264.8433842372906
261.96871539455606
231.2943767006218
233.2256338679581
272.5594176182931
253.32509145030053
247.85676895242068
222.8227095832408
256.78680212181644
276.877150577493
268.20756091730436
231.93204433473875
230.79443483709474
246.6041736396146
225.16658137648483
240.73698562779464
254.43608115578536
232.66936339999666
235.1638501926791
236.39838197096833
235.00251744416892
264.2002857007028
218.4560161163099
235.75635322893504
209.90679252738482
240.7041263958381
274.8135767982749
235.01912723196438
250.45760449572117
276.20310461035115
228.0862079342769
229.7969666768331
263.9157988697989
237.01807127462234
204.95295529594296
240.4196263285703
266.9533580488933
232.4789627766295
260.8664693394094
239.26687617760035
239.04310763734975
249.78314147688798
229.79947744711535
257.9609913905151
220.45857719975174
265.4341975071584
249.27643189561786
258.4428090607398
248.59849441121332
225.39637794499868
230.10161487897858
257.0876393922954
292.3049840082531
244.68402030260768
260.24516114371363
245.4267899383267
247.69170701116673
268.85315507711493
243.09638598724268
268.11347940648557
259.60924722620985
241.86057339815306
236.21840262808837
201.70017905300483
203.8752472034248
215.29421391992946
236.6194310929859
267.1079319549608
236.30876210451243
216.6494720953924
220.72738064578152
220.20844026346458
245.4268887283397
237.80570262661786
241.2534359516576
232.52253088430734
205.62739882720052
252.99005798678263
225.54953501193086
237.12977163199685
217.6295178773289
251.31949583571986
218.1211500626814
258.4050688763964
226.65818130190019
231.34677206460037
216.0702818207792
238.55427213630173
233.88047022599494
277.92011613052455
208.17363152722828
290.7694619233662
232.7804037365131
239.6093793080072
244.1572472548287
267.8125969673565
236.0133087185677
260.97423189197434
230.29711871154723
243.75474910458433
261.5025508046674
234.6556469964853
263.57090688406606
225.58444845402846
240.75496444039163
243.51910690331715
294.4416614136135
238.7875669353234
237.6805104565865
231.94542229673243
249.032178269641
250.75974447705084
213.87886346501182
234.3421372383891
253.77789556919015
216.8951041448454
241.83662361610914
240.36577739470522
244.37475739821093
230.33117166088778
226.6247826903127
245.66356597281992
265.6810903608275
247.78893296446768
247.62781846805592
225.88508584571537
230.6930071003444
226.34296877658926
241.24704081963864
241.3750707542349
226.08790582916117
244.16675979309366
236.2450287420943
209.47264842511504
230.8441448675294
215.93284232352744
258.25774686891236
234.7545390833693
230.62284272993566
233.05795511128963
227.8740050054912
206.09181936091045
221.14692688224022
228.79982586411643
247.27277686286834
233.5560413042549
252.5801952869806
257.3056811390561
243.4330047017429
257.458778199245
216.9232713698584
232.78030817231047
224.15259746665834
249.0413672205177
270.7509481117304
198.86205150402384
240.06698583089747
259.3825560839905
208.04373883781955
227.7029251952772
236.1674924804247
237.0508125665947
249.8769825392228
235.05407161294715
253.1000688644417
214.06898828787962
252.58320252783597
223.5640531402023
270.35970116293174
254.1083741945913
284.22876685252413
259.3002719815413
249.13287333899643
240.9208820143249
223.02642717541312
235.98516607104102
252.3433075499488
243.3325853397546
220.09180127698346
239.90794762881706
234.32545817067148
280.4939420853334
232.25321173819248
259.9649640705902
222.58362348753144
253.20732318307273
213.98937818597187
218.08520691868034
230.0689841514104
226.5310078045004
252.73581066390034
216.75249261636054
244.50374756017118
244.95306500510196
238.01085083195358
216.86822842864785
250.49806444501155
230.23188367806142
236.33468925836496
228.56091650592862
219.0066521584813
251.61727549674106
241.51954732681043
245.20663291128585
252.39211398432963
251.7334081918525
233.9646082452673
236.8947518329078
249.52115812897682
218.1312676674279
209.39464159702766
254.41832059205626
251.79649176314706
244.66675059249974
262.4616180009907
225.7191648503067
242.785827315005
275.9368706647947
246.24754606335773
234.45150682813255
210.08367410776555
232.74973702974967
206.98643307527527
234.40190385616734
217.56292115655378
246.33422502767644
289.23451074567856
244.8913673303323
296.54823334980756
245.78575272785383
238.14261938951677
246.84591150929919
260.3441907876695
280.64258643981884
274.04155421687756
236.3171956219303
249.10074213898042
246.02867445902666
234.22383993506082
205.03125759545946
219.80288232601015
240.65316195361083
219.56467351023457
231.09662746920367
268.4104269813397
266.31239212985383
227.9515522235888
212.0582722008694
219.31054347995087
229.99414369711303
243.40100519382395
239.18226367601892
241.26611580813187
226.98670062885503
213.81746997090522
222.959791242145
222.65250742147327
223.82265536658815
229.0418565069849
236.6046104353154
228.91398962665698
233.81150650724885
265.40836637068423
238.68746303964872
230.36163054109784
232.15372281023883
255.79708943757578
234.00477712694556
241.12049106907216
231.70824983416242
237.4815244965721
237.92538487326237
233.5407087263884
263.6624820281577
247.1067974588368
276.6099781873636
247.7440377349849
255.32472037756816
234.37944426349713
245.0534684128652
240.80940863362048
241.662458043691
235.96113950861036
240.98272540481412
232.86884513727273
239.89315797146992
259.85165578708984
226.95345175857074
216.02721116688917
224.4274004503095
224.30195402610116
247.4479741656687
254.42905688655446
264.3466281386791
250.97642368703964
228.15588786185253
257.52877789217746
257.39496254440746
255.50346483290195
238.57686632676632
236.95623472338775
249.6757845907414
243.85804391853162
236.25916070130188
279.6776735535823
218.31811918652966
235.81324898081948
224.4411645172513
218.58149710018188
225.65975170829915
243.2493818117946
242.82641589516425
230.30018734766054
246.76812759251334
236.08902974482044
232.25585761564435
234.46951054103556
243.83815894962754
239.82163054094417
267.97405251831515
237.9902491955727
273.8744240858068
243.4973393905384
263.6112288167351
234.80117380374577
233.55435859397403
280.24679290200584
248.36797504907008
258.83104661206016
275.3677735842648
246.91105013887864
254.11407495223102
227.46740327615407
227.17003198212478
269.84659096962423
216.41033179324586
209.72959262749646
221.10413247230463
293.4875114177412
251.3713035757246
238.72170895841555
214.33372766850516
242.21479028640897
251.68983860942535
244.33027195910108
253.7884488182317
244.13402620970737
237.60229823182453
244.45458371035056
276.1957350692246
250.34939247489092
276.7118351102108
219.67179087092518
219.31802668818273
231.83583079033997
248.02874539105687
223.62860618150444
318.5321629862301
236.39167516259477
233.6252892726916
237.9774740485882
229.28960462129908
228.5781403182773
244.36095847873366
236.27707832551096
226.6998492247949
244.07338651735336
245.59406624548137
242.6812686988269
234.9029022634204
226.06565199870965
219.96233988227323
237.39646242849994
245.7257204859634
244.2218164524529
249.0567983824294
251.59947829440353
221.77335407715873
265.19745452550706
217.67200077572488
230.85077760426793
226.82253764852067
257.1248639007099
253.86484297880088
246.33861099838396
230.1353930157784
253.0742234023346
270.94294402509695
267.0259800819331
229.768567704421
208.02615245460765
256.5921346213436
227.6884815202211
231.5595692891511
234.49930786073674
255.5891050437931
221.720112849609
236.89823100104695
239.15937046793988
240.78868998901453
240.90055020194268
233.56149372644722
240.43505007924978
246.86596636549802
209.91374584531877
224.83442297851434
227.4896450198721
208.83823008084437
251.4593184911646
269.08867447602097
266.3453296488151
248.83522263134364
230.1393426655559
238.08340250269976
209.5628153484431
272.1804818617529
247.35755431867437
224.79164211748866
231.06984970910707
256.72581497684587
226.5047399746254
242.5565813378198
241.15930026362184
231.95990459126187
220.27857282257173
255.5251349330647
260.22838067857083
220.66749639844056
233.56072872976074
219.00792156963143
250.94450261892052
227.7677795968484
251.05545508104842
241.54914903268218
231.17352033330826
218.06377283734037
231.86611676210305
217.08742295147385
238.13564858940663
253.06832388445036
263.82041014911374
250.94977678568102
211.8337617163197
254.06133507326012
203.98670905432664
237.43139112589415
233.88945014885394
255.7223771024146
229.31385122361826
248.14997015910922
244.03184245200828
226.89060910395347
220.2659356254735
234.41396803682437
255.61540084716398
220.626789766422
255.84392573620426
245.27451123099308
233.5688388897688
267.1380495711928
277.20041113492334
252.24109476379817
257.10422980517615
261.0701034529484
234.2362570539699
237.81434277130757
229.10439871589188
225.50872605550103
233.66208453651052
233.30905721429735
229.16541043604957
224.6871650130488
239.65664472646313
257.1392812223057
279.032657268981
260.35750777687645
257.57878547901055
243.681212041236
283.9024810474366
248.78947633929783
237.76307235303102
226.3757971621235
220.39122219732963
292.088145331596
227.7010540109477
232.1354180041235
248.49690204585204
273.59541242563864
210.0394501784467
252.3437670826679
242.82209383684676
258.8468669966096
234.61599578720052
248.72960429813247
227.7746255492675
212.68472249503247
220.3655568609829
233.80050552467583
206.11188081512228
216.72913823241834
230.90149997273693
210.1270963815623
246.56075017387047
225.72446168767055
232.91573169192998
237.79124214337207
223.19149391673272
234.26095472625457
238.04767192184227
245.26686056511244
262.0573947841767
224.0593975817319
241.38510121026775
235.69530134520028
235.7764641274116
238.61234096321277
224.79135665943613
201.40605894790497
239.73097835917724
246.3630267298431
225.81037129252218
207.29015069641173
227.0430176553782
202.97104500432033
225.9437532724114
221.2308681953
213.75550890911836
245.26928198430687
237.2607486420311
222.3404017930152
224.99910094152438
259.60168185440125
238.57993344211718
248.6605262765661
264.39988030318636
229.74693950172514
238.6668852964067
219.35729539656313
217.8822704029153
230.25100868975278
229.11314476805273
255.65195386460982
245.42441222060006
273.15840589115396
260.07644092693226
235.0738630525302
247.70646202692296
250.12026232975768
229.75341792957624
232.24686338513857
263.90689649805427
238.38770428858697
239.2433580191573
235.7134432393359
257.5558369975188
205.23140593257267
262.00209298415575
236.31824366474757
268.398809346254
236.92368201748468
214.8921138884034
237.6349373111152
234.69976099499036
249.0352732964093
269.23219814919867
237.6259269285947
231.9201038213796
215.65358200512128
267.9879319196916
246.33976948965574
228.637759845471
236.65376043331344
270.00518428732175
251.5980008916231
231.31050026451703
229.06680455844617
227.68727354053408
241.42820629209746
226.68279018939938
269.0260787595762
259.72805393260205
250.38872484513558
270.1261034908239
233.18725691048894
234.36245429888368
244.75230354536325
250.51256171771092
263.1450930935098
248.4865674416651
225.7369603383704
287.4000920287217
234.67729729186976
247.39929712127196
231.61225612659473
246.91579922277015
241.53427827940322
236.90324046078604
245.71183426235802
269.88795816595666
226.98833461513277
265.18412152741803
235.03810171916848
234.73887514189119
254.77178516058484
238.15760582493385
274.00828162854305
233.03061856824206
244.32830836396897
246.33762674644822
253.3649469250231
238.80851990624797
230.01766632631188
255.15710512694204
264.8058954421431
234.82059810089413
253.33182379306527
210.64574001042638
245.26067466585664
263.1579111999599
219.5688148884219
244.35487313655904
236.5068292277865
236.85632953734603
252.25596184306778
237.39208867860725
234.40457902965136
232.76119551429292
240.3483847854077
247.64337570406497
226.26581880106824
223.60380715155043
259.5710492464714
237.86097173916642
267.42244951374596
221.29148329305463
247.74061489710584
240.08107379247667
225.53802540327888
248.8500192881911
255.386092574161
239.0214472481166
255.60563442634884
210.7445131673594
271.255665158038
247.4518166288617
236.95312527398346
210.71381715586176
286.1332051526988
232.43033773312345
260.67415946978144
251.14442318928195
255.51426249492215
234.2395656235749
241.24659952614456
248.28405115794158
212.82307765854057
225.42518652800936
254.75896665354958
254.97483350045513
245.66583999746945
247.60122734948527
245.91074050572934
236.7388938528602
276.44212367926957
245.82050718716346
233.16481097775977
236.91713818430435
255.93020904937293
246.77695684775244
237.9947757763439
269.05980079976143
257.8943061531754
216.79009137355024
205.76744644145947
250.05766260949895
272.9897775208228
224.4398588091135
245.42417355271755
230.25414959987393
233.65946020238334
236.41387994698016
242.61540563951712
268.87524790928
246.05935434665298
206.31736828910653
239.79606195294764
253.99692252330715
241.1937372079119
259.43248048442183
234.92402742634295
274.68917563650757
242.24300710723037
228.0982388104312
232.80899036629125
238.71545982919633
214.25657795980806
233.88034400215838
242.9377865307033
239.94151573296404
209.5884530316107
257.1295627220534
251.21901939966483
254.3267391435802
256.27050553273875
224.1416783464374
247.9905764675932
240.8247069849167
239.97641290223692
236.28158512234222
243.56836249941261
278.88314844761044
259.17229487840086
264.82636228733463
256.3143807883607
276.87856992328307
247.82906468980946
221.03489849210018
264.5310337296105
219.46155575924786
259.5736764271278
271.40766657871427
242.86177832598332
236.24353560229065
249.6286293490557
242.38878869678592
222.94795504154172
223.21747772430535
244.33340243803104
242.12369162088726
268.98434719158104
245.0015593591961
232.59541919693584
194.45017871877644
208.9748025861918
233.88110748812323
249.60881347605027
284.07285573892295
233.34647772629978
244.78147473017452
254.3561464297236
255.25103147374466
242.32491067022784
243.0127777820453
277.09247693925863
256.181124966708
247.10008275945438
241.30492415645858
266.40277818671893
241.12695289513795
227.8733665352338
249.18827587575652
260.9263678510324
232.79087740083924
224.88345212943386
235.37581942148972
275.90519324858906
227.61230500374222
239.40999771590577
214.65913049434312
244.6342591442517
246.66783486510394
245.14880344615085
238.43590520281577
246.12499124463648
225.55300581007032
241.07131585478783
231.63275745121064
238.9907153940876
246.3135201925179
233.2690350621706
245.39624561794335
243.52439464005874
252.19371399388183
258.13867521623615
263.2927640854614
240.23067243758123
255.81761170574464
262.9885344557697
240.4303433644818
273.7097420898499
246.72057007002877
253.46912230795715
243.44374043663265
253.92472711543087
242.55093083175598
257.4803914191434
233.8115062028519
225.49932011659257
214.81054968427634
200.64404251560336
248.28602113819215
263.20639687549556
237.26718452339992
227.71026279299986
236.01725190039724
246.08400264044758
218.03602739417693
206.08632689452497
251.63406717882026
223.76030093443114
262.3895794512355
229.2576162321493
238.31446176109603
260.4080813128967
238.0712654426461
237.51682921370957
216.40902329963865
259.0396102274535
236.3662863393547
234.46989349467913
252.9134356120485
239.58774260868086
262.9308985674288
248.94929637532914
218.08163400553167
238.33191237645224
263.702605427301
259.63244165229844
213.24245526338927
226.91917974542594
240.76649015472503
255.98218102235114
227.44156709563686
247.7831558304024
245.26983788009966
245.16471362754237
243.0440843029064
238.55167923186673
245.77765908365836
216.39016684016678
242.28769703331636
268.85208207246615
240.27929994324222
214.87660420377506
244.73537786869565
237.49490114004584
223.09758256468922
222.14577338047093
248.30453287053388
240.74151215609163
224.60987242986448
236.33495808468433
238.63148627919145
236.3512658367399
247.43921382183908
241.1290293209022
219.1840641910676
253.15033994149417
214.54176941746846
250.97000214335276
241.6296263912227
251.4340699860477
250.17781242763158
245.19364198338008
265.30792088934686
219.11563572566956
219.51380361861084
244.4213167668786
245.8808976119035
235.7414399276022
235.94595824804856
240.69585691246903
221.50142730062362
237.23560385516612
252.1844002866419
237.92014920612564
238.27006916841492
223.55957364826463
262.68674072786234
258.017322624044
227.13799441372976
251.73256234225119
262.79594879073557
247.82604491873644
224.09742362162797
247.5113740420784
250.09399853390642
228.2719540653634
215.79512565297773
238.5400692037656
242.10986767843133
271.853159837774
224.3151562703424
246.17393529607216
225.71916483453242
218.7978880958981
233.0178435331909
238.86312529223505
261.63588112796424
247.68233650975162
240.92229861969827
262.0296730172704
258.6393589390791
246.9090385675081
244.9231745263096
261.9101100465632
262.7319474230171
263.82866222265875
234.7339258356369
227.48646672687028
237.72262248955667
228.01807334122714
251.4695741161122
231.85358772258041
225.96950621443102
264.9868281388772
239.61850542610046
213.71905098913703
252.7830444254214
257.10203884210205
259.4442593481508
234.77446062344825
262.71528202679474
231.63343684293795
213.94388852501288
218.44975083123427
237.26849841931835
231.7593337976141
238.4842743158806
235.75687736150576
283.13674077857286
230.497564995836
216.45326878369087
235.7173028237885
238.66872268472798
238.72984608629486
255.20597177313175
232.3895881206845
231.48909057845594
293.5018699070788
237.91277826478472
296.01252567919437
247.62439219193766
260.42709054640727
241.6958420376177
256.93635838496266
231.4446987551637
232.7726222257479
240.82089010893833
241.67754252348095
251.48069737059996
254.7770639784867
256.40634313429473
237.32010633446043
224.8558659356786
236.50830225658137
240.15385915944353
247.4400136647746
232.32956741715316
213.77065398613922
229.89305690507172
246.1567726340145
222.3594903370249
248.263018966245
235.99709248915315
225.22295223537367
213.34054342348827
225.58429600688396
247.56939543271437
247.43503598478856
252.03339054615935
258.29436631535646
214.43257678038208
263.95668858941644
252.99386497528758
245.76483272545738
248.91537410678575
274.5370327506098
231.55809034517733
251.16238408791833
229.56281310151098
212.94596887152875
237.3177733627963
226.5392214084859
264.4038590543205
264.06879213958746
204.2341319542611
255.87450139515568
235.8222515982343
230.1912498458405
263.57261423568707
248.11828737310134
241.75336641288595
261.67412801634055
207.40366081096
241.89257195527898
226.70252495107707
221.66946556034964
213.07177900889656
201.80102068936685
241.18964983860496
245.7250935533666
241.3701222302625
209.63018385670148
207.4700507807429
259.7338968007243
248.61949204833945
243.8675573216169
247.44945842894958
231.40635938348714
226.55530922411708
223.7974463814753
250.7983252989943
250.8395408320357
261.5570669626468
249.4711947204196
271.7968636371661
233.80420139088528
238.75908648164477
265.2276397718815
257.2767071232083
240.73423352633836
231.10902819928015
237.8215554463095
249.17914539284538
231.10878773598233
220.71833453245927
234.95274345035432
238.6422105995007
243.28762667253613
244.14793599501718
254.36388249124866
244.065393745841
226.03677286650054
254.02868098189356
268.897306658444
242.22447354224278
255.94682779186405
221.02150058583356
259.60081886977423
227.58152216643794
247.4852981120348
223.4642589756986
238.86479931732174
249.19896098744357
213.34239122032886
223.86638721253257
219.69064969092142
236.64129169518128
242.2738486509188
217.91385176061885
250.77205703716027
244.4717476844089
231.08022513618926
234.9104501340771
254.43349334428785
223.61565939884167
251.08704856515396
227.77640181657625
218.68583498703083
238.1424651167472
265.9749588634004
236.1616141082486
233.4396913831588
231.6200509176706
232.36774633912137
246.91362185881007
229.08629131008638
254.0820461185067
247.13639159948798
228.54846757126506
216.12569110753248
256.9087326138397
253.41122643079143
231.98379080853192
219.44304935785476
223.49857703893213
275.9640070757014
222.15337649342837
225.44442726112902
217.6100988778635
233.1303943960811
256.1634987333091
249.27054352127016
248.3385577867739
236.88288675394142
233.50866976421094
233.16110919672064
260.343165061553
267.2863777280436
241.11462826858042
245.94841192133026
251.13879485742655
243.43006143491948
258.34527537063695
269.6051664397237
221.53325544984546
270.93294352613157
244.14962684432976
266.81247405696195
222.87514782114886
229.6034270969103
250.97541212197393
242.55287022778066
212.26188512681983
249.97224615933374
221.69836812687572
232.3000313268858
221.94396675890312
214.27939761220478
246.00730184657732
257.02791257208446
239.18670661229407
251.41935470467433
215.80356872658012
281.4039150000317
260.5453078018618
267.88708719727583
244.32723735878244
227.64230785140535
211.9343021083041
247.77180440339725
279.2256294346298
232.131900864013
239.99216508172685
268.01825910795014
265.0507148983306
225.92196660774061
228.41083211509977
241.80757495586295
234.5360995491501
251.95905201305868
244.88966306386283
252.44164706708398
251.7679397907341
279.1117778192274
256.7283960656496
246.82719607109902
201.51770901796408
235.6467876068782
233.36184145271545
238.14322497445391
252.36825334985042
263.3794395987643
211.6276640133001
233.6827492332668
234.558053170098
240.32358352962183
242.28501374844927
254.22328696964541
249.90842741989763
287.1149154390441
266.6463576494134
231.25502842100104
258.9270743383677
247.09665628301445
222.79742052440997
265.78532569413073
276.8102793350117
228.77442918531597
215.23338372976286
230.54968815570464
234.569864515448
264.16344246442895
253.42716929409653
254.1502759886789
226.1179201125633
230.4117997228168
264.6458820189582
248.05289204546716
237.6423969247262
238.5470559708192
240.78276079444913
237.03597165836254
237.65813197410898
260.3891999145271
239.90223641460761
242.94435644184705
249.47840476530837
229.3576472607092
240.76094799599377
243.3590122529422
254.49772505881265
233.15016378299333
264.3789858694072
244.9628024470876
249.68353496451164
240.26109834987437
246.11670640693046
232.0067000273848
243.0468912788201
210.3569852199289
276.4970785298501
256.32155027234694
227.86928176536458
258.4171643476584
255.63682438089745
231.46529347338947
234.05895767442416
244.8253947244957
228.09681950730737
260.57595193973975
256.7716957103112
232.9766580092255
243.12784502381692
221.83373578748433
235.5252371917013
216.05817074718652
223.10629256308312
242.5752887040726
275.29086286365055
232.69640087452717
250.02658165351022
274.70764296042034
262.09209319920046
232.80219740158645
220.25354824092938
207.73275215161266
228.28141295386013
243.660847560619
233.31086208845954
234.45743560849223
230.48031535412883
217.6003031549044
220.4819360684487
231.68060653592693
227.2592653677566
211.9907345493557
249.35231343464693
235.39172216353472
241.75019590416923
229.26329057954717
257.457073593745
259.6581326186424
236.41402839950752
251.64813208259875
231.22591570258373
255.2020001691999
232.3894144484657
247.5163469420513
270.3261925741099
229.45526772533776
286.2569886352867
270.45459887821926
246.67575730499811
220.24419784545898
223.3297134602908
254.29649732942926
230.31603132328019
260.09430924098706
256.62084785988554
223.15655123005854
252.94426583772292
246.8058216383215
221.5508251293213
234.71492308354937
240.02289211866446
238.76468708115863
239.2344298196258
231.51318159897346
234.7096506160451
226.53869286482222
247.45316008367809
236.2833417071961
282.13194536906667
261.35343086184
235.59397604805417
234.87560485419817
237.19325515488163
248.16629245324293
233.609961827402
257.100746016833
243.8812009515823
246.7188346061157
212.8332421509549
241.80034959543264
231.20352350955363
211.5878814208554
240.725897776254
234.4428736633272
230.23564523877576
254.07651321275625
264.70896870823344
228.13346064434154
228.52008065965492
264.59816845617024
268.4671451438335
231.32686887786258
237.28685588634107
227.7811552476487
264.3023129864014
205.26524878427153
262.71104121633107
229.34170127811376
198.121929316374
251.40904321096605
231.5866529889172
250.61413688439643
230.4610287193209
211.4292574445717
258.1524592828355
251.7703086368274
245.91268531623064
275.19157806725707
221.18364777736133
223.25456532486714
255.3828627981129
207.78656278859125
250.82912896107882
251.28202841809252
237.44327729090583
236.45432170073036
234.6414034893387
238.39971017435892
239.56945058569545
239.48686719703255
253.40365332103102
238.37909606751055
271.4799286996131
241.54042691667564
231.47522269701585
271.5402518506162
243.91275721270358
266.2375774131506
245.85281215130817
239.13193171005696
230.8468499299488
241.26068511267658
259.2536585855414
228.04169594374252
253.73155794554623
258.14738556346856
233.36676487053046
264.6938247626531
258.6470011744532
225.19306151242927
229.45444330427563
263.8365696222172
265.54659731080756
258.35709960135864
262.48834583576536
232.36634314776165
256.59968760155607
240.69981699017808
244.36124217649922
240.01012787036598
228.19023551396094
216.7380778605002
236.22884090215666
241.28545542946085
268.4333659420372
234.52583456545835
232.2680619417224
226.30270723311696
249.2206054884591
208.38343728304608
219.8601534985355
220.62140323297353
219.38768486562185
226.20927812048467
241.80823442252586
247.9269231838989
224.23191101884004
235.96179564489285
218.55272682855139
252.39485931087984
263.7473151871236
252.80408476799494
247.80954618135002
254.95096067531267
256.3717446673545
267.5446726355585
233.4353482987499
259.86841860425193
255.4273840044625
223.9596929991967
230.73136528540635
221.78450398298446
227.42266731429845
239.8237503877608
218.3469323766185
235.67267181834904
238.44252489350038
225.27876797190402
216.80905194510706
250.0466818183777
246.77998913032934
249.28394733642926
240.85353102633962
237.39679042994976
246.94915771571686
281.084203430044
262.101234507747
218.78559117252007
224.62936125032138
231.7490029403125
243.19575903046643
233.11630752281053
259.3965120893554
239.60762449912727
239.9219185001566
262.90358666086104
245.26335482805735
244.91020505561028
243.35238816443598
239.74246221006615
229.26664759108098
225.46996463130927
220.7172157924506
248.5143336049514
211.39194519579178
248.67134381149663
253.6012314084801
226.6119433088461
260.6171233690693
229.0420624166145
210.98509423353244
240.09064478124492
242.187636236893
268.3116027986398
268.9858730084379
232.67042856372427
234.90495082811685
239.97770536423195
247.8299226348172
267.9997902137693
247.15233461174648
246.2404285746743
243.32142426859355
236.53339264233364
271.27338514418807
251.81605996738654
272.6526319660479
218.2748878278653
247.63432937551988
245.3529609979014
271.88563466398045
268.2924321796745
256.83577030012384
240.87929568917025
227.00008156773401
222.01051975233713
244.38199630111922
248.78530157502973
257.43666101334384
239.63041512307245
249.74210034444695
239.42201776785078
226.74383074982325
233.23326396290213
251.71360906527843
232.18082578619942
254.9729735450819
238.8938077322091
234.8347002309165
226.01994262676453
250.66606962465448
245.61453440843616
251.27556604833808
240.78538206609664
238.81896737450734
235.86459674936486
250.02644331555348
230.24183869035915
241.50950731616467
230.188608676719
222.55130424845265
236.54237303434638
283.9522083650809
224.76780326513108
242.20012046402553
277.71132205129834
252.85263073892565
224.8123387406231
249.99052039778326
284.9260339909233
234.40000787732424
246.73895541613456
249.64680625183973
234.24426944355946
220.72903387225233
256.77298441313906
245.28529530070955
206.14544874290004
257.6694241235964
245.21491368231364
254.6204826780595
234.39298370620236
220.0031400367152
230.4012525639264
250.23116769723129
241.41392363246996
237.75539083883632
237.0728865946876
234.28546349401586
260.94886533147655
254.5739559516078
244.6589727930259
225.27311758510768
259.7142168529099
252.18725300219376
212.31717360799666
241.75998603308108
269.4370932203019
219.62182331644
252.96119814785197
225.0018748381408
232.6248362051556
240.3478355006082
252.42133394011762
259.0442857259186
207.47316609020345
254.13980091374833
223.2164265330648
271.6905038342811
232.20397709705867
229.72080363042187
237.138715496636
242.32215959043242
252.0468268544646
223.75317538355011
273.39638391591143
262.2910154311685
267.98784738825634
251.5608790962724
214.9776354599744
252.83130104502197
233.1682889793301
228.06556365522556
253.3990391017869
255.44879458390642
241.4367974610068
251.4116109937895
220.4719801256433
210.4903900065692
229.29161634575576
231.68255504360422
243.8647792879492
235.69262752577197
218.5110389163019
306.40256437752396
227.4046976263635
222.44443500135094
230.0228454458993
249.88019921910018
250.68813870870508
274.0043952189153
218.1995059523033
223.9901641110191
252.93002716393676
225.7800359224202
246.96332745649852
224.25089059316088
233.52406094875187
222.86683924356475
231.28658553771675
198.4666587029351
230.4698951576138
249.10257308813743
230.86797654710244
244.54270838631783
243.97265136125498
253.115715292166
269.1540782080265
227.8324030827498
278.1813193822745
247.01521290803794
244.32749425410293
258.33381847443525
238.81054181046784
244.9050075362902
246.08678998379037
255.64627181459218
246.60869486746378
266.96475266024936
250.83132657117676
224.14100839884486
257.99352344160434
230.10718058934435
225.90507812937722
247.97767538181506
249.18037942319643
228.4140202846611
229.70640845794696
238.27408576372545
239.19630855624564
242.99796389474068
262.60402988269925
243.2575835995376
244.07976142817643
261.5481195637258
223.53035386512056
255.3124125006143
229.31416360882577
262.7315909890458
251.18492438422982
223.82631161506288
244.67509798787069
223.68241442355793
246.60847106773872
234.63597039016895
254.79516738734674
242.1171170694288
242.74589952407405
258.07683338876814
233.3986276066862
271.04570569307543
234.68429575534537
256.14200836548116
250.0733353003161
231.69768451759592
241.85115111409687
226.8387834696332
245.2383470539935
231.76864581322297
226.86168162128888
251.66020929184742
225.78992181934882
274.80451489950065
246.17595933901612
227.78609608160332
222.4787669921061
230.3601248310879
236.14057585643604
222.313911280944
262.3183814571239
269.41313157288823
231.06493702763692
219.59071688028052
226.65848066762555
233.19618737336714
235.58643383474555
248.60963365086354
243.72262758680154
250.46187933709007
217.4234999131877
239.90958824125119
217.22121796605643
205.51653975225054
293.9090527117951
235.9914101244649
233.5764547775034
246.81388648273423
246.72684497421142
228.26074417645577
235.7287878037896
229.28548810596112
227.1893337003421
245.51182891905773
236.89398659649305
257.7719699542504
258.00296616752166
233.89875871420372
250.06564720685128
214.40762951620854
217.68416087527294
241.31397679052316
216.97084127052221
235.83529693528544
246.3271437017247
232.8093444335973
230.7484436109662
271.04143494402524
259.7425327185774
280.53561875072774
257.61601465090644
271.2158715411788
250.6064484823728
226.58647451922297
262.8909760469105
261.64159653079696
239.21423506061547
236.52941247879062
226.90640786616132
229.47271788364742
230.44071941275615
232.52442904061172
271.3885533681605
243.70563922380097
255.56377878098283
225.11472913669422
243.43259637604933
252.66259200754575
293.96201219735667
282.9670741818845
274.3658241322264
213.1023935052799
255.9974796262104
237.47688902309164
218.8933678404428
243.9936682904372
229.2881916577462
234.90357406414114
215.90422767447308
258.58743640000466
256.5683396217646
242.95889946096577
282.0585744800046
241.36656484205741
237.82407698431052
252.50198281533085
231.33112286345568
239.73271534091327
267.821957919281
249.81549736158922
233.57891684852075
249.29882934771013
238.21028026787098
239.85288151027635
223.68022899981588
260.10481891746167
224.43375191662926
222.2746683275327
240.02022171008866
279.73939437186345
243.16645533847623
230.29614335601218
263.49968434963375
226.03329777764156
278.85516445175745
276.63207839394454
267.55740865005646
249.49848458438646
197.48313198017422
294.6631833711872
210.451651866897
208.36456805712078
220.56711953529157
240.74643733236007
230.17583233339246
260.00313964439556
247.91633017675485
241.43903566570953
220.98909782385454
242.33329336054157
226.8291368285427
254.22366493521258
235.93061964516528
246.1814466882497
229.9983229234349
246.6133914135862
252.25024087028578
261.2372502684593
242.6838242604863
223.1204637341434
256.9645886924118
264.1700923402095
243.00308538309764
254.84430249745492
231.490399699891
224.0778527436778
266.2954584666295
244.44478944828734
236.0426719438983
284.1852384330705
239.85618786059786
224.05651594488882
221.0911649526097
244.5040746545419
242.2390759990085
237.46334750170354
220.15848308627028
204.19925179763231
197.15016440674663
266.6750578568317
253.17248787800781
262.7346953623928
238.23268140933942
246.71886923408601
237.75061526848003
262.28283231088426
239.61758052092046
251.33469579042867
250.93582307407632
263.74082887370605
235.92108812672086
234.32151401194278
255.48815031070262
204.48363009712193
226.43106111406814
219.97569413064048
242.13138178130612
234.82741382310633
236.11251619795803
218.83794177765958
256.0645718765445
238.63751003553625
277.5465979244327
280.1858111146139
259.51900815416593
246.84929362032562
217.63828759267926
256.51136031665374
255.92803022672888
209.49935492046643
208.91341896099038
248.15077574108727
248.77729151409585
256.80539316672366
268.60760199581273
207.89914772775955
251.64856058428995
246.1112937737489
239.69980804272927
236.7490310544381
227.91599874873646
228.369843420689
237.35872362321243
278.3121719737537
219.26097870932426
223.7685588747263
239.83371883584186
254.55543716659304
252.17678957153112
220.0564371389337
242.09964472299907
272.3532308443682
239.43382570683025
260.26860831619706
252.28236867114902
264.1807925408939
259.63142247812357
229.6644213113468
229.51414874673355
240.77946902089752
245.33922026120126
251.72668892587535
224.4271339335246
193.2342950310558
236.6927714550402
276.98101839376613
250.85998383990955
234.4174203017028
238.64324171748012
232.1147346958751
262.9650339144282
252.57177433173638
276.9379454094451
232.596966461977
260.6283280135831
259.8970408325549
234.3417564961128
226.65528194850776
234.7143370269332
238.2153626481304
261.0151152231265
217.99714572553057
236.80186988820788
220.60117661510594
261.62543993629515
239.8318361673737
231.61092109873425
231.91652436566073
235.80672087310813
268.1558400184149
239.3662598549854
253.19592530059163
258.7442287267186
265.12119986652397
251.63250357925426
248.7514725474175
228.39854445506353
217.69527239829767
238.45216573914513
238.4581924250815
267.23535700980574
244.90314728743397
240.92211799276993
219.5197729357751
266.14892943843734
241.37591583060566
238.39466545090545
259.85666980885435
230.19554902089294
257.83737054106314
211.9729276795406
237.70280966791324
244.79843845078722
228.99244160426315
232.66355693887454
229.07659899094142
276.162986437208
242.19079588504974
224.65637697908096
236.928680278128
246.620922048809
240.33406298724003
239.97366448002867
245.14830196241383
269.91583431733306
216.22778897476383
228.65974606317468
260.95303592970595
232.2457537954906
228.63972973055206
224.74651036411524
248.61689590662718
265.4055318167666
228.72394778870512
259.179329389357
239.84367979352828
247.89649404329248
231.46245785115752
261.9289260726655
231.76795624068473
246.7990923114121
258.3323085150914
256.80628858075943
240.86383022542577
255.71882275131065
220.7648349730298
255.50765257689636
250.83053879393265
233.13464496878441
239.39869702828582
236.45594161388
250.07882941665594
237.34406784770545
240.47738761117216
207.94332971679978
242.31349910784047
224.5805417081574
225.80579637666233
254.02962262707297
244.52870255196467
237.65431863011327
236.29574053105898
265.70456478442065
242.7781705474481
223.25192146142945
284.54477215057705
245.72010492370464
234.7486630101921
218.69406327384058
261.95029054256156
226.50949445948936
238.49764657835476
225.2409852319397
242.54831040033605
226.82545316033065
246.205825911602
249.63372718240134
231.1861299102893
262.6699657420395
216.01078178267926
237.20748663530685
263.2420373428613
265.1311063528992
254.73634394723922
239.84441069315653
290.75290926382877
246.04648684710264
239.30715347500518
227.374811296002
242.9377744998783
231.94884778629057
235.25574336317368
226.01284029404633
213.09802008012775
264.71351912792306
219.51789764408022
215.7772720066132
272.3890402249526
252.39552220492624
257.52230050286744
253.14189436170273
217.96574059990235
240.923900875845
247.06815895694308
249.1915894796839
270.22760317870416
219.01302252348978
252.32080277637579
237.12012860516552
238.38125034817494
226.96806912496686
231.7324345461093
227.68044527305756
245.63672171463259
275.8591737266397
227.16544957319275
244.82631463487633
275.0839415562805
233.19390489452053
229.31159120122902
236.95792958373204
229.0033245109953
231.48523660679348
247.48041067202576
260.0188747359207
244.23085347027518
235.3581914291717
246.32591843616683
243.8912392364582
221.6651578991441
222.57783606892917
232.768048113212
255.70458998309914
213.10705554601736
254.86900348367635
261.5937501824228
261.02037212089635
231.06008026946802
227.03213662886992
265.5022948915139
248.09705753345042
206.97748247592244
223.1721791763557
241.44892464822624
261.8611289545661
224.5576266524149
245.86425589153077
257.0883562002564
252.8992955405265
254.31274394202046
227.96418935607653
214.91840795485768
279.2814719331218
246.81483394221868
254.50773875962477
243.14646816870663
242.38300335872918
272.31789911480155
211.88099052745383
263.50804379349574
258.59507875691634
273.52376666583586
238.11936768970918
225.9761637026677
231.00763282668777
254.22118088428397
215.41335925506428
230.1296691314783
249.32759614207316
222.9980613553198
230.69985741446726
227.60820913000498
220.89014620450325
256.39375252078753
247.2081242010463
257.07707536418457
250.22599038714543
259.45209659985267
254.8374158331426
248.04751878092065
220.78486318141222
275.9388500084169
265.4078053648118
234.20466353744268
232.17609335272573
258.60976963094436
227.2331388448365
239.57146614044905
231.24818687455263
249.28728649322875
229.28714498819318
286.4746659109369
221.92911753058434
239.2342898210045
238.49848899012432
243.25208724150434
233.90964022430126
230.54612321581226
243.09141206310596
235.41185399284586
250.93297522887588
245.41798977635335
230.7228385709459
287.0146796675399
232.71621540829074
223.1637001155177
237.89021978422534
267.16193534911145
231.02153658436146
245.70928170334082
237.09459075005725
247.9594437025953
223.2898169857217
233.19050478807185
274.2861579256132
218.79882603290025
200.71566985256504
275.4572987694992
238.5556544570718
239.32416450348683
241.5733107496053
221.34551315475255
235.39196163171437
226.78595183056314
236.88074538914952
221.7547641416313
224.20267690287437
265.1810879346449
226.61394570209086
275.8032929735491
261.41385880857706
236.90897809679154
207.12189294863492
234.48670551273972
273.9520941147348
233.27222575293854
227.82470668270253
237.6361495469464
214.78557504643686
240.9987916573882
246.04550368827768
229.5204784257803
235.2300982293673
208.29954419273417
225.37600723595824
239.24509464169387
231.4524307526881
232.30282989086118
235.3270525583066
249.12489688687492
227.45356593711767
260.37325178668834
223.41673247795552
224.70680897240527
236.5010842740303
234.25616269290913
234.07565972674638
251.58247979567386
267.5702433536062
256.81498773850035
267.44595273863524
253.0449993541697
251.11796587577555
234.86922962020617
285.19749865995254
261.5156987828668
254.760409305105
299.387122740387
251.11298442038242
246.65180917235557
226.16696063196287
255.1455518284347
220.5107226044638
284.8883661305299
254.20132558245678
248.69815178774297
233.35521955997683
248.97493557503913
207.52260649681557
289.600453449646
269.04396419401746
246.67267593590077
248.65273823449388
225.86722103552893
223.25488649099134
258.813831714564
231.85892583313398
259.07517120882403
228.10224770067725
230.77556162688415
264.9008262725547
266.0970503364224
224.8948409995064
266.8845879074652
251.27656022459269
246.2691893307492
234.3605262475321
252.85047595063224
238.3032659055898
228.50348494632635
235.96171888301615
237.1846373967128
251.33555545494892
234.36168541561347
203.6597199755488
223.3847178017022
248.7948495571036
236.58396662166342
279.185245319386
242.5887324998621
214.72415474266745
245.07283004559577
236.56027877971064
237.30372599966358
233.98406589380465
237.3566219934728
256.2079836183693
248.6380265360931
267.8519813673338
283.32629352097865
250.30371447652578
238.6819691718556
215.38402287266217
240.16700641659554
231.60803931031842
267.88955632434227
233.82751267857384
204.01971812802367
228.59775335877202
232.07052000134718
238.09032172104344
210.69412761449348
227.17616237641778
239.0277452324517
249.24697942705825
266.190038710949
251.70947003515903
230.47304504353087
235.45724306826014
278.8926873196615
264.87851373909507
228.8950471202843
257.4378483783221
241.04114775091875
250.01581198116764
258.6047721944051
239.35798153677024
245.50825217727106
279.2642377857119
233.77946955396328
249.1380290890811
207.12237237836234
222.92412217101082
256.5787525137421
232.54521783138625
243.4428301746957
235.3946264644619
231.38460315635893
276.1191602140898
244.7301905134227
263.7413604715839
215.8663020079257
254.6596889672801
227.74251547502354
242.69548106007278
250.00741806672886
223.72890744288452
217.73996056930628
225.82746934099123
258.68042168195825
238.72281589685008
251.44266789068934
232.15058827446774
231.8255700287409
241.03711264231242
239.86709622933995
231.90222093171906
242.8304013113957
220.56563690700568
225.98065476678312
218.44947864953429
233.25749083363917
250.88749040686525
260.81673977174796
239.56094785709865
228.8479572600918
217.93764944071881
240.1312401954783
252.19807541102637
228.11336406785995
223.3070703492267
231.57262462936342
214.3221409904072
220.33876668382436
254.4830006720731
223.97736264986452
257.9638922394952
234.3650953520555
271.8019528982695
246.64025785040576
212.18750494229607
272.83910550537985
223.75547408987768
225.52976451301947
233.31952994468156
238.6657120375894
234.3110544148367
243.60272904695012
223.03189395589288
252.9574039769359
252.68846792634577
241.1213974475395
251.76736676250584
235.1359264968196
250.53410281182732
219.19757407158613
209.83112817723304
251.23521251010243
237.45232835179195
244.30431611393578
231.2557966086315
238.56803220696747
276.8287084780168
237.32959965174086
227.1985239405185
225.4896762757562
227.3198565983912
244.51021877059247
240.00684632570483
237.81808421306778
249.1087559859734
232.42265701596625
246.75579991564155
206.2977712546708
246.61085967940744
223.98998622386716
229.15512363251764
244.47029310185462
262.3811233820161
259.08931463432964
252.11729567684233
259.9312481742818
224.31539289001375
210.71390989026986
238.31524355139118
241.64166274038143
213.57239700877108
220.90001280687284
245.65898060565814
237.18983279669192
278.5850506349234
220.6946406548377
247.04138552187942
229.3635724474443
245.12749640399124
222.2539122508606
240.38379506231286
259.96648753155023
218.82009890093468
241.51377962681
254.05761815805454
223.07684241514653
243.0365632295143
251.20554861496203
233.1452562417835
260.6155723775737
248.04047713207547
250.12454314238857
209.26622612238862
255.44711835100316
236.23409667261876
216.47917063347995
254.27971104590688
233.13093776709866
236.6355602790136
230.39228795689996
215.20085897133686
238.03369786706753
243.48929198423866
268.25301914010197
216.24505500542
227.88392618321814
226.06795831001364
263.375982305035
238.95997999841347
250.90951365919318
250.78881713957526
251.50516911409795
226.62241506471764
235.8805260467343
244.88379106216598
241.01634865882806
278.7341934326105
257.7464722112054
231.34626146487426
240.2630742287729
239.05626290279906
284.33702308137435
240.22927193308715
250.07651887775864
229.99718662828673
249.24229160661343
272.2062997081084
271.72020263189916
274.12587670003995
222.93770842126105
246.4138796844054
250.77570657711476
239.21829252422322
240.3011872197967
242.03336095367558
228.21591743454337
242.2036968797911
216.04930370359216
259.71694590570405
212.00367857527453
262.40268550196197
238.1738937596092
253.31982751889154
281.380739166867
234.44785421399865
244.3750640618382
218.00516076665372
250.77467216807418
246.74162257602438
238.73012704122812
265.9300374427112
244.27937027055304
258.09247937239707
247.14130737283267
216.77807184308767
257.60828515782487
216.05224742682185
269.3217918789014
244.06577443284914
220.8419238658389
242.38174865790643
245.41049437772017
274.6470470477361
230.87684576353058
277.13498471246567
253.86502766166814
229.15693390660454
249.04418135457672
222.84503340290394
244.46796115930192
244.0989829545142
250.45973338605836
206.78557644190732
239.31832368904725
235.85614393441938
243.9430494288681
250.15481241652742
210.33244418702088
262.8563369032927
279.5677522782935
290.7129449083004
265.534969575936
238.06908351113088
255.76998278393876
211.101640558918
225.83932529366575
254.8076161716599
248.79227109951898
230.81913099437952
265.8920914272312
240.00406408682466
237.21176809386816
265.2962540780427
229.07761566329282
261.40010196506046
248.92944900644943
233.46702505403664
218.27515537908766
255.9768701774301
287.5951472915476
221.25270059052855
233.31688854796812
244.40391168859787
238.61537184531335
262.6885435725562
257.4857168899616
228.03818169271108
251.9047137888847
217.34189242171124
238.248239777633
239.29701246903278
228.76122178474907
255.7901619692566
272.76112340402324
208.20221491914708
225.06168507155962
231.36015086318366
265.7356947740773
226.17739368136972
278.0310163985705
218.5881663491018
258.1436812017346
257.2578504878329
242.4732999294065
236.0184927615337
235.8638814210426
234.2264989274554
284.981169915176
250.88300045242067
228.28102536906954
257.0227890240494
249.5747757233912
246.64489106822293
241.21182121813763
217.50754129211418
218.84185179905035
238.9686422899831
236.89013832295313
248.54349353723228
262.27824685606174
245.2358551096404
228.91112674807664
255.12008510751184
237.70237202569842
233.06736689805984
229.9113710526144
253.46765708411112
242.09615589294117
255.15709128521848
273.76810460723937
245.5002661977196
243.99812227056827
244.0143539091805
249.98069932474755
237.45163831824902
225.65090457885526
229.02783880161587
220.53837947070133
236.60330459056422
247.99058823357336
208.77439506095834
235.87215630861465
265.0728513885988
267.7633526737336
259.94529085897375
269.5592919739429
219.32067168562207
229.79713730560616
272.48279033380095
236.38434561155736
257.0478789025219
242.32844392186962
238.62730640009977
254.7713639845606
232.7199365174165
241.04484622413293
236.23680114094168
246.03419892699458
270.595893258811
227.82042291236576
227.69565265788697
228.09624844510108
248.27213454223238
230.0901627248386
239.272786455811
232.64008179062512
244.19668175373226
235.2992557885591
237.71306554158218
223.24742177478038
262.2348397647729
237.18964878865518
222.6206950948108
272.9884557852056
267.91724402224645
250.0238353983732
250.09509761992376
217.3605710247066
221.8219087687321
242.74680333409924
215.91264505835716
227.66235479572788
251.5622582018841
236.62023041187786
243.5837156556081
223.1174730939092
215.53475883288775
229.22293433290906
226.0757632459281
226.4243436192628
210.60891048726626
228.27860237995628
252.71588486863766
251.55262522399426
240.71281440672465
226.73545180633664
226.22204376291484
246.6753419006709
258.6450354203116
236.9825158008607
242.29680439957883
228.94438979716506
256.81016435311176
261.8375907416921
228.7934254813008
238.11618010664824
225.26656591764186
224.39648817433044
266.4855912650237
261.5443403314566
239.9955131802708
247.20623649959452
242.48689779173583
240.0650681083789
220.58921078662388
202.74614507937804
239.1606299817795
242.71500274946447
257.25175965449307
257.42365399736445
243.56496700865682
275.19584215723444
228.52016761305276
241.091635662131
252.71754872554448
252.82466606644448
253.45533159724437
236.50204074836802
311.58488063386176
242.66714845900424
249.93432639795355
259.8260233354522
267.07592877408024
225.14740837842692
244.6672974564135
210.21283972205129
245.93593519297428
233.39968202007003
223.09016571973916
233.30908634047955
228.24391991843004
256.8375037057558
225.75778334378265
237.75792163563892
241.86472686799243
226.1595167495543
221.91206179873552
244.79428314534016
245.20606376463547
259.9812539156992
239.5290394333424
250.6062397963833
236.1080711610848
222.1484182899585
220.47490606072824
234.9150706246728
257.6329621472396
221.4255396882072
223.6534158026334
235.51590411213692
224.14083012088668
243.21514837630093
223.63308312208392
261.3329961708514
236.81031149532646
254.61659596464597
264.8562492064666
237.7487310405122
243.7990987272933
243.76110117777716
235.3899954147637
250.4130602054065
245.87054906284902
238.2034038080601
230.81470802892
225.18562507163733
235.61459281900898
225.55746423918754
223.37254101247527
253.14656431681942
232.51492811611388
252.92445162916556
240.95507956540678
263.8228675283026
237.18757016095333
248.90758089511655
254.8567030185368
233.67664455669
250.5923154836055
223.80884759943
246.03749751718715
215.96644262655172
240.12923711701296
236.84196182724554
230.4770726794377
254.94235726539046
212.98226224444807
267.24366388609633
256.9969089811202
240.54339281015564
236.69664921402
226.7071439292049
240.20307769498322
239.29919492499903
239.92188991361763
239.6185398089001
220.6459769704379
221.6116984076798
204.09416972310282
267.5735076930141
241.67466034612153
244.1346749898512
282.1087420665426
236.96153723914176
254.4125028362032
271.6155358592514
222.5032559968531
226.37884778156877
259.49770302698016
240.5552198884543
229.57679049891885
256.210851023905
246.24435128294863
203.98825836239848
247.54620902531315
253.62888213805854
233.8530519909691
212.02744449477177
240.07687294855714
224.2250207650941
246.5529288832331
261.5058854101226
215.65851118066348
231.8560331981862
226.4297717163572
234.00290644657798
231.56078019819688
271.0620150323957
251.80209323996678
226.70334316953085
247.05578057200182
232.3479332801653
238.40158932597842
226.42789168830495
214.67704449605662
256.28722353605554
249.562257287791
227.17102015484124
254.29232561949175
260.6288141682744
254.92757240659557
219.10695448587649
228.51476612477563
241.9779372101184
238.21348725352436
240.15538086357992
212.99120562907774
235.59090273210313
215.69098237110302
204.88811983191408
223.98511595651507
240.28174777782988
237.07236021046992
248.6665780551266
252.4048342212336
254.99461728404276
222.6425662083784
260.5916314998176
241.52842182840686
250.06842790776864
250.50874528218992
289.62011048337445
266.1575517958263
242.27229492890183
217.69730259280186
269.64423375960905
236.8862212446984
207.0101510292152
250.23186660034116
236.03925360448193
234.50455376156606
254.7938317854423
252.16982711513992
222.7817713972181
212.10563659784384
251.19882208947092
232.3304254054092
254.2095045002643
254.35197822528426
217.69054062128998
232.6739953160286
226.63883037597407
259.68332893168554
253.5531357054133
235.4419132185867
227.35111835226417
245.51854916161392
221.69427569175605
256.3492081621662
251.26271579635795
250.4402643890353
236.85861277207732
254.42943075252697
210.4033394412836
272.3750615811441
218.99220984929707
244.00340236898046
258.6836604406126
219.0489029326709
233.0240111623425
228.5502601788612
217.1841095405398
230.72495984833222
248.37164022249635
260.4737397894496
221.43122920161113
226.0109126965981
222.55734941980336
230.0403109122999
245.3037265110761
257.35765738529153
241.74707150901668
275.1738992299652
254.95286974939518
259.44241116999183
255.49215710558929
253.9533938897075
242.3829373292392
231.01437240489759
230.9458626405103
241.76231249736156
235.45861817663535
223.79322311084252
235.8313972488977
232.310435126652
256.9727713124594
265.0163103402592
240.6733384251129
225.54567685280927
237.21080014447216
215.21207843441516
231.48569696350023
223.7674592928961
245.85728163958993
243.40374773554504
214.59126079897396
254.93531023478135
237.31102759076748
269.6465589471627
284.82497632154264
252.90150312543847
244.37898775713984
225.97743564518169
243.5270469270181
257.25157759245485
260.6039470991818
217.9910971740028
255.08876586914994
215.13037191075273
237.8074566484429
259.9404831358697
245.36465160548687
220.30899791850243
249.63645003235433
263.6203843994299
232.64451704616658
239.56934105046093
234.7870317294728
198.0190605467651
238.0636497165542
231.56536963488907
226.2343341591768
244.76755079592112
275.91801596502773
271.93041722348426
244.74768592673354
218.72807245724835
242.8957955002552
266.354009129107
232.52849957742728
255.54682184068952
223.990438674693
263.9022990813246
256.23984464327805
275.87358243518975
258.0413993156981
233.70796042657457
238.04095452616457
232.007598274271
238.29167841689195
217.50998993299436
216.44029195187613
223.46896304702386
222.5735787433805
241.63819524669088
228.85333996312693
253.3184436619049
232.12826872023288
231.8667336446233
235.84159264771733
253.59655826562084
237.2025003033923
207.213913377258
246.2735598665895
237.39042210252956
249.24871972948313
247.10185241291765
236.92582192621194
260.36436875525396
238.60203191358596
260.4319221955957
276.55982377240434
266.2232789575355
246.72315681178588
235.02784747933038
239.54081143345684
241.41609310964122
241.67455665417947
242.40786567609757
244.2089305438567
221.47485039045569
244.78975550399628
238.2512382339919
222.11634379043244
239.04392803728115
233.35306969028898
235.74953283008654
223.249808670138
245.91954870370682
260.3448475713376
244.22214474796783
255.0078268215293
225.09230451844633
213.00748156942427
239.39771620370448
229.09213957202155
229.31731318100356
245.8643474597484
251.7117950048996
253.22516408469528
222.25432912551332
203.62753813015297
211.08094246464316
250.3639398876112
239.37586825736798
251.23630761925597
233.5540046124952
237.84251377382316
246.64363320509437
228.6756050470285
239.6411859295331
250.34367480280343
245.76596943393815
236.64464199275244
239.26255715766456
251.75738644378725
262.9445226525422
229.1362097421661
225.84819382731803
232.09754941007122
252.0613110102713
247.50558446533978
253.25848713715095
220.6321416537976
242.71065289177932
232.82188279938418
244.8941054228926
257.9746402343735
227.87818006437737
240.88841379084624
239.98656370968092
238.95014403306413
249.79225688183215
232.14393433229998
208.15275984164327
248.4866364452755
239.26927062438335
240.1622853197623
235.96996815130115
258.2263587601483
238.41340696427505
225.8705687756883
246.1482460340485
239.53318225976545
205.0599684038898
237.62111784366425
243.41651528642979
244.24503422016278
239.52422296453733
252.2139133134624
245.17910811596084
233.0432781665586
252.5190830185311
224.7849756104406
233.84994138334878
236.91722845798358
248.20591285976116
259.6397871688241
266.2939636937808
220.2880521240877
213.44866902334616
230.47530957020354
235.37926308892202
210.24407657643314
259.56229350925423
254.18168522731867
253.9483288154006
258.3761697917944
241.38235449173953
231.27557196991984
262.22800321504474
244.0986282454105
245.08726164884865
232.73941695841495
231.6849106065929
238.8232018359704
265.08332699839957
196.36034900939558
264.12522621802054
219.59532084793318
241.20476388861425
266.4729606297333
281.63918835506774
261.93222728546243
245.19963994517457
250.49484789336566
240.35286600596737
251.1588895188179
240.39595293067396
237.0636151212966
227.18670062941965
240.13279932399746
231.84184708539397
267.2021399681689
229.66642750438768
271.6730271620909
241.9204329359345
257.74781512876507
234.81372265855316
229.77881995856296
236.47895080409944
242.50274651777
244.6723217139952
248.4141169192735
246.09086907620076
222.50218811701052
231.4285127155017
207.52786531997845
219.31925347342622
241.93036345927976
244.5653271964984
260.57668289903086
232.35577655327506
218.31598470185418
253.44939279626124
234.80632518709172
240.47632384172175
248.98462718399242
238.03345737664495
218.86160678137094
254.30080610734876
242.32423338037916
281.1176952938549
229.12538032082375
268.1087494228268
232.4081574063748
226.53518769913353
256.7129955732962
222.41343730909284
232.87107040802948
248.59239806071855
219.8899182176683
220.90984765940811
199.28836414474063
212.4774703887524
236.79359051107895
233.83474359184038
256.7838958299253
249.25586665491574
252.4884710169863
228.02034659218043
245.27499427786097
235.99018672737293
227.29684604040813
272.88715593365487
244.68483727122657
231.59007690369617
246.8948691174155
221.08873557962943
252.3515640735859
219.98332801507786
261.67596206627786
237.84785065951291
252.50629592617042
271.43269524758216
242.5149715662701
248.0015652795555
254.8027169292327
234.11890419875272
285.6855503359111
223.71969091205392
255.159906468587
227.89597667031921
259.7482388281496
260.16101234639063
219.457319522975
209.1694973796839
215.2664696504362
227.984128297423
223.58031125750858
251.2007904755883
258.9919468247099
259.26797103346325
209.3526477603009
247.85347582574468
247.40343375084922
233.08769938570913
248.67359461716842
261.71431854588445
263.5176771803526
216.28805915138219
245.8094608397223
234.35405650839675
233.6573563114507
210.09117602068
277.67854638851713
251.87460594030563
239.81976522877812
241.84032921935432
203.4447232967941
256.042759183445
260.41593142948113
232.30906366487034
247.24330958386417
218.37966424191836
242.26196152844932
210.27063486899715
256.1356475868961
213.46959866769612
254.60748878878076
289.99678302614484
230.0425399702508
234.59650925255846
259.25583345245104
258.82590912654996
233.12267223012168
280.89570247079246
246.54915680282284
247.98272957466543
237.77278529468458
235.69489933631849
220.28923094680067
228.98629199608695
220.4794682242209
224.92376570694614
213.87613532191608
240.60961489391048
260.5884712097468
265.5436237001559
226.40314911480527
245.23130287940148
230.8958966336213
225.91326882573776
220.0334526289953
241.50763457489666
212.93535515118856
238.47943179134745
251.3938745497726
246.81753223051783
231.24881499970797
247.3809554137988
232.6894099327037
247.3602806419367
237.83847062045243
321.0553510636091
274.7342799899634
262.85959712811746
227.36530591116752
254.73539662652183
261.21268210723065
236.90349646902177
247.2605058850022
224.68052146944683
245.88466027821414
236.24068936298136
251.70575340848882
235.40612790978048
270.7426815306535
268.1652733227238
259.0163389533991
221.07111632311717
278.59226843202487
206.37999842129648
235.44587411091197
255.26149506412912
250.36629650834948
255.79928112460766
233.63408457057085
244.02748176106252
277.8701540977927
213.84458723803982
227.20020447392017
266.9458855583798
264.04093010968063
271.4037247884553
222.34305429307278
269.6740873211529
245.16052072495222
235.3605344783282
228.85933016927447
263.4051448260434
224.81770526606124
279.69966896879487
241.87810679362155
265.8806453316938
272.01443563157227
253.9720686885994
254.3543486839626
254.05697293323465
263.320102352649
246.75983989669476
249.494438088499
240.6897451885743
244.77921419846825
228.29569591779727
246.06619420391507
276.41471931210253
208.94261497363914
252.63382046250626
243.20101086748764
261.2758893563878
257.60084951494355
258.5485400116304
240.16598574782256
218.05066636647098
244.3697496324312
293.7442379157292
230.5208070492372
251.3325696856482
231.0868270470528
213.38850049651228
243.85625702503603
242.2487538625719
253.0721346664941
280.0146196425194
224.99764912435785
229.56306026456878
244.22059848951176
268.60267885553185
233.83554202120285
216.72373841737863
226.23853330046404
231.96187021629885
222.39925833698362
264.59762040688656
239.48032948491164
244.92084963305388
235.7002299396554
233.05608740774915
225.89149106445257
246.91521303285845
237.31326607766096
227.18857414636295
230.45153491036035
236.40157948061824
212.98906324175186
247.6181913492037
233.17796941811685
238.35975804983173
244.60631185839884
201.73410814336967
237.17348765663337
234.07597861322574
236.24606827204116
232.56027179746889
234.75784031068906
218.14875806262717
233.79302409174852
258.4489435534924
255.6314009319758
243.50287258939352
243.02495251048822
234.62751719995867
232.07766024535522
240.9258284572279
244.94321955135092
270.0116681824438
239.51551955658942
265.52587059431244
254.4511840220075
225.46671342023183
251.87036508112215
268.6379714824725
251.1714343908243
248.36635343171656
233.5341985601699
234.6035832981579
255.6341508696787
248.79992395162117
248.67624669719953
261.53290611412376
248.10371906054206
231.40397256077267
251.82038381462917
226.18391156964935
229.65058340295218
231.2807195550995
263.99658483674284
238.73062185035087
267.2307364884764
233.68949456128757
234.47707909124438
218.1396635308629
222.77201612864155
222.58251734403893
247.58579613582697
234.41329954611138
239.56170055037364
251.12367316521704
242.5310838803416
257.8555767281214
240.85616223560646
227.33191454433836
240.22183190169744
257.0169349072967
245.62661270832177
256.88270265981555
241.18125572893769
224.63714465440717
235.7349305540556
223.82186999556143
230.82540762226563
227.7006481778808
263.4460644950159
230.92967133992352
219.20165878674015
225.3733257605927
240.98129430483095
271.5306582362391
248.85399635939393
261.1612575092586
252.7601772643393
261.5347917296458
211.3188863970572
227.14628668385558
232.59914220159408
239.02309866412543
241.359378867317
235.77653715678025
256.7574770915089
263.45459117519204
203.38441880361643
242.67808774264995
253.9471779859159
220.84612002281938
251.01217131281737
243.70271631493233
222.6021102394443
226.67213138274383
225.55939557112288
270.11221563478466
238.26891882228665
270.19895912741777
242.1482767732814
235.1740467264317
244.8495027020108
254.06975766376127
252.09680510137696
244.4255477905972
221.83257629838772
236.259384308476
237.2869221259607
250.3801716286689
246.46381278976332
213.56112653377932
229.73122607322875
255.7894692971604
209.9167066582013
267.9744037644705
210.76282945170533
223.93463639181573
255.2311216662638
273.31590725563
246.98365130182356
247.4528872286901
229.33057160896715
235.82435863860883
222.19216888258234
243.16117632738315
246.73652771429624
250.11304407939315
251.27022240683436
256.740451766178
248.6514581484953
250.5914064021781
246.93319436407182
250.69556163263042
248.32743727322668
286.0326992517803
226.19857206370216
213.93499697744846
239.54579802963417
216.87633245962206
251.67812059132848
216.6488830051385
222.13673051120713
229.3366799526848
240.49402568815276
213.57996022515
251.03280572220683
231.63151395472232
259.7655705282232
269.4988893914269
243.67512972757686
230.71593767986633
245.44827677391004
234.00163673597854
226.5291465842165
234.5582355093211
264.87925498071127
258.9738269179361
244.44139024848118
243.98932885401882
247.35129182692617
242.71237481129356
251.6199358374579
211.1983812493272
232.12625637999736
288.38484742399305
241.01006555941422
281.0347177713411
280.7744222272886
220.94798308983445
271.8659860098269
237.2714429985499
240.89078539481852
228.1211077583721
245.72391483921092
241.3434506735066
246.9842951108003
249.64865160058253
228.7359408463817
238.15001889131963
225.5298884891672
221.5783945735311
255.00808599672746
247.14499464596156
225.27354245167226
198.71426143718418
248.64821882615797
243.88229612133
248.40740556176752
223.23713623464573
273.39394961996004
238.36404772673268
232.35061370080803
248.01016317948233
247.92379638785496
268.5197322834283
220.35394221998286
223.8862660304876
252.0280262080487
261.2755932158325
245.15587162412703
214.93649135506712
226.52298238361254
234.01271044882014
250.7499460040126
258.15943283657543
219.02993938454892
241.62669671035837
236.13417518662754
255.24843519297428
228.18014186504297
234.64246360515244
258.197740840842
260.3700008857995
234.97631535527762
245.16254096780904
254.52427494467702
273.13033655367326
267.1688863968011
241.30795838264748
246.60892060236074
218.3968274431536
223.04512430215254
249.36362974508666
240.4267611996038
236.75833339826204
245.97774192050565
