206.35625265373255
206.35624240586003
206.35623250716435
206.35622446848538
206.35621744005402
206.35621163651467
206.3562065428905
206.3562022940141
206.3561986323948
206.35619568696075
206.35619304979355
206.35619088320072
206.3561890676874
206.35618748816614
206.35618620499463
206.35618499072007
206.35618416032958
206.35618344977956
206.35618267225436
206.35618222586163
206.35618174569572
206.35618128050191
206.35618108023846
206.35618072136458
206.35618049984623
206.35618025146687
206.35618010341386
206.35617998152884
206.35617986431498
206.35617976500725
206.3561796821905
206.35617962633114
206.35617953410474
206.35617951988206
206.35617944727164
206.3561794064717
206.35617941316377
206.35617931952947
206.35617939804615
206.35617934104084
206.35617931740308
206.35617936724157
206.35617926894884
206.35617938471296
206.35617920762706
206.35617938528594
206.35617918848402
206.35617928609463
206.35617930357694
206.35617927880776
206.35617923531208
206.35617929964428
206.35617928649845
206.35617927186468
206.35617925063343
206.35617923877362
206.35617924651888
206.3561792321707
206.35617930455192
206.3561792804685
206.35617923280734
206.35617929384534
206.35617926063424
206.35617915835974
206.35617923897007
206.35617925756742
206.3561792497494
206.35617929789078
206.35617914973045
206.3561793075496
206.35617915817056
