315.22615700813003
364.209118848031
355.96419783467115
417.9488816562391
341.2571455133518
300.2351782941223
511.9203121501205
329.73721982583356
281.671821825405
297.3246216825223
319.25467564690643
284.88152892454355
291.2284247985708
300.5213628718766
315.7520066822899
285.59968188207404
313.1411417592317
356.34773223468073
343.97784663826224
292.3586380061988
262.36363083919696
362.2672563054857
336.23115790934753
301.1665085529221
285.51559182297024
233.80630128861412
330.9947943423849
304.14958998596194
338.5771444312977
330.7795604061812
353.1218302447087
344.7849414278444
359.66677348158555
305.19371832853176
251.48723014707866
352.0416205830843
322.2199681443981
365.3781629949135
315.1498177720805
311.82640010270006
304.34986522259715
307.3563132814779
280.6212947844906
365.3504298065236
311.9931393574316
415.512748879064
280.8392637150955
330.1402761487716
336.17618731518087
274.24334928537246
292.39288560064597
323.6370317139663
331.8249235015792
289.5066679220472
344.1005403967065
391.84865852526855
356.7575841390826
358.25569722965884
254.01560644599158
288.5766649221332
298.9784394097296
308.84327506782574
256.78602368569045
261.9900908784075
297.33023448741005
367.51533211874994
321.74189626142106
399.4751119406501
298.5987459496391
407.7154249826053
359.32725866292094
254.07725315911011
356.37836147500275
295.5995409957832
334.8886549192357
381.97974963456363
274.2813366746486
308.09739489767526
308.8209119872663
297.7317687582545
328.56711178800833
238.3753050172163
312.61981283635396
298.07138340135134
371.6206006515895
453.45270948783946
327.5956995392262
268.44275435615054
322.68867994899483
291.3161540346773
288.69854305561967
284.5829980383751
251.06759576488912
276.86981743642536
384.5628470672709
357.55322176320624
244.96305934239717
262.97808870329027
301.2778393841472
271.19445707200066
278.9752576530482
293.51046359663815
310.14616794156245
283.40862078657665
286.90312373558845
346.88845437745476
295.4062241208667
309.3645685951342
322.4975385114012
370.6277562902178
388.35693823680776
322.2139812059904
299.30654048923316
389.7692372485035
250.32542199881573
291.40501778270846
245.05323980799585
261.66301842496614
285.77201596761006
311.0337677926873
254.54853746658773
311.73574554793595
357.036838242464
302.5999639027723
382.03202543923544
293.7088624716489
289.1230813154907
316.12178158958704
283.3035363869494
275.5868694568053
327.4218857205851
242.63643638419308
292.5218438216616
336.13784751320054
303.801026181216
355.04900647550676
339.7505532032301
253.4367877274708
278.0575703898212
311.4353116106431
302.12844695722015
301.0057088040048
399.5838632340383
231.76479300011852
311.0954043245438
242.89976757187105
343.9753793924974
339.0004699429701
231.622051392078
348.63705047291296
305.5387738181016
296.420508490286
289.693926713815
448.2814423309683
301.28849793138215
244.84839767889207
299.5391609537328
483.92709284271405
304.42877929343376
298.68837478995556
265.6350313532748
336.952066431586
311.4904029797108
282.2931046157755
346.01470447229804
313.998203422605
334.7526843213345
315.8456193686361
293.8458574773176
338.824148947715
256.22483834489685
345.20982470933086
265.7584047197961
290.8079973808708
289.97429428982286
276.08853476780496
289.99198087617697
338.3403165025884
318.0744561327447
266.9521176598719
312.7001265690633
311.60497604848933
352.9655652848014
465.82247423897934
373.44670008614776
346.983534783285
305.559392662406
327.4316015845907
443.6177605833218
443.1784511507649
264.42757697698835
328.4726332741702
231.37356272962643
283.6693386721163
261.63031163872074
278.6181806015811
351.67643215121643
293.1458599618054
266.25998448301107
396.15400302504713
304.813030987556
298.30225668325875
251.73002229629492
361.1949501682975
310.30036292209115
343.5587768754194
260.78163460543874
375.0778068200889
344.0395050588122
323.34637552105414
260.2144285886461
294.62986032864137
287.4811856189481
434.2594281166821
275.82796941764536
307.219595143295
273.53357827829313
344.1036401874153
347.9182422897575
307.7513435120345
343.76624118982
249.1681138431304
500.6533295445697
389.8663719171018
324.93683123550727
457.2752172384644
273.6345817092806
304.9853454514232
497.73150426341454
450.55962121806806
262.4541757773695
486.34088504346437
422.4069513118011
371.5928809536563
358.1920878353558
368.6729846239177
279.3944250180357
281.3022257867997
361.64893835807743
355.47355394167244
299.98160983083653
332.54661873968143
345.8709941122652
252.71046628296608
312.7945799637091
317.62357040097413
263.3792429071327
359.066512932186
313.7195207791956
269.64912392651604
265.3107029108942
282.5790145553183
276.55302568316984
317.94668603401806
253.10339927327004
279.8273597788648
226.68035549977503
298.7567197651806
320.7166435463587
357.9193440248637
345.9612308922369
312.95666680816794
378.1520515051525
299.9400478721509
290.0376558775024
297.19213798335113
283.1161093557748
287.1870987127768
277.5453027032636
305.1245273991808
292.4910417745414
390.0828415310971
404.87348920949444
440.5713360744994
287.7909597381222
299.1267846433475
317.77340737755003
200.22993258757924
268.5147492669348
251.39435593390954
319.33723797646235
281.13347128951864
288.0022442617628
251.89170534910227
351.6296946858347
352.47095050502685
369.4729747716483
312.8519127937325
443.6944140450214
302.11448179071886
319.4360848744109
273.2926779077243
354.4740662625409
380.068636509357
353.7718274859217
461.2470251452469
368.618807898034
381.23210428380116
331.7471889266744
357.41618454814306
343.28130677412264
249.87228331511142
399.4159690413653
266.08422678289935
260.97040374246717
406.22290143411374
342.3868477498181
265.83995180808415
460.2633439315541
258.3041286290827
323.4281288522907
335.6079029650573
299.0630383231619
325.62025239964714
320.1355866689264
313.1735107255663
293.2213766619825
310.2429875970847
380.24907581397565
364.44533673227124
328.9606392801361
328.9912503824162
373.79759403101343
275.9222360414424
424.20628624268284
334.9628259932506
374.27610731591994
312.5082097473787
340.4886722837982
283.27939289200003
321.36273898188665
326.62811052287
273.89678523343173
321.8228403933608
318.84756642729917
338.04710787344084
330.18279666098533
354.42688017083856
291.29398992190545
260.19317518269236
278.0198151382356
271.0633089356852
281.05802409813623
368.8800244148006
258.7483265398332
410.46473732360755
264.0063634304097
390.7620177062345
408.46703726761916
387.1676255836792
274.8251830259396
360.8683860466699
236.71973279268423
304.0341899391642
254.16265635839954
274.5193038277648
299.5581764241215
354.8996607028821
373.4256569191348
334.31086806594976
272.68295401010255
277.59182361653075
295.037002392899
267.96736974382657
460.60154551094456
378.3368654381193
320.57808040763484
298.5813378505991
288.48731420282274
247.95103434514022
442.8853819472715
300.2039950354083
280.99746106810926
262.6581282297702
307.4775871244492
278.61198556865565
318.47700700991845
307.7372726878093
390.53069008859165
355.30697427158884
334.487291652782
605.4915671682975
347.4359840112302
276.4667150974128
359.66836787125794
332.68860609417607
318.301339300102
365.2813579575886
303.6020825673331
297.43086602844414
440.79509754550236
294.71904559493123
289.06583403663535
228.63470047627925
275.98600685832207
320.32012582273455
276.2871073543647
261.56520420829474
329.23946894977416
317.6901870413276
366.9896606531547
304.59097480020137
0.02822970833221916
286.27467791058007
480.67333724861965
450.5362629539886
318.71714993547357
385.09888354109717
290.31627218879294
326.1495304288692
332.5726067611249
433.0118140752602
266.4671263201162
273.83195204663207
266.39192367866053
313.56909973625443
278.5775774115464
296.8567216764204
264.9575013059657
342.4332344145805
393.3026187614596
289.59126940896385
302.4663612045115
308.5894018483523
337.73434698430356
357.5065829146188
244.14340930222534
326.21993709370145
245.52001570930588
346.7152006823744
303.95083391471417
352.10836436095997
475.69654625447583
274.6226801489538
298.5691166324832
247.9691061686899
354.0480889386672
304.2459866152785
257.4593819347501
313.003576589399
304.4470517174632
362.8341002385714
305.9575677852263
298.23380094737513
295.44611120942864
320.56382283521816
305.7912517914374
281.03946958255256
393.87042851399747
283.000014546531
274.2876707102405
297.8197979403485
297.84534934698604
378.8399187432078
291.6497269150568
277.58839602710214
288.6957228447718
292.28945802911767
295.2651982345851
250.87407486676238
302.5825461403292
285.11079724508454
249.241826799087
319.7115574349882
366.1364223851997
272.2782750671322
334.7479802480084
311.57984065648634
275.0860837342625
315.89869240735425
256.675767059176
298.5861494963174
314.2414387316676
343.75314546300797
339.2490278886107
291.1730327139667
281.3040949375136
247.0637462051527
289.946639076923
342.19961837967276
328.8820027348411
349.27907726255944
370.5104508927034
300.13523082601023
325.1850905859901
304.64535964274546
283.5907311042538
340.5917398291349
370.77934052658384
384.03843306784984
420.68225822626846
356.8341290423414
230.87423402559943
347.07393138081534
307.50250736955786
345.83184150228044
345.4418304488936
351.90756777484785
396.51392785747885
312.8579694876389
397.33864787439234
360.45930044719717
275.3474934474216
324.4118327742908
362.8297569756396
347.79620904367766
307.1007978064299
285.9862721065874
317.9455205166014
528.1278541234497
508.3461210053647
365.6779922193964
439.9062540496816
472.37723628783715
297.98049321604776
318.8379840576672
328.1061299984285
293.70372565303114
234.82689274652512
342.7481261675712
354.32691741979215
288.3294582202507
296.0725031396141
372.69105632879655
319.3188524231082
281.65887565218145
316.0346629541309
279.1254286186886
355.19693588718656
439.1246920666017
316.94313517806586
259.9376467742841
848.3633601738838
379.48961867098114
376.5494606641296
291.616650550568
347.39855330303544
290.01099978451384
319.0421995361685
312.9784434539906
318.29548844724195
253.8906883909076
340.81967767118476
323.30990625094273
518.8583645624749
376.4483523135714
357.47974876049557
316.3524838441517
283.32991016228334
249.0234653900552
277.79968254393316
273.40236792876385
390.25695493700914
364.960876941419
313.6586402937246
370.7496440317191
311.56083387337276
334.6812609913759
290.4330150798778
297.8865914118069
277.3100958613504
317.3730792507995
233.5623436869937
290.32093781622825
324.76350548063056
319.0483435175265
317.74965160136344
338.65451070209383
276.7605396438157
289.0522729451477
306.91948544819024
341.3047751398408
330.6823053956614
316.62168156157713
339.9119355584262
253.79384271788877
361.6158937199216
319.64542426908156
278.8459772998758
310.4008326809562
405.5277676365513
414.25826724039507
303.34334562247386
338.3030630417343
277.6153673880617
291.53555936474004
257.57778396681533
389.5968102538318
382.3324357706297
282.45656102357316
394.92278440346126
309.83517609297996
331.14601114494144
260.86168801464373
418.74103788431967
303.0847567556193
329.83161408198066
352.04925614845706
276.0181464382913
383.1247637485503
370.1076648425078
373.5988173878577
420.5955427676672
428.5880212985212
270.00597750319866
326.86524600943085
385.16838662856026
258.40073924706667
313.86510958359577
331.8573055518209
313.3813004378462
381.5775321080582
332.1276019048237
270.34975321704405
292.46824702760205
318.34204719937406
367.58867640185053
345.93995779627585
342.5486083315336
257.64401575474767
341.78406650281977
327.19847583028604
287.0454191872559
373.8299738061032
398.39063225785503
329.7333395544847
330.84065024735173
368.581375792739
306.5934108548099
337.7341405512707
244.75925677389023
263.7668463269074
247.58537412027363
253.35123731917702
318.7873976136907
319.68610462907236
304.7464150513988
327.86305507994257
289.8497816241288
277.0484362326388
283.4930725787999
276.5421563515265
295.19525477616116
299.47051383182406
288.64141150107025
313.53806536403135
397.8369516629318
290.0690843630582
355.2038118610508
266.4836305670033
281.0919094181445
349.26690150320064
433.85808372683823
354.72820150249754
459.8984184744477
264.2350429552607
391.61196275398834
346.4465224481246
322.55586764018517
268.76653143545263
288.0399792062235
272.08145673337276
279.7096703821153
317.8108439910284
385.22013164366945
311.04987638720195
389.19408901096904
330.41478430261486
388.330268371501
309.45600811514305
317.98186038192944
276.03533334855456
368.8938227108738
306.28289118461544
271.152246490994
256.49183154301136
278.9725363829348
245.75213300672476
265.9314261735999
238.6208344140323
317.5984692936472
321.2063936124905
322.746444751363
252.96263188496232
229.5706638818083
245.65350492385915
268.3407010746014
277.3661254282051
289.615936062939
350.48144394817064
330.6426296409045
279.5406048470177
377.25196797720855
350.3316933674796
328.3851256459893
289.51697012994555
383.9205224313191
314.95605882667587
329.32682093349285
287.31713175497134
232.0289405573567
329.2730392355588
278.00215123343514
288.3499194501783
364.9267660843907
358.6207334862265
392.08452101110015
368.85822666896274
331.07940916056396
309.41468707774766
272.819661335845
378.2867412241467
323.88619152619503
337.81875097058946
251.53465179124032
301.6936936463753
309.49230124257156
295.20858939850586
360.1644574832171
320.4899853490642
345.17248326720437
393.1489504633646
278.6284638492216
363.55882654414745
225.76415278072818
376.42602341176826
335.9301048187772
306.4723157811968
390.3021796878311
346.6865654650319
354.2407928183384
288.69511756452266
317.06673261825927
304.1606699015829
329.98752374903415
301.41526954612345
290.6029979712621
267.92369497733307
321.89147469823365
290.7756205292244
286.308659863862
271.4271919289022
297.1756314113445
313.5823171608499
321.90017701961915
377.454462466354
293.93210194961284
247.68464551275247
319.33671769243665
431.9283854040841
333.47290378736216
352.31591863092035
287.73105517888325
271.752456057322
312.0875961709535
380.64680558937835
332.3865931343462
360.0891087562486
336.13088538483134
343.6963460005936
351.02905788313365
322.2452991217433
293.93868063451373
475.96377865728573
380.37435722129885
327.4435045111459
375.642120706907
249.8914046450227
281.83194541806006
334.3741767106403
339.3416022627498
394.9264590184903
303.5726360217959
234.77360017673345
261.654020541464
384.27461312440573
331.8488614872913
504.8290985499916
293.4740281573031
344.07193926058244
350.28166462053196
347.0824462477758
388.42714161548065
417.07675954597653
278.3289823528321
283.41722174649476
237.07554418221116
411.8306476449943
362.66678966468317
265.9886984488403
304.22605173208285
322.2745885964541
306.1009272726078
323.88364745123545
271.9239619417349
282.7102495728759
223.64045833834098
280.9797857903759
338.09876036579954
393.0012368837488
298.1377866976254
300.2960210906167
287.67960877067526
234.74688466108637
365.03118068072945
418.7497718956729
325.2969986567623
353.84997398621636
378.1306829022942
382.13214140274795
375.5024188939424
292.18571927867015
444.96080591823556
296.99241973174503
327.585019391845
416.9154423320433
259.4332312520128
310.6313406281988
321.9320561203058
291.4463158751023
268.69635589426616
349.6909828921198
342.90688350831624
324.82011803763453
250.64269829320256
310.2328280984075
248.78703484410653
250.14831074792892
384.2241348136449
323.0479710799991
342.31082968972623
328.8660144859459
286.76726496749325
399.2494176448672
336.51477572653675
343.97436442546314
319.5654397304752
367.93415273481514
369.61116061289795
404.161567269417
329.52471072913613
275.9212092338712
284.8040680187987
338.68931874085683
310.3327645723475
332.30184532975545
288.1480471130926
329.8229475581902
346.27080229338026
296.5549632451148
361.8845711017493
313.25313126540277
274.7390019593877
257.2517327715759
249.92723092937376
293.2369450957631
273.05808067385806
253.04982443712652
284.89683576556854
340.69248825270915
291.60530104476493
287.34375954890857
249.62175664305687
357.91576944914414
309.976575646142
352.0737829618156
357.9762704827008
289.11963100137655
354.12280309869675
418.46597929956624
291.4074481353746
313.6531393931946
388.784280380758
302.50378597533563
247.37746962340316
319.8550536799012
344.62823748157825
332.0356291770004
311.60351710539544
311.34985254576895
382.249733790406
320.2257442973205
365.19950983521994
295.95291182398796
310.6812771151308
312.04255424422445
405.3054014691734
332.3372178740683
327.5086270663305
407.85053801274626
275.67917943402426
348.8579817605205
422.95649049727945
302.1389140256797
304.2997932487051
329.47892395360395
315.7453311374993
275.27862375753466
332.18700467207236
293.78681902360404
313.8672804515227
423.75764076050837
293.7996813686332
332.0691954913782
351.0635906680254
225.77220044104615
358.3504643077031
295.9380397166242
409.503192186472
383.9502035215264
276.3181870740955
268.4257695650449
307.566314320371
366.8538225524826
359.9022557924036
280.80471547320485
260.17757109651575
278.67828128510155
303.62230590125546
292.975359316275
357.2920194013277
241.42333061492536
311.94597976340447
281.0222004659008
415.4079611894558
291.644743442419
363.9340438453946
280.7850163258845
218.94006234721746
342.29260193475056
322.53238205390517
341.86079895170406
312.00833999860333
519.7022178652696
348.735257965629
214.37299586937297
294.07435557519784
352.77953422191786
263.58967473416124
285.68104317528196
295.0834286941099
327.870122062508
350.9792427609209
364.60293216170976
456.31522749201395
360.124728515686
423.2264989830437
313.06484052026644
304.73783878207905
270.86297236947576
396.67144515248947
322.28042056405684
315.14363365538884
344.5992293015006
289.46021328144707
299.3082105059293
424.17445701453835
331.9878015341819
303.4892453934881
363.9988126960234
316.29169510450447
411.95601563027594
280.3068023969536
309.96288688655477
289.04106124746613
338.11475288833026
272.830424492131
359.9246177159366
303.85035533219343
252.6139161538449
335.7149508797447
322.5155607412453
256.79441440000664
367.3632509947056
309.47597611072706
324.9957916381536
266.83678279607557
323.00839695270406
294.31601329526166
250.28759925608756
391.51045291754417
368.5771746269311
343.44724299159134
318.9358744356432
295.1022205748013
374.95787929475773
307.71927212254377
270.3528235721751
301.54506553936517
326.4541735952953
339.3378037867951
292.58269090007525
308.3900175636518
587.4047341787955
351.59644106804626
363.2616304042749
317.95495978026884
341.82176360930316
401.8672234529513
344.10990696930094
322.3689106978127
356.3119426514604
369.87000169599196
304.77741735387826
352.86825118074194
341.4093615079764
315.41979804984294
326.252621158259
377.5283390471013
406.5502511987579
300.2816119802883
404.26616146805463
312.7407854520716
342.54521009355085
501.11076714034425
278.9274096263689
299.8146179217729
335.232996769133
342.66769336827565
315.4661154341884
314.6624947678065
263.6102240993059
285.1439128370839
265.42588771443116
274.5674331948976
415.9572965266416
331.9599365714821
234.49886446696473
360.34916041843826
266.98353117186343
301.6262996472651
322.6088697396917
376.8019820568734
310.064998993068
296.58945369301364
404.63906921469606
385.24240066402126
258.58855561964447
303.95819422701607
262.66980670928024
325.84143450978445
294.3133369545103
307.5042267642566
314.9363925413927
308.37051187996985
310.0045475627994
282.32591686124215
350.7468013045145
260.25064103968907
329.1330779893906
275.5521954798023
338.6542715241085
309.38276616547955
329.30443019478116
342.8141704942682
322.1217815692653
224.70516090706224
315.45051551260985
312.6477415084955
283.56196783774067
337.57846858765697
401.45035109331366
375.58150702918647
335.61872352135833
443.55754087498644
397.5958414733177
281.5763482626644
280.9156482232502
305.08099816937465
335.51092696754495
373.9685431221733
279.55961209960515
279.4738211609074
331.4234891681117
307.7505202800967
236.72532065579435
281.2984269603621
275.6597978680511
303.367064570426
321.97124827076914
309.5757240658859
324.22950845735613
271.74176206626
291.1000604304718
337.9026960111223
273.7288966894848
286.9157090483932
243.42263903457206
275.52909525315044
393.0627378326608
337.29854902921943
320.9316539235879
289.0313945132657
329.4711211393005
411.260707642592
378.02704291051487
340.2529476979398
370.0734186677728
323.0864221638185
488.91572078934405
417.4228896884597
307.89643693121616
317.82361074356595
317.2348422689247
346.3467480817344
308.23899634048576
330.47189631842775
256.6163450050517
397.9052523880382
356.1315089914133
363.48364942509215
306.73489844833966
333.75415667751804
344.04880987585057
326.6195234130719
316.230242315738
277.5169945831876
320.9159377946635
316.6542027639225
323.1432915396872
347.94834677287145
329.8837082334794
333.3932968453155
519.2883618287742
363.2191899882746
269.9871387419407
340.58462236175546
335.00444357458036
373.504261213413
290.97267593059223
324.4973852944677
350.73489510291256
291.0670857121004
497.0470886025578
325.94704751024256
424.81710262584966
252.34101728000678
353.0707695801975
321.42943494580686
337.34798215772025
275.37162616982823
286.5259933444904
371.5635389445815
234.04476044495823
356.1300658346736
296.83985055593075
242.87985321012093
283.768993841426
369.7829180571134
279.75923793175025
271.8459811301436
309.5188339348533
322.1344968592748
356.9055958373938
329.74653573607793
256.6597443569917
339.766807618842
557.2803396504023
330.34643608512124
389.1185583472252
262.2403850615374
369.06716207950376
302.17931595264236
381.6866958118044
268.7354984731064
305.13577762938803
343.269332586613
372.38775818794966
264.59056297759525
348.5981688176398
289.5840673102648
326.5174867048627
354.73088409006596
248.80237085133558
350.13853629189543
390.57301294023637
307.39761960867327
402.395003464655
322.4016158276936
671.4328008938464
348.75368729495676
327.0006270011072
304.6646257387474
288.79498300148407
269.19906427827664
304.57195896544727
295.5898949202383
341.5713569561485
298.39743290346814
356.56913903483655
328.11519707081607
517.5584444984561
303.1765681837569
391.37345301161986
318.6972518740804
258.5501771325944
286.589477015601
398.21188844996504
311.5017364708474
263.7709567855927
278.2354524881812
345.90317081240937
291.5181406605989
328.4941680970369
330.6213821005658
313.1096817345824
349.7957679244573
294.05761275964323
495.28090450534364
227.45404546929058
285.60773025726667
314.02928546455223
268.5467303148471
303.6912010340602
335.06811031285906
346.71524519013474
539.4471021899953
350.94239867216675
402.79199294780847
338.8278632579604
355.5674317572266
330.39342901081545
332.27829142753035
325.8134913595859
357.76201753661735
440.04013939516153
309.14949278900167
296.0975503268419
251.10908233874943
211.28798684326466
314.29156811739085
365.0843870047247
385.18269435846014
262.104153067281
245.7691480013891
249.5050579502131
345.9888979489915
264.81854913855204
331.24721079919254
261.62527321721427
326.14268994127633
273.5625887103961
276.48847657005535
337.55515646742424
332.73453969764523
262.20912146993214
254.46563151740702
332.283944824012
281.5656825423357
433.2751943549374
305.12724690750474
258.10123002686305
326.2065640370711
459.93712094513467
343.1560126785771
303.8993400854524
332.738674421038
362.26919568813173
379.08797890675487
389.6997803446138
326.2692776596523
327.67733053682605
328.5054513355135
317.57995504071005
375.81480467447545
313.373346757493
344.6570324578206
349.6146947775269
402.73296397703234
319.27580220263917
335.87011763371993
359.6422268784372
361.766057476867
277.04288276156876
294.24633367190836
337.15829905861756
243.46661095734453
297.7967124142451
334.2690953135025
335.0386719763046
316.3423541052616
333.5803637507488
312.4446315817768
322.2529688924551
244.60766057047294
325.1299128740211
295.36931572656613
384.290275135485
329.1003048592829
372.78344337741146
303.530834627687
377.7041740769637
387.0965668402496
296.4672720153467
318.3837756064022
367.4465769492672
377.67536352109164
340.2229070943431
292.45403350214474
472.30420363671146
424.3149163945345
271.91496757173445
447.48235765943537
301.30857307161205
299.77578794723377
257.01237696845783
311.09451055090176
351.9441434053588
296.3276391552645
256.60195533331716
366.75833467865596
296.1572315209778
276.26235298847314
331.48813764203805
386.9584311302169
361.296682352724
286.42892956809374
332.8378484416753
330.06845149723813
298.8019510062295
294.9275179854012
341.36936943489127
280.7998856694903
295.7993366664741
267.1908547801431
395.10761290503433
376.57057186821476
427.3460991655011
317.0742367177736
300.98803151753964
288.8178337307181
306.9159412193112
263.09864738356555
290.1634436197928
277.2787677021115
417.12143248855136
301.14876046043355
329.70679885474965
389.7080986009096
242.69058403169038
308.94290717627155
286.7333391906577
322.09413362218766
290.7814398939372
267.70769379404373
290.4612663895241
266.3578052211087
249.1192918527522
339.6929217323195
273.89043541252613
307.2011193962535
328.2753015384078
395.2687258608057
421.81926712038694
300.6230339240283
260.91274125193013
372.8040605180431
257.13575675239554
276.06710132642183
283.89948795194505
336.85732958378503
356.4134966429556
307.5708460552851
304.03840728342766
292.65572226507356
320.6308621772914
337.24671723967185
363.77586937724845
349.75592305662576
304.56369582779007
243.50797906256048
329.32500337506644
276.71522671100684
311.7602802270558
315.10617135011125
233.03793110133847
296.06335306627443
319.02224618184846
283.6038890881464
303.1100784915034
312.3340775546385
241.84418299753452
314.49235012207646
298.03524349216605
282.88089078164194
274.8788579009706
271.34753132762853
289.64974134613294
278.3197941132821
364.5526065020822
351.46752417378593
281.144952912
265.14319032011554
311.0108490323764
304.40237493265886
310.77824429864995
283.7863494597841
371.97211230150424
443.142884377623
271.25732068845537
310.0634162417846
352.09134011372225
306.53909893881064
532.7923150178394
336.8096594597446
330.11086972401245
335.17815143306507
315.3423665164737
319.97158988565207
302.33707319397945
319.79943429498235
306.93999083613744
391.27830932475626
234.54906550463056
344.38323286309605
344.2146672043018
428.76617742615053
398.3632363176439
271.125952081522
323.89644401386613
491.3255320034805
341.75848254712764
340.28248165221885
312.04593825602205
330.1887765711872
322.81053341022925
311.5236744603608
358.14563389657997
270.00666698790155
277.17409325845074
313.7626313024666
306.00522778823506
309.88069360662485
311.3980213343166
409.0521073259879
304.9584031056729
291.46182094787946
280.24492344545433
351.85401633696165
273.2770032193512
293.7084479999612
308.0715782636544
287.47471655433765
280.9921646750299
297.79626225697575
295.99170559697086
477.2382474563783
278.89714736730093
353.3350159750553
316.99640330683906
389.2886475714622
315.17444961250294
264.85116118984297
285.03835884906584
316.00983213976724
247.82975817041006
322.3635126739391
413.55589556106133
303.93027178634657
356.74545801559
374.2309670470422
332.96196526428685
284.54528646485414
352.1270660030423
265.37338518857723
288.12006943050073
385.67531323997537
286.68368878093315
253.5035995063372
373.51313774852315
381.18396436807234
309.4318206552998
297.1009093268658
334.98265176528366
366.3000636479701
321.8056552235503
338.8251996449544
266.7341784051969
358.6615693010972
342.26289268641267
235.65163094637683
328.63435891311383
442.3671520180651
322.3832881420967
314.7890858569299
279.5753779136576
284.86018347763456
354.3275180327473
415.17471282585757
566.736228279362
335.74944938038243
330.59489401156316
348.81893153779674
283.924951920053
276.1064216120867
327.61892565171
306.48825789015973
311.86167211685097
372.3993567575817
328.1733810317237
267.72157983778743
315.3975315106218
325.99953696434386
277.11220468813553
360.49911579175387
313.3560060686432
434.3785328261438
544.6841763459961
430.72399829444475
355.7258237110218
332.5292842214112
294.2639642743743
295.85496836696984
377.67529891146114
260.1680149793392
391.3342500203871
298.749771806004
332.3679198239115
325.15922984771896
317.2352579298313
355.40712734655244
366.0368504211656
276.3627337588114
356.81247463735053
314.04301797476364
292.1096627980005
315.56307161040604
298.7585678230389
294.8647363326163
347.67126622755313
276.96327000897145
287.1037074170308
302.7118916750769
307.60952892753994
269.3088382697315
313.83613344997866
310.506500550895
308.0629357704893
301.10347835038556
344.97372790187364
321.05594114022097
353.220636162092
317.415362353262
365.19356230297126
326.5840420764871
272.5574363292544
298.2257266364759
270.53933437517844
244.5468269023113
322.2083634044393
308.1914321423974
378.6705506037106
227.39423462603008
351.9284057681216
336.43341200926807
329.99543730396545
340.40160805365304
360.6421713734162
364.4567847112776
382.14091189496685
308.3751210718765
288.783197128796
422.2642439553165
438.9079406609526
468.6044206531369
438.0041203961591
388.7682241516304
296.29576062760316
265.9653832609765
307.7192695023841
290.86547328089364
263.1502716561663
321.2160148068797
307.7282348716981
243.18899960978888
252.78783174609998
342.6760239591822
252.56283430045005
247.59012354095466
281.2501824045903
325.118370440905
332.5586864342331
338.76543259376194
325.8866016679676
313.7655999790877
285.04283255856717
277.1530825989321
259.769165503385
307.22881870222045
330.9962894472992
353.9925666411291
389.35729798296234
269.9252036837279
287.40882431401405
320.3002989924862
260.5008758032345
400.1528947035549
385.8747846245533
369.45737781224307
344.90790077048587
237.22414787567686
301.3591145101818
330.23895996331703
338.7151415468543
269.63701187237166
327.77744756056927
294.17861911439104
438.4303474086919
392.8382274272153
299.01214118039934
243.64789213135373
271.8562809958239
284.7886608437402
286.91270195908146
357.96110163017875
279.05580555670895
343.11256061209133
393.730231649708
323.035914996115
284.6715874419897
319.74003083165735
278.1233544416027
293.85144746571314
266.44423932326026
338.61678352137096
300.0483902003616
290.2624382188078
268.3568657976575
271.73039403988514
316.9003758095205
292.65522473910823
321.11241535423324
266.3364747874439
315.4718432337977
226.86287238402292
280.8310915330658
363.49312951019965
244.50436867773533
255.75090168078896
300.7422566037858
241.55019402189646
341.3618645144161
310.42721062980127
305.3061912943376
333.16799006192014
310.0802458662074
323.5023515379289
315.4853211592417
301.15041750937235
259.3949436098337
330.67117978737224
357.75009379407857
272.137320797774
339.87895720638335
378.0795466004638
248.29429558257107
354.17423705616966
274.24240096786525
629.1686084992252
357.5021966013592
314.34273686551023
467.1857094479492
340.7837477909634
239.2791060601594
323.60689665714744
410.8982381799724
270.0238792417804
373.582848294056
300.01719576190226
257.57455278828274
339.41553752392065
297.32715113135055
277.3296806430444
239.25614242907614
308.7279546618229
298.3191670872038
322.605829318054
379.03821700508706
308.3183141297195
260.7082796742907
264.65124871605076
273.7149644617457
377.5745950809214
384.2051602207357
271.227747114026
395.9821152029326
276.6155911553651
267.9299430354731
292.221370255691
285.8848400885472
384.52070147928316
256.70501894515473
308.5202316320501
435.5706275764387
431.2143252909882
478.57982656685635
448.02192889759317
383.14870055846404
270.05163985246327
307.5738233079901
271.02592535538133
247.0849962324137
259.8411656813696
286.0521145001985
309.9057713475777
318.91426880983636
390.0367861451814
313.1911740236683
349.7392626858782
305.75406220718287
295.44614988123067
317.76237611542456
299.346595559502
259.733736298047
388.42674748343416
320.93945327878464
304.520042161108
404.483376921271
331.8522791513242
294.55876800848637
470.04413741326425
419.1000947030261
358.9528168118559
317.92751758371014
375.07516075950116
361.6229386898922
319.39443998702336
280.31636838044506
338.3472640743712
282.04392563179135
359.830746453139
293.5745836062124
325.25170419190545
339.86482979147695
338.525439593941
293.154875615146
346.752105117077
352.1699403723469
319.96431585168466
252.10575968283229
319.12210326548666
273.25051569473
270.1734692599857
303.1888426974183
337.7724734568037
246.1172458565561
284.8508225987898
342.5757722185226
361.66688923886977
350.34472323954105
301.7784552749945
307.43203077546787
401.14889075944666
297.0860300605418
352.4041855712421
304.1372369156452
371.29067972581834
299.7818540658336
270.6229662244441
372.5437986050965
295.4247781452723
334.5286119877128
359.8784978581825
335.77476772957016
353.713253055932
284.1911827644799
289.7334636821179
312.9489686428569
334.0930355496239
450.56567234999966
340.02707870001905
289.353705021902
308.1023000344867
391.86067497183103
311.94695553416386
382.25120500894263
268.3618961100001
307.08774420735426
293.61877529439516
358.4760958418483
313.36448938702233
293.57965443795547
309.0874783055624
282.60505830310285
304.07177132135257
343.70516563148703
286.218072786578
272.9529324278701
339.3801448412705
346.43992696749046
322.9746421307791
287.0297962182667
438.075851198053
295.1253521400504
252.89148554916028
320.17630440054927
346.41646079474594
345.19786073372234
326.6732285139151
331.86320116731804
449.3118402308319
341.27676394197624
325.6123903581174
295.85652054764796
322.2896729098866
351.01881154917646
276.84453512949403
348.2191376291448
284.23178112716414
353.0612114146352
263.53325332165696
285.3469013562426
273.8409328988055
341.2278661696473
247.4572995326016
285.0085666482337
273.33403240388725
281.8929610894993
334.41647666157223
337.7211887765443
327.0685264415806
346.219713655184
349.4599088386167
299.6120115844533
345.5000689459266
334.3884861241095
362.1315830644453
239.78296612086706
256.86561330396216
296.3435088871047
347.2228518972406
276.314876727527
297.90955370664597
330.3136262303451
278.09506680839695
351.10492163628805
411.51207339123357
316.68316669901833
312.5115550569026
308.07207189127803
316.2142757886322
315.31922244350426
247.60552595253102
292.73228273296263
276.1973711133469
299.7549613501178
283.03146097052377
314.5840382723836
299.1379539305344
252.78621575213037
319.95575901155826
304.67906915955245
294.80052256199997
246.84343728527892
291.74817919684574
304.42609299637843
263.93169969820883
340.236024242593
293.78618188598193
402.17574677825905
361.825120952446
460.3311719993362
402.87765194196254
270.85225166450255
454.52289756864775
267.6210452573141
449.0768052948406
394.8371669497574
303.18889404356014
315.93177465279587
334.5293139825808
230.97478335234337
303.6653013373725
323.37545039027464
341.9011697139358
278.95903402543627
384.94789376552217
266.46125741954893
282.3619523907546
292.8019363983767
312.29663085902575
363.22127459559124
302.4695821608184
337.14897517859936
368.91118166258093
303.9729072438786
307.11144581541885
345.7442574632587
308.8854772686027
284.40280310902745
302.37892498099245
336.7737134525087
313.54277816507965
228.22134784830268
337.73987948847935
333.24115638039075
262.96927971951663
294.48123213427607
303.77045006188564
366.1850868257461
352.1578586169053
323.58315323654097
254.03915039787535
318.9244574981276
325.1955497751478
285.346255601733
358.76996596565004
293.85925339045934
289.02563467936125
404.2838204440195
324.1747848826926
336.4670912830625
314.2691682972945
268.3858516642358
349.31910629034974
355.3449684313964
324.24665213236585
324.5425563605968
316.15230900689494
349.3331853020936
273.8182223639451
306.0600808587624
270.96243957511615
291.50544327730313
344.1169791907305
400.0180012214696
337.3650242417352
301.86408930667676
425.3715978170512
302.3583910331363
418.0413794055348
317.327540567494
279.2641633367166
270.3171634400496
321.69290760625154
247.7069278769195
329.21082220680546
217.9970600961242
480.78422197385225
534.4015175410314
387.6143910746323
279.9640804992523
257.2884621027624
333.2058366066776
301.56325479072984
358.23652187816333
302.47479993035085
351.8099930692697
393.44493514846545
361.14454660890624
312.35566893115174
308.2536271397257
308.6799001871841
254.95699565613177
302.3163436879404
321.1482912375359
338.05730466591194
329.7017676224932
317.63613755244296
238.83739699411672
312.7532007303089
314.933998828521
271.9258983146865
332.2707334624138
266.58358528395183
319.9394621294923
326.77184906369075
307.36664564255625
297.402609389741
297.8907019146718
324.0444119187305
417.2705409488408
512.1472595892847
359.4986308342777
278.175401995657
311.5621018469101
278.2015128454659
320.3427137909457
296.36317675886676
344.5263062467566
326.72120411507785
276.52131455391645
328.59470225381665
363.5612060460262
320.5871155655477
283.87951363029424
312.9117136482382
420.0635259071132
328.81752620323095
248.23668361315504
395.1642423811136
298.00552365824115
313.9005053405417
292.57705403864384
334.90392713958863
335.72387286263984
363.9017568255076
249.73980345751625
311.50572584103793
270.0314118252136
275.5083286643494
373.9720953226788
314.1779606004711
419.74094674549997
336.367625415558
303.201387744979
323.48510071763303
316.21110008563846
337.8618255563779
317.94598968315404
388.5934417541139
336.38330127159134
301.9821585129248
385.82624677894637
295.76338331517763
281.499224542873
330.7954854974523
337.9092856794596
290.6785832438618
343.28557756345253
318.95707330014557
262.7585453194333
276.5699292169884
297.0140314680757
362.3227968622232
301.86257748212665
263.5175095835002
376.99211574636865
281.74630712904036
478.62641242926475
387.0204037731746
264.8619506540708
341.915042972425
362.05030250770506
375.7090203491971
286.97719571972266
323.67113513930235
308.5734235557029
325.93894535826985
331.0146282480564
277.87706462293863
251.76593224110547
300.1345378163969
327.23317504965235
270.26494155521505
251.19313338422216
314.9797377617797
281.4350701830117
316.79445910966024
292.16751782002393
271.24837717670016
304.7604441739386
343.25112396047916
302.9960687230341
367.5270402687602
283.046767997439
349.66766633105
257.70045716816094
327.18107090808917
291.696286848397
364.88037217315286
267.8455110359937
275.1367715433007
327.2324632713571
317.4217723682523
368.2535698376596
329.3970034789527
287.8636531238444
274.5209691138007
260.35141111165285
254.28813395777252
346.4542344673537
296.22156262153294
301.64790084376
441.5737081927946
335.32223413302563
324.1773114519892
253.51910057512578
340.2082695524441
296.2675455630524
434.5905719023431
288.2192876172485
337.07463256048504
421.8184149330482
298.44392522226553
412.9273155417759
317.2334247326944
374.6616774511058
485.51237533742096
295.7627612760989
272.2374206051463
225.58384947967716
256.22063236974645
302.19309566367883
279.08504907996394
334.81710293120705
308.72381161071826
301.09609707654454
254.49116606230382
327.03293213492725
281.8506844085641
292.500002609333
279.6194360886002
292.78189411154017
268.93728044978343
307.3659467205871
286.57894488517195
338.4446205854183
330.20164376916364
393.89814721397124
347.83518780814484
335.6370109912241
446.3133365783142
523.9898163083708
281.1070552659221
338.83034371887334
340.92471605166793
292.3008226840757
287.4896597391926
359.4674677896546
281.61335761344526
317.76405235216953
276.76465442648623
357.1738063140074
300.42707617464475
314.27073519467376
312.0543590999441
341.58436154725496
281.21083143691067
301.02363032486755
313.33996490354184
297.5592740296852
266.08233703346923
233.1256569486577
284.69267561705783
294.1784795250278
253.80656219273806
247.97197394364048
285.05484492343385
335.01457187975757
301.3993994826451
400.36283573519904
308.152728476678
334.64666151441634
293.0583014180884
301.4820294546662
333.90622262330726
314.2595589684788
319.5981436786242
315.9050420059357
348.1390189769445
408.33620137453545
334.0662806383334
305.44164799398277
352.05512377922423
327.75855558970943
311.8617595831165
368.83088422962464
335.5590029791929
412.81850059714634
264.94004045426846
302.12154002976604
343.25899015157484
307.5098374921363
342.59132484183647
270.5869621396996
318.78283009747975
291.95178655546624
295.9700029401574
335.2965273471782
300.35247756075114
441.1323150745593
255.00396699644625
305.43850386259146
437.0410582823679
323.21410773985554
323.10732347134035
285.2341708408203
296.77555811882485
246.68079775280785
364.58957816823386
353.12565901549533
380.572582437424
383.922967538354
259.64020764967427
287.8516730549745
241.4575503343949
334.8961894373642
375.6716731664492
305.4320123627549
347.1982375230873
420.23992878140416
279.75306482973974
321.52852171636187
375.7835544823902
320.22331631102134
286.2247416001046
322.8122484063497
370.42960196803324
288.40967475553043
248.8446953262901
339.0607133653248
302.068557477789
256.75143672770355
302.1981272390112
382.3725331561873
274.4742665501544
293.49281269754283
259.67040746088605
337.00769451633096
327.0612901325803
287.3340455809375
321.47073245840147
325.8491002046503
316.83496800030116
381.7179985898547
310.16128447803203
308.71255061833654
330.3037715164246
295.3205778900301
317.10862336319406
406.0097920472035
342.979933277471
314.86509858525824
297.6306462364737
310.9734929006081
364.4655389712425
398.56058487843256
312.8106960732257
270.39374015282374
303.39323992538266
347.17907240986824
461.16141404537484
315.0750559158623
275.9287762186723
342.939111389569
322.797572541167
253.65864030551165
302.03338399808854
340.5125710257562
368.9129348315764
262.5641409769887
349.24372205208056
318.2727497771848
291.8096010253066
291.4543879033299
366.84151351987384
393.8857679516077
272.6658656980144
289.8588943784125
335.8549559081439
486.00822739477735
334.790387432673
356.68311732588336
378.5493862123694
390.69781967578456
373.67262248287443
341.60974055633415
268.3786026458256
297.20619897916913
285.34484266571235
307.41089604632
291.85968406964093
302.3572055370314
273.76492735079955
385.4167406929191
305.3679464592133
232.91781710856594
271.2188063018257
455.8111768566305
355.5962521713227
378.55836710566655
324.31718904618174
491.16909132211003
336.6314651822904
304.20603443705477
289.1954588810913
266.05881529464386
336.98677671095356
372.56557179195806
261.20821321883705
357.1627669582376
344.1745340380585
339.75217529549263
351.25637803494465
319.5046844481258
327.67682015837636
291.3106827979209
289.25859050638974
400.9677292255219
369.5395719674416
336.9432939141989
338.8561619068496
272.99135267722886
322.96078624995425
316.76291406084783
308.4675198007608
240.4262461954495
301.9593376329867
265.8145863012178
272.4046719892649
310.9410598219838
390.4770032597007
284.94104994332884
375.07576674886514
402.1385255943751
374.85292749886867
351.8439570805058
499.26000566012226
342.0586625140859
275.0251353146741
322.9487389368005
298.58295552327763
408.4089936873643
358.0342604885809
373.6793808923103
301.33190907584503
317.7170628714375
243.58329841087107
428.5796745015541
390.8529767978471
319.81476894859225
476.3776578863617
323.09727874514647
417.1630261320388
299.61067150195595
363.99123248748947
341.951987911365
294.0597042343579
283.4268411649391
365.4859031398082
354.3196339526912
284.6990577884717
287.4969384057913
284.8220713463379
308.8864522752119
304.9666513535194
337.7694609359605
229.6717763794586
294.8674747183686
292.5549285254674
297.7197728571482
354.7450068821199
321.11242091841996
314.0546219391981
354.2477937161457
474.7930807498051
298.533327793004
313.17736958141904
411.05495695827994
365.07534793112427
336.7374591875123
324.47314494336024
391.68644201848656
292.51380984846037
276.36614614899736
330.5622134087607
276.87261330417823
478.80178722238634
300.0994002209045
343.50937522249296
328.62058142526075
333.26302735391073
260.37895520671736
269.73447917145677
292.40752644010354
245.0019540649373
314.9679953812156
381.57160445454065
302.2720630830154
338.93883596744854
336.08588357211556
305.128023117315
343.61829299875535
300.03161027410533
325.2160705026472
280.1309053467121
334.3830020693131
306.3976639840985
337.04147426667623
275.1261440141825
359.709828390507
324.9201737305848
371.89116703963373
327.40684667788446
258.8910099962959
316.015567895025
440.128232244635
360.56356055720244
295.6063758688979
249.46695226815064
335.7440383619396
380.45858397404663
358.90481403900776
290.49053894157987
319.1374060092494
277.79914529819507
280.74601630377583
352.08492060611024
327.14731569529977
423.2082442956744
383.29378598893527
262.55455260397866
329.004166916362
310.4417636531871
299.27228898671456
277.52194764860906
272.61779579380527
365.8710356904194
357.83955768251326
274.62618688773364
357.1378378646914
291.3647586199222
379.71702170558274
388.6391660599038
270.273271282902
248.82147111883387
350.7692002080148
273.19870326889213
220.65766063763294
281.74676648760214
337.38275690667797
246.8059372524731
281.9784319130704
345.7973690411309
314.99404013343155
347.62383666308597
277.99669767019805
271.3063200955512
303.65917515871115
293.4207230962347
305.0805219488684
266.35193413996603
301.228263123543
313.3820500697475
310.3068770954851
275.94867741444614
261.0570175588364
375.91138892632443
240.21851157420315
384.96458124846686
344.39311875239946
451.7916072534863
470.8925119286869
368.1194372132886
386.55563834449276
410.57939091755543
377.5697239203146
442.89123678545
379.9643878196366
299.4452832575189
337.22208511515055
307.89778693858534
297.9133186879335
277.79137653065845
313.2967367777601
272.30608163948637
252.7764355854597
287.90114660945255
309.6422295551747
347.4280957777519
433.2808492901968
392.0586152251344
336.63559345237445
327.3770874327747
275.58515805902425
326.45089625928085
313.3594770428026
322.6152123523643
406.0214644965017
264.88818024192005
290.24962021724787
311.35019394231495
366.8580211000517
267.24697329243645
352.6159924074309
247.70862364477944
327.653464833973
262.32871254882775
281.29729022900574
318.8633684030501
347.56255170388613
367.27191503799986
414.0252981998492
379.5817786108237
400.1165726762265
317.563079773332
294.99455185828265
275.5794500578195
307.8749486922752
330.315666801529
313.73839767160825
371.1606545501854
343.96836242615245
347.91239808825776
270.01361685222946
324.6745053722989
326.56550309224986
289.0285587266553
294.5528903036611
243.87448023143224
309.8326414069161
247.90362890344113
279.1220181735698
293.0447328777518
356.4964049733244
422.7798126145499
383.77674531470984
377.34411329287104
267.4865784456488
279.53241902648006
380.4103898878675
408.9466274108272
331.63632769777905
273.3311937932158
289.9917257686611
299.12254873884376
287.82884513004683
302.9679275936214
369.62264212500304
312.4116234013345
365.971150987898
263.68652929738164
333.088263947051
238.2576637059683
408.396998018492
334.82407033245545
273.2536482180003
341.34818007575814
306.7157720172545
337.0649502547458
414.36563501821365
268.0476073663449
506.17571129393764
438.3735768836923
287.9378142968053
351.85211721702944
345.10786005831324
344.7450683021452
266.1973817711696
318.93643250572495
288.65398260136135
288.7050119122723
284.53987618221436
323.67795930674765
324.41648530145176
306.2433146648109
436.0831447762903
262.254765899037
301.67165291903075
282.85386739997193
327.83398241130635
269.6385602024384
272.7541139910463
255.2086194558069
248.0373490001075
307.153820014908
396.5915165458573
288.8092768046772
322.07207251759246
256.8614354461897
252.2515832663048
330.1072355452925
350.9250522275688
364.1267581812572
347.8329369943822
318.55274246644694
326.3535403573187
322.7735880597029
310.010397467413
294.32641387498006
290.8204181435285
275.16938403400127
296.2111460523447
310.46555416553747
282.0103359676432
290.0969691367354
248.1141640949063
359.96489394665696
264.22997600620147
291.1227166443132
278.74627154145855
399.91284279478714
228.55176057806239
334.92756615264807
320.9232068748679
482.0934909003554
392.8312385798199
343.66388558375183
381.56773490435444
515.0057616522536
426.7479633890325
244.37763370899484
308.2547278761631
294.0978285644669
317.7487209197134
223.69098299893085
342.6222230917774
373.0748090337729
340.7007248492446
483.0970544052543
275.1251902591903
301.40465105022304
286.2027880355017
331.069275247748
278.40822218183894
278.78931149141863
226.83257231523748
259.507428855286
280.40810464683454
309.15251621208154
371.9179649964208
331.29566126980353
265.2280414766865
360.53871284564957
306.0837680072291
284.53885487362277
362.97747436363716
327.3670299384976
347.8950725947507
399.5508080907166
374.5437804040266
282.38470062601846
357.06234043079894
295.987111900351
330.95614622416906
311.6704243766144
295.16375475446694
330.7289659023518
314.63479277980514
311.64208091725595
325.0619374398375
369.22881992079783
305.7706704325974
345.72052574751433
347.7335742175346
273.0266464271117
266.9933463288471
376.9784379034536
262.0271518861409
243.27918555040378
276.5612766549457
254.55129500688054
284.0943251256831
334.2678474516142
290.71272482327186
224.9691305134911
270.11152027733624
312.4837387542939
435.21838987153023
292.10964027035516
301.4923922092421
304.4923268069979
389.1962850204436
343.38931260618847
276.8642358677462
277.62481668719556
333.70151257992256
290.3469589315355
326.31030062190257
348.370583259617
338.86791733140126
365.6995726811001
310.19281749764923
429.2660083764931
292.6855210941285
330.60707432671916
270.02392172359396
284.2762425658293
352.6303885858506
301.26979113707785
295.36329956981353
337.2112251688959
352.6439929800108
326.39035431924276
285.226955266553
376.10024738823995
372.28219213103876
307.67593745992053
319.97119245596696
290.6658102340298
295.00929044093937
324.9904529036721
347.02382062887773
293.3972487433348
296.3532013372751
338.15242435387336
290.67789585655555
356.39031652524136
274.1136883733561
383.77144458377734
313.90462744794786
319.2136489440454
334.71404522645753
293.95184254052583
279.075320201111
253.00219644082244
267.0041453290032
351.7046296837507
353.87234556430485
340.64891500235535
301.91479915496893
265.67011207016185
264.4223630758934
275.83498227619566
274.8107953562867
291.1128127296688
327.4251048602164
406.8840179333929
313.2663391022943
289.2782073231647
305.3265038470272
338.1385735482909
328.8043620035751
362.91998090280686
483.71499179990496
0.030976193957030773
0.020623473450541496
0.01759466272778809
0.01849164569284767
388.0124138642568
312.52470512513537
377.6175653861137
253.90846655634232
304.299993383931
342.7791138032917
331.47629064298235
296.699449170148
274.2705161496997
245.99372388643678
451.32565138919745
324.1347522775177
315.25396231689956
366.6747797828866
224.91251007549
416.57866032770835
348.48368522140663
347.92825267626904
296.55436388542876
275.9584496051539
275.8121427814476
355.33412842580583
375.38664522522595
415.6582202423597
364.69198301644064
296.90356741822325
296.6642093937844
256.70495642209426
363.15206345077604
343.3268592909444
266.5655632680282
338.5115915570641
270.918014395982
383.9093839825364
290.6799264831934
350.0175040967297
268.3348493017256
280.6642381026177
322.442989375093
497.6021970163565
359.348988485639
365.55820015619975
327.45304468553513
268.57649729633704
309.47552646615077
305.7296439874917
307.6451977798715
302.5092326224549
283.11225094564725
371.4339923094958
359.84820828260854
279.4618286198238
290.5407758890651
277.7868455386488
319.69778052228503
319.4705523463199
358.7617307539331
275.508495464921
337.738416204229
303.50706091313623
235.54026483674534
293.1391110609984
325.25849252019543
260.3369566015899
344.078376772115
347.81367233302444
292.1910294848494
355.4526632837951
400.31141917570494
309.4066932403948
488.9845604277216
319.35167735791765
309.4749074316351
271.7570149586536
268.6716342687141
451.40521897608414
326.0905912044691
233.88347642170265
321.5854801017558
289.1812664687168
244.64720947144087
287.07595425343607
271.74495801050216
300.3954155443935
348.18915020127315
269.78017769695725
290.5403355995659
431.7271302281879
314.5589788769139
358.2632904187776
324.3706411267631
301.83902334503364
314.7834529998945
444.3592191328062
272.6188222930068
334.00383319112007
376.8138470342383
416.8012979757041
277.9085116839269
360.82818172720727
278.0869815988699
459.29141758068
405.9731424328638
334.1771897934377
370.1259543662891
238.6504794403445
266.87142042419873
254.74938464106526
304.9555930569768
404.02292842557654
314.6784433571156
316.1492820826825
255.8261103570694
296.1885022337083
326.03688940720167
325.6329849467147
327.949641337269
315.1083367849933
276.23543273622636
305.1415934609249
310.00883948174305
268.74018444272224
311.25331116304733
325.70436936896294
302.49824271001853
245.38135706621688
367.9638941246085
295.94418478838634
352.71522747993004
342.6239245251054
330.7021308883559
355.82641920016613
292.30043809791096
313.06544404441956
335.5495435738703
408.22931060625706
327.2000042317668
377.04378506704234
376.1818629147019
335.1724650647957
381.0835742405616
364.77898642094806
419.614955567522
275.05920736759435
300.2766727353446
301.8219073007349
261.8761633178219
304.0404948237119
292.942365830997
342.86566938401666
333.943271952332
310.239831367624
314.1521776012378
359.4436607022071
390.74156011408195
291.28979280171916
289.3554698578082
298.1358789112419
289.4280854765093
354.40083469753154
288.77143748896196
309.2396419532597
497.2701490037143
321.89655488473363
279.6136438038666
227.52404863655102
336.18905140424613
350.004960135906
0.01800910779275
286.56412221107166
356.9934269640362
299.116541719879
386.73844154772814
279.0187866236083
282.0306666479446
308.7895733243786
333.978185683256
288.14966869167984
329.5371028695954
350.3021592802834
349.75588966719806
322.13871587754693
304.87950018048286
286.47612952638883
409.8722258437192
410.0018857240211
327.85701306001283
350.3906356608495
332.61810274864547
312.9445321216481
305.4107002315577
308.8017095384421
316.31792936485726
317.9212627073284
303.0412338365568
298.84158251574263
279.55842452694196
310.20914701360743
283.4080191437388
310.30769520346075
261.51424654352013
296.2787139612483
290.71302187268157
469.57314855151344
488.7499715865124
255.29540384560823
495.8291551574366
343.6867441396462
297.1058747987263
326.39175279950723
311.915408990928
267.42098531965166
388.46289055177476
291.1851989876013
284.1536072877934
281.4027489729924
334.0643999763997
380.4556990941055
397.8034056831384
309.2820084763225
360.69899684016127
244.39667435595766
421.70393185305875
332.2751975330757
411.5852998016635
342.3137499021832
341.80748687440064
432.5187562345527
362.01768309785984
311.7040562564507
313.8014192611445
350.085816238774
326.1928846912924
315.06355066248216
274.6704321608413
314.3924394471105
406.52608783065807
286.7112410655245
264.0957992285257
271.66233487578575
285.869087688392
302.7383307986893
302.9872531082947
315.27751863608137
299.58037689048797
326.4422213304788
268.7016943212366
327.0783708161907
289.2832307621138
253.49178022134583
391.08155799796805
340.79874227324035
471.4853598177433
403.94634547119495
329.3909115566639
314.6884499642765
332.1000753833214
301.3320482535055
252.63992808526382
383.37791794072837
287.1491033002967
249.192285643192
312.49724662094377
346.40053333796095
371.79816498514265
297.4856411643559
297.58362121810205
348.5384424017975
307.4237335913349
404.6048026183853
364.5295439470792
288.8956654906506
300.0199499948649
315.5142986475257
320.47432970267255
319.40852832526434
291.275799302035
286.97543623368256
262.84033153846394
317.57345930242445
275.08656980039086
292.48745208315086
333.86561254330445
318.0639189776266
362.0844703199109
333.4510576946195
281.64809246268123
233.78199944191147
319.9122541915858
376.4761109483661
344.39756100962404
290.7370305127697
349.46574563207105
295.34417002392
285.3105271877721
246.32450407242868
292.0220951598603
336.04420289734844
364.4337943327846
367.7361307888059
316.93296262586955
389.75348699989263
311.59111383138224
269.8721265415661
327.54276751936413
297.2844698394183
254.06779283517972
299.51063504314516
330.7057319381274
357.0574870451819
333.65104196895845
322.8311573952669
284.110294047161
318.99600471556187
309.1618035468273
270.2006805720739
339.69394229503814
247.74068838672247
328.6491259667091
348.93415095389355
302.95191294304095
304.09895174740814
327.01784970611334
332.95288198662456
344.3854771623155
406.92215090058744
367.3289908057777
294.55243173462804
310.2455589338206
353.2876004592981
303.231041891966
301.6886721630581
331.81486344337463
428.20641854044516
356.94988193630707
319.89515249151736
332.1759983164957
358.49418570287526
310.84549694578163
338.0455213469686
285.51176620228216
403.16762852226384
301.29609629150946
386.2010731413029
280.1834259717725
272.6857676045038
401.0020868721185
325.49614177271724
290.48500414029695
256.4573261492187
330.1786569961114
498.2546112029813
271.81905871187337
246.84867395926267
275.284676115145
273.9204859720776
282.55816079617944
412.54870848276187
274.459507687483
277.39561667339876
267.38790586055256
313.23042848007753
309.2816945119994
257.58938633988146
358.27200757013634
326.4977623051964
278.6620974104153
262.91802954499144
346.96951776894275
327.9459139754763
293.3878447508905
282.28808323608246
295.66983586351853
222.92925125348847
307.97288150643
315.8249161718413
476.41151459293906
282.01937306078617
260.94167026656214
269.4618159015663
306.02587416081224
