219.39099026820162
180.10129985043568
187.57619821113815
254.76971780238523
277.1405627558079
172.4531022377198
160.2799426575666
260.84590051606756
134.26382031548565
207.34228465809338
215.7532999343448
245.89969277572027
204.43153194152956
188.04563019026
233.2340672166165
197.28181244371353
213.00835746903385
181.87769663101835
224.82543755984307
215.58285226385033
284.9901198349053
329.51206180808185
164.60274298066088
319.26214679288205
189.86897593502908
300.557463175026
155.208434685459
256.2383863938694
205.7782897364741
225.30316796981788
261.09601503599333
255.3224243833365
280.78810826773133
208.06362552827977
220.04774034256297
249.66897794417673
156.235563895425
281.9506179224318
271.3248722320932
213.25491750908805
216.90359927294958
327.14765847583294
234.20028111455213
323.18727322266204
194.9032835114558
235.63826567697834
212.48811410449525
180.64139649591743
237.23729337783334
238.6583171888342
230.78563476258023
197.74956263500462
253.14157707452978
225.88035991335164
219.4403444856198
200.621057819817
242.99843886927374
246.52439408211103
164.18639794936462
256.10833307995017
205.44390916374323
259.642753213755
164.3100833243243
279.0686109829585
170.6694333653195
197.67155954074042
245.55141483933585
238.48891873819775
188.66501953635452
233.96168449227844
237.0307703137314
233.98231119174852
325.4967445808834
170.37522866786094
235.95278014797805
270.4387720641789
165.2338683227681
281.91509672180473
247.39294406303452
206.15786268747615
219.31012022010327
239.27734527179928
134.69924680128315
272.5499555018614
204.75173618751796
235.89817151395982
206.44770779115788
239.86400545204742
180.85666913631212
250.69073865106475
161.3597740097175
263.75279852517997
123.62965537929995
348.9846219764113
154.35816876320314
220.9149353859866
231.5939212106132
314.5358046374713
227.72008343475318
255.87971474795995
237.35463068161698
220.26186804467943
222.3202816499288
175.83922131068175
281.2632722451308
225.74140540699227
271.4371993318018
235.06452003787126
174.0516235206669
222.1149568582623
269.88077177560626
245.27139637439905
172.7847103064487
201.98872232245776
245.86222112927135
134.60988675937188
270.7240929632426
214.93658607125326
195.80536868833588
262.5715132762198
177.23639722555527
300.65749756200603
163.21032118800213
248.5265549823016
243.04092792473602
188.4134934843314
162.48586416524267
229.7355707265233
270.69590336635883
203.10453652283104
240.8777216689341
213.03062832669093
205.61073367288918
217.09130896517672
195.740602867103
232.3605146951013
291.1339398577802
262.22994771140293
206.61938594418825
222.91024279729754
245.11673161147337
284.4288456574104
186.90489860266462
249.80720592652142
186.58093262955663
243.78719651948632
222.54291434435436
280.3941455027016
239.99772281181504
226.488403192845
214.82758186552383
242.86340668614866
204.08378652635292
296.92198592048226
175.38450130396814
290.6040556620137
214.26706717744673
249.40952465539158
222.43791891196452
219.5441510775563
263.1094957376117
246.76910732227407
209.64361840643687
255.72484856124356
213.3846477572224
179.5996629936708
183.85198923558346
286.95335705512844
226.81003076232446
281.2256798726812
317.96789113512204
204.741402077394
218.14809193732071
215.92083513037505
258.8675093993952
216.53028406475642
221.4811980460654
214.1769312979377
286.4892127183557
188.36260499741184
243.99892534894025
237.41649729484197
298.5434505147132
266.85494526340335
192.07916916250542
219.28508982447966
209.92305570753524
221.7196795038617
370.40341989656736
173.21890381005505
263.47728108675074
159.65436310505174
266.4764523013364
256.59932503472373
214.37640642495535
213.78829903552105
276.6224279370799
175.44011113054148
347.2532035408731
210.93110899155727
167.3285885027799
335.304955794898
138.07488654924964
265.24980010840227
180.07075889890257
224.1043724438132
227.87353937406442
197.96572742977878
180.04406764016312
312.4064384203375
223.64432473012857
211.90957381080807
266.9218946041947
176.85874304880417
192.12256658427214
216.46557293662772
273.1780728835074
224.45769675722113
250.2503415237952
242.35219096222136
167.15752608935873
240.26688815485977
327.19894880593347
169.58931459582527
315.7380828973983
243.71548287050246
221.7259411313862
136.87205535832618
367.97907838554966
197.50039404366544
251.54939845979243
224.271376932571
248.46829908027576
178.1782800171859
296.081669195657
148.18601659870183
228.5587749911865
266.5644826735952
176.50910375338572
232.645347912774
231.11252565048926
247.06863099215843
263.1023887836345
239.96881867064803
191.7424912063143
193.00084122325643
236.99829747676995
229.9127028116418
240.2160636493718
333.86209669389063
131.6461870757048
196.15501505746215
338.4415272393453
203.3582059560722
238.32380293235474
209.40152630025113
259.652498040472
241.44961170450551
313.0187056982031
194.3744367546533
201.89755083977798
210.52167193697824
191.1493674278172
199.22181340004317
206.91151594663097
287.0802576799979
238.0836393574573
203.3707630693316
217.1092217708865
241.87264098292508
220.18665782401513
228.46530030739814
208.65637402801076
241.67842445179122
210.9721584153449
299.09921016274166
212.11964504726348
222.16388435037516
261.77766134534613
225.52242758752254
251.4650719889105
175.8924564133995
255.39784034677723
213.33460418710456
234.0016244717408
221.5013528788113
244.4394111193251
209.88257347415492
209.31761533366807
251.97339147372986
207.26616934403137
180.64959314119187
265.6211598076188
173.16319140793348
255.72175218006305
179.20312806485163
358.51976531694527
161.6645910392981
277.03120508018765
281.04704692399537
166.23553406829888
172.45338892117434
288.62231459325994
235.12803631095449
140.67954564314277
226.23034502682276
228.24907972064102
230.76065188873326
194.8753573143622
297.44222529993567
267.9894542205584
173.25246498576598
322.85225926061685
175.08646104452782
237.2203673778713
141.2617721605202
232.26346493788878
247.87693622757797
204.91343070888252
277.13105065273703
116.99636600108352
282.50170485669514
169.82784454518696
279.5215876767179
241.21105019525567
279.9184245893266
270.32607123635535
304.3493692346674
205.17567273690656
266.3569082959002
216.4125121349789
257.64560942670505
220.22613649474806
450.80708285345463
71.95365375268739
263.5282965297956
193.84075685385324
252.42980821497622
162.01909740692645
190.78712624122272
272.79700830539514
148.35206384303456
217.22379247908248
222.8618785586732
287.63459360385605
174.3845297662192
288.32862057311286
267.0545931757806
164.75553145710728
250.9367803009227
236.3870617399807
228.08963725091598
231.26126563218713
253.6851170007285
278.7546005328186
144.49642567688716
245.24052467024012
267.5588868848863
275.0391468056914
174.28136804276437
275.43671927860123
321.66233315804857
222.8881117155688
202.54788027249742
182.6812296158023
288.31476511096116
165.73356636714016
248.90656740678241
271.64236085655284
193.56933714535262
298.6524264035397
252.54815991783107
210.45772187887633
203.3374775704433
247.99835817651183
165.4744578520913
279.53069996291015
249.20620503406099
277.06389503428363
228.2416747801326
172.13302011956694
247.8564285251632
196.08219065575395
186.07365478070278
208.05552954062296
247.2824953313102
234.25282701726246
242.91902222945646
344.14475137706904
157.695490998507
211.0749203581654
237.7295079833857
259.54503952771483
281.09716406077496
172.49211237666896
217.24082857870962
259.1906960072811
177.29014460784674
244.0214670215064
211.8221810642426
171.5276204883703
244.69715053580876
259.8703590289806
175.10113818908576
256.17364136003016
355.88269958732417
126.15415203364682
189.85094026262232
278.11396339583735
134.9711335186439
281.62216544992407
226.5007920486969
194.75593439862132
211.25950824764732
281.54785471819923
204.96790450726985
214.1821223066363
205.92883632000303
280.9933257329976
194.23096341201745
221.66747360333102
190.56224245567864
242.2570141593751
205.72370193178358
167.3525805909885
255.9655278405553
298.91668286510685
131.79300893891195
311.0781690622971
226.16055649179907
192.85582063895708
192.01563767033804
244.141280012278
273.3337259818654
185.622849450403
215.73257914608985
237.49213760324346
302.5449148978514
243.7947254267201
242.29276824412227
209.4157038135163
221.09432474947243
225.66013767628465
176.77014184089785
257.21121999387105
291.6348309406894
190.75516332450206
235.56874018433155
180.07312023863778
263.88748576660873
210.55662248122098
293.13549283353495
236.89216510982078
372.8384682873584
178.17856447209488
309.8956046545791
101.00034285025322
345.47833606424683
201.16452499074512
261.1230074680352
222.86747364606708
275.2334727439884
285.1600269161281
314.00041002088983
145.70364112259995
279.8141192651674
207.386373067362
285.00899822061183
207.70933890005108
235.68579750206845
211.16562989236263
229.68061901515466
186.73160661075963
265.5498058459052
248.64817755350668
191.1060116764129
244.49473059768206
173.85999272692425
275.4696199440805
295.2473593822215
280.96550008744816
163.41362252365798
282.3154693610413
270.8142956497759
197.6981909663591
367.34220420698693
216.24947123132006
187.65716003911803
215.0133582963026
260.3939780457149
320.9742135033739
115.30416014257935
266.32820777637244
248.69021018627973
218.60190298012458
270.17581754218554
195.9749348568148
150.75521594179736
284.4770875345712
153.91688173198781
250.09010397359089
207.27384062824422
222.49162388590048
166.36633469937078
307.6151651550317
255.08926588876056
192.35396463851794
260.29236905240396
260.886459435671
220.92299942795944
237.8155870353803
212.62617807135393
242.0901877155702
154.44779394594661
227.042988702422
202.51298884913558
213.88104941238998
298.47498095985793
264.27871941030025
165.9199451449531
219.39361046395788
216.17238438017375
268.25821709109005
154.26992469350807
264.7670363152283
219.86470285429095
188.8706011124741
234.01391116813465
206.56724693834258
181.3576697134704
253.39573857387586
213.02754497315618
255.26801569251984
173.27427225183055
294.88143610258703
256.2805364859232
176.04110293831036
417.8528024270054
195.07727392546076
286.54201696549717
140.70609543850878
298.3520119035529
196.18191634234972
167.5187612400623
223.07386114649125
231.9581424529897
243.20547600259306
239.94211405036913
272.5584318150941
283.38968423203914
233.05249828263186
178.57475987134967
258.5022144356917
254.49800649374083
335.53421383400564
174.94814055549796
241.45196608635888
229.441760986796
191.76703799940879
224.78529678600898
203.3310714882391
296.10324790862796
147.3923833638546
334.3517532656406
112.58836921832699
250.22759084675636
250.83053828799166
258.91904031248123
242.2961007191043
218.57056834886316
161.80238802844542
347.5439263720764
242.25201594590908
205.69016512291273
213.16374852420995
231.89167002023896
178.36852768991957
226.06740249635186
327.4716558861546
358.6409917086421
123.81808345019817
237.78069507388864
189.00350484147202
212.4337231120444
217.0558762375149
226.92357289238134
238.78656374735874
222.4090031516971
221.96672652484267
248.8882155668398
175.8185737664753
236.35265887531568
284.1794922283443
220.5165368798771
234.99862049872172
264.96106581549975
243.83950586032006
197.04719884542283
395.1079428958474
160.9754018103995
226.0561090647534
244.71974522003438
163.9773541939794
233.12214018846862
210.59951925845235
191.4136147313984
221.1073806536151
297.66946022890625
142.96819183521438
230.036430464359
240.9945646164124
167.5077706152515
220.04260798895848
213.52144502833835
285.92431344260694
273.5756096858531
244.8572353326017
182.80965585433296
180.64954212933662
293.74418261417304
206.46237215964356
205.87808930766187
385.32024084744626
214.72631229931721
243.46477946074447
185.24766092692153
252.5174546620401
231.18115743325325
319.4554511314782
199.80463387770578
238.76688602750073
203.92186310503166
300.9072411264642
195.36565901135327
325.1202008073451
148.72895584607613
270.40528257380356
236.9255224110966
303.11267468275037
207.93177949351957
331.5957992777985
113.84029851225205
272.3782095412316
225.24006793260924
181.47776184839313
281.125337909878
226.33621524777845
223.12579758258653
321.19831499646534
193.1576921599917
211.724496975512
258.78254039460444
202.88173605353222
191.3711647519085
194.14475368571584
250.7875061898667
205.81290271738544
235.1514612493629
178.01285145847942
348.6209741672501
130.06744180174428
252.33460497518536
204.59362399225938
240.0373911690258
249.55235150564113
164.41265549519449
257.2622995043348
266.53337981546065
145.13254180466174
233.5410339482478
186.1612488476676
227.02802484683343
297.865668309154
209.8411681005964
166.10932919904008
295.97645584575366
199.14293032392743
251.77451228938298
247.65570616093464
261.87637664811336
355.17422863893444
122.53259925820748
293.4948832928203
155.2972457120195
351.1134424486081
174.23345523298485
214.06117530175834
335.5336184882908
185.47148780516
278.85140497004613
269.09701618450345
246.3982539937133
220.50254072228563
240.6334045403346
201.2565492025169
196.55250566016184
286.2252774120716
217.78143982667825
248.83104867712245
329.1417745105282
177.28289488630253
251.13652001149603
285.5442386773939
187.1566661283432
234.05383508792147
243.13878529847716
255.71535083357594
310.8467933453212
189.8702340630989
281.03241699014325
153.87145599795622
265.1412205042143
231.31711174137308
224.73099099914543
209.36592829422443
251.1662666023185
223.05736012305715
264.49836976695224
181.64640384164522
269.07726251121494
248.51631230660132
224.07491963903885
244.02891109490884
272.95080795919057
295.21211947358097
189.20206410606625
227.5872606402554
241.2520248388173
240.04987175913993
322.1431428269425
173.75484698973014
211.06672474532388
176.1520507883397
276.4367045662657
202.37974561672308
229.11574712366564
259.29663639125647
203.80988252942916
237.2786270652432
218.66815124818822
255.6365797816834
210.72634818201186
267.5242077248113
200.8116103282082
196.44388536797487
326.21321605722187
251.02917732665082
168.53660486472654
271.01896038794075
195.53455421258695
234.73590938543202
249.42362352757482
267.89209360277164
318.5091616229038
192.0414218006481
230.9967516186589
185.27161731384695
270.05804463106324
176.50126152066514
202.2823393396684
241.71215386563563
252.55290294773295
168.38054446151364
189.8562645263737
209.47175271689775
218.62086206130334
223.30183344133548
237.57406923160306
226.66043818113394
227.25696692051133
384.1499757763231
172.37631755473558
276.8168116954912
224.77736882938189
219.81338231021073
231.79922490436002
220.02490162663162
222.32698591143708
209.83610085764667
195.42965329359868
259.3732321600255
231.13912509274087
205.13779702276224
183.0365300802514
197.4121337181714
285.3411631840281
184.37436935235746
332.3901330319932
150.18418157554697
320.2811297266453
235.38097385808942
219.55020888327272
239.92150266558747
226.91119001267361
240.97191637629294
241.28946250805166
219.48562797365594
259.94762987745344
202.97604357238743
199.95068899949547
250.1912097269378
202.67401879650424
212.80275243212236
237.56311332646874
203.14029062562622
290.79274364959565
267.4879636951373
156.42137410654686
244.7560523841821
263.12836468828027
251.91794973204378
222.5348165644973
201.68270979062072
264.29868121779873
193.71549842713284
220.9608664661937
233.4888723215554
198.33211780159036
232.52883448943612
228.19705513643567
220.10084211849608
265.65828651894117
214.89867015727214
265.5458776712476
263.53410269945743
212.33282070566202
267.3514611154387
165.69226195532246
206.79324530792655
231.3801775938773
245.68172681392753
150.95345095920493
209.31566463323543
188.57931699280743
203.5954703501484
274.95410105466726
149.2115222333523
312.76007087592734
169.08412072455394
277.66408262305777
236.48786059822305
310.36920240643667
222.74634088395396
192.5717937797599
396.7306014765054
262.3858635632787
147.78690842119977
261.9746222431713
225.4789561626094
257.1324506753881
251.1057329036994
166.42325123396586
214.4542207798513
264.488928166189
218.951867862168
227.16437265684363
314.33501040001283
183.11275933784782
273.6248184829601
217.40302493722993
257.67930531396996
221.7790320435015
208.66866568403202
231.93794857661123
218.66044463898288
257.66690792737063
308.99527099361876
146.20121955109062
259.6488903433201
247.49096867087064
286.77444569781073
217.2257229241368
186.21256838264526
247.19602961471537
260.1905125582998
247.54562937203445
200.8682019742846
216.20494248811156
308.7082480941608
234.17651329096407
268.18764340659254
261.71679581463104
144.93880394587177
264.6749375894433
235.08458886342123
178.60987009343808
255.35930159472628
229.05819258050178
278.0440934857179
183.27525861674803
236.18066443363205
200.95582211081637
278.9800758343481
235.97560867553693
265.86094435397536
175.45981856063008
228.1006676252
236.9491171092959
231.7413196451089
232.3224531141168
270.944843412115
246.27901582830236
232.66800403574598
201.0006171936111
237.75784206669778
271.8377024291549
179.45438316173386
212.6982588681567
279.67241060582455
181.8283169438655
210.6652481351921
314.9271744050202
178.87561855942477
160.94884814624675
204.22619680778007
230.97643791110022
225.81588094943436
260.6836739946448
231.3553880363761
245.29303384374361
172.76245777547592
263.5557631099073
177.95070302393287
261.89121091374545
245.618698116421
172.70513662547455
304.64913973450894
260.44944076039246
186.4603631575883
200.31644484386197
231.5084087374562
333.77964876475744
308.7072770972445
189.21661083743675
199.03757893215516
245.8578159174067
287.61087671516
214.43875311667216
278.5695883157314
251.59657168370904
234.57652563450392
296.31776007745066
137.15239741283585
333.41764430270996
225.582708078
177.98801956837997
254.8403020062251
395.86368041386595
163.5121657703421
277.10378750390373
233.21736674325075
222.44525615379098
252.28202318862895
171.71608538698638
277.2977740979404
273.4641996276332
289.04891831296845
106.44190688818344
312.4559084821667
237.27127264795126
242.7019957738521
208.1754985365551
243.20538700008183
171.35930626976187
237.5101103063207
216.09607985246112
165.92407736650784
316.7723815102363
164.76403620719793
269.7263165083714
228.53699018599582
196.543820763618
201.67441396199865
201.02132038678974
254.04010667005787
200.66422218640218
303.19518370210426
219.29493104384164
184.28823602292687
177.6685850091162
282.95417202284443
162.58047785438248
327.7384867531073
124.53014578242437
187.68028708040947
330.9522314242204
183.53977493350976
206.95901904060156
236.8430495018547
252.23269107556553
232.70177673603757
212.3660426432616
166.31306487886468
266.4181832994218
213.1079818032449
253.49079020871432
254.86852322769118
175.9015327238012
275.41710771553335
169.39968121805578
202.46026290691225
332.59364565086435
148.26275832366082
241.93311617159634
136.49393349664751
226.24047026553308
279.0938987209229
163.36069703206886
225.04788797380752
197.29790709677036
335.08062347755185
222.57376647915225
320.5008750324487
145.8107572021545
212.17862736730604
275.4035869350773
227.48351827374427
209.49140126886778
251.6967462032626
214.1437834308017
229.43472006497905
287.9921488429245
256.63823630288243
206.66088536431198
205.28334788323264
287.89315649995115
266.05609497625846
229.39383248070953
195.42583479112363
226.08912259919452
240.62833041747217
242.29843221473857
251.52471758736647
203.958527064824
233.39513379483833
187.22503151686396
296.3284768112935
208.50178952267743
293.3354097013653
148.21226204096456
218.17408323675045
268.7203425608168
181.3082645878021
276.9594388836704
196.81613057450159
233.47846660387586
266.9653511563374
314.71927366696764
254.18341147436877
296.1881779515825
193.59828922964516
317.87193609421956
303.7397429550183
191.51895825364045
147.5605238758435
302.06959494319744
192.8972460941004
210.64964775161934
413.93026714300504
111.26116501155775
245.87902632096666
257.5327615586575
204.8995482919563
215.91239737003343
260.551785778458
181.71147749671945
257.0832531930355
240.05806307008606
237.7104340819933
209.13924610510003
264.14176829109783
275.2107739060011
231.92723260386265
136.20129025290953
312.2514606578916
181.02057015310857
198.34127149521373
250.0037980315683
230.74607993947575
208.6027581919043
267.39840557516436
203.37269664366613
322.4500304146204
208.82146791554987
131.81418763441616
336.0442087086267
190.9619768242701
440.87761801396846
159.29860659971018
141.35391917612287
257.6290296506777
252.5681320335716
226.38691331789596
263.17533314571483
187.83196238760138
250.74189138726797
197.29372771113412
216.0559710637608
218.42722915115883
297.91116403246997
169.4732926056604
140.552269808657
327.5356453556742
135.66968250376522
288.98050785501255
202.8119306062872
246.74066939210752
190.7642841154884
230.5185585063009
327.1009396750014
168.23807175975526
271.140639977064
238.308479341591
225.32127035787562
181.2104818316293
212.8333049204084
242.6210655332252
316.78494835752645
182.31883939134423
252.5965991576959
230.42191310797352
209.69115363273886
293.1709105562768
129.12314011866692
215.49667470157146
231.49525921506574
180.02416282062768
221.0465000073018
226.3798302030773
166.85025383441825
254.56758835614892
160.92050497344462
220.54089858481893
209.6247298483504
320.05956870148657
168.35796192969428
227.278646124003
184.097284236399
229.8736862934311
200.7248311843723
235.3410414844402
240.527529287152
190.8232960671885
264.6388505776413
284.40922887664055
227.7971248033573
267.5298435376608
227.7892648295383
225.34536550863413
194.41856850439217
265.7553005273221
265.7882839019294
292.52432277373737
183.36604423739482
308.54299251834163
146.32068541599438
264.73212543159025
192.04665775428293
228.5950849815854
190.74365769408178
271.5488445935771
243.96503318252508
171.8196158952196
207.83543516451027
256.3262369405711
191.41505568055436
234.15899605309824
253.56062017637305
183.79209315939806
246.11610020598164
204.57825964031508
205.89457549731014
302.4358248843928
245.96763432468288
217.84960344387218
178.29733865027083
259.6277643213398
238.34896185487742
205.20338511146838
200.9382003331557
272.7893268901971
149.17346185044153
245.77395918447291
165.94199333852157
264.64682044339133
279.68405504210386
249.80527249956504
185.00451899092877
232.8501352086896
261.82462115655653
189.7001375577529
237.7005288672517
297.09045592480106
200.0577075163601
159.65691542590503
306.57328483316815
222.216863915266
234.79699073231313
190.2211950691417
257.14366460521705
170.32838782755425
231.9656238456373
287.5025305156014
313.4278909274144
175.0556501270039
238.3062260298757
214.2481905873865
238.76967230380978
224.4528978827293
202.83782043436076
217.22362816042732
183.38757908256957
202.02610061055748
323.26453025254887
142.58487557806075
319.7116646869108
203.50335993699264
226.61120106466115
208.65333785198163
224.90684070560383
287.5820198756992
157.32133791351225
326.478050224192
223.19321589334868
191.94336458831094
207.07039629324572
287.5325882026809
232.19326427060878
157.36038987716893
286.87139491789276
217.83152712788433
177.92546167987166
270.6975868230802
264.80566342925886
191.0102226496674
219.27492787025403
286.1532182417577
183.85539706458803
193.32349159551086
220.71520629816223
224.98462864174508
233.66318442794727
223.5516748948139
309.2349322367809
184.39606503630057
230.93430132011417
236.91231331881136
213.0016599834198
198.95879545848584
271.5527011253289
192.76509312092094
238.63247234671144
187.60077244607965
249.538030111813
217.53847046796
232.69151729851728
190.76851424068445
220.283419853542
334.033390157565
174.28186376095982
240.41607335821027
293.3590102234157
175.63182883051923
291.5307465380174
231.4911787561141
232.6535828501219
260.9985094588483
160.00316174718319
279.9238301811274
172.78895637957612
246.91625351837138
175.09560831822455
236.34349219605792
233.12741424585693
229.54330016841413
238.8142368021072
293.00093998067314
148.4240573620773
218.3179103238508
269.4465430789278
199.0837573123863
161.96224588161567
293.7078508095583
190.66243937885156
303.2685374162975
205.9763847979484
250.5117158255307
258.94722805538913
267.9200677627232
287.30543300154386
239.5995774095063
219.0331212275778
218.8629131935886
224.81555166951148
196.84128793951822
231.33243528025923
364.0487859612331
198.60086030734237
300.42363276763353
137.68857700790977
243.78313049476128
310.710654341965
178.28805178805487
197.04087224556133
372.37538987986045
320.1808583230013
258.5783994420781
262.51203289453406
286.8687926834682
185.2465386163094
227.31671899935463
233.59117693756707
260.57755889819236
197.03819143387955
228.18883404921507
166.5102212462225
256.40622186189285
163.73423042957438
297.6007256885641
232.67042061971733
255.9528093248373
201.5821603316581
158.35412385314703
222.6029353836784
177.74437079241034
314.63885060866596
162.7891541182762
258.98407903529005
296.95135339844273
209.41524035361363
246.19099488679785
197.3592753302073
242.4550745699089
160.37191433942644
304.5585247609997
162.38470861298265
280.8220282247639
256.6770180340973
274.9407147272141
180.3772487565293
283.8842960802722
161.30122012726497
214.7663335466059
224.81266312667867
217.47637276892783
267.20631939556915
130.61685325566214
244.7345566106378
208.2392998590367
274.8785591602791
213.6678364936961
164.62232605775353
225.5491589414887
237.04015362611972
235.19285713974386
270.38134529965464
249.58364962955238
187.59716905234382
197.39307662210194
206.14336731826188
224.46513621072518
190.19784864789108
235.71480209153378
241.95951689663343
258.9943503998802
215.44352506112773
233.4675603666692
269.3578642034554
185.2557785011013
228.97362023813184
233.14940581290284
213.3333109091618
244.27579111041268
235.66244659747463
151.0310437582084
226.64130224846303
191.87149429344572
222.3909324235865
199.50094706122763
367.80927332496503
173.4082263430464
225.04385842796182
203.1366256008041
218.31911696016323
182.04672891151858
247.72308922733646
288.1605904723983
219.5735172407003
334.3853275986621
194.91411432850873
222.66780755354557
205.99364094843622
210.5356762779411
167.90940983773908
265.2016511989641
289.01022549177287
225.57906778907636
189.48370662640082
318.4117955688271
181.2964565939037
274.43110537796747
195.5542635009042
183.70444119238527
383.5843607065617
130.8287727345014
251.35713051445782
167.56441756588174
354.3941730330698
197.41029563097982
257.1415185473743
191.43617141107097
207.52198392438004
237.98194507532753
258.44551851786673
230.74058109300677
254.64802249369677
198.40758473507594
241.73841652681585
229.82602007430978
267.6450892134453
216.97897201677551
217.67827649624087
227.90361551148817
155.22723939607386
310.4683280213503
201.17743123014225
226.59944243473
285.7453930674819
227.8290909921634
141.57246278895764
359.8006245433353
144.7038385863998
201.2696511314134
248.71270511328476
179.50752209924394
277.856649819063
239.9817944377428
211.62146481813397
221.35282302752603
210.14068991906242
292.29447674332187
179.86447581404354
281.894359164231
187.75618152559036
263.43772747769253
215.56582900433568
159.94988334347727
222.3999804230407
169.62307608069386
209.23294784664176
277.2830116955447
213.89116447692504
187.37187916430412
257.5279532111599
307.28030882397434
151.79826323263114
206.80798343074275
215.38888080662582
251.63969086739235
237.20783265284263
234.79469391755993
162.1014449748327
258.7459496500669
288.69624001625925
239.1308520983439
230.68531476380304
203.45370214007562
338.52313693863107
243.9928513218183
289.67368117073784
265.241413068783
207.2023633949575
233.6575883469195
201.03665869508404
210.036376368138
259.41786119842436
225.2115022681537
244.66252454416826
201.98941650928464
252.1992183427792
166.47880230401643
215.78886530949967
353.356381259975
186.68604634224903
205.45248818444088
341.4765576341888
176.38735073956195
259.95930403779494
164.9479832109064
282.92747552663786
164.75362046284135
190.17846826114692
200.67194614710752
334.74304200167535
172.75735256425105
169.67719423800008
206.74093032546807
320.60180558776483
148.2742311541224
190.97496336011682
248.4179113826831
239.0758735705749
235.4073809143738
201.95456937659765
249.83041443006368
212.7957141456427
234.414844828716
270.51286793360487
252.76873016456375
119.48214130796259
334.54545439762296
189.24596178968204
233.7484787873691
294.5111147548887
213.70250340976054
186.1806191210053
242.6913399536861
281.4133058458683
184.36646299209679
357.72936937381746
190.09035316912923
276.7199567905045
179.94053551886464
174.60257922991877
233.9890915181022
246.7350152672152
219.6564513449557
173.72217520902632
220.68464382906677
190.94633253646316
295.281389879121
241.66017326473957
311.6361956772744
122.20246463600779
249.1812887880369
195.52334618737223
194.1258299406618
214.28418589459034
277.30318677064497
279.38065585447475
198.48811686737463
321.8591154340538
155.8144197067595
256.3082292334293
227.61830294207903
251.1401200852706
243.19341164128855
289.096046667255
176.84732616966357
220.22222033381695
285.03863509895746
232.9322157818242
146.98575292999158
311.8562716039596
219.9545516660437
288.0996254963684
144.48831437161425
259.70245881198207
154.87430952378782
234.7968609748059
183.4713023409713
184.25240972690517
247.07359905808698
236.57699854270322
197.30622523959028
224.9481876984937
195.06905290513532
251.29747559130192
266.6597664777655
172.69601459335536
236.88054433075013
191.40322868229123
280.679688656528
215.26768631848972
226.9150415509357
164.73282645118888
291.3271767999395
245.13581615535077
195.85561232845066
173.40756993595278
259.9675715987105
162.16574355901685
309.24091102561215
252.1910019206698
246.77083045925247
234.76370507397223
183.97830826416612
266.7318923147395
286.30368968704715
236.09938635560684
187.17743237316608
244.07936933770543
185.49414410855388
198.35396598675288
274.0925867279875
225.5702176799532
257.5322088707471
214.87685039493954
233.29704998404486
275.44732981338166
176.4646687739296
230.00696833227994
192.12177900382085
255.8852129705483
256.25839711131994
241.0972497560433
250.8875633754069
242.91427134501282
211.3375792138395
196.32626669091405
228.71833441406488
209.7075291100773
212.57151458255248
174.41230354038998
210.36584778688848
251.87592827994376
202.6994058623677
178.05367321817903
244.1864213597728
185.79975012148498
249.4119064749102
203.27616085886257
255.62478430283954
218.16616986482404
229.04077958193375
190.3750767283491
285.66528703738004
169.38733769324608
214.08501840854296
217.99277646210976
221.4583427166217
284.1407491204445
194.16108871856704
231.23660845914856
228.41333084990038
200.62293144938303
248.5975451049162
229.53849140607053
228.27700275857933
173.78144696034724
261.5290692739072
198.30198703455972
190.88170578191057
231.65042978699785
285.044981259387
134.45430653268704
257.04591594432713
157.37558095308486
288.0552606189158
228.50966829952085
280.3995708805742
214.78689123352524
190.28220237250207
279.8326972165378
194.9416285090265
233.4776767133153
203.3879861558089
292.85803109186236
181.31654866063036
338.1879835888394
145.85751076380257
229.77253430656856
211.00355635781307
293.4402133811964
182.83290786243742
223.51699360046769
277.4456609947956
255.87708184379153
164.1208432763815
258.7155487706186
201.9037848158041
263.6247742472333
198.54669227445265
195.5102514117607
267.82502138079144
217.47595031937817
203.86624390131328
188.8068831739365
232.88524239050457
239.39679936791072
181.57679654326057
196.25210156920366
253.37640292209107
185.26904924906557
346.64459146081936
175.52148561243666
237.09915903816
162.74051333777606
319.4511106679565
221.18744767876342
245.67009185941424
171.58800829394022
291.7823674677056
199.2836301618372
246.00250168237835
192.15909883892164
224.92205542995362
277.220511577907
246.6709875264205
197.81134743022267
222.857462664193
231.55659606622066
221.5591584534268
219.9923147195368
181.3516330337152
312.36545363551704
134.65812797716353
225.92222762975143
208.09377578046406
248.92891970952041
234.47850753401872
186.5454528821865
305.5084169989568
167.9133724825224
266.77587536216015
274.41761747712735
262.93727161816787
151.58163220540155
339.05820576421684
225.47104570665397
190.61018811370013
193.44240240979707
190.74337264813948
208.03118439833634
212.04930764710298
361.1298079700209
216.20130983029958
276.5356686436571
160.62728224537568
259.3454849598347
209.41892081307014
271.43183847347973
192.41671653615776
251.18842684908304
211.9267525842879
276.7131854398758
153.79680025111884
270.8314107011538
196.443610068236
255.57584103674162
238.26627393532544
185.76357326155994
238.54117799375672
335.40451965731336
192.78195094066905
214.04497281392105
195.04086857754737
179.51618860423332
198.72629637637874
341.8993770334637
202.17124911630526
236.26066640409408
225.53317349794088
260.3755258761812
179.66368568484904
182.86865502846194
221.9353523083846
214.85710072761867
282.62068875168916
182.26882034674054
266.1459420211613
264.4366177653428
118.9966395664378
307.38726910442347
171.22175564081408
340.6222577218432
145.03577392286388
207.92291120643495
163.88516448024893
286.12799507792806
179.3544772186433
262.92657592031173
208.1983635064098
211.16465722501744
218.08264794951538
251.84437417122535
143.55927895806963
215.19491690275026
282.6444297450362
197.53986063640332
248.19091045140522
272.17500261822715
186.46213748923037
210.87513127492275
212.46631195227383
209.1111580141005
289.5566910269554
188.50465008680476
232.0180863867281
248.61381130368682
292.75445469189435
232.2381952489377
221.6902465716703
174.07549249235308
304.08969759510364
244.25375612924108
256.80365043960046
154.6649663975113
260.20683234080207
225.99490082694683
211.66273902211105
224.10179187194444
237.20186366251437
185.34002850978868
271.68252655974356
210.45083355909446
196.98618571530096
227.85607016342692
250.48426232510246
322.54232942539966
144.22405873704702
184.61494241317268
238.09113264799817
262.9286942294566
162.2448369312915
216.72858626884408
347.98257996398024
158.76725226012059
279.80944275512593
205.1413352608797
201.2944692877354
240.23628901015036
218.6482477079262
196.03848067222862
249.02113562461454
187.94976330554346
220.96065917029046
238.9299171321327
209.50088598328875
199.13782084459672
239.1599311301252
242.1328525309218
234.2169868396595
183.84222952683922
240.37801382882753
216.66716438008007
364.47715511976276
182.00934235472232
192.06282995984657
273.895681408816
211.90077355591347
226.24094226089073
172.0516572665074
260.5697041313979
178.35571119142696
231.97137334145373
215.69107338099275
216.7373452447937
258.3017877066741
281.15862122317776
188.60429661883973
226.43603392475052
222.2051024674438
276.371201560949
198.962849917938
201.75636036979267
238.17413447104627
256.10952578188153
279.5484363529249
201.98609378223773
207.36120495235082
241.24901262403
233.1705711945542
236.0204377908376
181.59339660353726
277.11309986229753
279.84933153458405
190.4497955836705
211.2028410192579
214.4355525787687
240.88276845798828
203.26754491322208
293.12806658557383
251.32517960161204
212.72277405997738
206.58943325048313
218.42145101248752
263.2802256154828
180.14701613457873
274.16217925719684
263.2873518835986
189.87194570025895
187.24300954386126
257.29120946628973
215.93076107517118
228.60629796702415
180.8326627004426
258.6931384903728
221.14361876348266
173.98811696155462
215.65774754923768
255.30416302761296
275.27135241107317
264.16673529159743
171.4441716024303
213.21100644260878
314.9095758125768
162.70413986284984
166.81460443587275
303.27659365552245
177.32713786623208
223.22993872733787
225.52287760120817
262.5782088635606
242.70051421941025
221.22629793483065
228.0857278549811
232.75927847006824
216.87235502083786
222.58199797815178
280.80089969566325
250.20654424710665
324.4522215630859
294.1295249774121
286.8989742146223
135.31090610468527
244.63063371134922
200.0342869873275
204.28901656490052
233.6723348623491
200.62746457976755
248.95862701750593
263.9939969415427
232.0871947327978
216.1780048047076
183.41772615077207
316.2190135511337
203.6053113878006
173.51672612020047
225.74535939621273
243.81356106477324
146.52451749448664
198.64790111163165
315.0240800433676
188.95521554391598
273.66871195391286
150.12532788614044
226.55723965720972
249.02194860280724
178.48237888875883
360.91509315546136
270.26575422269525
180.98576078435872
253.8595011139405
248.6241990394774
188.63358523591887
219.30191373970592
261.3221225813031
218.62137724558124
171.16225062677404
248.99625680560712
194.54416435974417
255.93614202120807
221.8076469837688
243.51716455770656
290.5209130925941
233.5184267005534
209.10524817812257
209.9727928066859
332.1585497750202
154.15756573545514
276.02875721029704
234.73476416018093
197.85394137218827
229.82069739414146
352.4770035104011
273.6613780618645
193.34946109901648
223.78590474528028
242.76880285161315
172.28281721688109
242.38269368943293
230.04230183229083
206.8049078466138
305.9300283564953
158.079108231992
232.37685157271335
194.10256184678292
200.8529063180904
244.6511689092731
209.46522343921242
228.27039527508896
262.74151469237404
319.67609949962934
270.7079098940594
158.59826806606725
196.36379674839554
211.10786171641666
253.5798044136027
210.36445635644486
283.7788698950317
240.9275479891221
258.7359394861269
159.38289241871098
255.8699223791482
223.11062871624017
208.70138462533941
255.8033567601815
154.62804351956584
339.07283724617446
175.41880534688244
248.74327370460378
173.57643332704902
278.9877483196324
204.4387144187931
175.1330301965354
247.43255827086978
246.81836604059208
192.3203030313598
274.7561482495512
285.96450435346924
183.64768543094397
289.3268445575959
148.41090099222492
265.22650247550337
221.40812223020475
221.66591964830877
320.84017034608405
219.6262207055115
211.06605198804755
249.29967797349673
192.97380410204642
219.7786827746895
290.7062353591318
179.67539976502303
194.17378789163195
209.70273412717506
249.79260783776408
237.25994632736547
187.4081934656133
284.05730190029135
228.75435815460514
223.5005810066359
190.11453588458244
206.81946366734337
294.91096523817396
300.9575977252098
159.39545682491735
229.54188120679464
198.29872187314322
312.97179278725525
144.29052728816168
287.31381100422004
236.4802425521193
224.42940349888522
161.7369624589337
232.99287999112858
299.99412423657486
206.80132043740014
294.67924257396953
211.20362764538731
181.30819397664163
248.17950493685203
249.5040541444905
240.52980555570684
236.4672578557511
188.062409082253
234.74471388891106
236.5890922245453
186.87466692668386
258.79883496358525
251.2292675493518
194.69353823643178
253.99587691220222
174.78599163662875
304.1196017191978
209.08886082703248
218.5271206019097
226.89458756532986
232.5333037941018
224.92914567008847
287.4811979018268
297.69611084560165
176.99746502062771
284.9247466440429
243.47362851095386
167.8367544740322
197.70181745488662
222.6707409331575
194.68743233860005
282.1009020077763
202.6813223817153
218.8025596885127
295.7080716978526
232.41841498867143
236.16383582778508
227.45850448292913
280.35509053245187
181.1554598643561
193.19644187536323
231.56353706173832
165.31866340717534
338.7620135868201
332.4596717755776
147.16421599546447
269.2508570863283
290.7951516441535
247.9012397203478
220.15711515629664
184.67378965677926
326.2470941635547
184.56095273717074
209.7910422430141
269.80411527492106
228.51202388620004
222.93902531836648
212.67942283384036
185.05315568536753
237.1509647204657
236.20258742489386
212.5605067909346
232.08867247070884
256.1818802168709
233.65211678791093
162.03198788297595
284.68218014290323
219.4199558144319
270.7423777238
325.69502402096987
185.08182663202751
222.9485985886422
270.1853830322507
170.35335391981062
315.1377280909219
157.495778417564
196.7368386357557
219.9388641389669
303.63734591112006
228.0229205666692
267.45235375344055
174.28311077866238
221.37709966424154
260.3643019757001
285.7951790743391
186.14455043926137
160.46070265991148
218.69715365837328
290.5039237079327
191.01490046898834
219.69009547814494
184.9454586392967
268.9111389765749
194.73439675872214
160.11129955854267
251.5427539490629
218.78170248895185
271.4459633883089
216.57466121844482
237.17978503275663
260.9085220840643
312.0667762538651
180.71742742799688
215.91852496843785
202.89344104856718
208.98191757581662
171.56725995894521
303.3187405955978
218.30455127288587
229.25017740944168
227.60133233183296
222.9797300582868
335.84417446970474
169.81341414211784
254.74650133005343
201.25755750219105
240.8452213538112
195.79753946326673
308.9214218276902
278.9906261888682
243.90669699950377
204.24725856049918
265.8845828055637
153.25547760550398
181.65570528956596
335.4980208929628
161.52208281884668
254.33903753594495
291.4144672078546
155.3716424050508
281.52955680689774
230.13447988854023
182.59867210272932
311.2322223566007
253.47172014851822
164.4224656278384
264.5859863423393
246.79637783631915
249.54360238160007
239.61831705580698
179.86799930239795
278.01169263001066
199.82223083422286
318.10349053965183
199.9715406355681
175.3886461094953
237.5531744614127
338.20578179351287
166.89728831121465
224.15155939292163
341.5318144730991
222.06336603086675
188.4108324884437
305.18714452075073
207.5223409855971
244.23859457625076
287.6130148257362
225.7564272368909
235.48800401721383
233.94925186934415
156.15286150877364
219.73183652810985
215.8591090909904
267.20916884357575
203.403860652179
182.1633188702981
287.92576321185334
142.4882539869286
230.40140032483032
277.860239118163
146.28046003635973
275.7895512469113
199.46602177416207
195.31484165525762
189.4283847337938
260.67650540795876
215.90182580577675
234.04646763566416
274.597093942808
276.88425935897976
197.11967094021384
215.20656015368877
245.7522253151983
188.53236148681026
222.9474805202335
239.85409600415733
246.2082392666489
179.80635837028967
227.4535372077371
290.9854445728706
233.1315284834709
208.26318077539327
229.95530548214447
239.56465373758692
184.6603725955356
176.73895841330523
183.48076382570434
219.66353713866556
266.35700764338253
241.9805165352882
205.04448253056034
223.03799720737152
188.3367047320935
295.52816441631876
193.8583646650659
214.82401584699983
176.59972109488444
333.78662749234354
163.03521798743168
204.88150612503523
260.6266493963194
214.64007269684225
227.51716441422468
248.10563251998974
203.19996978493873
188.72288279503118
229.5531106594717
185.60966423567152
214.4041483743349
219.46496869425755
214.5816518489737
300.4134466362302
174.401476749219
191.8980791180511
293.9149551554001
197.80907135084271
229.30935317114927
174.67523734655697
260.4211988954339
223.36932001577225
344.83889162982814
189.96399405645207
175.5424498677021
237.13459419994615
301.6507153691491
204.74126974877436
199.43103446473833
218.43452073109802
242.5661811523605
198.82382811023854
164.57919333770406
281.5659939373145
297.7188111487776
178.64087966561783
226.53154790203553
268.4445262696827
146.27025546960067
300.6131898803869
154.60725929227192
203.03497642627917
232.84881549072452
218.25795515370555
230.01683687744662
296.31086141674314
128.7951654496137
223.59608035790734
321.18913377448916
231.71919304144103
249.28415312373545
154.30478758527897
222.67097851843573
191.32980852166656
227.6818737607682
217.82200962863863
261.73156233143527
187.74165433715098
249.06941094982903
205.85581079579424
343.83799671416637
159.96260459464975
221.64629021298606
205.8825026738923
205.3250322547974
259.21515433781315
218.43810091470368
261.3666998790577
265.2739602929214
198.07225847849622
322.7394013728481
297.5763013835531
165.4950704878429
260.1320840913104
224.45702846127097
224.23026343097445
213.23489994881675
207.68786620011088
245.77457822638098
190.59382860106416
229.7440960041713
244.56725420849398
202.60220173781272
207.93728966719937
220.59302605246194
196.88934900891036
225.0382775296457
242.16925206733868
227.7809256328037
183.20825358259026
244.76525600196328
170.8928858138388
336.4170528372051
221.68198640155606
318.9147538426332
215.70397247513756
197.656805347302
268.07173762400635
205.8143826664891
189.67177631810773
266.8422435640823
176.04919121984858
247.0005784513196
246.44339282251894
199.66110562800895
190.48663557763211
267.3701673258329
248.47001562581863
213.73181045928504
208.49275376228616
230.74404224695172
263.347932384233
209.99161515501328
265.78560724377166
241.08603017195128
242.99298232223373
230.0626375057036
266.8847299083136
159.75228910916485
243.14706221711822
201.14794470451307
202.80391707841773
310.80654200701974
192.6319308708189
325.6490185052389
291.76292969903443
187.38263650611043
234.4547265158035
322.73513843573164
180.09809575497638
213.80666919832584
192.34634923003614
237.3040145811392
232.36350345634855
274.3492884578882
259.95096464117523
186.87330645567272
244.07751496043056
214.1742026694119
174.30829041614197
255.73113768477924
227.9508613361977
224.3968255785294
175.45335833716672
211.74911898223218
348.926343436935
102.66641142824665
260.3015319885453
294.9350183502538
233.33135463786311
192.56423091795295
208.8055877359584
246.3534000319196
241.9108710589353
321.54217955004424
206.4363213776378
230.58626848924905
325.7121429081308
142.53953175945207
194.53911741951015
204.47003442188725
239.4853743982967
253.3863076675916
226.55092235957272
216.82331043831073
237.1882964905817
306.4891068871366
165.1245435437886
236.8845943362685
246.40636917285156
237.17732390284073
273.2499991824152
228.0477345774416
285.716101086
302.048843207187
173.4863258781843
266.59904505638406
237.12446736893617
179.90132534853183
296.33610440127086
196.54666157229804
182.11329001386184
198.0562229512725
222.24046337755863
324.40606800292153
174.30666830099653
221.23747136292513
257.6017019674182
197.25379847746808
215.9593593676109
281.5392045918852
167.85258816950954
242.76249032712076
254.8085835831007
160.6906896319706
203.74131586030126
255.64412879000884
204.41207632259466
225.24611343094148
154.3187303848099
296.811572759063
203.7228249553591
243.59296441893093
250.9955543735996
190.91554972564336
287.71771405555774
221.50428038300015
172.15118022554088
365.50048942503054
142.09942292247433
319.67229660379235
166.14738222269807
265.63532584370114
217.61592028138693
206.72286314575467
179.70327821478713
210.90581843769178
173.37176305102184
292.3696645773016
184.71669624908827
269.35230456863064
242.09842304419726
168.00825595704373
251.38976392685436
249.963064187672
148.9936149547575
261.08656363293994
255.73456185567193
206.34146697656251
282.5433786199428
208.70916093082633
249.4824676538119
198.3820103785256
413.457861266681
164.0377472244436
217.21136984520126
241.0442145121051
277.15446130826604
226.718490082887
221.4934486602433
265.5439664380392
215.55987586383708
226.82580556266475
201.53521776071284
194.43061388283968
260.3716995563591
357.62610093457624
256.049959732336
205.49639829457738
249.8745183517458
194.1504845727468
229.5820853576297
286.55903587210923
171.5420255602803
234.28721668280195
269.7239133049734
267.17747411562596
222.16128431377
200.95820597710554
208.49307051452342
242.98064583656378
197.91025082871784
217.796200389741
278.2685875664465
238.69579452241305
244.58383272320498
170.88010935450438
267.06248292780947
266.74817202356644
394.71228104503825
119.17601223231759
287.9497894268716
224.4593654803466
235.72278414433822
180.04689857643098
287.78130860487
315.3917423017556
120.18450689234305
220.1230459450744
262.9514052247396
260.11963467660826
240.2654914854793
250.699486069032
178.3466508333804
236.27565456030425
230.9279673184501
221.21266297099646
221.2007753313519
333.3362160640536
186.8675822451478
255.9894243660383
179.89706731017213
264.659105842351
333.94965986558236
209.83887697011232
255.73760512948502
208.9214311633259
292.4986998446984
238.21284324582666
201.12171643483452
306.4880555458367
191.72466740990058
223.55530765641015
245.75378525687847
238.90834544051904
192.03442396549508
213.34446592559107
169.1585991755128
218.3664943901822
327.50070061779115
235.22986358660273
299.8027246565325
198.20449883607216
230.35673419071827
235.88057722814847
330.26842312014196
139.76364883664064
204.652553258813
225.35991420585196
204.32408428925555
289.5676800177898
185.31474512722343
290.1338134573307
198.48957819887437
212.54162434407044
300.75922736967914
159.49354949244298
239.08580568328034
192.97637708904222
222.62262081482913
318.057475667214
311.1906189752044
178.86997443181463
260.47358755522873
268.5351445719134
259.21510544617195
238.71334795537405
237.50113003968727
191.06934096454643
228.536385674146
180.82776977447793
285.0789649656508
168.39612125325948
278.4600369987311
260.0025043679634
275.3049593830947
170.5862214016961
276.16265226213727
129.47826200036798
250.12355203088373
205.07046228519175
234.3262946109753
233.5574546562275
271.8745064040413
223.4595485762693
196.66412999783643
238.57676686474588
233.9643706943607
233.31855258811265
232.7978835296817
219.48077358235605
213.07174930348992
226.09792708593886
245.62633181293495
245.5621536950348
223.3601479587378
208.2590249046916
178.46506056538783
311.87976416153833
119.64608611678705
255.22441920312122
339.0038014592137
166.05932299932465
241.29063268878963
269.2573600319447
217.87195348693058
246.90219031902961
209.82943476119544
273.7487092989031
181.45152839296497
242.78725205478258
211.48866216675378
239.27249769796617
211.91237775271293
193.86442390992306
391.74579130264465
179.83404556231108
193.70846566278487
238.73882942274213
184.68980671325698
233.67677496327087
265.03274884377606
190.99295978492592
411.7792715053074
184.2485873720143
180.41376566246618
270.96521630184725
264.34395368013065
205.65229504101444
134.8576929223491
263.6998769196216
222.91971089947037
220.79290744918399
313.91481920355
293.145460087806
178.82360377139412
218.74914677604102
266.0341278837295
207.17030792601872
175.52266628085636
205.67865470272955
196.57848124729935
332.7583845994668
166.9308800038416
319.6336754976073
202.0846949648112
168.84258912305813
233.78324539028108
307.4872461326886
182.5266305297846
237.25672942993697
218.0553931281902
213.8954943222925
286.40770291746594
152.04799723031465
286.34543554938864
237.31234815518837
213.90684049774427
194.47592849330977
216.0195044319844
237.65175219776575
239.68133617506828
341.99490987847093
213.6208418053575
206.06541320914403
319.4996364302933
139.67482531117275
262.1062173860846
231.08722281025257
208.4189339983277
208.59438611008227
201.81100507662632
198.53933385421988
345.4022275332827
166.04750371875707
269.52512264146935
269.8362018506741
253.7304627733538
259.58123236789834
241.1972295140149
173.99960456287954
275.3073101325426
248.20220696739852
154.7059430142399
237.87092321249656
286.0013911857968
247.66060409054626
230.48779899661895
236.5963611062616
278.93383400782477
179.58529873169027
315.1860558021581
281.84939085133374
216.1500258228043
200.13566154404543
319.0332176380325
116.4881472971756
274.22623187932186
193.68200019269716
290.0676368555287
213.90941058762837
226.05534664250445
233.37087913719006
233.48419585067313
255.2489521066891
269.9486023572972
297.95396989339497
169.91247250244487
204.4221023923019
218.90750410209876
226.07286795869004
230.99952338950243
237.77663708967157
292.52714114054106
179.43571682227775
247.90464775229339
211.17975888005458
179.40384557307698
236.91676478041336
185.4000515466323
236.01165965839755
182.26853924931493
292.6031119353138
160.9742392207263
307.7791618050542
209.23090417927597
205.73408308939543
207.71172595513053
218.52860571281053
184.06780690187588
231.57831025705673
238.8660603427561
260.22704321402125
184.5922745692078
273.05260903097223
202.4295322264079
251.8895380445756
206.58505187323317
215.54589457670227
220.76230395876337
213.94380865048151
211.59307421231642
199.46568761649542
263.6258629686199
191.5351342643844
255.35597124684136
207.00965872674715
229.89459065371193
223.34151227551047
223.60938182962127
189.38904812629335
306.269472040236
299.6362573548686
213.86625119275413
240.2957362170564
238.9633237022208
256.7603328168625
372.95968062547036
198.66871229209937
138.74581228836905
286.66126059542876
197.4179519887548
198.7702626659302
360.629290056997
152.18480395735241
242.8783725204412
259.81646302423906
150.4190566065954
216.09326795313973
204.60828182357363
240.44565305137075
177.34727098769508
245.57026767567731
206.66312706575263
211.3194240432931
205.06414947472513
202.66954927018378
278.90570983674843
152.59783841541503
205.11035392456688
237.24265697062947
312.954511914053
172.00741108041257
255.59090426529292
166.10849379887804
262.89186846034136
235.39388196123764
254.39738627232146
213.06954073091038
217.56221420515794
275.4414140309673
209.64664671348874
210.80714076035656
167.54223285336047
209.7444967314368
242.43792413244955
283.0226704686647
235.5155546349706
192.90197061316576
255.97831889684312
257.36772108171135
266.0984985526884
245.4367699972354
213.4248747525271
211.41524944023695
157.42188380355947
315.9468206241727
209.50884535431396
239.1293293677736
226.01536715659313
313.10858141223434
178.63382076087873
301.6963354346808
197.94011523737572
314.7209274532506
205.23902038426604
244.4888907003915
172.64893483382184
306.18656106549315
166.9705815181369
207.00153560459148
205.77162708947435
274.7519026938826
163.0378786646761
242.15134696953464
255.0932192786131
277.67579435463995
219.04895384819247
216.1844829195179
247.53395735728554
222.20409594464581
338.8340638666414
158.356657229946
351.18323398928624
155.68563648639247
210.06039225589484
138.67845115473028
392.6754401240032
171.08639683423098
166.6099042452406
310.38814906426705
221.0108870503027
263.5299287912203
220.57436932856217
153.6636060208548
301.0212264920119
224.66854548861738
206.78140854195226
157.6592014018679
213.9411816400243
275.1109119775938
172.2379234911641
294.334874090855
255.00532194634434
202.6634436736349
210.40110781579278
209.58288976410404
196.55409092619084
167.8448662640294
242.9674356241012
265.3581082748715
190.72826472774614
411.9096644807141
123.31847984169144
182.5344439598266
278.03051278402563
179.3383208558662
279.60803913732525
211.76258380536456
211.41116918087937
221.55231129634194
151.34396913088858
292.0069411242148
229.47464052890427
240.32421265321318
214.55199971969705
155.50217315019108
235.68049771420192
248.53847326349933
296.20257703680545
225.1124984739581
202.70420014986303
214.99692885379773
211.84221994201653
245.15083160914946
198.43412677862216
201.31586016889196
258.6672253278084
168.15799677511677
256.1781624656869
148.87223500735126
253.72654253663495
167.28469140012749
288.9791181284236
225.75938682013657
233.24838676815853
266.0621664269129
253.4513076764997
226.23850124387536
222.4346881113015
237.081574161537
237.643929908867
202.8098555005854
253.2716473659966
166.1192066683434
249.4083914879011
229.23591143125668
188.8936686271336
193.5011670042295
207.24337418947835
271.7644993979484
275.51494699378964
178.8088997094892
222.00955792015884
315.8397869679611
187.09521246084478
260.7746179603273
186.9618146198336
198.83620130061172
242.0723449876532
208.57811115309596
197.5741013023071
268.331713010557
190.81959000171628
223.20367056073155
306.1385492866393
160.48919077648316
240.48436193866655
179.56744990847073
196.10576111567207
258.99159024935216
186.40776482934598
183.8397676917957
208.25159217510372
235.86051073099952
229.53074513806496
159.93730907689314
220.74061291618273
191.26805300137494
257.8444294023793
231.63094831374474
299.3057630152907
220.8382827435853
265.58382947696373
215.78052404220216
239.25782480824273
219.69027272146195
176.35923478531186
237.75290234899148
273.61518284562044
234.7848379658535
169.25624469749164
293.5950917581795
163.95497863809578
208.1151522625005
211.56814978341572
205.82402739755344
202.45169952814467
226.68088878924027
270.6178235616535
206.9269176691305
192.47335697698873
315.01466317579616
346.7067438826198
325.0220212438144
133.01981660851743
304.82373125618324
201.53096586465836
198.80110815435182
188.650826549856
250.40170519216917
208.49256538692862
244.72468576405663
165.05857652216218
290.05260621744674
171.56039574032184
267.68498435919173
174.83136722340714
322.6975279211765
186.90758622449357
171.32896175317
245.09196798468474
172.15807110455353
290.19648447202053
215.94756526337005
184.090385369258
323.07591236860026
249.2222026467789
256.7793944203295
206.37075483764056
269.8721751642879
240.49128549871966
192.10696832288522
225.63099770934787
297.07300347054843
197.96020519651938
206.75871240661945
195.63751557806972
296.58330990420654
192.59408716205508
243.4796974179335
185.3870859690942
202.0462327292189
230.16180347814225
202.1091145388782
183.1715860874392
238.80258374288678
225.47681173554156
248.70261892769486
185.60953387769405
340.4766354780877
185.76098253100645
273.39930281601846
259.46689227805473
200.99416375823785
238.21763481292874
211.01428931113333
240.14687767531723
276.8296071087243
128.79557728162035
223.59778669523075
