432.48024065446015
365.0080607477064
347.77684275401975
357.2313261398449
340.56700243018554
307.0930896204113
349.4660875722052
329.3795356711844
365.97723996481
370.22803186978854
327.54563357175584
311.30750667775374
350.98374204224
393.26334326780034
365.1522454691776
350.83899297411153
367.2850983196722
337.0447094614401
346.78759398785587
388.91580881989375
384.8892356658307
369.18365535192424
375.1869140472072
335.6036920089955
371.9683726750809
358.7237597591793
314.19637423319
314.82354945995576
332.2157816141462
384.34954306067084
308.40400335441336
309.97945928517765
351.0853508024211
377.2219341350883
306.89305587203125
318.86473707677396
382.3937554567674
360.2650582071674
354.31898397845
310.99259564914973
329.7702066797792
340.70720855136096
351.5978450598104
370.6802290404339
503.98257418205867
340.1991113125987
350.1125513368279
328.2477809875563
337.49689262964966
377.6790449789187
323.41208533535973
401.4232913546148
369.5628289246488
351.296845330231
330.64611105767835
320.86157075076335
312.2499830960951
382.3178941979895
308.5813571524559
343.880095155695
321.3111549774767
363.68884902992795
365.47645579462915
351.99898412553375
298.7134835235265
310.6584830082393
314.27912860184733
345.24425776882345
308.96383707787027
339.55000242223105
343.34728999236177
351.4081619775643
287.76257638237803
350.9913302096138
305.7292809922983
328.28748027898473
336.3743327170232
361.48928237616565
307.2655475063548
353.58481500142443
326.95521709844616
339.4553134627495
347.3226680635307
405.4745055353742
321.2035375627129
313.1693660542296
320.90812506295333
276.51716440305245
380.7883826117504
623.3503003586593
507.6025169590903
355.9703907497642
366.7830158571742
369.53463229574845
307.0609336168127
361.69391565959086
397.5001872695648
343.50179030288564
353.6081811393524
318.9766353583982
388.4511293926698
349.83398233107437
375.1920191022291
409.8750886795242
283.96643166439753
359.01544637213374
310.6694444870009
313.274084417033
340.3714980268487
298.60801089112647
312.7272588281194
355.02321599641436
501.63465735525097
403.0092654367036
350.88242186498246
327.253959240923
323.9049913858762
348.5073422714049
376.42531937408785
339.80284943459264
360.5840124555034
271.14399855859665
342.38234377340996
286.16124898195994
350.69931013575115
310.0259141789211
303.91891374214174
363.51460000889347
321.23641616835084
298.59515218800516
306.81514632479957
354.2841649987531
320.18211085027724
364.1148289813209
321.1252514133739
335.7829898180571
317.09675997246086
324.31748476390203
406.720757813011
640.7638938216987
465.6570984597638
332.5591283106769
347.7964657131597
304.8024186370312
332.16359463411936
303.4582935693179
291.56355481115315
333.3870992265147
339.20598234065983
536.0123530232522
512.3075381735907
342.04486994442414
333.71288827509125
308.55701723708626
304.79372079992027
285.7319427666007
331.02552040859155
346.3098969910425
394.5323999375614
348.21691740136157
358.5512720814877
346.8073719291933
337.1558595160095
362.8510388161012
358.60288674308686
287.73463689169876
334.9730032268344
313.1953930549862
361.26994342767284
333.8762325053831
2485.720054551828
381.8468778700626
360.06352992566826
388.73668955350877
305.312337455136
288.38288618196384
345.7757391761261
381.96030412341497
384.734626211517
315.5170603384904
323.6042860994203
380.2487260976777
325.71010107900656
392.6416336210823
566.6552938471577
479.41332647085073
443.724943698282
339.7872827176179
343.107981418696
472.40060292123235
766.780210993209
456.7804770553921
514.8895636687084
287.64338951987156
358.015513003862
347.86883306164236
367.3367648348067
316.2399190751894
363.37782681423414
352.3287928260397
299.67714555400016
316.8195725579426
314.2435864767758
344.42020371361286
338.3633759752702
337.1241191106092
354.16268607851816
325.22249208991707
316.8975339671306
341.9188236871705
287.9489584445255
317.9661927080451
332.5712552857585
402.78090940904804
312.3995392291108
317.85411964543164
325.7946533362847
338.73157365538646
338.72211310725834
389.87156215323193
377.06500780471833
343.97026928178093
340.3122760784172
353.6726041447837
375.57855195774755
400.190687702765
341.46820151056454
317.2394117205986
356.72746068217384
336.41573497551144
343.88535744475666
333.18765829682525
298.9758885456831
326.38371308735805
312.17946976207895
312.52082781614445
537.3538361394021
393.19160226701933
402.7127323597524
318.3255738868611
355.5476652878133
476.97565938213666
327.45318815644714
366.6289527718036
635.883379878389
449.5128953560197
359.669866777127
371.98336765079875
319.036076320539
303.31408073406783
350.9317170118011
309.4980962940899
329.01602522174653
364.724114954166
335.8958532348188
353.6069051990926
705.8296916221152
340.95621531679353
322.7286987301195
382.6113360759773
354.3451292752143
361.099804038764
299.73953790454834
340.4984581509634
289.78569413725927
312.5944889236562
423.255115559994
349.94134129112354
331.21042707811284
355.29580331398756
327.16824533631734
362.3972925162234
339.20330797246424
331.6519903355802
358.4858161622542
325.83732660378155
277.1005799383129
343.4327412817074
298.1635095292004
381.2244161159906
385.0873472052044
415.9967608548468
341.8999093798775
285.35982411583245
294.471868752953
335.9683439853834
332.1433211188414
292.37097521685064
312.8656139363011
360.3601527540013
348.06201348116156
376.28437300444057
332.57251343161624
308.7682852172875
321.39519764953
563.363640661395
310.9039747034258
386.3370881253795
337.72112698163255
324.3719659449562
340.55612261555507
496.04278771879035
308.3899403662508
367.2444574819092
386.93176741938805
296.02791226776026
368.83577996738313
602.1961994117883
383.42776658473304
342.45139830798144
319.73580244838377
321.2967385708762
319.18271332330187
337.8543280609447
415.82063115373603
334.2393575166352
325.1740099847375
305.7069955515035
370.10659991229477
314.7811544686847
449.3195014382072
321.38438348614727
393.2844745799375
296.0782535377366
316.80017237558786
294.0630812023883
316.6053805304982
381.5496293978358
291.40117399756855
293.7179399229499
295.637953010184
346.5915088095644
389.0009543604683
473.3181976103515
320.1564572133211
351.8068599699909
307.3925230066088
410.804218980993
366.19802887545666
367.77207141488907
343.46399803904933
351.37269838778593
341.5522923219687
388.27456980333955
311.28148989743204
348.4849068990734
340.03872879291885
329.7227022800944
350.0560606546933
325.26434170235007
318.195225893156
325.7833841766551
326.73460893113224
346.16303289539064
390.7811384903471
324.5520138967986
330.99296260990377
341.4126548203931
317.52137578150723
314.8693006874819
338.3097957159189
368.0842968931538
317.8067998902261
322.02953860125854
290.60210720531177
346.8441848817456
331.78712355706375
337.73802687510033
300.0359477920574
332.12508864476695
337.6296138408943
347.26490901815123
297.9201320814318
337.84417325121467
327.4447338829923
337.95776557855424
306.8756904968468
362.49778884116677
543.2131239117298
373.66303402997437
424.26173190114787
388.313893141225
406.9963760220271
365.22455389995594
303.37242342645186
328.86252205164055
312.82527743210085
320.49843020163826
332.47807545689284
338.935665424302
323.3158842870034
327.30538756321766
334.2265096557094
339.20359478975297
329.42561736676726
286.4384225361282
325.26754627839546
295.3617594394018
383.0848224600486
336.89244336428237
316.62037807668094
370.47467082724324
590.8188099219697
368.61611678183544
311.03736546993605
308.40375084267
657.2944661835791
1570.4514951735619
2293.0537946704135
707.1669670844858
561.2260430979659
446.62334952972014
355.51946524958475
363.11735416113515
345.7162563125894
350.94187090091873
309.75436775261187
351.74461263185367
334.932003356982
342.67444282898214
311.7923658492509
335.7097302181937
331.8947802867624
362.07546364408336
386.665572130878
313.4748014206707
388.4191619978228
300.3426202873816
380.1957381683169
376.5429587654944
316.8553930466878
455.27416257283767
329.54360666291905
337.4156486186548
356.25423892890103
342.46200288433465
327.2095167938096
362.7302292115928
368.9660271788889
442.74530939766555
359.5682578833075
300.23195437769755
310.9572330687661
355.86879462579964
308.48071865102975
297.5296140399296
328.15006990358233
322.62821009219624
326.85779481730424
313.73151488465373
380.2538534505293
360.36497218027944
294.19003602684825
319.5393661117123
329.42262224562
342.6511856506404
308.1547417883412
347.31419617298525
322.8079732951883
349.87451864333707
318.64643758535385
319.27220814928296
332.7661666139029
333.6746777398803
358.5221203136898
515.9006481895631
342.93285748845665
337.61093345825793
355.60325521955383
300.4949765248166
271.2678616292833
357.9582090876065
339.8899045974831
309.863161086163
334.23125835956307
299.98134123004274
333.74920728302095
301.2175651038706
336.1955305269512
291.81040980876423
371.1066705843259
363.56468324686284
407.5506691800547
407.6133444996085
420.88086588092847
371.140842751367
332.6631400277547
312.4318274050311
393.1086560933909
363.6915952223353
344.8803844760405
340.7249032773834
377.31541677578934
378.62431538064266
363.8636483461887
351.67041744096787
441.2222034531005
376.4064235565602
344.5185779723397
2409.522850039939
640.7207284853503
389.2461110984732
346.8342354815686
407.76655622874387
302.72154643412796
318.9090780465922
327.2865994881722
351.04725801420864
576.0897337588831
381.6380559527897
326.1386688578059
372.74647136600106
374.4255614542926
353.8258815254085
324.8812205879658
410.15514298086055
372.5556414499006
483.1753403491166
384.2753316492308
374.27488368726335
336.33996542872046
736.2385089898307
387.0030834209756
325.23935404687654
396.36684393696487
306.02096380264265
368.09741374952137
382.24937561072875
488.4436698364152
305.6485914308869
346.75947157788323
384.1107658733672
384.8763030988921
321.1450877250172
346.2297357619973
337.29135322844377
307.7191342897713
362.8777828721504
365.7404550575884
345.9471809179522
330.5571368523815
370.8853830114822
322.92001007389626
325.62556174519705
585.5588009808271
379.07574388809735
360.76150721593876
398.0089946449152
294.74446931973216
316.73900987111847
343.6516818032833
306.7376063512638
374.88158729084535
328.08895140560344
343.58167112097726
411.43840043025557
324.2401071792701
537.5974821647978
380.6977979139483
311.2900191657827
364.61335175318527
400.56872634618776
306.0144825463649
385.8127185762569
310.2936466327228
335.5533571060514
356.91837649972877
333.4748671555135
373.4981994747941
318.09054257554817
353.8396077702055
314.2601293353073
432.7726592757681
290.37354889852577
325.840248956345
325.62937453907216
298.3498255175946
316.9362257398898
422.16809590457706
342.89876176949474
299.0268457365455
300.198807157547
736.2439787547628
428.29691361795994
364.0876591882843
364.22279131476535
334.5382115719549
414.8216084530286
307.93437494020327
365.5374750479823
342.8724985822919
329.06633480556775
339.5262073901249
318.03167351303273
370.4605604063836
308.23435114708263
325.59838797105476
358.0207490652974
342.5892001297034
338.36480861037853
291.83088325726567
352.25348153858795
313.0422102313605
284.4678558964515
393.44248433219036
394.3232425888127
322.15485889819684
316.18518754522665
345.1272359795403
308.19803947838955
370.2415349732328
354.25705374538666
337.54291294683935
391.0630218940787
331.9758990078408
345.45257684370154
330.95631099215825
361.4099574116117
307.55330875195796
326.97814450977603
309.0084316377761
342.6750687426538
325.7778709809354
321.34227486205054
367.9810516353464
363.92064327473054
311.4032605057291
312.76376530437847
329.354199670488
284.45114863297204
326.89263592791394
367.282134753681
485.0413794736378
297.2161072147428
365.5185609252658
319.5054374395113
327.9130593439331
366.25050893684966
337.823266300722
289.3468232782034
341.11205515946494
329.05875624294276
367.1245669593045
424.52461568804574
348.5771691352129
389.95112550031627
348.5939606366446
334.2775615710998
391.1331589855836
323.0162326039572
454.98691374759073
364.774744165421
335.1414889545995
356.06453244166914
370.3222821439558
296.1411446040147
566.7051063335093
370.0873577191669
369.5276134808082
326.5659132471483
342.3028242160799
324.9932902425935
480.97058488900075
357.03190635624924
335.7597036549414
363.7590868526313
299.48661191604333
311.1133530139923
296.47603491775226
385.8894298255036
322.8990426782111
314.70507180393906
362.95684658020036
357.40259945660364
387.5205707131827
358.1799220313551
432.76924701585085
340.00923930914723
381.3290975361597
305.0997810169647
368.21213329941384
368.81684843968833
381.02738123657764
513.7402211645967
384.0741884636809
333.53886181727285
357.280874533375
385.81799342209706
389.24096817392274
588.2527242508368
324.8295432588202
377.5552415578277
340.84039966238197
327.2896655439981
402.9759221634886
340.14106075285235
343.2899850507674
297.79659424425336
289.5264534960734
324.3764273504203
307.7112190872431
339.00407376515795
290.61334736974095
350.50291155971354
305.585577994847
318.082771007932
275.20536485980847
338.0155828332354
447.9129336938495
324.7285590816464
341.95245703990804
318.2129925347108
333.92194229294546
346.38257942939526
370.66092422627844
332.58904919109773
348.6731283116969
295.2714241509093
317.82331121875905
289.3195078901481
343.48247934808023
293.5528121407842
285.6444008941762
313.37452894996386
319.4060101482901
318.2302568348823
384.7331554678967
325.4731869775569
350.4963121198234
291.83856052404735
308.5439414155553
322.5177213008865
293.5331048591179
341.08602313278243
334.86008002387825
331.3269644395914
371.3955310047022
1862.037056341127
455.53723504033405
632.1850507535273
404.4018848060514
375.287562783109
318.93168307683663
328.80910519632744
361.0137171870447
333.7690461737802
321.9327208038885
286.93490459781606
327.4076008668635
313.6093412520713
305.35006372380303
335.86212938523386
370.81999945949065
561.9508045871626
409.58945793204475
391.03433105320437
359.0680587060051
290.60997740662424
286.286953570263
276.57871953153517
347.65342743793735
410.4757220718311
403.3518097064807
389.26655786082847
325.8340795682161
367.0517883465509
442.922849685885
379.040405065869
395.3119286232395
344.80084339069435
280.12988390016835
303.63520258438075
317.6544946061331
329.9835709739709
374.5433730651275
353.4853052032995
318.5195328069385
410.80752402264625
340.8758869681624
384.84022378892405
304.9471760817687
416.7424392812536
374.4540862524882
312.1507400686969
390.70116011583013
365.48818289348856
363.97017454949673
309.89240309619345
310.3329480633838
337.583086295519
315.05841872113524
358.44242946390295
329.88382689800346
313.0289038195624
317.957248744613
329.06869398843264
335.5266656411113
334.4607521414873
298.05032399314223
313.2741517997347
322.9402878000401
335.68657720583724
333.0518768404727
315.5270871397224
376.96701795008266
340.1372347692377
326.44627631502226
375.5281289370614
633.602923321072
507.4484319097828
398.5963510472211
365.54376745224
382.7816093558213
299.834142800828
358.19387901603477
371.6375563159818
483.54765058966586
397.32893863267964
346.88353947462747
312.12033338297624
322.8790683912812
339.89221724582603
346.39448984642513
317.8635085032438
528.3596399581875
356.38223184872186
392.9857721925946
358.83535436860984
317.09362656762823
294.0486328180996
339.6917084008455
342.4622036694782
282.0116059028078
366.1149953342974
374.7880570588168
320.57866763410857
329.04596739966655
340.72258055146085
1191.0882182575879
707.766078134242
373.9744544166606
302.0107033033273
324.4961506683612
328.9081010965165
333.38661636883626
378.412283797923
352.43991129880305
312.4687443966395
408.15629628818715
322.4288783169468
711.5522639523842
410.8206825443194
387.76927274791524
454.98521625390276
437.56148273387225
393.41065251268446
346.7014175368822
322.02007339155534
331.0127346828813
361.9647955747205
310.99410781252664
394.712503632647
296.15497155382764
338.2302673959639
333.98742932180176
370.84187383862445
283.06228903116425
353.19348440575413
321.8642061043647
437.0361985883792
344.9437642166158
504.90503541444195
352.7559430662077
360.0384020492784
324.31478399957996
358.65588520962046
323.92523553263163
339.89817884541117
328.54841191956075
359.34563680691645
348.80486617749557
371.5278303514933
353.00751652079634
385.7057631049538
286.0555824118783
330.5534584056004
315.5293313271832
386.2630440663779
399.9238597555086
364.1769504530239
363.4864419642254
286.50645852135494
370.33499396505067
394.5061466443585
376.4844147101976
328.2979856625898
329.7496931171627
357.8899100527051
346.05827821145067
383.02837254013866
291.9438221961027
289.8071856732131
338.74583622801583
387.0667491328786
386.5002142471494
352.6068034925265
382.36039612069726
320.88644800381735
356.2463884082972
357.80432906589704
352.2091639362625
432.9948944132193
324.14727138896706
297.60166903800564
346.78321156819584
568.521916378173
589.4014180814265
616.2726711494033
365.55624811543385
351.00208612228744
358.3503670983482
325.45934240793576
302.5078875248437
326.0684336172417
354.3369381285738
339.675982467772
418.6846720809117
468.65012866968755
465.7931365252589
371.94558940519346
348.16692481789505
306.08157608640613
312.7808497508522
351.2589774391963
342.0486243953346
356.08899897534866
373.7061299662455
285.56748538214015
340.18429957836634
329.97697300073924
376.3012110283016
377.7052625230863
334.6154372970923
392.48383155307965
318.21280964283505
339.2321607172489
380.1725672510802
328.51077270292444
362.1515700369491
301.7795478164335
310.9355382596841
320.8508787592873
304.5437437072396
373.9615966111305
384.39700670336606
358.93234010844026
349.8242132222513
265.0052652716404
369.1579893826274
305.4141531466739
367.39135487907333
361.7027721221093
343.5828842764604
350.8080053375452
360.19105916057015
375.5430355173885
404.32119022886036
349.2006241779309
334.8244024445303
367.3590529235662
342.81190841121133
524.6480263684643
333.8955653386656
316.36622918612557
338.42320449242834
382.7346291359863
298.25076309841825
369.6713874647976
316.4936780499411
322.10079650301486
310.3142542219721
336.3104112856672
287.1506474324269
291.5492050849134
319.1513318621437
337.18883355351863
432.3611031479086
362.26752901799046
354.5689834585064
316.4865477026906
357.95490352704655
347.9213891160907
366.8827876226278
536.4005938074552
339.3337490716367
399.9081347788451
352.9774305532919
457.16535166424
329.3748348839581
322.9434217477101
335.44861506001325
394.3716835977393
321.4589324988192
346.7447086154134
378.78547540761065
292.48889885796234
356.4951598881162
311.9899019487784
330.07265189819736
299.9466623553308
337.7406475787284
369.41449207800906
289.7850483354996
387.12377098127035
295.76662183745066
323.86608863965375
343.0476154735079
403.2316903533647
315.0526303233346
319.7255808720947
334.4928746977239
310.3890819432563
315.45420240360545
327.7191672239569
343.3647830224945
304.376788343885
303.82295750099
354.9051304789609
382.8767629193608
281.5309139168239
353.3585798742133
388.5449219198781
357.70023567264434
338.83766052575083
362.9642765860772
715.8539703376591
493.05277705349727
357.8921905087773
425.08981935394695
405.9999813141767
355.94028748880373
341.6613869231078
605.6562919314019
888.2920994051965
423.6309824383934
380.9613341721706
370.59257590939524
343.028241738677
288.6691287475405
345.64714045415167
360.6055289757787
332.371337563789
302.78192925668554
345.1609765702742
361.4282072132337
342.25453614996513
291.889421764703
355.04013293399476
310.8572767928126
316.4774622382829
330.9561085164314
375.65030300989747
398.7098876166274
726.2161939985817
396.2935998776229
316.7511209998629
389.35342399490764
359.21388070855755
324.3834997458034
300.05248431529617
367.09202383400407
632.657802869333
344.6659326692461
1184.5955939280102
463.81313042517286
389.36362862144597
282.32301580673084
352.4954233816243
294.85278582497267
336.1557165774866
394.9789741210989
281.26745853363536
359.3390080339159
336.7716576104867
306.6232878481969
313.0673637891887
320.98861060576746
290.5631559168105
356.22224660782376
327.0857736716862
326.8697238168097
328.43637276720256
301.03501529962523
327.8762314476771
377.41856295691105
324.4149545308901
351.0342327358085
346.2459733505966
304.8529841596028
340.3466758216964
326.9960369343753
345.7456801084336
379.86626294930466
1012.0222253761603
1492.2924168835161
492.75319783296436
343.2694257423864
372.13395292084897
304.44065830047475
407.3281000710558
307.7842515142984
327.1722964630462
373.67100058088545
385.49828281317605
366.20506114454474
332.6023489678628
314.14583242632216
288.3987807458616
380.6141814411385
348.2182576265768
360.68549904972315
609.3912922106683
413.2651494970196
311.9922915219213
348.78121474094223
373.8940902519389
433.2287713265396
384.36636299372185
305.8017323508393
334.67099398799473
353.92314900812926
318.33786967524793
306.12651923450176
295.0492230071104
318.3079911553068
324.51185572333634
374.3536343855085
293.1721632083645
309.0449367358233
282.03644682333106
300.6642755587818
318.1593427667394
322.61411495512584
367.3356066622073
342.1796365058981
353.2953426250606
311.3542505253572
404.2309621942695
309.3781296343659
326.2616050179349
368.8662763480097
368.7242297930061
359.11147176480154
428.2345159855904
367.909090602363
389.24347796826623
315.0009635234019
301.1115011922084
287.939941841003
373.117772412661
493.6677168677561
327.5102378729498
891.8597641039523
329.5320000493666
388.5811606878415
350.2670144450967
338.2181898501003
288.71350439003436
276.94745495996904
321.6163882011897
508.6828750699642
458.8621185521479
340.7986189199146
359.84144701855257
399.10357207839843
307.3682970422087
514.495494296134
395.95613191614393
411.2321993611986
329.1595988392364
347.70038916851627
333.0930101440754
367.5021284738323
353.91499266191386
341.77762853039894
297.33528839063365
312.923005510238
349.9390008895425
341.51044291455764
317.7605611581821
322.20371159689967
273.8584431366762
351.8589063034742
432.2702420564019
439.6511944884551
646.137007659534
383.9254571586498
401.21928022097563
355.72300154180266
334.83646863198373
283.16110988898436
412.7564165040967
626.6822748239501
392.3487456202856
376.2475970845553
304.2589554328006
307.00203881051857
346.965270268498
361.34930167277344
448.1088662702823
330.99061508942395
314.7710663481266
336.6555860970402
320.2785932007828
416.6913064807304
350.48430764337536
336.5063366580289
418.5357214472024
553.0884835579782
402.33739024586976
331.69984283321537
334.51576511823805
392.48722208628897
353.68506469292333
398.2045606364263
377.28489529457875
319.6788935493678
340.96172954607755
386.2580853047548
2259.4050396630773
394.48632575693773
396.869512587029
413.9123895611847
390.8254351684009
313.25241241423646
355.43786814116174
310.75419270276325
330.5975325954496
357.9852939734119
407.12427713972284
346.82740404159995
309.9607253235299
367.62449809443206
360.8336645272211
311.78187469398836
608.2577460033935
357.4949781993055
359.0294670579606
326.69467664451804
308.3098890532274
352.3006062952918
406.6353946068557
307.73148035426857
295.029246697959
397.36985446012113
302.5392421364668
361.8817192831193
521.6803936353535
422.37332931515994
357.4539127116441
408.9457366759889
315.8141652281047
328.2176951111178
361.5328150598216
338.41232932324056
339.35267774306703
326.0548934239778
308.56565956166014
328.6066522211768
372.99325041205157
340.9975717935595
333.25389178306796
351.6145247532986
360.1391277537332
332.8031930605648
402.8548307993333
347.3270870629931
334.5310547783156
318.3504026654409
290.96558924089186
341.3278401183197
348.3460472228471
373.6708694260451
1088.7143083034898
455.81428219319787
437.73979929613415
371.25474469567416
350.5947493702406
348.31825992494123
708.783598041744
657.7350516342558
361.0012814391521
308.07346984907053
322.7334146554349
300.72819393407553
331.39727636036696
302.2184419846744
397.05574908998096
299.6047211767291
306.86478368891403
326.1361684994772
452.64802443870576
386.83179580036085
325.99652418412734
379.11417067440925
277.8942948770127
313.27708250220167
267.4291284997016
356.1638720370829
419.99664002476493
357.6767019093968
350.6867075065966
582.9427736010985
405.82848060596734
306.4562314148643
314.0502472219523
367.6117307138629
336.73412382940296
302.46585913351737
326.20601194899064
617.4841614009929
353.4146772332024
383.6028283314663
345.8616555784829
308.4665507788304
323.0313158313511
356.7144565617782
313.1316784264054
334.86869214405306
309.46457756723976
358.95173147384776
359.3063579897862
331.9121270943433
299.9411649822723
345.18533876817673
342.3206597244716
311.49150646926137
342.3401515025762
331.265210226411
337.29407296609133
542.6605102715548
446.4308453541598
435.66579191345954
322.73044165963074
368.7709731348441
291.5328838566784
332.6536584534333
341.147254306823
295.69004039268475
293.64904611516977
332.2818416990922
364.47675175603945
358.57478650310077
304.14454458112596
337.8101692770142
343.72338219883386
337.2062000578153
329.7394504752592
316.63464016857324
325.705985272245
340.3223488687654
346.6288124049315
399.91252630611416
332.0560981997405
394.58713626576355
314.0299828770221
329.44597927021096
275.3543222369044
361.90036453463836
294.5013927934342
338.7706405574572
315.2955010908772
312.5924515599618
329.78021941677434
338.6448232309194
403.36834168992937
344.54175965540344
343.81279240595177
359.92075591377215
361.83897932141554
350.8933639472816
323.7539026249433
320.6742402804084
354.5563594903797
306.68322824290954
307.1952111379942
335.57675802352605
371.9607623197371
379.0116875889944
302.10333171044476
399.94527392165037
300.50432460731827
295.4666366154561
277.27632725361036
326.71523683785927
360.7032155459747
324.73821397835854
444.85167943226406
418.77113397809444
340.9743849656661
422.7679083503317
540.4396638442995
370.4858502909192
520.7669584017713
347.4630631164182
307.79076383652864
305.29948936082656
951.9635815446964
448.97870702377986
351.6094038466108
617.79739444406
419.94076492311433
372.08927988959476
383.82822797232075
310.58336172276177
328.37452272325754
330.324947663059
348.70276212028693
340.2601706762798
303.99129074200755
366.1768044907367
305.8188410808798
314.695663511171
328.9484722826164
