317.5801387256107
254.2549961003624
306.54076510976506
251.17511063744644
266.98330294196967
237.99569131724024
255.4426208553018
216.04911129276024
257.9355642387127
224.75415536435594
244.90085549234527
288.11943244702616
249.19612500531957
216.83228941778225
322.92353887674744
242.56494910254787
235.05749570182252
215.5639405559068
201.14232463151984
226.49132043130066
329.6947616577445
271.6911944410367
267.3851618034523
225.8089760783505
345.47854318542977
305.63168564151965
221.88050516164003
235.5996875658575
222.8040267383667
269.40473849577575
223.72989999511537
261.2761275027369
236.34626996392035
275.87985291669065
250.8759569851518
226.37158259946955
219.43770515359938
194.93286054412602
312.834987043223
242.27360737538584
232.34273605737508
229.16564386324535
255.88474548590784
225.51697338785561
222.68931172527118
314.21266838207157
267.46441314823824
268.65191496260013
223.00938521859462
278.4823539449044
210.91763909182373
215.31912027413455
261.93992797363535
224.76592480972795
231.7925132368473
205.30403252346696
279.2916908481602
275.860219734559
273.0791562434679
234.6919891196212
249.1653253114764
289.46335596473364
232.77219897333816
248.15785455477635
245.27105138465777
266.94700715424733
236.1095672992742
204.29924437767477
171.32159812629106
230.18309274791682
228.84497103032845
169.4977174260166
256.7349879466019
281.6633142104147
237.88497305714918
293.29119716562855
268.5430759566043
244.79947768119746
209.08415297445026
216.81159374300478
271.9387673757701
246.06727449156097
234.18813548417165
260.5939848211128
282.73704534709395
267.25306413125145
238.71782466131117
223.29665922737695
234.82560728487442
203.12659281658853
220.97405753403655
218.86720753288682
236.78704741532783
239.40194234100636
306.0720286805881
253.52244419307317
196.81894060484774
259.8101766056134
221.98481211197213
229.14364178673713
245.09023157602132
221.0567228603286
251.9328777172086
255.51956700801384
271.7710935328978
253.53320791599617
198.4586720354455
262.2611683799041
217.45715552075126
337.78208699383686
266.32467924859884
195.25142878198676
205.8470948566137
243.98686497388917
230.61826949645183
240.04894974134004
244.40140147913553
241.6092277883945
272.6832652786252
241.3912592414381
245.8450073621425
268.1176349406196
242.1008885243682
202.26579082258831
262.33703891044934
241.75299963859652
238.8458527187977
219.60957588560996
197.74287388000084
314.01712671578935
267.36680635793164
198.54966668794805
220.94060379063012
208.74032014895784
182.7548716081219
239.18897978105088
199.1933468043353
203.4318366739535
213.08500873547018
249.54075736171217
231.54480249989138
262.07302332585095
268.7708541275133
245.81750263274444
243.17421279476548
219.26660514032847
234.2665304827242
246.15704691879364
220.36032518767024
218.92546855788532
215.86496437667665
217.51606658388482
258.4915927287366
272.34164290373155
209.50905054024042
253.05736629926105
239.94525081999018
295.29148297187203
196.34117656265153
245.74945007909264
211.37453450397152
237.8571733634235
241.26383953635377
292.1066334306306
196.4392282707704
218.6903382403616
215.82213286570186
227.28549762241164
248.47387755228556
249.82333740421018
268.3021106814849
265.0034675848801
257.6707024620482
258.9075446101633
296.6111271392365
196.16321562446683
286.7905388471481
282.1288433862501
276.2226785234161
228.09152223959245
269.68194414164464
214.11028833939054
214.42398035865335
297.4829002901315
286.5438235991387
209.6164325255595
294.4277849116843
235.99144101983256
214.52115622824203
259.2504063565939
226.1262151773626
252.09418188957352
243.27886606613902
228.13610878436884
280.30787119815795
248.52103623840958
182.83084754628362
253.7632412319581
266.23677884489007
218.1371678017167
229.33987541120587
235.0962055852724
259.5227675302958
223.4650314298342
219.87011596816592
245.3165911450851
243.7155449760976
195.27989264457574
246.63399969698366
215.33872296994377
246.14024678846909
254.67305071769806
240.66066999609757
230.86452722449758
250.06131170168374
204.59564022754057
236.76060408604098
271.4770954948908
229.84837750600855
260.3643508820023
253.70596260282036
217.60040742672572
258.9902948133895
234.16552644909825
222.46492717377987
219.86182383613777
286.28265287285467
213.06945435511443
231.65565126126603
207.60591684381507
246.3954920179167
231.78458724594384
294.7560236950085
206.18099034629995
305.96516939866706
242.19205687841895
266.3123419169642
193.8881151901005
278.45001519126527
250.8055456169168
233.2920681666801
235.8586412650984
209.52106984642887
240.85481729528692
209.62710828254058
237.6238235763376
233.91641314664594
218.97296231344808
209.72149927043938
218.84882667886268
221.23383481522615
294.0146215178611
221.9437959387942
262.35719232014526
244.0463175000623
244.56837454967172
260.76309736563417
294.9811382269472
254.379099403086
282.74156923432747
252.1915595501996
210.66245752104442
226.11256023688475
220.72133139659854
236.24323833201925
267.82805439015647
236.43785285868944
216.1428055219876
255.76900441552425
209.78684008010168
211.1527249006176
236.5040980551712
226.62680023872235
187.45904143086227
246.30455617709958
212.0462209329271
273.26166241586907
218.51578101997438
200.0293434115738
230.30998604747583
280.1123843215755
256.98985094619275
227.54742772862664
210.91434499737807
234.08825807707035
310.9237461670564
247.3154794672737
216.14594174959348
226.68361245360575
222.77455183360144
221.10537343010947
253.2084609509766
219.76483582361834
206.85714173111774
196.38540498749353
193.24655076151248
270.34272734109254
285.4863303348684
228.8234370688442
299.4659393020265
210.02730757919198
215.70825755754777
218.23046142263047
280.0421694897377
264.38490590704896
240.9811631301418
233.47364852181636
274.57297377118084
213.32527153930278
252.82965946904733
235.67370010628656
225.16159044562664
194.7999061413575
239.24661159116658
273.4427095327701
193.88872884915327
222.70488215352816
205.81737581950438
205.60553865824477
204.48015670877066
211.9378362011048
262.4363506980444
282.3708844009525
288.0659279529791
218.65087592380587
260.84148367530724
232.49221480009146
177.9737821964809
248.35113513935357
247.63923863280797
245.7637783113605
236.4226783841732
260.92268488934496
236.87133674221695
263.07961815441377
295.48794334406557
278.0419734747702
242.97047238335654
269.33713873967645
232.1095708001958
245.925989594165
269.7599694136152
307.732140603679
234.64352356830204
231.1876295615948
192.65558931905252
273.25115674265544
235.54857323830947
256.85573870668304
279.7411011934455
257.1378499509883
209.78015640270314
239.6433979251742
257.87816606945125
244.346995106549
238.36479164133198
233.48641912263702
252.9874112692487
267.1372008552571
291.6901145918673
257.3104599983926
207.00753033946967
238.96730361689697
249.48836567149556
267.98372477738303
230.02782892095274
269.63470282063645
191.8110045880603
271.2081581810053
205.71790444332873
241.84252865462622
219.6762652231555
237.6054052454565
279.3844737625186
196.49212331679882
310.8307985534775
286.9793951874599
197.97051506837306
275.00228586641606
244.21103444132314
255.5480557641422
240.69199884709087
284.2407202329632
210.94558895872615
260.5464064539701
224.68932363802742
219.81805630101007
223.5717012009991
221.11927268709405
319.91444346772914
283.3616615108185
248.91407233738573
237.01956653728848
254.81982173408323
343.6736340091884
329.72465027615544
235.3738730918849
281.74649821243656
309.9856131642737
270.3221674004599
295.4475714281143
221.07094657831476
275.6240783841349
259.0724928412528
236.99484938613023
257.9651605799736
291.1634441401693
253.85734881382086
219.47514866451093
267.21604772079445
213.51103851343214
265.47223358503834
242.93240429267462
203.56427299053757
248.3371524183458
274.9616740582278
270.22824137883435
234.84064397124166
269.82635699937236
325.03781103853544
247.96422275666555
251.907234094484
249.22393443636247
253.48636277701007
306.39304089330835
234.02008711147937
236.91597502910008
227.9796732395189
209.23309624564718
264.0279976563761
213.80977151209663
217.37667276061256
254.7778788661817
267.6436804260593
298.9856929712696
273.67984927749785
296.12148974102456
263.76856646432134
261.2244883731473
226.83763752816594
282.63571564857557
211.12714377422526
306.3046607250726
273.9365843232663
210.08105527887528
218.3517726365535
214.7768738996092
207.85749936995853
308.6982126466901
231.7241519428935
295.6306306554179
232.87619260247448
228.73044813546585
279.9316543381574
240.36747369008663
213.39074908543262
234.76815983360575
239.75594996080326
292.97779949053074
228.0888464710879
229.04601630786783
262.8913854737475
244.8301085960993
180.82508869514277
271.11257079102506
253.4052297534945
208.10607942203933
238.55981158775103
262.1936168660759
207.15558356694237
224.24659929900372
235.8118477172684
286.8858879148611
281.2341397037235
235.68951226587524
247.09127532722778
238.0675393689744
264.3419726821303
223.20512576620968
235.0151035891322
258.51433002950216
215.20495969567855
243.29122286086204
253.9721479123109
243.95107659581117
268.1138389726402
234.90263155415596
217.70285211519513
294.99756614203216
252.39088307254133
244.40472179699282
232.4303357735189
273.6375399005483
244.28706226844224
261.25091708576656
186.33047668778454
252.84476352851198
230.83508143111249
275.1589913275675
251.68347542411357
245.4149214852514
305.8632012901944
278.1664344294404
214.7595724872226
280.54021413040755
246.94480593055778
200.65679702107445
237.0399426427757
234.56560420831374
224.8783087250631
265.559632707751
237.82833487876633
235.0932492378779
252.59289490674564
223.66454685477947
237.00782154712942
256.8627369869646
265.14477628104214
229.85671004280448
207.0164583170117
292.77203303342685
276.83715507660236
279.69326071377145
248.70530010663788
244.44687883456936
272.8948706813826
217.8843262730079
259.56213495841075
227.43855276990507
234.59580876940163
238.21007242535416
216.1432819871843
221.16408320426126
254.45240271485818
267.7785388646007
276.5727901356586
267.3346753480728
243.48971462700865
238.87589043393382
233.98589903200627
272.42892350262264
194.3513709931285
228.91278496177983
254.15904393052915
264.44901492999634
253.1653476388019
275.2582226124068
242.10603099572472
252.57844896207098
211.48586605579476
282.8449565533083
263.69469683623174
225.89429572643712
296.01801454415545
249.53898678024416
223.2811186274048
260.19042507588165
261.13492061939905
192.39720473077614
249.04978843420395
257.03366103823646
255.68790631613228
244.4747321655741
201.56841680590878
273.0928606282105
274.08499586058315
208.67587453548913
220.68426439451287
215.7925239551405
222.29556570883142
246.90015363157727
303.10554368660087
277.94002121608355
277.0751742756984
284.2924077595817
226.40223259129561
260.09361449751304
240.19496126205195
225.78605179995066
233.42659907898633
235.9195511896687
254.07401390519226
262.1219693510793
259.5142721683369
281.2852996401198
202.10155923178536
334.75661878462415
275.4215443992871
243.5341529494326
259.89867965495796
196.03033391293138
223.23266569557018
245.41985471735825
251.0772065264755
244.7547451291175
267.1337434890447
294.293927958468
268.0745619983354
246.8273735611292
210.49138279713225
242.50428627591464
241.35073848525644
218.0211483966268
243.7980918654357
229.30823026021244
248.9937918576179
242.96828426857246
240.02328755057533
239.9742069511267
293.9635646784445
285.45453502525925
266.4246101809258
233.5912137706764
238.453275875072
256.5526312208385
247.94572639648686
254.03147810787777
204.92156973812962
252.89709954813588
237.48173487716122
223.7448735407379
318.894282799738
264.9506215059082
246.5242514720012
302.6924615665339
247.04601853122585
192.75779036560562
268.89790045146947
238.54872296290705
257.67753871082095
213.28649702697294
246.5013800424931
243.75338490033755
237.3406457293313
228.9362220641924
217.557691600814
185.6551198361558
254.8224136478675
303.1305725375132
227.06194277235772
244.43418671004474
243.6539646590245
258.8569830938068
252.85688461226528
248.82023544283584
234.9014734061493
265.0513926016283
257.53750867271447
256.1269695106603
242.12571920719347
250.34154191164998
265.9477373205591
253.65703998040408
292.56686106233974
254.47869516225182
316.2930345037021
247.4141932867933
273.54390026416513
262.74145985915675
250.14629990165122
270.01393014987116
232.37222386171925
247.15158229364897
206.69131040057982
237.3610351056559
268.0284255806764
214.76309017642052
197.67931714458973
284.5316615708289
236.48647177629755
265.7992131484498
246.50023344747024
261.46661213217885
257.3717463297362
220.43262041878188
249.7884097842325
229.01380365429213
258.15217424204457
245.09244393897825
234.45310424439958
245.27974192946567
250.86317429991323
256.6854293993965
198.1070759478025
242.68821181062958
227.65080166296684
222.95394636582932
179.39673873962602
255.278673011082
223.02919092273805
201.8228440201783
239.48865974805085
249.42916253153817
244.73065656091785
245.10619935582508
264.61945594169083
274.39047328862944
195.72818308210117
223.52917845145566
228.74170632995083
218.8130875354982
234.11547385749873
236.78470918606035
274.8782394810114
226.60935368944774
236.42747852456523
276.1114904341812
222.3472858876048
203.81868841106188
289.69901883238344
220.83856911596376
249.49803220288595
250.14782777277287
254.03625041712075
226.72855662138318
254.24041137151653
223.6544458133576
221.28326146138716
279.6260940748907
271.3083329128858
290.145713907521
307.4698161308479
257.4786857802246
249.45148555620108
183.93924356810749
250.5879107438086
205.9804688031436
230.14670305879554
218.44047891895752
229.11419916286832
203.53207208227832
187.24531785649015
186.5098402381409
204.0283103902475
204.65011898524244
211.49646264183684
259.67728072745376
316.26535854372196
236.14345778318238
274.84798313930514
191.15148456126917
229.95924360485515
211.35012543256744
212.2435456374078
196.47761205933057
248.24904979704297
257.4468338500301
234.04722151582246
261.4033225204912
226.178811247868
312.1718582592439
265.3572851711069
288.20280469959835
266.4091347406211
306.56620668337564
215.8624214506999
260.2275385762623
231.0077236960933
258.4091553784383
231.66893670143327
221.2643660575559
250.8626952212362
242.01203294162406
219.4008180797391
255.02018588618375
246.8066068024491
241.76555394509342
197.23803386531654
236.73594947057427
267.7807697391545
254.69453232208616
234.09262647817377
284.87391483259853
234.32794356215163
254.12706965976395
239.3772788817878
236.23419395071687
276.32662817498203
222.22578785641235
222.97408371118945
241.81299696743372
270.37247566480073
359.43697236309526
293.7728417236067
232.9476149888942
257.32753465598216
224.58093858146458
259.0527780656412
246.1533419911866
223.04372166082612
203.32019487040816
233.78164100364666
259.9540208542894
236.20566408251761
280.34668936693924
234.0019224823045
276.3736455528706
273.6350673639972
254.06434336432721
185.07549100319738
245.65123749067425
220.9605183241365
220.0583694713132
245.71288930420997
211.6799461162591
252.34638891299255
238.99849369292497
270.0761330644018
234.27844334984547
268.04910446316353
234.54506723987288
281.1416491618729
231.723180481873
244.11944314968423
240.1009589593741
266.92591560125584
242.63898408337263
231.65857269481057
267.6398670435592
231.88559651127434
244.87071103372728
238.31979179763584
230.04538366445922
217.68048240581993
209.13762048468925
272.40336215810385
244.4598072556546
241.77884084562538
191.6814590509457
214.9631561942224
221.7574095146265
251.40050388901727
218.04537015457754
244.3352279845567
244.0317666523042
235.8668038099422
241.9184296669846
243.60769609658746
236.23955921275774
264.87815599079477
270.33809323998867
285.55977181790513
237.92951588222058
252.7394992079644
258.02670326287625
286.0022960850911
255.82970839375048
215.08727213033126
257.5020100764523
225.15216163315927
225.36606064313673
269.49799631212954
227.24820255179657
224.40093784607598
204.8989216402697
277.7603993237135
252.5269687397522
279.2474996436504
279.6732249185734
227.47458570371964
204.6196814161085
236.45597610692494
231.75702034300775
217.45520888798637
268.911331389274
259.60809431161033
227.6586431603937
236.98336568445666
270.04203304706607
257.9444987855386
258.8085469213256
186.59507488881354
202.62659110157983
252.34120864910074
283.6438434726442
255.37849003475276
208.24386480203248
222.09853142214706
239.8804720347398
221.19207314460073
256.58690495829796
234.9458497322339
216.67408144375077
245.27149558265228
256.60397254899726
234.05067018262343
282.393633750733
290.08691579062724
256.1246903903375
285.7105167180998
268.0836137076549
244.00720000520232
220.9087646326807
219.4913758893963
254.07629363585147
223.62455399925238
203.1408443863038
228.78514355036896
252.4265143959201
244.2398125579639
246.73611070076004
213.58350466412958
237.74799780914327
246.37394641945139
258.9343745141814
261.8668406366196
250.58283039557864
248.46150817500893
200.50221934876754
214.47911532304715
232.86080070160097
275.6133470116765
183.75442656478845
229.0823130350327
220.90293857848155
229.01727916079108
214.5624006105063
216.35018647179822
220.57047310387134
236.5237203486322
240.78482485827408
216.19552010745974
277.0082115275436
227.54232788019
245.47822709285538
279.43574665140477
221.0657686490158
231.44439307175344
249.973931645829
219.36281637541833
189.0656236403156
238.67878411101992
214.84039585173014
240.91298709710827
277.41764859927935
193.10073171096155
310.58554679874214
274.7987229913415
246.20467116869986
245.15356734060333
310.0324312002922
238.40149418255896
220.41505344532197
291.48777758624055
254.99217940040398
219.8360912404023
255.6312981825322
314.9156144168519
243.85029536215006
245.00300103606423
237.3054754259647
256.2171907548618
211.4413115052157
220.57998376418254
215.78040444638464
290.48082667202107
300.0132271082839
229.7581942905672
263.78162703619455
276.46165011351695
282.2941433041997
329.1897916876769
230.06179584210622
207.9227301578794
239.1092307883664
237.92185754698585
267.19625662636827
241.46411588345654
285.16041555968695
253.8656345215859
246.53690106264548
199.8400626926741
224.14335191147984
242.26303414002177
244.99360736380913
238.9046718585887
282.3136448995501
243.32658096475643
227.0079806370195
240.63824651532923
277.3624185149092
270.5032722525357
246.99575679303962
231.28968676333898
243.90047281465377
269.4433467343624
226.37932024672045
214.85032343814964
262.901935387752
274.8780791919271
250.9978979305306
318.94982083988725
267.27896590033197
270.6872857506678
226.63440636225278
280.7850705551391
255.72161871514982
203.00537065020762
268.08622353425017
244.07236902124714
313.2593559101806
242.99915846073418
253.866662335
276.23115169024095
326.69650521696894
251.47695580136497
279.1048861757736
265.5122439681436
268.73620232217945
246.1251876213355
265.2990722269751
223.8562433756597
242.39192907742108
262.5998469197366
236.0062404590426
243.15327612796682
251.69720195172704
245.3420657988463
228.50391036827932
239.85147668025456
270.1937377891445
220.61456843960332
256.65454711572966
290.7185417531
280.8363249542017
253.31603863061173
249.86912991272402
248.19613123763702
271.8414317649731
238.29463476251112
279.4163464780431
235.54412422893802
266.14693307466223
214.14521335496102
272.72059879492735
267.98977689031744
253.29289073418477
266.43653603308485
303.1185434021172
242.56510540211457
235.16306075433386
219.0463736874226
237.43121682511992
223.98962806572672
225.8948324576486
225.35982933678315
217.88312534071156
237.5141959504981
246.03181556769414
228.1540871753823
220.8330070997181
256.7328640650958
279.3963882345706
234.83364599797642
211.8792787696293
294.6632569213398
225.9812343697995
229.01088147517294
236.10476973760524
218.05646073882235
283.8580528246239
197.02251221769257
229.5624928342877
257.77675262937555
255.97271181060933
214.2712921545608
240.55417467097868
339.51905347633874
262.01998325265595
223.9370590521139
264.5857998788706
235.42289492313284
247.80047485930845
271.74374538840493
268.99325510376366
222.75094324955717
246.3454805163783
265.9671608280041
277.617581813829
183.5583938397467
255.78988673631102
196.24311816709815
245.26017393893562
313.06244449689984
224.84465471917065
290.12307904160116
202.83431656111497
300.6343827176606
251.67984480893938
249.65074279077817
268.8468731660978
221.74120540212607
209.16179661022034
235.16136490699137
243.65993320418056
250.3631117445184
208.0627928453614
260.2706350153894
263.0472409018548
244.87877889163792
225.53753608552506
234.7216606074362
236.33504650200484
226.9442346280557
232.1933032287052
227.1108351116418
249.80039529007627
217.5483858116786
240.95779334485997
239.39746934059076
276.10164684889605
205.55343482928583
247.6740666978294
231.24383225338534
249.2682300907327
233.60236866160994
266.65565974707715
257.7943057976081
262.92395844566636
265.31758935545804
229.39362770161824
223.62417355796788
224.04545320413308
224.8731923060841
209.6898392897565
238.3672305456712
276.3439480479574
192.71639555867296
207.65671578521142
275.62248983001336
258.7986823719111
222.8755340965581
281.9688265545992
253.68053933425108
255.12716288666707
281.1101306101191
204.69603876321344
308.0130275193369
314.23618320404785
257.281711112475
239.110628579685
227.31291011010762
241.20555381057784
226.00271193974186
229.1295953040244
229.64198952546576
231.0933854682371
223.61577079066774
232.49650748161366
217.08414515689947
281.4933721059351
277.23907254548976
258.9325834083138
260.375255052757
249.73059214494424
229.67021168069914
260.02806746185524
227.6297219916596
206.97714445617748
202.22249024396297
228.24530615477124
212.9717407009448
208.47254032472847
224.50939115165966
214.7851817617193
244.26113977504428
231.5898869910743
247.89384502766188
258.1520714024082
232.13934012595564
277.1216426771716
204.3547351079178
275.5725845681154
261.3108032627497
179.745757521654
212.43885188677814
223.40781893779058
192.84697743173456
241.6727598591824
215.15479765436612
264.23860025644535
248.42267239728244
256.8341095559299
255.5796465408639
217.6097175179748
254.1701578075299
214.48663298494648
273.55801821278874
273.88059685303597
238.11726046010153
250.61188083235174
253.9438326380332
286.752402966551
280.4977192118531
229.1304109740886
184.42210060328944
258.2193789483281
254.42888508556644
215.30346284946427
259.3609109164099
273.43188030208694
214.38793582166545
241.80560048797633
243.92235159146367
312.0795827516704
236.74650129594374
274.91313129733317
211.36099179537268
231.40884073649067
251.2199040086125
219.9066499354085
275.55109802953666
262.2746492556762
236.12643685832154
262.2511295370641
242.75405965326354
240.57425537757808
254.66051833913662
266.63682183722267
268.00514478760306
268.8224716009572
254.79155729856575
232.07083707442507
219.6482286772225
288.6192654479528
283.9152467076201
247.09911776613444
303.6133526900667
271.0351366730174
221.69149669847684
259.08102230582153
223.5594999922905
253.79104008158902
268.7748050186783
242.14970276301028
264.2896892610006
279.65815250208834
226.46073728142073
242.9869572777534
230.87236732250312
256.14781632303493
237.59624582366087
256.0747751661693
241.00499067327473
215.3576805771445
251.47001877293224
275.5976468672161
236.77319306944264
285.52473593724426
229.6036200101953
232.97989756782772
264.95317333209096
229.19336464558728
230.80694944161223
310.6596494510304
311.7801854800782
294.71757205890026
230.3753096391447
262.36304829869187
228.0710915242089
233.38882005267078
281.3864560952643
393.7100722065661
255.70289140951354
253.44404515385395
251.20056355727138
229.10598003905034
296.85333585290937
218.81844309030566
236.29063098761253
259.91342491761316
252.45821424294263
278.1149301811238
225.32447754964232
241.4617027641507
256.1953447309206
256.4047342458507
229.58863771270262
244.89332394715166
237.84243241668446
201.74343606550246
229.071771013143
251.2779484045459
249.65386464411858
277.3581753963954
216.2191138875205
244.52033582498552
222.1451663504704
309.543396115012
219.84829859313322
282.73321605834644
220.7386479593115
246.60812464664923
230.18116095213918
267.5639543613652
212.8409425970749
279.851939058688
225.5027495692484
227.70784888381604
228.93985092145158
293.9392504337593
237.87504787067883
227.34392747853417
272.3401618475327
234.63671713834628
242.85158739623148
199.1726731057861
233.82346922392026
213.76659917231882
218.19624106324045
227.10123778891284
242.76345106825465
254.16249797627097
230.09748158522416
237.87518165633082
225.14528415666427
233.1115963663906
270.37862549029524
269.729803455004
283.3446357555804
183.15649021527497
233.72789986489806
268.7461001119809
217.1935854831827
236.58999180351384
276.2844933804008
295.2700444179354
245.41382721666014
234.9249958547298
219.47703934222227
263.7455054312013
278.00162965396885
206.34107859578216
217.65531797724543
251.4240238465718
255.09242723492207
207.58317635429557
260.140358214383
234.01725585915847
225.85553253663238
213.29973501054337
288.3475385562051
240.3815828060615
307.0697974425275
239.98423127492424
214.38717097137123
261.86832865781616
204.2410100955749
279.624076926033
215.22285189677496
253.7822463050834
274.3788394817966
246.5295482193469
237.70279882563045
248.5573124627117
247.02061839116504
209.98392136965413
237.25686562241754
198.19111716700718
292.58455425844295
248.6630817752448
271.813977187674
197.6498898153077
274.5238627339131
215.42150409310125
228.90985265775817
282.51162925589597
247.15772417967673
245.494836862199
207.38224688213086
220.38816460879752
263.9724025701289
261.432246306038
243.9465729535441
214.0772543089697
256.5097818853101
248.50572078319965
221.67487322137458
235.722196447663
261.3830349763739
267.5885769421584
286.83407290361356
232.48176860937383
272.7250834496226
241.3999563838588
221.76350641681347
282.79751302313525
251.61085977574112
236.11500333220465
253.46619078761432
235.00481979263714
210.34021741780452
235.14203563774936
218.56521773774875
257.6289640485775
258.268737177772
241.7177959951805
261.08491134108044
317.31605302885873
226.01923857082147
212.14173816196853
252.79191079502925
199.0011381956865
205.3172016783501
241.43117069546133
262.2677894346998
226.67902586283162
229.37152081145905
253.13231532194186
288.26002844265895
246.89669684774708
192.2834760407568
269.13779850682477
225.50804197916295
236.00147831626236
221.3381526870653
219.00601251568878
211.30556748685194
205.34698436560575
208.16837578819832
266.5461902045645
258.66885679768166
206.18652733281488
274.2722792122513
281.00050491228467
207.81897009757813
280.2344831758528
247.20119687763508
249.6395495419274
244.36392417456955
235.3084162962041
278.7110317001934
183.33747594011948
249.1736762546352
241.25785033626016
241.53183366457233
302.8132087420672
237.63621298322687
279.3240769247059
208.19053774519125
191.26322290301323
224.14293855050346
276.7735360748484
224.3748946134583
231.44948013481917
228.05056868481915
218.61163307365496
258.5593190492946
271.40162186691305
264.9840283005615
266.3067898831214
326.24180435360176
205.41201967955567
281.639965956565
223.30797504872316
241.9836352278362
233.59088458068436
237.09919558902038
267.4745731097646
221.1230306198122
248.98786064470187
272.5015052134986
229.8082310509053
226.47989363584202
252.1658897761954
251.91224411688745
237.2043847941677
199.73191517958185
249.74690883531002
268.14793749392265
218.67811519955285
271.0689294508775
177.3831753403647
224.28080421546474
203.5989123811596
237.27135544636985
227.79295197781175
203.62519036000594
227.9480100852088
328.2480568716419
280.4767610603012
243.47251188609516
225.54854282160522
261.63982581562595
304.60330783581594
238.5665304987342
240.95569067681208
251.02622013661312
222.89626186905662
225.7839903924032
193.3951772332657
214.75956328056054
215.9919388287235
233.6639116948936
223.19174120016396
253.40261443780037
222.68960131617496
204.16267403017264
255.43234265432693
223.7245270878775
212.30292034806916
201.25081888074055
255.88584427325986
222.54875961586367
269.85510257119313
237.86773357371567
257.608668335306
246.32422107452294
218.47316672059242
245.13228657684522
186.11509916785872
243.11231149063678
266.5275236092275
237.33339128951775
242.02378421078902
286.80459249124397
276.4606386598898
267.16796272364445
227.5220096912235
193.87531067914097
266.6125448390958
228.35208819521358
244.04866918351036
242.81719551986316
200.31112669303548
221.29324232949875
259.2717021064018
226.8052888121456
239.2651153684128
224.096243578766
204.2847773716203
232.70662052260013
214.24001955467975
212.1969389828737
199.59129001689143
224.58005830005277
266.378798511636
285.2364786512335
254.61425896827132
270.4921854385175
235.62512436055113
235.40890201414004
253.6528835973004
198.26054081274197
221.85426970367553
270.4185098168673
228.5039609663654
287.55686227668775
268.0209457456367
243.1422781588626
246.5757059570169
275.4105063134921
263.96340050705476
218.5554288471467
196.88064725568984
279.04758336232044
236.37575944053242
283.45137015450746
232.3898201979464
252.182424956467
252.3695608206326
241.1441441179486
248.18349222419783
204.19659696449526
214.14444292604458
259.07493381231325
282.35905549058225
257.84524556959514
232.63838669646066
193.77698599162977
282.07576476433314
221.82678983634105
194.154671789438
247.282120023272
238.35773046623217
220.19118231680477
276.8280717119342
240.5523825249984
229.4245321705239
267.9704334423295
280.61191897297977
221.98595256119734
229.98633640579646
229.45990955998423
210.08567271748325
238.31271803495474
277.3629432655871
223.7480865207035
243.34861201426247
247.31066569144605
252.08002805820433
223.16219869046472
229.17471826187102
293.04536727740197
345.41005947231315
211.519723166537
259.4690360696404
230.72618975432124
215.8630332206376
228.73958338430384
232.2290766327642
264.35186880419496
227.2797605507658
243.17078308505006
258.35446271894034
258.12103314348496
234.55613899906166
243.5257129605161
288.03628976421896
226.69591366668465
264.756291429454
256.9289642616641
244.54985728109023
266.6221077092923
237.39340001693927
221.63517174351728
252.49097980646184
251.2273002473521
246.62668475607643
257.9334426628775
265.1692101324443
261.8342009415501
233.0810732449172
209.61358605144778
217.26561366440728
257.22167980199447
255.4793189277989
263.57141919853166
251.56795941566816
238.31609789287904
236.01822149025975
235.67150233639404
208.9873395016184
263.3808900763397
242.42000705120154
304.1852156849927
316.04575791658135
268.7711543207406
285.7024162923335
299.7027698515449
260.6205506660044
232.3078591778176
254.21902549877996
261.6743942130124
228.7668029636261
252.93128332163906
266.64306245266926
233.58308849926107
252.5722369874129
261.8473247360089
258.66685635369504
250.44689886039123
214.14774504862726
303.54731363692554
278.20725025056163
225.14607060083654
285.13112529349746
224.98222995892866
241.39978341391543
217.3714925518143
280.0801831773715
214.27402837149566
255.8072954408708
197.33230532711605
230.61317261960357
222.7713628790225
235.93128403270384
226.85400187742198
328.0062035972951
282.396163991536
222.2299108321895
264.5693915912416
244.4502872801968
226.5309678769554
244.1215389466961
248.56893280299846
177.14586489176145
266.1371205605101
230.66130265663378
232.36986620241078
307.7730239688535
245.64090323698474
247.50062548922142
229.7830390256131
286.5305267958902
251.36120587447658
218.63329347781837
207.93251410860103
324.4620111618424
199.89128103217809
279.38214962382335
244.9419963953551
314.0861309252796
225.71135437797057
232.41254673182266
247.2229264792404
189.75888462248258
199.49637908337172
238.21267893962795
211.74255774659105
218.1799449106329
323.1129932908225
257.4431295018294
268.29208972334163
294.6425150974537
296.4285597912385
221.99933735269587
237.26017451664666
259.0255336124683
224.14039252290968
235.59064450173173
261.98093865124974
215.5151353297988
255.39723419654183
208.55604962527286
228.19683779287152
282.1681300890632
249.85847126325825
261.72118891915306
266.67907428281615
262.2654151992756
241.56830812006956
230.23437885765452
255.35755460924702
274.4736365330755
273.7196438824758
237.14621287217597
257.49570344225504
258.7572802036302
258.9327458104817
281.9710746500641
239.60294695204357
254.68476697913138
259.50150148180546
234.73546380206244
267.56463172333315
239.69740857963916
239.85727995762136
236.52605918841437
197.06585181551054
236.23783390480094
230.8575115230633
202.4248502208502
247.0838389325654
232.82576654053992
237.21539153531194
249.5865183385322
249.5979667744832
264.46593624236993
264.6197468669852
235.99143977224594
237.8892382963095
250.27783034706954
279.37682114256313
239.15190483804327
243.5627960525453
205.12643703317735
222.21711855375906
253.30756406951696
259.6912565130042
270.0474252636777
255.5318934294628
234.74704672564985
265.8678004874382
279.79085938551
217.09046163031599
256.11054884293117
288.51067482394865
273.11713740072446
312.7085090088658
224.78875549894292
301.30893595924135
217.37125764542725
210.94929142383626
229.6324508996331
227.81073312135413
215.28974683996057
246.6795557391597
250.37376679625595
219.20175724115688
220.849364866619
235.32885671121767
261.28334746847395
267.5702840508311
216.09771804406773
224.6714942738763
243.826427058666
394.4979625585256
260.33254059555475
243.34200493182288
328.0681921169162
241.29461196769262
237.80569975747494
203.3039655550383
224.56208055926254
228.87520384031814
259.67101402085973
265.9877767681028
237.5204871975584
259.2862596315681
228.15277887618868
216.29711270413827
264.4683727933443
247.71973872970557
251.62666984909447
291.65366699226433
248.5199225996039
241.53688447072636
212.36129048623843
254.9473688537837
326.58040002558846
205.0952965907054
232.9511160844122
226.48747984837973
272.7762600159622
247.88728792377515
224.08557768166065
267.19336775050033
255.3028797741863
243.982578687137
256.36998533346923
321.25453750265297
247.19971934624482
298.5846747417818
280.01786173525034
243.60260920308065
238.84431225416483
281.64056305150734
228.5528913635644
215.72936621541157
258.3008681864012
189.24495477427263
234.90735727694118
253.72561624873197
260.9282258072053
217.29375739290845
289.0501759884646
257.447506841796
216.13331889326219
210.19935120054288
225.7219560891972
227.70048337744083
278.5222034857143
258.8605115924147
186.10741264896933
238.98531253653346
246.06905489845667
315.36652408278314
234.21835107152583
231.34336581960088
264.16686929331627
260.8681718519656
252.80130369146354
225.73316359956516
305.59563828783575
237.3934139740304
237.1590387156466
288.8335728079546
211.0719978675479
223.17189025174594
254.5343563866918
246.28440192801645
237.9058153788792
239.65724957117345
223.18109151552198
236.40357003145618
250.15631358406972
202.88034219644032
235.3334932711441
187.40433995396597
254.25736148492433
231.15064594283467
235.97114339168184
224.01079498237232
216.43406786350533
245.62517513503553
220.26440694689518
296.2336958848755
262.0600496433908
244.29663436836563
238.1858557377127
270.5867024054751
237.60844089719467
216.2910767137655
233.81155158486217
287.0123460390023
244.86502771271626
242.36858369404217
253.92727550060954
294.937321881589
276.7306296666502
219.49135782773374
246.30546052090358
263.9692201948492
249.23223985749064
260.65393427357776
218.48298114398494
260.7919898874243
211.27543390583014
256.5332017937908
220.40720933279954
250.33121269603726
254.0539519211743
323.4564167172648
260.18855510570575
182.66554955107858
215.27533531590598
257.62018686474767
269.98273277346743
239.88361378217814
241.97124546737177
265.8413793713553
222.4486533771269
230.82879087794572
294.2351598140085
263.252101296559
264.6013061241247
250.7332602587412
272.5286744151381
279.804938673391
277.36348545801593
220.60117888246896
196.3449439149117
291.1968026547693
315.35204060719116
284.04443334811367
199.5801228772616
306.33131279045483
272.65981086343527
248.41513540031156
245.4985390015645
283.23808413697407
232.52165303798392
310.8267031869036
308.5502834916115
225.1387927554315
216.8885396537371
281.9165311244433
308.23483736027265
230.92819893313572
271.3404787495965
252.67273843643488
288.2676263101748
297.6622839755146
249.65792382665677
246.83625406981446
263.75464361940976
312.91765466640936
264.37955409643473
268.69419819366885
241.4136577055324
234.77350040408783
197.5865418537287
256.6592919541872
209.19104956107913
191.79028940177523
201.75810320640448
223.63509334332775
257.87216380040627
232.55918741849018
259.5561927174567
259.1757006146363
236.55983667104738
204.81687006395077
238.59500867367024
248.38131873280508
212.5968617919134
225.10198919841787
229.59356760367518
203.9597058573272
299.2695296613965
224.347356232116
269.8729956925963
197.03511902410537
286.4065405543661
231.63106864719884
230.42388953227783
279.7304969999823
268.41594928706763
302.6087812105543
220.62974799104268
247.68089504464297
285.7076665830682
289.2020934007596
241.35595894313883
228.6641858437215
219.5080771454377
215.50560947216582
248.15533405385213
275.04343240888556
231.7269738271716
267.44197502941824
238.01817106083035
270.9538794212276
250.72976901562652
198.67776940512704
224.37949020642554
210.29301126138307
271.31228000996634
311.2815832183114
266.4122876462643
202.58385840675328
235.28582835389534
276.8633248048136
258.2088177111
271.8429409485543
248.4150997714023
288.51335273118457
315.7557192523964
218.0021276967018
253.4115601828089
264.0087864208035
234.5726703448454
213.488459701417
217.45906778075732
273.7573709571152
245.750343584863
268.6969756267499
242.0329633100191
262.1800050890888
272.178348992893
239.3018135355669
235.09409869462252
211.20769837807165
252.77112171665067
209.58948102325667
216.65313832607353
279.52948622673284
234.4896991350106
226.4316139750881
251.64899505098583
268.6301520743873
256.4987541397568
225.6313529916224
230.9161675783689
217.3557060250314
228.03712734620785
252.24267030367628
242.9857030347339
237.21230305737117
262.9922439480433
227.70283229276538
233.02597189164953
254.85748202248942
222.34859833831433
287.9813561043702
225.72347918094601
240.10586949792923
238.31332795345224
258.01330063911155
219.7024797106278
202.56710934167495
246.96522320172517
234.40186457056552
267.62778889911715
232.22797205881216
270.53470572276274
225.8302373989136
229.00140464078868
254.6043861701619
174.49881163763348
247.43836895778077
240.956381211814
249.31969193095574
242.98519555001985
203.5489577742992
245.63420895132003
202.49288380827056
253.65091966965701
279.69010490871733
343.9519638121128
264.80609710968565
241.90297909651417
223.13181668973994
230.1284048880334
212.2527118100552
267.89552945422474
228.56407976330956
191.9995330167585
254.84708201495232
240.0289968221332
267.9950974858366
218.6247572163702
233.5706990774488
212.2711761923274
211.07183986640302
213.22642341681058
272.6375708213309
236.45650769519852
229.8880363269709
215.1237172531546
222.64605104812654
260.3587166161742
243.69306521123508
238.15593240468297
264.75038537813816
280.53746356233023
225.00695817248197
271.15089725877624
255.98279091599397
219.2895681146183
278.4465839826735
264.8558124222327
219.0729317374644
227.73896993027302
210.58329563587904
286.3174890622031
275.28146015742095
247.9591815674794
217.4476263759425
227.32761134713655
252.10531773976982
233.13437097956194
191.14020399551373
199.92706047307001
195.55221267527668
245.87178394326475
217.6453561373055
272.4826395386481
243.15977282897802
262.57434631849173
234.37457159435144
270.8748403000063
250.4453511419706
242.57745484204497
176.65062053489964
236.76678811811144
254.02041932818247
338.69310452014906
214.18982663471252
253.89994948910316
213.77480827533873
249.9341361175757
253.8926574132056
286.07284067728324
228.6987251797109
246.41331415181048
248.04992791300174
219.05677326547448
210.36917475610971
220.26500084798317
232.62291993782856
240.43882633990142
268.43834047496784
258.9725673964713
235.83861439873
250.90575854538474
198.335590758943
264.6592768848641
261.95396557298955
220.27417411119677
243.7068336273078
267.32922602887265
229.42592167819384
221.13109462847933
280.8405064018443
233.25284380174708
259.6426183069125
225.74157743074466
220.41495527816005
271.07234712468926
248.64881158282515
207.52179380320013
270.20083192235325
266.82088988868054
264.0889414132107
234.79314100765623
216.64001737791114
275.83546147611924
279.904622133472
247.06277015211526
250.9093387145549
253.06266292906366
269.8780728376005
229.07925003499258
257.7877448905492
307.63275408966
280.9246857268736
248.80620998970699
220.84459907468408
227.99352307640947
216.97623933502473
187.30687417346053
233.491629549535
244.95141051267274
260.86923263419885
197.38479698228184
208.7360297557898
242.63431865605526
296.9389225890627
208.22322843433358
236.37229318800382
208.4079933942994
252.37781277182512
232.64360699488316
305.42068408301566
255.38027437310666
229.3246654276736
278.51535402901936
326.9774128104327
272.85582207120024
221.90580834599677
261.5371943494538
241.78233175782952
279.4031699162442
317.5999111342244
245.72757798072416
213.58345248864498
210.2829108433798
261.61401306593325
207.7256961548701
222.3213604906341
211.70179096853826
219.612717628479
266.19500297959894
221.5478288390441
247.73835970449727
263.4043795046164
243.15782651782501
226.00546668632887
230.33809451025445
229.9498298849212
318.1458279211074
252.0802462643478
279.0445402421756
250.021589535987
257.23020095250104
255.34029573376756
217.79449609760195
259.1887737932848
269.06908625457436
245.40438413689844
237.2460320746759
261.77430549054407
267.7426990097156
222.6762042924529
226.33063979935832
295.2669702875428
256.78476503887214
295.23967351706233
246.48284368554596
265.3308512776857
236.89585128473118
250.96246234583668
326.9333307435736
258.0774020239478
224.81936308194418
250.77377538674045
249.99418351356871
215.4563151046168
253.22886662674136
210.84158564417157
193.79525334131904
209.79912237310782
217.80606242304202
285.6583522367291
206.48781013675034
268.1051547295647
221.90495364484377
239.78312918753363
222.6108872120967
240.10686314606573
215.63982049841434
251.31198576511815
229.6331932785688
270.43253408686724
250.46199307928327
298.71308672230225
263.7730341005372
260.69232163380366
221.1332665636437
211.56217141170055
228.66788989992347
238.67280916287564
186.04301150655374
235.06921310874168
198.71188794565387
216.3858328963397
275.90535066998564
224.88191779667977
238.91344984224997
220.94781525083818
210.74547538417391
285.9884988608537
303.8914572421927
292.1243168738438
260.9642705086153
320.67718433286063
270.4352170525817
224.25617735716514
235.79837902798317
232.84979680844117
215.78566405572928
251.6729611910414
281.50143850035965
284.12949773680884
244.82293924503028
258.6269770186627
222.40656599623617
254.07422255410347
289.06816273671575
230.36377008957788
282.3169951229356
266.8481580656953
227.36531753116287
251.83772406866774
266.3228688852396
256.85882523085456
237.78127459343523
230.51563855388667
253.8349847892532
248.12898428121116
237.73047219938599
233.25832520390395
231.17749478993937
239.35456470784266
234.83429130376317
257.7839628213551
273.0783128803596
204.31944010045845
210.0222659430001
260.6235679774545
265.94937752222177
225.31453603261616
243.713913664571
253.5499577311566
209.75196531170513
226.31084077607375
224.41507471515797
227.1204188078409
250.72552502457984
243.88916387874633
235.43348269059788
266.8598233864177
237.23604969051667
244.790777593269
241.6135953271296
230.7329531821888
236.1591954336036
210.64048047584947
195.2731185290031
215.85339545027819
224.16930908779614
260.21491440664977
225.2039559975965
231.36951297463384
242.84403950185515
222.61520228593145
268.7365306946449
292.5854793722974
233.47030652023386
223.5499590432737
239.50292423262727
298.5691048046574
226.87705663067754
254.39323530567344
214.07399697205983
237.78857980074827
263.3607493020827
322.65110995213035
213.95026636891998
217.2973651937209
228.86860690440517
224.35435336106457
236.81326765799895
246.61206882540137
199.1911137922434
289.4306433420861
267.3599875017535
258.99162418488413
257.98017172922846
239.22744364012033
215.08721279003657
195.30045982683077
257.2782053500414
235.29358579451218
246.30143997468986
236.5108947887784
273.7997074832674
247.6555525579024
248.51796681806445
226.12323244777508
230.23195208783727
209.08694070368074
263.25301958003547
227.4313786001876
283.7875706482446
319.9571845944738
178.9503346127458
250.7740802911576
210.7888116609538
225.7650543183554
235.6444327721838
244.7912590635242
231.16951370146126
262.7647217431804
253.08477689046413
269.90111037157476
213.0810393297579
264.7378600804368
312.1745306424564
263.1393603228498
227.46521593537182
261.2943217139691
248.5500469696708
266.17270286683924
253.96957616251893
179.5780728047248
217.36329389095772
241.82370769232512
220.66268795134965
266.734306333703
306.7507010746049
259.08701314392965
254.59015249821823
288.059922469547
193.05586891958956
217.87692034291103
247.9551343381172
260.98803836631123
204.63397023663856
303.2506335611688
308.868062440888
234.40111832437105
210.65688095369842
218.85807600349654
233.79102650959976
265.2463189852424
303.84339204558637
222.85695217759348
215.77239758102223
272.56805581145454
244.35319385887124
233.412134082173
268.41132433898747
237.866452488699
236.4883666562382
262.71301884180866
264.7263473494677
232.63519616692793
212.07223541557323
227.5071026807418
255.2864268036792
237.05859874479938
240.49205850285944
224.4316720450297
201.76964665821288
236.40574471245054
197.30459868593607
300.32537776220124
275.3791987427976
234.78140454378445
251.26899642322678
265.64466559921857
228.13954443694092
229.9818469202146
213.41732692392543
211.85623294045217
260.7073849942535
238.9622219845187
261.9337137406692
182.60849832801614
297.73185500351246
225.40942225663457
206.57012716913596
287.9795999279013
239.78353093657643
226.33980317576788
301.5581767219119
242.8902960284613
290.73003526974935
228.44110467191786
256.8047640584409
233.9165497275535
247.5849489364773
243.38435365178157
242.19855542085133
238.25234633870423
285.82699875568505
256.9069953493308
244.494038883131
270.4995342490729
230.82870737893973
225.82812003884465
276.75142212887295
293.2442242964171
229.65627158491407
223.4882399942726
270.32532405515667
284.2979432918364
244.25619273539633
267.72607292199973
248.86560061806813
253.6774901022436
220.4410950426245
277.8400755292969
261.0925710654119
201.65300580102485
236.47258312464692
206.46907921810634
240.10907171329018
238.80531246913597
254.63512630818877
208.10006541444454
228.0283245780738
260.6212836030172
225.39877407369204
232.8750473660184
249.05664380360395
203.72745162027422
206.50165088975336
213.1571764955297
270.8532890515635
253.9831920611905
264.22726655425504
274.63178650522605
208.27322035608813
233.8995556187583
228.69946309097577
224.3098458221648
231.1447970403824
254.828046846902
237.9633974606404
279.18024428223725
205.85138109198306
211.9831707276171
206.62235929828603
256.41806885635015
264.9085339324083
264.069504412706
215.45933379116468
248.2397565251449
206.3026719825575
238.18635924195405
259.426989832893
265.72961106093135
259.74282914446667
282.79761530365795
225.57444304437377
220.14963233633898
292.89125232666265
342.026016550255
245.44531914417166
222.0038297183346
295.95385177608114
251.5884707607329
208.16911710391287
248.5323442928493
227.71682307252195
264.91872996476013
237.0854374760529
215.9762059089262
240.51652641256806
257.7158542985562
219.10957387194503
242.12933482055087
207.64761164446827
249.9897243885789
220.4415824393509
185.43095740536228
230.0671016535489
207.04763123975135
238.2718251105398
253.49283705593552
327.9085184535943
250.6585211030906
215.11234452051576
232.36261405679397
233.02577219356317
226.40354590467177
220.08424270059913
224.09965930657927
184.85007461125497
222.3349948580144
237.85983062861487
247.19346725312062
217.45564078597818
225.845227445825
270.3282317946432
306.2498490224825
218.27958829095587
196.43396211671643
255.96651738439687
266.6991004636511
224.5036689803237
249.14268085733056
261.72695811267477
256.6330343702575
225.91808219975792
206.06296145543456
265.4562135101296
215.51304716221057
238.44864515087102
260.0349737741053
242.21801457589027
218.84565191052388
265.9303605896421
215.00654277286958
322.6701505052624
260.54920148686506
258.9343648314243
222.74827146076132
202.24619090289343
250.5712040507933
229.85148641373962
248.22590734472033
214.59085563593544
221.39534354186617
248.26357307797298
244.1804854631191
273.18217119399924
302.96397551882546
216.93561821070034
204.62666009366512
284.63326339109335
229.63502501696348
255.08689026883803
195.1172565818997
276.94936097576283
206.6316319135949
215.56852440419607
216.74574817018583
189.78238529746886
306.80186808493454
218.10907040629536
258.75403308146633
270.8605924975127
198.96799262030981
223.54669759841636
246.91083472361788
239.54998473345768
223.99729108822066
262.98918061191216
221.46209166117478
279.66365560970735
263.35712719801813
221.50585646694526
281.2811515767826
236.83331433450803
217.23829980217852
269.8375033690827
194.45614008861594
222.48386314534582
198.55172945233062
208.70538128865883
209.17600892251357
201.06418665812816
215.1262800109107
261.3172857046593
197.00383896951098
212.6235142952064
282.4201428486267
260.0809077186277
202.23506676696707
199.7862761216238
248.3816122598946
250.84481776645407
211.2678749311017
261.85376384854317
239.50073813041672
250.3379840173293
264.8806620137766
212.37881787575316
259.17349638801534
191.25551971164532
231.67789553524926
238.50696511485148
220.8240278500598
242.4754492327338
242.28481238894165
286.03196356690023
225.51280768448487
274.81168038153555
225.69362636387814
263.0046151166316
253.6247570120031
243.74543221923523
282.61753653909545
239.6710148905404
277.02270393585786
235.42648435255978
228.2204555006465
252.72685186879244
248.96571916877292
246.21323578665033
224.96278310124762
230.8528638634598
273.6067903918447
230.5520193373086
289.70319571963046
235.2820827338146
265.47271673358046
291.9527658158913
222.74126634804998
252.49412726575974
248.65387664956506
203.43177740788087
254.57587317214347
225.36106757668313
264.4617754642386
246.4194316631183
243.24713191890623
262.84877428470645
282.527714268188
288.050403214409
269.40330058464315
262.3353548529558
227.1959712235257
270.87968307884876
236.4563390314579
252.51228502008598
256.6011711601168
240.10190762602724
240.31452703278046
218.09080388618167
261.6643897854956
221.0496004759334
232.099915249506
241.19020687253214
256.72824656486046
200.59117409575265
264.602834707126
270.7359363513533
207.15888362342957
238.52027963171713
232.71218943118583
270.426292843651
233.92176636890508
206.32401704019867
231.42514848464634
287.4205237693386
226.64870298688766
209.43964138033334
227.15650711988565
262.8940821364522
288.49430410924833
243.8505205650581
225.32603029208258
189.67889539489988
227.90033706801478
253.62483439350035
209.2499510407215
233.54888459981885
235.46089400013443
236.43414967367426
223.94445579464082
208.06914891675115
225.75627181096934
272.0683951494284
250.36329112609383
276.60356944135856
211.79895044956356
248.43124312069267
218.78521151083987
249.85624539433047
227.8619025904918
194.6217166329734
248.67265051952563
293.7667669223156
234.24505700787995
214.87830633600242
195.45571919926442
205.36305671266746
209.61478263838217
215.06155658955686
247.5487686431734
236.94521138863638
265.25783408083953
243.6699366972316
220.1094282247359
248.77579879784025
231.42393231322058
290.9695335510187
249.80037283548154
253.8288568055723
241.76258451060858
258.36312999308575
236.90238217590377
254.36708654253744
225.72496241214685
263.61316259601153
250.69464048626833
254.59908882935997
268.6780142117059
305.93979942484293
226.61003750818782
269.74287544668186
241.93132163002156
281.9228342054412
255.8377203391865
217.33304760197643
226.158060756512
200.6043872841401
297.77512437291443
230.25368152733427
246.9841710915789
200.34113273292314
236.50641586619895
273.7588658093009
276.3407039649319
343.1478663139278
276.3283719137544
237.42623199347872
232.06439657392912
241.78971703350544
246.2671608173987
219.50218225817662
251.4159112579655
257.5841945761349
263.017630653223
234.6992477235617
220.19585665606428
268.19073467643466
259.02548387099523
264.0483550695935
216.1746787474258
224.11218090262264
255.73496517690364
272.30014046060387
254.13034024520312
211.60984183766413
276.14281093748286
238.6691533908015
222.17408356885426
210.99048326467164
332.1015268461779
240.83748373319395
216.44405515980907
272.67722155025695
215.32876685413066
231.2531089016702
244.98625649756286
241.1492775666993
241.74920550524257
246.38330913661048
269.32918644626625
271.80433983297553
266.16034761688206
260.87974014668725
231.7718606723938
289.55901973100845
225.33013398654293
271.23501282115467
319.38615096895956
252.465050344239
250.93641435098834
267.26041106297635
266.46962041419465
225.17193934763782
234.9856254956685
323.30991363862995
287.2305836621672
224.4332739134552
284.2482283071149
254.18613362847827
263.4901483252179
247.11331086594146
277.43559065740556
243.513883511303
258.3777357493527
279.11566344089806
246.27848005329724
276.6136240334017
289.9257986311568
283.0586763684405
248.81239895243198
386.6137780225836
231.74850566789974
267.13567662227433
235.8389453474665
303.1247993540019
252.13099686219357
234.66795309935696
226.36434717965312
241.02613827504683
269.07163202611264
252.41028215549886
264.7265182703268
275.08004636876285
263.5202383053256
256.4146990884328
235.52664661000017
236.76201118412428
268.87736014905386
199.69383288931567
275.7718149384018
230.81328530795872
240.43214937637094
222.7492815926671
225.08275549893733
340.0566523583839
330.1878048534272
249.5865296665579
252.84964512090664
279.141875041998
215.51990328112151
238.16318549390417
267.73581240093336
215.9524343557423
214.2122191900853
284.05094683205243
278.60225821775384
273.1800064156996
258.93677779787686
296.4500126799103
248.3718927479349
230.34100581798702
277.1675477701938
222.80080993031152
275.996817674255
248.9432445758721
299.5751013041008
206.37470850988757
275.57271476159804
291.6375369349262
243.4667327213101
246.1203210747335
214.97950070456136
222.62930610543117
238.5064928480424
188.80951814644504
228.68300561537035
286.52023466012906
273.5040240495
268.2419616250554
236.80126874218695
268.56043285748456
249.2718360312283
240.70230471296236
231.35802043625154
266.8444675531937
315.46050910267513
284.57140585640445
374.0250320073683
229.15811692841817
224.88342981238384
257.5778820263222
248.38081851776224
248.44359211833216
252.8620929500321
241.60779258410912
229.86762559704948
235.66829900012817
246.39328824169934
184.8759800037369
240.80510444531683
217.5871445806697
320.521401663078
251.36253968591336
227.79106634890195
222.30940677330364
216.7915201249998
246.7177519557299
203.78915657184552
249.43313267931808
192.0000379012199
245.98468166566454
271.8607090602163
269.32234419090673
256.50829374440946
273.77152641746216
221.52716795587912
238.81451063673012
249.36295876698568
296.611664744094
219.29584815516137
251.790502844844
247.3871486444259
239.8937558226753
231.6030099974014
281.4628406276461
272.9505850020796
239.44119477958884
296.32877444813494
201.23454883007798
218.40958196576685
254.49288417876232
238.7588676698506
265.97849670099095
218.54521178628784
231.06817176146433
265.2738634903217
252.86874471977353
240.8566236802144
228.1984800514765
232.4036249826895
246.5436711636139
264.18711838917807
256.85363195301034
216.4428068032721
265.48865350103006
256.79715364647564
254.36722902220208
236.77995320770424
293.7102753055515
241.51516108342912
269.1621069650864
244.46846078091767
247.05668209737632
274.57635958644096
255.7451871142257
221.9489647448063
221.6675100743305
198.69055100507103
184.03840431536082
219.2387891615508
260.64763956936076
252.0506895041326
229.4317005572375
220.42474837775808
285.28122441633604
231.6497037394438
239.6417421993101
272.0094315292081
250.39991596760228
219.82853022392374
249.86847716674674
276.3467754817102
219.21765418269206
244.00666620885022
238.89726852916647
211.8646046880167
211.2322219404159
224.24717177113052
273.92687065084465
224.3770892546745
234.3396801186027
211.61838210059796
219.60853654460516
223.07291615894064
243.48781797732227
223.36540798074566
250.1943806015188
299.12447343429085
240.7816594807664
242.4351976903854
242.6344731056597
266.3428735724883
251.18794367136434
310.4201656628866
229.82005653250962
265.13305942632724
305.09602268156596
222.80905972444452
238.78202323871665
250.01982558064628
215.32650170335546
214.40710929129273
278.93703620601445
242.04224892577622
254.45945400826167
272.4356406359002
226.04441506788135
243.76710482826456
218.0929377391003
237.80230723519344
246.01064528839197
245.2050276544178
238.359952197643
267.39949234668165
236.70107228134293
218.22187737037893
219.7217308820691
243.7530766138807
226.57262089720462
274.605369454599
213.9297298596939
277.46700047142804
265.47561626299284
237.51606635737699
204.43503679998685
231.832497861702
258.0164365093224
208.07615669537336
228.87812477559783
300.0578606154304
261.34425344411284
213.98845132323913
233.24494124785997
245.40674878598657
273.9829417169094
252.7168301071506
251.80196783912834
215.59483956580516
246.2156120975269
185.12933393730782
220.46868706936948
198.38550919934642
252.12796375411563
253.60083244822454
267.34309107402805
242.5476010326529
220.0189288831316
218.3193507953547
275.2617173185572
231.06820722378325
221.74742632813286
274.0760606105905
246.5975274015218
188.1574750994332
249.43848349514883
263.588112272555
223.48225604300387
230.76729318581056
237.8342278720811
238.29396166687366
209.61211537744384
246.791867247317
306.8258111231262
248.99244046374224
227.08332209545188
225.11852243938483
240.56980146327987
260.28592816123273
211.27780882129446
256.58188881678507
187.61252496996894
195.36148355680052
171.39194966387004
229.41123073070776
201.65572456049267
237.27944658976048
259.01526924187783
227.013677632669
254.9817246249877
239.363099016482
282.50756625807844
275.95000065502245
239.09278431581333
201.23200322152115
241.07548407511786
252.0430126391584
223.500307766255
204.0348381854128
250.04975956841372
317.7718775009271
235.61503446125425
223.8733700150624
257.10700428520795
245.99024918454234
225.25097221974283
251.6614902371075
253.0835907353321
233.3787578761112
199.6162170659518
257.7814646132756
241.56191538996063
262.70667118160054
201.16334812005516
227.248433131841
239.00127490761224
247.76568898768164
234.95187154063024
249.97700339043513
243.9866605461575
234.51661391416565
243.37866128142923
256.0960341220489
265.25953223905526
242.94831657025497
226.7044072598219
331.28121132345404
215.12940449919552
263.3663828233257
236.03910449962132
225.94142764189746
240.119368131971
303.5028059586184
300.8517084226478
276.07265024783555
281.36931688303594
267.39572901977226
289.9453914925689
222.57087828079239
249.80290206428617
246.40237227117177
263.03461955173407
241.80118324642535
338.14255229756236
234.41911489632912
292.1865984594915
337.27166595566086
265.4563147065928
181.96017907210626
261.45307680487167
216.12008660682477
204.34172952058725
269.77285646274686
216.3455596473068
276.708353066002
224.7830287849065
265.9158049528487
257.60183799802326
277.2745788835455
285.4428460007766
256.63671430083923
262.2766839233227
198.64807454880793
225.78758002317045
279.4444104760187
209.9108279318316
278.0495691463584
253.3118294411106
270.70381660410203
197.87623328564223
265.9097959094215
249.4508872758597
273.0931462685112
264.4720814010361
256.8585389375221
313.93127380346414
271.703591835103
267.3715113779763
323.3549865813693
247.19469598808791
264.40364932536613
228.71303980425
257.3771972315153
261.5353579944931
243.351109702955
253.6609388499055
270.33219396485947
240.1296638729982
257.2334983291803
274.81106562993955
254.11547582305502
221.83767061505932
279.25837824086193
231.09306576708332
273.9271526612574
271.53725956124254
288.47823257150594
227.0164825974498
252.93840596661903
225.3470042994013
268.93018533010036
260.20990761043504
250.15029651368968
273.0851297547342
261.52675720350817
271.61311822303105
210.85497926711105
220.90359680517577
245.59342029842082
247.76966980623547
341.3075213688426
262.5060847555287
214.98803265416063
250.56756893987767
240.3536862396868
217.98117756913416
205.22899605159182
287.432893493562
210.56001686747186
274.2876728635747
241.34577104472555
232.01265537843574
279.78114051755983
280.56992232240736
273.62772579374723
240.06547882803716
331.9896650039591
233.66992130619474
221.9760499841068
229.3863902312005
289.7678580030333
266.0151548050344
257.9062793960329
264.1942074202234
291.6675144779729
276.0392413889058
277.790180236334
228.86135458247736
220.55502473481465
245.19793372717686
283.645033289562
313.50792172993533
279.3326501286356
271.1456301716389
246.56809539545793
301.0962742990814
191.80268054734915
213.99276537797414
249.06430899514817
269.40154847863596
218.20906708016992
228.51640086446423
217.76397448021453
240.59159649698995
273.8342124054907
311.96605083695613
223.56125591753516
273.59847149066627
212.55134625779465
236.45086124434602
214.5675078119384
263.17840006866027
240.6987721293699
222.60577681660652
299.45266790071037
272.28472283657175
309.2114506517537
292.434710895177
249.06822165986523
213.9347682602238
248.69585751974955
216.4416559258243
214.27581048407592
201.41585484601092
220.41035919554997
227.3530401517637
180.07587191346101
209.31646664999425
256.2971836255165
258.8718881640816
248.41022240114398
219.17208810860757
231.89059476857074
262.2363590106834
217.10607439721934
233.31686866551172
205.00915687496308
206.39877252688166
239.45891264558304
249.63110525137745
258.5090905164834
229.03439724445343
237.50119436648674
212.12727218610235
218.92383260582574
287.36356066400185
222.75678370625246
274.8516383607639
250.06990357639734
233.67469530017115
256.46476647339296
240.67823175003286
225.79733917035628
234.4293117574416
225.27102724194992
220.57750397606287
270.48021153290756
214.4110921433894
227.8887691637501
247.5934521832969
279.08157678646967
229.26924925623462
220.33435376582202
238.00218975997996
231.62131469824817
221.6908181415638
230.00247589102946
312.44213491212577
243.05108818388544
202.30627722898498
210.6314638259355
226.92406926152762
245.25654020998627
231.60547317075543
223.31442514818627
225.05378662166186
247.19867183605675
228.27346005279105
225.1429100879468
262.1683725999901
237.1993674567202
268.23727132717613
247.30037328216713
252.98304266179912
226.8827585709514
211.68525364925154
257.95748512947466
219.69494152104016
220.81021558435168
272.3083769514924
215.72085440368392
285.89415385143366
233.902923262096
208.2291336772032
252.98411934205797
235.80606247892138
246.29352284490597
218.60986175911967
244.83573785284534
254.63875936029945
235.89717243681662
255.48847611946985
250.63077347318176
265.7118597207591
289.6206349391723
231.82707985222805
218.80822833045386
228.9740201595705
273.790377436555
245.7713561001001
221.1703149615787
262.3222098874394
229.80706778145395
274.39240834733937
209.19647375354543
263.29918838338926
261.1778090692824
215.93502803484444
270.14007354620844
254.5088397108484
237.0808582106838
260.83369637082797
245.1014367119642
226.71396662155166
251.05815980676562
234.53898889268748
214.7221368290484
226.76467609987594
236.731202809955
263.2205966929905
175.79355374677107
265.9776920020813
220.54117002303246
215.68420514219906
208.90037300309632
238.45768676244188
257.9124457547441
235.46311718737707
239.72398416593205
231.8105370788835
212.35892089479603
229.33658859145362
244.15598287654575
201.88582915707957
253.24018131871708
237.89904364733957
242.8357501977589
232.78803126490675
203.39392227947246
244.75721965776756
267.84359875821974
188.00432578253094
218.2759890567977
229.42167435912415
193.38482880662195
299.17494229599833
248.83553897589445
210.1128259546822
239.9024249680806
250.40141192195006
224.272878891672
259.71748369478155
237.3314821596723
217.4555799011141
259.8408032186562
226.20023960038088
267.7967604716541
252.3920213211095
269.0120124530513
259.4720085192239
274.7516944776289
259.72432462195866
220.70257397880778
230.98592799913604
238.1640224888688
238.11028805596288
179.36199525708798
251.1998427977087
229.02739139948972
223.77266284567304
328.6770268842811
190.53317044582218
210.71948342665564
194.88230516109616
246.443226887146
225.2940399630461
230.64089861069806
260.23100265907124
232.20354318479076
269.8527119733626
239.04505656054243
285.42468166851904
239.88890947203618
211.11953332670964
247.9834878394613
226.68692614557222
218.6279013020685
279.7553094222676
229.55747143749613
244.4056192706339
251.85960990621243
254.2292961877538
247.72925864171702
273.3261280681472
250.72351484454703
281.8873231719481
257.3824884047499
216.16575141006615
233.5028767111944
246.52964441129006
247.93362762173638
224.1642087426735
237.7300901983399
245.6391272925539
234.01697180978954
224.8667255671462
235.09385814296547
245.74519859731663
194.61127681203652
292.63354932516813
237.72904928145
237.66503043170087
281.911188846454
224.6028901436366
236.52215408009943
238.0319209942827
252.16959023207892
242.3607966155978
257.21259562915657
219.81220384279732
220.5113161323825
201.16123395774048
222.37788863573223
236.60523897816893
207.2915443025995
226.5663947032299
208.67755118047353
248.52509963698685
210.70007901499048
232.19383051840123
214.11157256620936
243.38294661196414
282.29782869608607
218.58439776301384
227.31270811497234
261.02904736297205
285.7986797124613
298.2379833566956
243.0238621266326
255.01021394098643
253.6373178975191
264.815081765526
231.0096664626617
240.213872648892
248.97523974091746
252.74299443664495
249.10614963551052
251.7394887454575
241.80442194396164
256.95261594164185
232.82172662799712
279.4617772359634
277.13901385315694
242.55224084923975
354.5299032132607
313.14576417650096
240.90459186281078
315.82914698147215
236.63488795107696
249.68066217331216
241.53135507635307
221.92293677816633
208.24437687708996
220.90774134686217
269.5690974451136
258.1762650483288
240.5740462859394
284.3430530015612
186.92345690913498
276.37822539987974
241.19558139960282
214.8389269009931
230.02252490154933
228.70446490542963
256.6641190528171
235.75938871921971
242.1118603121722
268.38639668771066
212.03342125192285
202.76840201986488
252.39517172751948
244.1451286582742
225.75003322772682
236.306793556083
249.05962664517574
180.83391174545977
295.67967965395655
244.98803051677532
165.8146826773882
249.82202794856858
244.09093367576133
240.50234133924823
261.9553477463778
294.188007852179
208.57607810513582
277.6765464581549
248.60988946189173
263.0162154955324
219.00506760866847
209.86947355244774
258.007393615786
272.09153416519985
236.66863049019594
252.00195837707724
231.33387023571413
219.78579343261663
302.340165092377
227.4544494401198
259.68850840628147
279.43102086207364
233.1738907926483
231.1929848989239
250.13688681833446
288.7759446587879
241.2950524550397
242.16135212767404
266.23478368809447
230.75355666293763
303.4883307381533
232.46304954390507
259.0556348388782
271.3420526079135
245.36220079590566
217.0163823910989
239.71719501225743
226.60795013443567
247.7719082806725
271.3856098242104
218.0897793956101
226.91000220854767
255.35921590821818
261.84945767524187
194.3227506391704
221.6413499651244
244.48703283863142
198.6289713049773
254.91147500125226
237.44183964491822
226.73864488326944
224.85956401890144
231.1866640271619
297.43565770145506
296.7521414932562
243.12470319715794
233.6283677071333
262.1793172470061
254.64006487303413
236.5737790891435
267.6277635412989
296.5227387120249
230.01169060741086
255.49015103571583
307.0916877030395
243.9747049654834
232.37510066642426
256.94222784019075
275.9389870648738
209.75639905629214
253.500482172356
268.9823451361153
250.75294840789866
256.0322117684409
229.50182122038677
225.23857289296575
224.08323196461424
268.1283184160711
251.92165106954053
257.27869752864353
242.25374180288054
237.92816426954232
263.43871095217764
232.4117407874437
279.29247716395184
230.65299743728247
288.2448621438816
236.10821551736444
266.437878597877
195.13436069898307
216.38183952320833
195.27354735077824
223.37192126060836
247.55152201245073
208.95660963782575
212.6574587165378
246.2786027371185
214.15233104198705
212.56797097844537
222.5979778926121
251.75328078854363
187.22302690742072
246.42327636759728
214.20652490621433
229.75636654661503
231.66876172309276
258.1848938805051
218.15197383670602
193.08064909046516
220.1317983637564
243.30672231852077
211.55730270734057
226.22236506734043
246.21434408635832
268.9014536648756
256.8726351741934
220.61191267438699
234.82943469577003
292.3472882162314
253.02075112739112
288.0733178361552
205.45500523014925
264.395306226681
274.7221764323767
245.43654280446935
247.69720033358317
238.00042263651267
247.62072219571564
212.13687338633463
248.7022964399075
212.14455330953933
220.86102428811137
212.98125032545067
248.32149934140034
208.62739937205333
250.29940987203736
227.51143280556425
288.6554873873247
235.16285218729172
237.49056379019748
220.50262477551587
225.48110106016975
241.56138271675445
268.04214104183484
207.8116119018523
236.7824393340852
228.60324404307175
313.37097837403417
226.91216285759583
251.67291690444108
253.08263259613886
226.18317249184474
257.39190356153995
221.33423338155262
228.8205133030424
194.99294599273708
256.1078248670092
270.05326430522837
266.443902918254
232.2264522163896
184.9606529303128
233.92863106378354
296.62799397297204
258.90848837944213
227.46945901867002
209.00376374623738
218.23332803044468
233.6505991477752
241.7971025861334
252.2480699988082
237.52153542917222
271.5354175437242
234.74552679085173
214.49719007313251
206.34901340678334
234.8318082666956
227.79205556993838
210.69686303532217
203.46559148922097
255.0461078255903
265.14974167582113
235.23575447464827
224.2953973718686
229.49279520625714
260.3086824975908
231.20054979179986
233.699360679253
257.03927528799977
240.47987741336692
228.05438519921154
230.02643709315453
245.0022610226879
233.13290943927132
251.45340422238223
214.16381074150559
269.47967991104815
247.25197937653866
240.07643232366536
215.97978723386768
251.5492022583494
264.1347221500473
288.80399097071495
251.90709315962158
270.84729909466114
255.42213429813273
225.61378807667643
274.97095344937406
376.79528364818543
289.3491662075976
235.0338627481833
234.9883612031117
226.9025098850252
236.45095838233829
224.32082074694335
301.6962831867859
284.0657090928871
222.25278062652797
244.9554906837875
225.9054597185459
230.0230179191567
226.8695829915814
276.2934569217032
230.88523000699934
256.0856426641112
287.60648267227225
279.0070127345389
243.686650702497
228.38074165966827
260.0153434955282
257.6672639064491
234.29992122377735
234.34867649781518
216.82820866454858
201.44689825666137
217.56713425414637
216.037141757668
228.66400038718712
237.48689316643868
248.02274070540443
324.1479198161978
277.716556768748
275.3964394457871
267.29268150764983
223.92305691819638
221.62817490461748
210.35570063476916
273.6319866954582
226.3241687034024
198.48306085332297
250.17181900097057
226.91966120817233
264.8573865169892
205.63763486256357
243.3322698668344
230.59805729612708
299.9813266893616
252.83582177304197
257.6997743519023
236.7382153745275
248.6826056864811
209.99946364597417
211.45102715748362
254.77051401149947
249.82460196549073
269.73177145794034
276.28518182912376
227.06232514616568
231.56745959445834
198.80582156940363
235.5293350321008
305.03203719109297
295.50745449610986
296.1258960842388
261.31710600527003
272.334713177057
235.36165537743364
239.75510229961947
237.46917619288433
266.9749593460001
234.88760266301688
203.12715285399463
311.0167425739346
236.633601384121
244.718304922455
266.5274930812884
212.05059324658941
280.38397852447815
303.27519984717946
279.58805800264236
269.5185127045261
294.7365704816766
238.34552397578955
220.16050448117312
246.00492662528995
254.2966615326004
224.124937392422
259.1664363013115
279.88032635638956
235.5106177199632
251.88122060266323
228.09165181056596
233.7638696563663
227.32808853464667
256.4397968997946
210.2862569289282
239.2693081686739
255.02140524575952
261.79217907157727
270.1753697305685
211.22366471821442
297.77612608508207
267.0355583743658
237.57649824011605
270.5853770071408
215.60542955400888
251.0595523052616
269.4273212266853
223.93371623614803
236.14610647480004
263.79519513004925
207.95951407135
229.90718257811386
201.22564710024744
255.16658091568388
237.32424259290565
316.79626747441944
275.9689938080264
264.4996070803609
219.89704211521894
287.9003294109134
242.4808750586817
248.79083924845327
253.85177121777087
240.92077454482205
268.87040767783765
314.80478815431707
223.58802156383172
307.90105182363186
233.64768448646646
235.07138773729093
243.8215254372917
271.17748739849776
213.5100734140724
226.10001456784084
234.51796314527746
240.60678356874269
246.90160955814645
213.05632023140788
217.73737186356448
244.55094728036784
249.84186172578484
298.60421821672935
217.0849117427133
216.37303961254656
200.54590956377797
198.22886597691104
253.491340595996
217.31790259794798
222.29727557953447
236.9376294008689
219.44873672234826
241.0054018079536
234.4836120333057
258.3752145775361
224.56355963030364
293.81731614656746
257.75693259225227
194.2166893723188
241.76921928394586
260.98855630028993
177.65652251336724
220.40927445678972
201.17361931013875
233.1598229673691
206.6664997934131
217.4651940149488
213.83221289271023
234.3934841697337
262.50533810351044
214.01873648155015
204.86250207212288
302.1263810941018
266.35871598904487
274.72154343896545
242.11681117815897
257.5645439514192
261.3667790625477
237.8870302386349
218.13095904910006
231.28802475507837
275.2327471184544
263.27359518245794
228.38508028362412
251.8065764879575
301.26710908010136
298.5566431218758
242.80856476537883
244.72844863380305
277.93466485419776
224.14210374106187
273.3762000267161
265.78374152921606
266.3513719809707
228.39639573113527
261.7223568826448
254.47270488657523
226.97807911690325
201.60445855581202
236.6333742926363
257.8388217150932
208.57564966694918
243.41025579941925
271.78361691569444
322.373199964175
289.29832623840775
219.65715113084298
234.70175059325993
215.20430288626812
235.725030619069
228.10384857666213
228.72901570016984
262.6390313807642
267.1525748015847
236.42697481671348
213.84086362400558
269.2084605358541
259.1439239620231
222.37574098876212
326.21787333046086
295.2275236172136
219.74075772613287
247.0255765481852
279.5139098445652
298.9884707413148
285.0612882497953
251.89182649040595
256.5429090226535
246.9400116992183
234.21845488448162
196.3083629157627
275.08718368737027
254.61397578637116
243.07026303815655
231.12370497803204
242.7399062901968
245.46832996420562
264.4991487553343
225.55184249568265
266.38772534776945
245.1229171847226
234.39020810916554
238.45896115840878
261.83314792450983
224.50421094184276
290.8989416816039
355.22321557905525
266.5532293476863
238.80105528025888
255.83185050264
243.46948464075103
208.71864569291938
244.51434650924057
202.69112745602615
228.34550076932646
262.9330315979896
244.78676817682572
316.4388526887633
261.7910973626422
271.18781200936064
202.8388889480848
264.7064746058313
249.10366144543514
275.04912949178834
243.68016109382734
215.98249054991174
337.3829760014778
228.77413827890996
231.94883636431769
256.7734718162101
288.17961013596505
212.1253387547331
284.78174833825324
253.2024840139784
258.58483198669273
248.02103728847578
221.4747856160393
216.77956560463645
286.4103264324367
311.16076430492103
266.60017716907896
274.91565874789376
216.8240716139553
204.11793305294123
