279.2075300159313
279.2078520845216
279.20805058606675
279.2081708582882
279.20824274508504
279.20828524156514
279.20831012592316
279.2083245786307
279.20833292002135
279.20833769409273
279.20834042194383
279.2083419701157
279.2083428364931
279.2083433343196
279.208343610042
279.2083437631318
279.2083438509908
279.20834389572883
279.2083439250673
279.2083439358794
279.208343942757
279.2083439480448
279.20834395022393
279.20834395105885
279.2083439532307
279.2083439526923
279.2083439547059
279.20834395350903
279.2083439552789
279.20834395602105
279.2083439507005
279.2083439544713
279.20834395176826
279.2083439566977
279.20834395285783
279.2083439481885
279.20834395422753
279.2083439561193
279.20834395442944
279.2083439539183
279.2083439568014
279.20834395636484
279.2083439545604
279.2083439532289
279.2083439559792
279.20834395391284
279.20834395416387
279.20834395446946
279.2083439529015
279.20834394943813
279.208343951861
279.2083439539856
279.20834395504426
