278.8271886156472
278.82757567042427
278.82750487653993
278.82789260657955
278.8276369755313
278.82784569290743
278.8276597891818
278.82798611107046
278.82768890519674
278.8278728322148
278.82767739800147
278.8279931165034
278.8276947712602
278.8278773860002
278.82767862686705
278.8279953796282
278.8276949827523
278.8278767276897
278.8276790094733
278.82799466887445
278.8276951920816
278.8278772817448
278.82767888686976
278.82799512527345
278.82769510111393
278.8278769748067
278.8276789660322
278.82799485606483
278.8276951577518
278.82787716727216
278.82767891747244
278.8279950301021
278.82769512125196
278.8278770577672
278.827678944388
278.8279949308726
278.82769514069514
278.8278771091609
278.82767893190976
278.82799497278756
278.8276951332482
278.82787708063915
278.8276789396259
278.8279949553471
278.82769513959283
278.8278770974648
278.82767893551136
278.82799497029555
278.8276951344451
278.82787709061085
278.8276789361189
278.82799496133885
278.82769513781386
