167.140827350795
167.1408591490972
167.14088629617527
167.14091091551745
167.14093104578114
167.14094923119228
167.14096439843524
167.14097725746797
167.1409889813849
167.1409986307326
167.14100740350932
167.14101498905893
167.14102140496288
167.14102696821374
167.14103158695707
167.14103598791735
167.1410396969768
167.1410428661302
167.14104580639014
167.14104798638618
167.14105020749048
167.1410523618997
167.14105355934225
167.14105521409329
167.14105641785682
167.14105705193106
167.14105851091517
167.14105869109153
167.14106000258653
167.1410603312779
167.14106089946108
167.1410609048562
167.1410621575851
167.14106167807222
167.14106235108738
167.14106224659372
167.141062887702
167.14106273548896
167.14106291997996
167.14106343274034
167.14106321358122
167.1410638430134
167.14106378800352
167.14106390762572
167.14106406356223
167.1410637498575
167.14106376812742
167.14106336905388
167.14106469664148
167.14106370104855
167.14106436986003
167.14106430809807
167.14106420721873
167.1410641918592
167.14106392109716
167.1410640908598
167.14106413359696
167.14106415608694
167.14106422659643
167.1410641562834
167.1410639143851
167.14106430654283
167.14106392560825
167.1410643989966
167.14106391147288
167.14106414890375
167.14106420296594
167.14106420395728
167.1410644889038
167.14106403478218
167.14106489504047
167.14106404744598
167.14106443964192
167.14106434266796
167.14106420601092
167.14106438255112
167.14106383003673
167.14106447181985
167.14106417259245
167.14106393072507
167.14106421013275
167.1410645657088
167.14106436806833
167.14106456883383
167.14106442716366
167.1410643727213
167.14106475629887
167.14106420702592
167.14106357399578
