192.03204046218252
192.03248828794494
192.03246486612534
192.03237787556463
192.03212016696762
192.03211914021085
192.03206522152686
192.0321336830848
192.03241546088793
192.03178043816024
192.0320167910213
192.03195953615796
192.03214129027037
192.0324257950797
192.03192641550595
192.03187642204284
192.03165196412192
192.03241474097922
192.03200815394302
192.03212381144112
192.03198544180123
192.0321609724906
192.0321867033672
192.03295528237322
192.03256718030207
192.03248660385725
192.03214642692546
192.0321092045815
192.03250955263866
192.03248823215108
192.0321422587076
192.03219453237034
192.0322788565918
192.0320491241837
192.0321390404315
192.03190072902908
192.03195589179995
192.03215701785484
192.0315393524197
192.03207617377302
192.03164912456123
192.03195189856524
192.0319288624214
192.032547640576
192.0320123296442
192.03239562390263
192.03193978522177
192.03206149281868
192.03159037513433
192.03214141985336
192.03274384004908
192.0314943770627
192.03184954403332
192.03218734486836
192.03239361646047
192.03148051758217
192.03185528444192
192.03241813645036
192.03212495502703
192.03138409949315
192.03217211798983
192.03178287778792
192.03257093674983
192.0321092584527
192.03250946145636
192.03248865840214
192.0320234317296
192.03184629640236
192.03164746213952
192.03243479138837
192.0321438074061
192.03246996446978
192.03152007468088
192.0318503340677
192.03183461284425
192.03190514736343
192.03204158895824
