58.10672441657425
58.10659107030824
58.10651246325688
58.10638178015597
58.10631305862171
58.10618263854485
58.106124892424305
58.10599226981594
58.105942422935186
58.10582076865103
58.105768535110656
58.105651600697456
58.10560775175418
58.105495256392715
58.105452222167514
58.10533875789315
58.105308591495486
58.10519724789083
58.10516420858039
58.10506639522646
58.10503326005619
58.10493289205442
58.10491042391186
58.10480873386496
58.10479167898757
58.10469223059226
58.104678624386
58.104583675814865
58.104568012632626
58.10447712336918
58.10446795091502
58.104373854113874
58.10437622359041
58.10427593132954
58.10427754063585
58.104187180706504
58.1041941297799
58.1040937505486
58.104115092617576
58.10401601583271
58.104030916309966
58.10393385602947
58.10395324238834
58.1038602548133
58.10388393912763
58.10378228943682
58.103823642748466
58.103704154237676
58.10376982744765
58.10363035564933
58.10371471077269
58.10355603752305
58.10366435179367
58.10349546626912
58.10361894928701
58.10341653377873
58.103576987226916
58.103354771099475
58.10354202515191
58.10328974371805
58.103501351870364
58.10322890444695
58.103468341287225
58.10317225717699
58.103438780608485
58.10310319803102
58.1034196897981
58.10303675855721
58.103409986890256
58.10295583921106
58.10340943927258
58.10288412575028
58.10340199622806
58.102808151759746
58.10341761446398
58.10271160209777
58.10344825675202
58.10260274494976
58.10349472659618
58.10248582265558
58.103554723336856
58.10235363662105
58.10363490333293
58.10220233295877
58.10373735254507
58.10202958539776
58.10386122000273
58.10182078364414
58.10403186505209
58.10157299097955
58.10423793138216
58.10128418295426
58.10448510594506
58.10093945407789
58.10479437644972
58.10052682806054
58.10515944903818
58.10003568717184
58.10559751967776
58.09944058295332
58.10613625590486
58.098713895531546
58.106790831228864
58.09780663896345
58.10757564247069
58.096695601541796
58.108520843126826
58.095297462059534
58.109660476135105
58.093518557165226
58.11105479469916
58.091205395696306
58.11274153578779
58.08811909983706
58.11481312144133
58.083834428109185
58.11738361020434
58.07752134419752
58.12064827353788
58.06732804903004
58.12484218530335
58.04822718525793
58.13000095322059
58.11551404689999
58.010861698647204
58.00502210838931
58.07154938733038
58.128090971040365
58.12812473435406
58.12461758529389
58.09321625748089
58.12979423158322
58.12705593543069
58.12259520446423
58.10840500728591
58.19346828520247
58.11687311893729
58.12588710217824
58.138607392527774
58.12567771362592
57.905161209084326
57.972533262029174
58.002956854768854
58.004644019147236
58.000967294719885
58.011619116412476
58.042786948761204
58.103139511704285
58.138951317379906
58.12425279122726
58.07837962107806
58.11058719385437
58.13805870324359
58.12546461851343
57.88641144626854
57.96777948453382
57.98763045107262
58.04443754728891
58.08229342912091
58.13106688712833
58.12675949904224
58.12215993237078
58.11146959169673
58.14965895715795
58.10067660819732
58.14423964062189
58.12675903429954
58.12092769507035
58.120689015760945
58.14300913272382
58.119498212256076
58.10084896984881
58.13531769859583
58.124748296369944
58.11654675189311
58.080118546276935
58.188200777118254
58.12034955002855
58.05143186602254
58.12911866750255
58.01198904615194
57.99345743621234
58.0038053316639
58.084929549102526
58.13325005884508
58.1261780158311
58.12077425585812
58.12173045356394
58.14221471223573
58.12084568566206
58.09504807075609
58.13152567917314
58.126187435922475
58.12100207695403
58.1199636484871
58.14352827397124
58.11837668473527
58.103246853766905
58.17437440009962
58.20187443575924
58.12448704204144
58.024536493110645
58.13236163884358
58.122098572301184
58.11306808478548
58.14854153951819
58.104629095414566
58.13583262348766
58.13155545092377
58.122454637970804
57.91065273398635
57.99018199079728
58.06292746776671
58.118643700359826
58.13264785237698
58.129790826671524
58.12674515750041
58.13837717599745
58.12568348946661
57.90780019363956
57.96248213115177
58.03704391585052
58.09672075373601
58.142614660653635
58.11760771882473
58.10546493241418
58.183197897182254
58.211571929346974
58.126140440061135
58.00866222468903
57.98403848265298
58.03099311384358
58.0570061130602
58.108982159861625
58.138581993040134
58.12477953949565
58.074954339343094
58.10348504684589
58.14256750462664
58.118410852937814
58.10300621107308
58.17343212700507
58.20124147830575
58.12433746774332
58.02542569347861
58.13231448347506
58.1220819764676
58.113161757646594
58.148461809145374
58.10474904354851
58.13556078428519
58.131711738631566
58.117885638188454
57.95181638440772
58.026937311187794
58.086895954053034
58.13310673247179
58.12601111529875
