184.3517675892581
184.35175215308482
184.35173868983838
184.35197982898262
184.3518968933049
184.35188395934165
184.35187439409128
184.3518662170427
184.35185902829744
184.35185278449626
184.35184722141275
184.35184253076295
184.35183832978146
184.3518346553683
184.35183150181183
184.35182863753744
184.3518261999834
184.3518240943049
184.3518221540926
184.35182047727358
184.35181911127074
184.35181779916275
184.3518167430102
184.3518156999471
184.35181486504007
184.35181403612842
184.35181349428603
184.35181288415515
184.35181234332595
184.3518118901884
184.3518115163024
184.35181118649052
184.351810940012
184.35181072186424
184.35181042453223
184.35181019006086
184.35181001268757
184.35180990536537
184.35180969781686
184.35180965102154
184.3518096036223
184.35180939413476
184.35180936165852
184.35180931706054
184.35180917035177
184.35180920334642
184.35180912573014
184.35180912720898
184.35180903363107
184.35180904091067
184.3518089940044
184.35180903896253
184.35180892504468
184.35180885266345
184.35180892335666
184.35180891914024
184.35180893096913
184.3518088982928
184.35180890638003
184.35180895439044
184.3518088436449
184.3518088299461
184.3518088779456
184.35180886337184
184.3518088311066
184.3518088047931
184.3518088035671
184.35180887182287
184.35180880708504
184.35180888176546
184.351808839172
184.35180883594148
184.35180884712827
184.35180874475918
184.35180883277644
184.35180880315238
184.3518088138153
184.35180880081316
184.35180877461607
184.35180875642982
