191.598235301999
191.59911059188835
191.59885103211036
191.60152386038862
191.59966952140257
191.59896253919305
191.59451344690297
191.60150093959146
191.59381636054968
191.59966288184933
191.59968089745053
191.59846658543483
191.59896424764065
191.5941160116372
191.59912760519364
191.59781206134448
191.59900050026044
191.59599291682207
191.59959881943723
191.59923201871243
191.59889844821373
191.59948896832248
191.59813803781435
191.59945684067316
191.59950035494512
191.59925673127873
191.5989676419722
191.59527889226774
191.59798838724055
191.59894064724904
191.59516135577542
191.5986586293311
191.5989495183021
191.59910368447345
191.59802340524766
191.59916994412197
191.59865884717328
191.5994324832318
191.59385278903028
191.59973957649345
191.59927470273215
191.59532586701243
191.59980286195605
191.59774516462676
191.59874784754902
191.60130008982742
191.5966556447329
191.59907748411752
191.59990255007324
191.59904935351915
191.59772251910545
191.5989749179662
191.5948071293751
191.59886467845718
191.60145171005752
191.59470756651172
191.59891616684035
191.60166728593686
191.59979107729123
191.59934755654103
191.5951608179348
191.59939010235757
191.5953255556051
191.5998032957723
191.59768340140727
191.59879425225517
191.6014746905239
191.5942196777105
191.59822257281849
191.59949360058818
191.59955357885337
191.59987928788541
191.59929590061074
191.5991672880955
191.59335255440237
191.59921969977586
191.59358722513207
