135.98844802644453
135.9885070892351
135.9883585529651
135.9884071813176
135.9883322623573
135.9883439981486
135.98766985660677
135.987490879088
135.9870913956538
135.99059275653326
135.98759890471501
135.98558584677448
135.98472764030976
135.9875263722888
135.9885999173057
135.9873137983941
135.98667361096886
135.9868419876284
135.98713881870663
135.98923738196117
135.98415520121853
135.98720994508403
135.98585593317694
135.97911044581997
135.98679908342638
135.9913605286165
135.98757900010787
135.9856672099395
135.9789896233815
135.9848037281081
135.98738462992696
135.98354931773974
135.98859576919676
135.9872030061142
135.98905129198647
135.9761834098099
135.98317175786178
135.98563460953483
135.98977526385897
135.98631243539057
135.9891009767689
135.9823147794359
135.98543174123188
135.98719510530464
135.98955431289323
135.9859990590885
135.98742004050473
135.98653228315015
135.98670534327175
135.9867569726266
135.98447123539154
135.9860882531102
135.98401150816426
135.98825221108382
135.98595881756773
135.99002786331403
135.9874483967269
135.98598747629876
135.98770327722923
135.98628401948918
135.98267274493628
135.98322005377304
135.98653683399425
135.98681053318978
135.98838555764996
135.9865971538693
135.99014275092122
135.98880906242084
135.98124602184907
135.98496400845943
135.98587545948794
135.98618017121953
135.98759595133015
135.9885678069786
135.98673438240803
135.97848491795048
135.97508142646802
135.98675996734528
135.97809374259668
136.01669709969428
135.9866965606343
135.9849076056762
135.98705857274945
135.98629779316252
135.98647159791653
135.97856580109146
135.99037577657873
135.98817742948813
135.9868484105791
135.98762634024752
135.98675856401314
135.9881056320155
135.98685526419285
135.9887332237413
135.98671449038739
135.9797622098522
135.98642066931643
135.98995821564677
135.98538923615706
135.98490251411567
135.9857090619371
135.99040409203008
135.98793592719812
135.9872645319192
135.98833898320663
135.98737647896633
135.98944181545812
135.98622050311315
135.98680081155908
