202.96390962705118
202.96390891443207
202.96390836232513
202.9639078915252
202.96390751711078
202.9639072254813
202.9639069813611
202.96390678158969
202.96390662687008
202.9639064873145
202.96390639065703
202.9639062978158
202.9639062361357
202.96390616979897
202.96390613153017
202.96390608513775
202.96390605485067
202.9639060446516
202.96390603640793
202.96390601936218
202.96390599444567
202.9639059776673
202.9639059715264
202.9639059727324
202.96390596759738
202.96390597199388
202.96390594443437
202.96390595523735
202.96390593478463
202.9639059354813
202.96390593694377
202.9639059464189
202.96390592591706
202.96390592612443
202.96390594164222
202.96390592749958
202.9639059477031
202.96390593605247
202.96390594012337
202.96390591449926
202.96390592359603
202.96390593000615
202.96390592342505
202.96390594011973
202.9639059253168
202.96390592699936
202.96390593035176
202.96390594739023
202.96390593089745
202.96390594072
202.96390592924945
202.9639059365545
202.96390594437435
202.9639059332403
202.96390594067816
202.9639059180572
202.96390595234698
202.96390592092575
202.9639059303954
202.96390591421005
202.9639059391884
202.963905935434
202.9639059324436
202.9639059398687
202.9639059290348
202.9639059381625
202.96390594451077
202.96390592764874
202.9639059336987
202.9639059363799
202.96390592426542
202.9639059335641
202.96390594366676
