523.1491295169626
523.3259168712802
523.434074622236
523.444871664984
523.4968142779653
523.5094365827308
523.5003250170721
523.5277381042961
523.5222474693091
523.5195870442367
523.5220913275607
523.5274921466189
523.5134007288852
523.5210960296645
523.5303469599312
523.5119969540483
523.5260897771077
523.5237215440902
523.5242552955096
523.5244642340695
523.5245406324484
523.5245652178037
523.5245707823597
523.5245700432824
523.524567969398
523.5245659315442
523.5245644575261
523.5245634469793
