52.3847456245112
53.53882647105911
54.221179785332424
54.79905504568251
55.373322666104286
55.95459101920278
56.55656713922053
57.189046222096295
57.85406992048593
58.5463859514457
59.27996097518462
60.06738433824739
60.90002571865534
61.79996597079662
62.7779472422817
63.85232173820441
65.0491125882636
66.39751421434357
67.96394330858857
69.83723479712717
72.19395995936702
75.40653130891678
80.33094204175632
1753.6653894987166
1432.8766372241462
52.40464679819161
53.54304335505003
54.22506279652771
54.80227039177407
55.376628331549
55.95723149560763
56.560455454215116
57.19177568789928
57.85838346320088
58.55058969702077
59.28396935731871
60.071803534690844
60.90508657150167
61.805166825144624
62.78318626124019
63.85955954758356
65.05502287799754
66.40589891207674
67.97343429816829
69.84868940507113
72.20914530186383
75.42814849408569
80.36029769382367
1752.0008021653593
1432.880792856944
52.401476943548914
53.54424999502771
54.225536103593186
54.80235840198111
55.3767277680945
55.95739449636858
56.56050924126248
57.192040363785054
57.858435738586195
58.55058118368652
59.2842163287587
60.07193719123643
60.90517779356924
61.80534004443689
62.78351910295896
63.8594660540748
65.05560255593264
66.4071806103675
67.97420938780488
69.84926432939028
72.20724448183319
75.42959886032986
80.36115815538142
1747.2865964426092
