428.75947733170415
428.76940064409337
428.76444474687105
428.7908677637679
428.81677205161395
428.74163255778876
428.7244642980504
428.7458707839978
428.7792221394866
428.7984348761802
428.78705144995365
428.78147284559236
428.79312509494775
428.785429882837
428.80710552106393
428.79734521650244
428.7920773823498
428.7714970104862
428.78509178644526
428.78528174758685
428.7994353119211
428.79669261474373
428.7962893240838
428.7809277348151
428.7791689362002
428.8014471244496
428.7856247071686
428.80853965906863
428.8495761910599
428.84380133715604
428.81360884706373
428.78665594678387
428.76514273388966
428.76866164040985
