779.1293494426815
9824.093289036253
2021.1470463399728
430.2932148599575
878.251678738925
462.81482379920635
459.22904958651816
447.45200946186014
2173.5146802004547
651.4984687346914
327.5094935134148
740.7048548163693
611.4993455275107
337.5776644239959
341.28801594301694
296.9938287682271
680.8854155403133
306.7986707066848
3582.2189054297232
1446.1759878546764
493.906490363428
799.8330130285394
488.52127882820787
3398.1679410864126
773.1207013031344
311.0153928520522
414.5597741742895
397.387752036193
401.3073021556338
314.244164005162
326.3033600658018
380.69310452680656
289.24968706274376
350.32740118624497
331.19156370033306
262.8395624736877
282.01854987732804
1702.3496660606324
462.7253393007413
824.2691528501746
0.05355373662314378
884.2137393321682
1907.8804067705714
303.61723732003884
466.8583701735406
966.9793569550602
3024.058394194697
3118.6185669591505
5656.126891463369
420.27809762916877
992.3208752150167
3030.0580475558745
2176.401557625948
1636.4158531055
366.091474096851
412.92326179462543
0.4474651281925617
0.00032407493563368917
0.019582189284847118
0.0031875379208941013
0.017384609469445422
0.0024109449732350186
0.10537266914616339
0.019462342475890182
0.03477567418303806
0.021104061539517716
0.1740297367068706
0.005857459822436795
0.030488588687148876
380.34733822783164
667.8369615480333
1088.7243010377424
1184.8114496771886
1528.9144303072535
3113.1229754983506
1083.8626438982465
2178.3009779026906
716.8555263811868
400.3408635239757
342.4179763804277
482.43072470781044
338.38366176973796
321.7369894164731
338.69389185501495
333.72540084071807
337.6099709628761
887.7032012042328
3442.0319016637077
0.042244234631652944
0.0350458756001899
401.09716132230824
398.60558682440023
311.7914181009546
504.8210301017534
340.8568751715211
331.3647696456028
0.10616018185100984
2853.397193205863
754.3461950430647
601.7178995161521
374.3934973705618
328.0853109983873
1132.9398457412462
560.5021224226657
755.6329244741064
409.9343667178182
438.84968471332104
394.57781788837747
935.3862034847698
846.3726271280902
381.8064040805184
481.96938059912645
807.4902100940817
1552.8484819852747
887.6076119368227
1234.4365623567428
530.7895241754304
1727.590632635256
4755.0273861811
5212.982961887668
1266.3157895007462
2067.3764358756453
682.491664224217
3645.046055354236
529.2495372631965
286.6306754087709
345.3482847047853
3459.8454369290557
533.685119389731
740.6830466381216
418.58896262259805
476.2806519368023
375.92863848718116
421.9138596919365
345.9546517922863
2289.146470725682
1765.9404047639982
0.03310114718624391
482.31651179870823
408.9929204462678
2373.353801813879
418.63420534986653
341.00404143868946
0.07255080211325549
993.8555175945512
3446.5065388127405
386.4744668820349
1155.2695692085254
906.4461930278921
1192.7290159478143
726.3287059161521
350.02037231021677
1310.4905780098925
419.1393075612723
424.0763851062511
403.45595548689016
347.99273788987193
313.16016947911703
234.6130644911318
3257.1674288836657
429.02555666613625
1520.0932820959133
423.1518072664039
668.761078334268
2828.4458126973186
886.4591705795319
473.56225583850755
486.79354093445
907.6409938505094
936.9544330735225
466.847753132286
2004.793460456829
546.2668390935869
1739.2871172255254
444.55185524732224
284.98753193588345
341.15879722870886
489.81295612617396
388.91337077348726
464.66289611850516
706.7068243270623
380.3771804771677
371.95302605014876
2609.421981506195
3047.772706071264
317.45629126994754
494.89629788699676
1050.2146477036295
855.962348483532
719.565094274818
451.6135341077461
1797.7607345674478
461.4116837499896
3093.7578030879085
716.1782454435888
349.2555846016039
404.6955216189963
432.49717619246803
3241.435402860865
419.40297525469214
4185.883992685733
485.74997938403976
332.5540309456119
486.3469092786545
2492.6556019980926
2048.794636958948
782.933242178522
317.68620497878874
628.1960528085765
424.56554828371736
319.7177090411715
373.11297941967496
331.45242169874837
441.2761680454423
737.4336422837805
569.6427900294075
0.01617213149438612
441.07719891599845
523.4424306917062
908.3956406839134
408.97611367620993
495.53274234497803
3137.633467199339
4167.73877991148
416.82240540970815
732.1082634512277
363.2067805760307
3957.9686260772287
720.6382200413791
583.5885256945039
1890.9927323601732
561.2120540223259
379.86099857543013
281.51439763611415
342.3651283092331
266.79830214360845
286.90231818694156
380.86655302654253
863.3383237270464
501.1179983273614
881.2091386526008
496.52160246041603
443.827433783008
473.06292607597425
0.09211664533358999
3459.3725356565847
610.1180586625705
468.20935011442634
0.04640652463422157
0.2256056968763005
0.021894851990509778
0.4398598476545885
337.76337889352
1729.077479531843
399.6479283630615
490.48620443444815
391.48260225114063
446.22211626538774
299.3597697780642
367.7287720166205
1043.5276780011482
428.1477782083093
408.10892197838984
415.40760709921597
331.4028234180587
307.1551133164903
358.88454464264214
329.2558612735302
426.05935646244325
1907.9498739357514
759.3091779874812
0.3413119519245811
635.5934868032637
476.11464184962097
575.5009138658643
4611.2518357842055
426.02604416164104
1560.6555813221785
952.8051842167333
695.2949114595249
455.52667247789213
1422.4600840029016
583.4026707327866
449.5111976697226
364.4005941757059
453.05916668247664
0.041675183339975774
2855.814574892167
444.22423522535246
2106.321520375146
464.4405623371713
311.5528723336756
420.57290327060036
316.673779325909
396.5735824170988
351.5458363870275
378.4810796508682
315.5335052544833
360.8335670873639
370.978977472987
896.7805231492966
2153.1211804003688
674.2346781097585
491.7659074408002
425.37081247608876
852.0113761969842
0.031412930809892714
437.009648295294
419.20297419902636
367.88071702362504
2018.620346498792
2945.877873900172
983.0447284783004
414.46752465871396
324.6252955798991
2763.186837617599
389.71824879036285
351.256584872026
484.58123149105813
298.6780017600977
366.9379896831815
463.3962136148475
362.3908044353011
544.3353187251487
307.47823530371534
422.08258542243857
266.93778212572215
369.69227901886916
339.5211064881878
374.61065061896807
355.1575059974566
430.50741965754423
382.65791967354016
433.64274307945743
388.9917019585264
619.4791990712984
857.6141919205547
488.66333002224565
436.96448536153184
560.9179897390422
348.1370538735646
375.10328633949393
0.03133035794598982
420.8121230350225
733.7603613410029
636.9450523848063
782.3334693126963
830.8306309579639
1989.9715424219612
670.7693813975202
1065.0924228579388
383.8632119927206
448.60805900907144
336.2858441413264
545.3442084129783
321.80596194951795
724.2872041310184
439.8926408599946
520.8564194261562
321.3545919370954
498.3789032488712
327.49277335585793
581.1509402877418
400.4554561658297
878.8018224243424
329.84481958055403
508.801211848855
597.7799642312457
871.8728890452185
597.5447606869275
560.2843549977988
376.71764695376623
806.2597933669458
2224.325237444951
829.6612136029289
393.7200472174445
398.54388217348605
441.81423158437246
411.9919659412117
5552.5894494371605
0.04121657187351957
2507.4017633987824
1871.2317804013728
375.36271649133414
309.0452165778843
354.5838768091635
689.7606627683854
415.83345701836515
394.04405959980795
728.1053965024767
3771.07686633931
419.7214975618408
320.1296004516771
769.1988502426539
359.0805697775213
491.40179591759806
1519.972333621583
0.030461210350040346
347.2480649583158
418.16915408178465
498.63580362917855
413.63978662661975
370.5344728528871
309.09513467451325
447.30745063815266
428.6282867959235
386.62654965074034
629.2947502216557
1752.9564638862503
592.3976756181801
433.0368220618693
380.4406657143845
362.6606055239099
324.25718972668983
401.6091863216716
576.5197735857801
359.4803287955583
325.20768132747617
429.95117355993716
1679.77285118273
907.160844621656
0.0583663692814298
390.77810171671445
328.02881070552394
2151.1872254294576
1074.9885775832809
4323.5730453299475
970.9906043587252
341.5802213253919
588.2378211189643
3607.722912004392
1949.9475267482921
478.9447642091545
470.17466903600143
439.51115595636657
348.51312268548645
341.5544675362762
359.5304719443666
419.042892642261
411.70029366383096
425.3921788355219
335.0681314712856
808.8418417739449
1450.2425547257299
356.02326930576237
1622.8969047149876
532.4650490497588
292.13135366345523
1260.5710720461793
394.5411327292095
2289.7371519006556
688.9613102203584
327.5462718234048
410.76064371701796
464.0940651297569
314.3876070972765
436.35470930073643
527.562649196363
658.1855244006729
687.1594035919406
429.982368646306
402.2131750010303
1793.2572920141392
0.053286931943148375
1.496593980002217
600.347461674246
1355.7471201112494
562.5859691302758
3111.2710630840156
522.1349232392386
378.364735237672
2486.9034476368106
374.45507876132615
328.13755117182154
440.9098721763585
315.8135887674289
6715.308682088158
422.987974650634
340.8630627308157
436.6900756121031
967.4108502127347
451.87981418473646
441.97180363629013
2301.9946544989944
1287.3531315019936
669.7887013886357
4058.7595755269867
355.13040530175203
467.0394187904312
1756.2438117819838
731.3230963769602
1214.6429056290654
514.7310402759467
2758.5652665779344
2842.190859087452
5847.22585115023
4315.475895163603
349.77278157905675
1076.8166516342899
2277.229500816262
377.9978596980218
411.40763632935705
885.453217415663
618.3861565586412
439.17008279741276
463.9571327143931
401.19900312513346
2592.5266640742775
772.8398331054486
1678.4804416026454
411.84434674837394
408.1056615805719
305.682498511218
348.5748665360152
312.23881817329675
321.9256663720007
1307.4803487551399
779.4206715273322
448.87488586391555
932.5251815031515
331.57717783004045
485.80264661018737
309.4019567302894
378.03052071714774
270.0671590521233
514.9610515144886
0.043610519205685705
2365.1124420103733
895.0637676015031
291.51051521790214
360.1448565002065
2834.4110690975212
468.6361313915695
473.2442299789982
316.8823879309348
854.6874926047749
582.4482521370519
1977.9362699424382
2771.2072560132365
4423.295825221809
650.4506543105235
494.6930083378684
342.71127993724076
361.44070043676766
2449.35113237513
2856.219526786648
355.0943039992708
452.5373530542129
313.490429500991
1683.751603402081
421.50619964132784
1322.0681668158504
690.2892941917526
458.8320373844472
326.4345599799417
965.6316440591472
1215.7556326120393
2029.091125877283
432.89143001951743
382.8306473810808
3491.6572042217595
441.42904999735765
392.37707400042564
348.9823340230505
1381.7937699585455
510.0491542376694
393.723616081581
320.88265545031754
0.06404364394256845
465.9125655233511
308.76861033414025
701.4218187682563
353.9537088278448
739.1688126011868
665.3389908896061
435.7766556459246
2060.190700147359
5865.834025577409
342.1277923990856
463.50050802057376
285.2083520015585
489.8511117254384
676.8809595198836
346.79594352975255
442.5784481737646
512.5161099013058
419.98199450591346
532.5578444994171
476.1728322512936
551.7337671667337
429.3047979528783
389.7952730579418
358.34181250218535
397.87543916417053
0.0485729182837531
328.26644272438716
3023.420433572028
1354.2073082748102
378.3198935852852
463.5779843227938
395.6407079146011
0.07652326626703143
1524.3875635558506
1891.0724156990182
448.6251847859239
722.8237052698387
389.2553176867077
1713.5958289575065
506.8455472437199
297.2650366126327
556.3238324105041
348.4019585766364
259.3563636126928
253.030804705224
278.3001725479262
2977.757451510057
334.61604093923233
319.58848810428753
1559.9999137511477
1179.2968857934466
312.17375430464745
616.3173524694284
457.29072349425405
2341.8436681471067
1299.3341335270088
513.9057436237345
336.0055311501492
543.0150592114078
376.8047343452927
342.0353934504092
324.3830688857706
388.6875389375491
614.9168323455378
403.8969180036802
363.0692727906862
337.1829649618594
354.9312473363243
489.8989535664441
0.07564897660631686
437.49166452651843
1094.5781532436376
0.039346906589344144
432.5367461135611
497.08049103280064
644.4092292640125
300.1858847566182
996.0895042360062
407.49704989255406
1144.6374792577699
507.7793921782868
442.72062898415606
403.3261422479991
1092.728818634525
1380.8685278847115
831.6142323435051
396.33135944616515
387.7943311916897
0.027237293892540038
774.274796514539
389.1924431353109
337.254675072385
691.7736144416267
754.6732341161696
899.691198050743
2494.7461707993643
1163.4221436141524
478.75280018209014
1187.4088058474008
980.1628046748228
359.65532219538
1255.064592142473
424.05115858104546
1594.6838650348363
2000.7404465886066
328.2137543952558
415.4499205289176
615.7428539433749
538.5881521145348
338.7979882163927
735.2488798325649
3041.390735528781
1781.412070486229
744.3439424490789
683.9540451701032
513.5047605307773
338.28435377485584
910.8407406151528
298.72232992656063
354.58382720535155
470.9479879121063
350.5193142957287
339.0350820500171
390.68231394700706
308.3427414733451
277.1978250318207
544.6487241409486
652.1107414766448
1669.1600579494843
713.9764889008366
450.26896903140005
1318.7503441175213
1865.1801136503927
0.03823572164401412
347.3917432067683
403.83666469634045
434.21814135694876
414.57931389065925
270.04701428383123
847.3348553407704
648.6761242946377
456.855639720452
509.6215213567484
360.6272522289073
794.352791229263
337.6000152522465
579.3673240514472
3680.280062007834
1408.500797928078
401.8965050088009
2101.485356208752
643.4314805073664
769.1363994576968
3692.8764132588403
526.1215865982231
423.6648537401343
347.9234177536564
991.13213352405
426.74351641337853
341.05662808730267
405.2352459024405
331.29420927981846
355.24547704984434
618.9790441400837
1094.4630710936617
1169.3920764410868
576.9831129829399
497.07701980974525
404.6291283481987
391.67416803818196
320.1744300526334
2171.77975765313
440.4810679818038
752.6718833544292
0.021367903565987945
679.2667159335688
370.58227031317074
801.7928658515448
401.2436163740931
449.1085807546042
2075.266470017843
886.3416278762743
1457.3811135082506
3141.959448715439
685.2331820075633
4562.439310331596
554.3404384001624
655.3833721379051
1914.7496488314355
575.7333762798226
416.71184038033243
763.2050836146809
424.1555122642312
4303.044535831199
1287.3941510206787
423.00037689169403
0.04650973447132856
1.2922507219482213
952.4432981042191
363.41088049381506
354.1448151927907
264.01727574609686
352.5779348516371
398.7079668699298
2290.571029018378
404.67733014631085
1252.751805437496
1040.5377144779777
400.74655415536836
728.7645768360235
0.37875637179240584
0.13294117292389274
0.06273577269166708
0.0004324050387367606
0.19119711697567254
1147.0962050472153
3967.8053333694115
352.5133153325878
417.79558775387704
610.6104539384833
485.79658623423893
0.027218935661949217
501.8009485460352
2496.8265781255905
288.983472560416
825.5323213000083
1403.0766364064766
443.96857601893134
734.2025388538605
402.4175481911516
331.37915266805794
493.8736086732242
644.4854538837681
971.7609005817212
627.4500510590151
1176.6337650540518
495.8911039715167
636.0504997089738
448.9555201031035
417.8673508054344
322.9033170657931
470.4805554022314
643.6495185607346
340.14540411380585
1047.1987536709057
575.1212062860141
367.873150738189
328.0032770470716
2332.361608982552
476.3098530196585
333.85807765007485
367.0902649324853
945.1324974057497
501.9489219879033
376.3253194777062
286.4303958793171
344.7989155204268
416.20574953383766
0.04444553179200739
304.49324450083077
2523.839449192281
324.0369376390008
489.06064803141635
2968.2487698838813
377.60407767631114
652.3549455016619
387.7029929176206
790.3450345264282
1860.599213071866
444.598688979866
514.4258783386322
653.3291123842355
3631.2318273602286
444.02636088011786
512.7071745262947
669.759317369666
1180.4927482135827
434.6683086100966
517.3103582855547
576.940997806727
2902.7941675364273
2173.845912636607
375.23431384470314
520.0799798519583
729.3523620300693
410.0064539667219
1129.695114107104
1867.08597191819
508.3528592402581
820.8339830028126
378.28085812029894
490.3297010016395
593.7477346641244
872.0121188921621
361.4433495908743
322.2349737576442
749.3137459717691
354.12987421196885
381.35920909256674
460.20565985608846
2999.6744713379303
1688.52021284902
1565.4524876232026
1741.325738265412
1569.1411073927302
1297.8366525894962
400.5395888639614
1962.9448084987234
588.8714508867124
3043.515426959959
625.1717542499537
0.03347056731581688
1306.5313745824387
872.6482354133623
438.78342128370423
555.5741917965934
3196.03355664399
581.2713549250038
941.7796564433957
0.05748507101088762
0.054726751521229744
696.8209948376752
704.2116104105953
514.6633691393072
421.51809302333277
1658.9505809812108
1564.7200375136454
2112.3373498708243
626.3861284506274
3318.569852978573
373.6536541345995
581.1700212425785
527.3371451904532
281.3443103538593
442.50946389418095
332.8448607038008
5938.726983839297
722.6101149265887
360.24819218833
332.96140344184823
327.44702150207013
977.4100627296139
349.1526254992932
769.2753481322434
2721.9743654590566
957.4571888534119
348.262217651587
461.6231734051835
662.1887955017155
3844.0893517924706
302.8008929156931
497.86467833281495
965.3315910206875
595.7252247479046
343.9778647373896
1002.6022168487543
1846.9397248900495
465.79946691018995
1593.9866895746673
442.9613363597309
371.9779684673995
1561.631312035839
424.5988337028539
465.42987577663735
2406.5305215246044
551.9490767907118
2611.2612749602413
824.7786679838318
567.263275397243
900.5427050899016
562.261192870792
3390.225741478149
922.9880485881586
401.11616333178245
679.9702210157411
401.495711389347
0.03049517865292728
965.4063022633782
1011.9529583200347
1148.001743064844
381.30813054018654
364.80678801995236
424.3415229356615
359.5865463431692
388.8498329499271
389.23602205503266
290.97214482317213
779.8411170007894
485.1612644047709
346.07772827427834
383.8309459607117
878.2500600597123
466.6195960469777
4359.582978405408
460.1144742196193
438.261404997902
635.370977055165
352.9296686722664
400.25145783484913
550.9020741382847
416.96766139857937
903.3274888111046
583.0364869113546
352.83538442023564
1446.206612777547
428.8552746481728
390.57807182963006
357.9345215311041
2120.385346434079
729.6572426341008
1402.1960691077402
564.6975149760256
0.027304631657898426
2104.704941113596
461.23705135378987
557.8401551347924
1459.0822679569246
685.4073794236174
2045.3744873170508
441.21142589487135
4014.5560092388187
846.9223226468312
719.4587109221611
2246.831436396227
971.6216901154257
541.4249272897141
410.1234795609489
422.6927526841173
481.61421334475745
341.9132694378495
358.25369521125685
2519.689675432048
481.99891413364094
0.050320034264586866
0.05790783220436424
0.069217873737216
0.024166789604350924
329.5011614037212
601.364197430783
385.7386851768242
1709.9514640226262
615.5391283286735
645.8031664110022
659.6562650896376
407.70643580018077
343.727842197055
315.6212133457884
348.75720976293087
345.100344067323
838.0656324310694
465.14111400430556
2127.625911425217
630.5693992588203
404.00555724150036
536.4049371500732
317.4314325839514
342.96640391787514
361.91563875437714
3704.490585205611
803.4742391433101
0.26550907688215375
0.14260662160813808
0.05382791825104505
0.021975048817694187
0.006838104920461774
0.0004300645086914301
0.023550637532025576
0.023914951249025762
0.023172337911091745
0.06277556321583688
0.02839672251138836
0.0022123450180515647
0.0013176201609894633
1245.9116612820653
438.02742384839803
1.2434046273119748
374.0852940280456
329.25042890082113
302.2434146733722
362.3807013332844
369.4862507152138
392.43423940089997
655.2359684475232
3806.785637275898
1010.4297781466739
520.785514790914
318.328698821133
455.30761549214367
0.04101827251724899
926.3917284924537
444.23072577046696
0.021803804556839168
0.024052113760262728
472.10835372284055
617.2449499442009
0.01778063189703971
389.6738759462023
458.921549869352
793.2057006184477
1391.699124084087
655.4631878290093
676.8094768313458
1728.5035562715493
338.8014001895208
359.2118938936619
497.1624216833152
362.3951757242903
1842.1021196097136
361.2768171564676
309.0521330020856
5524.136883000494
407.04387476318516
739.2109951553866
303.4323305528378
659.1538063939661
434.5304523195373
288.2771041726228
414.50831423315685
1733.3530983927194
0.052416044287383556
401.92261914745905
426.6970711646136
0.11197469127364457
469.00770453712903
392.1428894056007
7005.021204412333
502.0556315901922
550.2228300413117
319.2499951007776
367.452593604452
329.33298074582126
312.54267480014823
367.15126314014196
419.50933230726514
932.3467223305488
1485.8125352255302
392.52179114869796
357.13328615622595
482.10137491789646
362.6646577215288
438.5763529196847
403.1756935304729
608.0835789992707
609.6630102772033
575.4759503040696
378.16022013581824
612.5760263999691
355.91041713685263
456.98095930798445
379.45445621188264
2115.6876268853666
6332.479403874953
358.61841134517454
4872.846842610743
377.91947578883264
311.39564677514136
834.2953087368514
384.01306341507006
710.9869726960314
4609.330904230708
0.049220040324144065
4290.877573701437
3275.439021467115
445.47980656684376
381.14892382209655
603.9189140163362
419.8861031587003
1014.005086509278
516.0576554475119
352.09116211510263
4320.141547952546
1390.552506013657
1377.795940724318
2014.0692751297029
409.2374533812981
378.48521678580437
426.12078274716623
343.55823485937435
2870.5373326223344
1959.409545160015
468.18490883754566
901.6590802905848
626.0403980120318
301.63079894846305
645.0573454555124
446.4450459526852
4487.661436537281
1648.434821492061
0.026774644386023283
440.04894510260783
