293.56330479444387
293.5638460072405
293.56451382129853
293.5645717870566
293.56474114683533
293.56467293797596
293.56479556420436
293.56467596077437
293.56447722012854
293.5648896433131
293.5648384526121
293.56491314426967
293.5652650714601
293.56479722867334
293.56479030796254
293.5653605116404
293.5653165812837
293.5647460167056
293.5647879844855
293.5650329815544
293.5650868446737
293.56508558188216
293.5647557348366
293.5648628700892
293.56720521023453
293.56456279959275
293.56474914323917
293.56509625728904
293.5648093267064
293.56490369865423
293.5667167545853
293.56459364389593
293.564821928725
293.5649310349363
293.56451404277686
293.5648651672491
293.56477651347814
293.5650157487362
293.56482451446027
293.5647701853377
293.56482753302043
293.56484332386026
293.56498438541894
293.56483727788145
293.56484067785277
293.5649746577692
293.56481129254826
293.56490394386856
293.56497191741437
293.56497538662006
