170.00258632459918
170.00269680508154
170.00261155903536
170.00268843416688
170.00262939139066
170.00268262539157
170.00264240536762
170.0026786591643
170.00265122162364
170.00267594466732
170.00265765119912
170.00267404943224
170.00266192509025
170.00267282459936
170.00266500876387
170.00257741115183
170.00275709245307
170.00266497470602
170.00257649112064
170.0027563345775
170.00266634975014
170.00257593047354
170.00275588583827
170.0026672910917
170.0025756484829
170.00275560648515
170.00266791295326
170.00257560365753
170.00275549604157
170.00266805063438
170.00257546261673
170.00275547831006
170.0026683673077
170.0025753375994
170.00275538141432
170.00266851086235
170.0025754370854
170.00275541712654
170.0026683236647
170.0025753952268
170.0027553709242
170.0026683389642
170.0025753486916
170.00275527009944
170.00266849765103
170.0025754465205
170.0027553513646
170.00266849386753
170.00257531760872
170.00275532550404
170.0026684419281
170.00257533889453
170.00275533961758
170.00266841188022
170.00257526606038
170.0027553554337
170.00266854245092
170.00257525814413
170.00275536340268
170.0026686609308
170.00257528936163
170.00275539493487
170.00266845020087
170.00257544473425
170.00275526592486
170.00266845134865
170.00257538728874
170.0027553896216
170.00266850354456
170.00257537648213
170.00275529195278
170.00266848429237
170.00257535171477
170.00275527407575
170.00266871227723
170.00257531947864
170.0027553177897
170.00266845203805
170.00257529341252
170.00275528392376
170.00266863607249
170.00257534724733
170.00275530897852
170.002668620622
170.00257535044875
170.00275532341402
170.00266846313752
