365.01850512783403
365.0211131766955
365.022709484444
365.02367057852734
365.02346808084803
365.02425358458277
365.02438462993996
365.02446859112206
365.02436031983234
365.024023508915
365.0241889652534
365.0251341467283
365.02394891965923
365.0244467928205
365.0245488367109
365.0246686959308
365.0240532889875
365.0244891949533
365.0243742443399
365.0244081919609
365.02448979995097
365.0242982042673
365.02427068435827
365.02489449888344
365.02446967571086
365.024716128004
365.02377770275234
365.0247535933031
365.02432078923084
365.0244303872296
365.0241473539372
365.024345714417
365.0245662404959
365.0241791094377
365.0249773953328
365.0240406136436
365.0244151404986
365.02400053381643
365.0235561599511
365.0249561414421
