81.76039841034526
81.76039432776815
81.76039023898102
81.76038631595748
81.76038226273249
81.76037835205898
81.76037445366455
81.76037085164899
81.76036700301665
81.76036371564714
81.76036021847449
81.76035678128756
81.76035358849458
81.7603504092067
81.76034744440585
81.76034446515496
81.76034169388004
81.76033897972411
81.7603364193883
81.76033394648675
81.7603314653843
81.76032924187257
81.76032702448629
81.76032495367326
81.7603228956932
81.76032081089579
81.76031922738366
81.76031735137349
81.76031578259972
81.76031402808621
81.76031251042059
81.76031109394717
81.76030957221701
81.76030842574073
81.76030697936403
81.76030584427826
81.76030469400757
81.76030356135743
81.76030262438871
81.76030150687438
81.76030057383468
81.76029974070843
81.76029876748544
81.76029813811328
81.76029723765896
81.76029648447184
81.76029571928666
81.76029505595943
81.76029449019188
81.76029380248474
81.76029329967423
81.76029284745346
81.7602922165861
81.76029189803376
81.76029122078035
81.760290846305
81.7602905246531
81.76029005263263
81.76028964778743
81.76028930098073
81.76028889366353
81.76028872866118
81.76028826731817
81.76028799856067
81.76028774635233
81.76028745891563
81.76028735493674
81.76028711489744
81.76028672775465
81.76028655920527
81.76028631304689
81.76028610582762
81.76028596144897
81.7602857626116
81.7602856577887
81.76028537716957
81.76028537579805
81.76028513313759
81.76028506178955
81.76028493286867
81.76028474530722
81.76028478007902
81.76028455795858
81.76028448789475
81.76028439947913
81.76028432142084
81.76028421580122
81.76028425463119
81.76028392798435
81.7602840714153
81.76028385742211
81.76028391239015
81.76028374685848
81.7602837470713
81.76028368252628
81.76028345549639
81.76028352469984
81.76028354874325
81.76028346241947
81.76028345395571
81.76028335629599
81.76028327493805
81.76028323105857
81.76028326565574
81.76028314163523
81.76028325757397
81.76028319719262
81.7602831129625
81.7602830986234
81.76028302231498
81.76028304907777
81.7602829867592
81.76028298023448
81.76028295034848
81.76028291349758
81.76028304954343
81.76028296373806
81.76028290724571
81.76028298060919
81.76028300209873
81.76028305584805
81.76028285191023
81.76028279202365
81.76028275993849
81.76028295263859
81.76028291355215
81.76028282203515
81.76028282950938
81.76028291701914
81.76028284789754
81.76028277265868
81.76028290548493
81.76028278831836
81.7602827785995
81.76028292560113
81.76028272404801
81.76028261564716
81.76028275398312
81.76028264719571
81.76028277764999
81.76028261564352
81.76028273526754
81.76028268468508
81.76028276005673
81.76028266988214
81.76028271735777
81.76028261148167
81.76028265094646
81.76028261906322
81.76028278910962
81.76028268794471
81.76028258128281
81.76028267585934
81.76028281479375
81.76028274934652
81.76028265261994
81.76028276982106
81.76028256166319
81.76028284828499
81.76028273759584
81.76028277917067
81.76028272839176
81.76028271015093
81.76028271335963
81.76028278312879
81.76028255539131
81.760282707859
81.76028266886715
81.76028263175249
81.76028274992495
81.76028258990118
81.76028273369957
81.76028271357427
81.76028276685611
81.76028269040398
81.76028263257467
81.76028265967398
81.76028267377478
81.76028259886516
81.76028267317452
81.76028259067243
81.76028262603722
