351.5351438019625
351.5330320158919
351.53199023546495
351.5314849618535
351.5312390430963
351.5311190875582
351.53106052109524
351.531031856779
351.5310178629943
351.53101101504944
351.53100764884584
351.5310060344855
351.5310052491095
351.53100486377843
351.53100464930867
351.5310045459137
351.53100452340186
351.53100445910604
351.53100445924065
351.5310044389171
351.53100447506404
351.53100447219913
351.5310044368907
351.53100446005374
351.53100446716235
351.5310044939288
351.5310044786911
351.53100448702935
351.5310044575108
351.53100443559015
351.53100445060045
351.5310044046673
351.53100446694225
351.5310044436301
351.5310044725229
351.5310044900798
351.5310044555772
351.5310044746984
351.5310044675898
351.53100445853124
351.5310044790349
