161.817478598643
161.82095756807303
161.8204334623224
161.8212804170562
161.8208064231094
161.8186335152759
161.81930416137857
161.8223367734845
161.821483769907
161.82186876479955
161.8207582452551
161.82005552012834
161.82216654124932
161.8216004378637
161.8198022238712
161.82238730536574
161.81779353132697
161.82360628312108
161.82146094793734
161.8199584605718
161.8222490572316
161.82163879574
161.82017072702183
161.82205558530222
161.82232253050097
161.82223042168334
161.82155617920034
161.8184106955032
161.82203598032356
161.82165651700234
161.82150400179853
161.82126662520022
161.82054359113317
161.82213672589387
161.82187597929806
161.82343724506427
161.81907448380844
161.82199353520264
161.8213177210564
161.8207141647472
161.82224287770077
161.8234502597461
161.82203965679764
161.82196144193404
161.82244632428774
161.81816731264735
161.82187475229694
161.8218808746733
161.82150005262883
161.82131446384665
161.82075303985403
161.8222083128112
161.82342905576843
161.82123653593953
161.82074439213102
161.82090232809423
161.822085736776
161.82085104584985
161.81995730042036
161.82221698544345
161.82181953677355
161.82143209423884
161.82228542586563
161.82137853910353
161.82169065274866
161.82164850255322
161.8201150260702
161.82209140725718
161.82202314727328
161.82002143832142
161.82217216380923
161.82156726247194
161.82011190084813
161.82209883963878
161.82200575975003
161.81893946201308
161.8224595755819
161.81750217099034
161.82353751176197
161.82187592209448
161.82047859318482
161.82220531418716
161.8200972788436
161.82211030340477
161.82195691617017
161.8223257036516
161.8169553816042
161.82346441701884
161.82127001151457
161.82080072992903
161.8210014246033
161.82199370082526
