321.1506972728358
308.2172925720113
262.30500758749406
243.803645415784
242.24061567963213
261.21702517400945
249.92716181456035
262.55732170136025
261.7785476801887
261.64134160533285
264.8602487388389
237.57106852511788
266.84488568088955
269.36736009400784
255.5917205920955
251.41662524609364
254.17475792918322
257.2816507219468
254.0145148534575
242.9360103364288
270.52526131798004
257.1908536988776
263.63739731768237
251.46941277978385
261.3721281729577
260.4603576919653
242.8530846683916
242.18593810044786
255.91587934595555
269.96741156178086
271.69975340767905
264.0526100953484
244.42307082074694
263.4622201610655
260.1882221519518
242.81411476834364
264.63947530549194
270.51044113503303
243.9715560312561
246.88335001415544
244.08489519376417
265.91530634832816
279.97629906083057
269.1102668154017
272.80350489632474
250.12700617642804
256.17906773558207
244.13286261158828
256.4137488624747
248.46502654105825
240.0439526993032
253.7642290683143
260.528312720402
272.17651903489786
250.5403713516789
255.01600350201807
241.92984907620303
263.51053770813087
264.8982720550339
247.86886598642013
275.5112030386608
243.22830884217
253.7148359699786
244.34298247015613
236.48111507026624
234.54234936029752
245.84839922568426
247.5856815578736
241.92937162394082
244.06912596696566
262.84249600462135
234.76069027776612
257.1015887315916
246.44163535234838
240.1738765393311
243.40748972231086
280.01808483678906
249.36034677327552
255.9842241707811
267.6064887247994
283.2344537256686
274.3406477810022
236.9097026608033
249.80676556910475
257.536965736399
257.6268241425787
245.2256842859315
263.85958654935166
274.99925792153226
277.32727048829474
270.2867657612842
255.712043661013
267.59930719338445
254.6198275230454
243.73308881927005
266.48415267772725
265.25120557803893
258.21670994750457
255.98271210552775
267.3729192609426
239.154844379118
256.6969897234412
247.4535340559196
248.25142125974162
261.3823704896058
263.9520054335444
251.78126739428626
254.7942708992523
254.83319779884187
253.31611770309974
257.68983661440507
238.44913710646506
258.3069977609048
238.72157631430673
246.12545857228542
257.06325192125223
261.61921974244615
257.25777931370976
245.93867442274131
240.9919842751151
247.05298076591862
258.9061375709025
249.7212478387155
276.63998299887317
253.4603013791275
266.24940000794595
252.465215999644
263.5802435767582
256.5829245748464
259.1338059985137
245.68227286547335
256.0947767873877
244.4403302684732
256.86429418343323
255.53761527852475
261.96455922581663
258.1957981378582
241.5139057241904
247.55368850706145
265.9549700933421
239.25110101419705
259.6187717095163
265.4936726405067
240.86486523462372
278.1409455279136
253.73494218735868
259.09381382089487
265.79925526177976
244.58837554342608
271.5105521816877
242.9280697916256
253.44651207042625
234.19661223599542
254.10604141349177
244.0395827454413
270.8470139421552
256.1219609401305
248.20753205217625
239.09002470882115
252.036443026911
263.7332510829583
238.93379189638654
266.69016542457393
271.41365585783205
269.97096610302833
246.89308353963133
228.56277301509544
263.54210430512467
272.7523299520908
266.24260045112896
233.34775470667228
261.15847150394256
244.53098818280705
263.28298593890213
249.58714824320487
251.30350971217558
259.91183070107945
264.2919076193284
275.52492381811317
282.7990321706384
272.74224766863335
279.2682244723328
290.4557776605361
268.87130449518736
264.4354089999033
248.10223949065403
242.0180259257686
245.67936343781184
226.03204161988833
251.34799971230677
241.8222007210279
266.08074923486856
254.1645368851532
248.15066055867646
253.66642124854843
252.18191662205209
257.46645998373424
280.96362168157066
242.63919001517206
260.56112023766764
282.1493188117165
253.74060948567057
262.95103974590165
253.90035304504272
244.56150116352364
256.49452519902115
279.09186529833096
269.119473763516
271.9460079752462
272.2838525622574
272.48440158816084
260.60916025062033
256.83504911007185
261.0954735190171
263.9770413989754
244.37622678223852
264.4946015648238
248.34267462994467
252.69002389739762
233.0066723339187
271.1338953073864
272.82596480683424
277.8599825170095
257.4603539061354
266.8640439059018
275.54478480888065
261.0923832488843
252.53265375453338
253.6838873054803
246.25079749249562
246.27489431755384
246.89673919535562
251.1377363931897
252.54169694871234
262.4275205284721
254.32129914178222
251.76875126519735
243.48172527524002
256.10832562084397
276.1775967415888
253.5732312242617
245.54177050208818
267.09267107894993
262.4003720787732
234.8830379515639
265.0009820348423
256.85307981331425
272.22039544685686
255.61077429827128
285.2796802747325
270.47846877943084
265.52700092018495
268.98935113369225
263.4714043748172
264.9571476322162
267.29889975572587
239.4737763332232
245.48483803599083
254.44022953392414
250.25747202489583
265.64195958923665
253.52156990914955
251.5225013520103
286.6380041232187
271.6067710764037
261.28573517056066
254.12158886782709
260.2590831791167
272.26660967007047
255.72458345376072
274.12101394192723
277.2995551599306
241.38638383662328
242.71144986613945
258.7254790231964
239.5659605663095
257.01313295141154
251.1273444210965
260.73143240920035
260.92086008640763
259.36344320383796
269.738774990823
255.300974686048
256.0027296119515
245.35913665071712
257.6757111857878
251.52145089455007
255.81123482713883
262.25318395173235
279.26188360080414
301.23715535501833
258.92560781932843
257.5939694815024
254.90851042621944
269.69139900870505
264.9980121818953
262.3419405074528
269.2894707938249
260.29109847829386
256.2172447495832
258.22839185337943
252.94075936022273
251.22048197017284
264.789368621161
247.73578705526597
266.32558058157156
257.52882824208064
273.9853291338368
249.99600865802495
259.20679651302635
239.23084119123814
248.72652071525226
237.82159056304954
255.95150277894572
266.5834508455009
261.90237996126234
264.47349936165847
276.608597164246
264.76520062847703
252.83329204474285
253.18075576431875
263.25247903421405
248.3365324191982
256.48889717554266
256.20069899734517
254.1138224471797
276.4043302673963
244.1129675002594
261.5734476838261
259.1702403096133
277.3278362926503
261.6901953159395
278.28093434682523
250.025088424547
251.72070641245227
225.53563559065515
251.43466963231913
261.6166584606108
236.33091106751817
245.63034245549352
246.40492853836622
257.46251206441957
248.10183284175582
258.16356427496066
250.48795602856262
271.03774520909064
248.95639966757153
255.16948116691492
242.57753272312402
270.44311390139046
256.8684035283077
260.6055822265771
262.4305804632022
263.2935775318183
255.2469688423298
259.2434056337952
266.8041054612404
260.0442001731717
256.7437557387602
253.59695530675526
263.55719685360964
273.7798129728908
268.441929379318
270.091680527461
257.3470055425132
255.904242795732
272.2911896910955
285.4875226550794
280.5325604139216
260.07417990334216
273.6293655588961
262.8632936502545
250.64699116586416
236.68624821647245
255.88153030928515
242.58083273524244
266.7461361131427
276.2005542274128
257.42185803757457
251.82480253939866
244.6142552577512
254.47434653315577
256.4038883565954
256.5386766031879
262.8517255340121
271.3872776165081
258.6811393859243
245.5830392750504
267.9177928250574
253.38835773781466
245.31768668844597
246.28707582371135
229.3532091618108
237.94471310806694
248.68313044241222
263.48676894920936
257.0444248641288
281.13807830754376
266.4903200774861
249.73413361822895
261.78624275533366
252.60580107104033
240.20160420671164
238.65513000979263
271.01183679155656
244.4618742709572
242.84893093263963
250.55281604564516
248.11349435032753
244.8920989780454
254.36981028641458
267.58089636897785
262.94318593088246
263.3998099139717
244.27337916733813
240.0974231330474
252.1958800475404
268.9195041156345
269.20049298595404
237.96726684262103
260.01366980683815
225.485657823956
262.0512638640066
260.0543718260451
262.28447735129157
239.1989967908885
245.87292905860522
243.95934298106295
275.7610258389759
271.55952901160344
236.37620691557822
253.47584728326183
266.82758891544654
251.904353597507
265.2266437774815
257.9252446496539
253.09142425347818
278.98673384256836
258.4637175483076
265.44054894965666
244.09936685966386
267.06894333580567
255.6254098789941
258.7959416228259
256.7881278906134
255.65602991520427
254.08845651935553
259.50382912610075
261.49077688370016
278.0660081999231
249.48163791483967
252.76132087448786
253.03277756966418
268.19563805994403
262.20315207750537
250.3807432687172
237.89630699054396
263.9161583648529
262.55425137669954
255.06489920671447
276.1506680105085
252.8309239885566
252.57558860606514
248.2494937419251
267.3179911125917
260.01126499296515
246.20897259682533
245.2939390699321
238.29534362774575
273.21825514877855
274.9663534254505
243.12653301087266
256.3445964552084
252.81048644482507
250.18663761093921
272.68571191473166
243.78147385211196
262.37044671041076
252.09961170463066
244.2229518036329
249.30951208439365
277.443546121518
262.5377015403792
259.5280937376083
251.71304092623177
281.8660988018237
250.937723425086
245.50654667594063
257.97980447491864
252.24190917766828
286.32324186518963
263.2892615100136
250.22965212773124
261.9299625880376
268.9304656247259
239.5897810234601
247.85401456231193
250.61839053526637
242.38392740832933
253.6184402563522
274.2485455729475
268.1207559472241
256.13817569991807
265.6931696449319
285.4798908715893
265.1510106913629
283.7455236313981
251.2195724855119
240.22610201466887
251.70691827646806
263.10165261777
274.1084855609224
275.36396954979864
254.57693248830037
255.7062350754568
251.6788201938325
256.66785600665025
261.4622465655848
266.4873436439084
255.61125887947856
244.09259870578535
251.2961337751476
249.02175021541188
241.4097494406742
261.78950391773833
237.92724276374793
263.81721909501357
255.83312610216672
253.86800416381448
260.88399349106476
271.41999703555484
230.44525089822127
259.6419141108345
250.19864796902402
275.52400557443616
256.0690549404244
246.50015372465714
269.0070372259652
247.75471671301057
254.32620514713926
256.875802650291
298.31764433093485
249.7502408758446
232.87417194608133
239.72876087931218
247.4876729977841
262.47045079179225
255.26621210639132
248.73848870009533
277.403787200019
246.54080077187973
248.5696400476736
253.17509324735147
246.018156415259
252.05036735744216
270.288277520478
265.019722261437
269.04049324747757
266.50342102057766
266.23138362835743
266.5296589463833
250.96360242768424
281.3850646011997
246.58586622599978
257.10555962633225
255.98696982493857
252.24848693638342
261.6310027160507
253.02749649470206
250.2255101807241
260.54858488804894
259.996235980303
253.25525966458372
277.3708762861788
263.7513187142613
263.44571731897304
258.7011540973035
263.25045039432007
247.89424517724547
255.3362463057274
268.9752242316026
255.02191056674928
272.64289311732864
269.9569105023402
265.48690010549035
263.30744424680597
247.83564622650738
259.2067830103042
262.3789253644063
261.3545491832192
245.7067477076489
251.35311586901662
247.76871449747705
264.3548022379109
258.96402951402706
252.95924234681297
234.40474980260478
270.84140603325795
252.43203842855291
272.799689251784
263.06714423871017
263.2295469754026
270.6394342870917
256.3306138404005
274.41616025482654
261.16451747182873
263.38019585039
271.17325065279147
257.99397459841566
293.7382053924375
252.79021603002911
260.47717337324866
244.30169471818954
264.68585596221965
271.6457322612696
262.37816197873326
241.27334871375933
256.3530685758451
251.51216816157103
271.28168737108354
271.1726686595939
263.1125876646256
249.663746141101
286.4404958229279
260.81919441357604
271.9048679583939
279.04940720059676
258.96498760022223
255.43393423384987
245.63994409507723
258.03852635240764
242.10986142291222
253.552409219963
256.34201943004155
243.99734155662009
281.58193909199326
255.58880647964543
259.5274578887329
245.51749056394328
252.16266095309402
247.31969368542195
242.00703115662327
263.17928304040106
264.9092484305729
258.1384905814484
277.02599802354234
266.35916262640967
266.1388975036389
243.34305360677536
237.59600362289348
256.28870165889384
242.55877410341054
247.03280655891285
250.61034941949765
261.9994137471949
246.9343970946211
248.9833242991881
249.8317959503329
244.8905898114026
252.7207817423914
256.6544872263912
246.7254546621989
258.0956245608686
247.87870865740115
263.2429007157916
259.9200789941824
263.2624420321372
261.7048556804657
251.8605156474223
266.17618721030885
248.02568202005932
257.15496054527466
262.84428814196144
250.94749563848018
267.1481703313475
250.94444819857017
238.67537490234827
247.2000412310881
260.1502358033322
248.73227838418097
268.2054742561304
260.31231065877364
259.1894209567399
251.11286503702286
263.54481812234735
267.53477936887066
266.9299636250944
265.7615048298903
254.25415959081147
246.1295622534235
251.07929377240362
258.27139707500464
270.9563816189475
270.66189141839277
246.82719912263565
242.38589281999157
250.6460498975939
259.44404232958914
252.03977380823926
254.03038292296696
254.27668691269355
243.25217102855095
234.2797034510877
256.8525085331348
256.2418164740666
248.42394669854548
261.7082516158698
258.11404841186595
233.96059739333577
262.6182019615371
256.2358198556467
252.97380499719293
262.83869769165176
261.5426111058332
238.215379173751
232.8697257503227
237.7448985829833
270.92720694246236
274.8225496149098
292.45347455961746
272.6850527705683
263.52422804382513
249.46715705172392
256.14992535018246
259.22170227990136
245.00290003191913
272.9014554541209
266.44812385944533
242.18241155863507
249.53571496187942
259.8481521398644
262.41677882889053
259.4182527028606
267.3599476333475
270.4550714052166
258.69540956645506
254.6125568576099
295.4429309509287
252.75788754079258
247.33545352501096
261.16285158949904
258.43601169771864
251.6176880376297
252.81245147707523
261.21864204551093
261.26530776399886
268.0602046387503
259.88309524126817
262.76255096457317
277.2342443651578
258.84972914031823
252.0133423350635
260.66720517605427
263.5659980738128
286.60536487889476
253.99745727918344
256.25455498334486
246.32075298915152
264.43836334563093
246.0149910671753
240.3243143130676
270.76095511886524
253.26508193291374
267.11563935890445
245.73608799427166
252.0231191001949
250.83449166250648
258.13409195732675
265.702894920134
260.01118722499814
259.48044101399137
230.14571773196803
246.0395084314223
243.13400469903718
272.6010049388278
264.0482083300594
269.11195045959903
262.5881409801077
253.48089244385483
254.98818097595358
276.116097823804
302.19116644375026
260.4627705522289
253.2101199500903
264.24327767349314
247.00376434682403
275.70997360767797
263.9406004853663
252.34380820396473
260.7207100808737
273.85914443526417
245.05191082396777
257.27984425236355
265.4499656113039
233.90993321611313
240.58126820548205
241.64112751200446
269.8587054084055
257.6543279265752
255.45646223175572
244.9753521401144
247.45992827869486
254.32944006010075
259.04075217596255
245.4511769337696
253.43249736580765
268.8566172673891
259.9612204780278
266.9833219346474
261.1469139305118
273.47263047276647
257.8070103380305
254.87512356688967
251.8133765452949
252.34136794492952
284.9176445993071
251.84991171406
274.185003343533
258.75214242876973
255.4652194385999
254.09181248690584
231.53789386944845
247.1885247436585
281.44028465796146
254.61488469628966
268.96217939810595
249.40343929146184
273.00212036498124
271.1116144913249
254.09582885896089
266.9777637857478
245.85098367146566
257.27508677734295
275.10236803389853
244.71492275915807
278.7745016934641
257.8621104050253
265.89015844490496
258.3447411933739
252.2052936706168
237.57002715670387
236.4369535468286
265.21777721180115
251.5621320391656
280.43186515191337
265.91465143169626
261.6149363692675
246.71840904874261
249.9328886293515
237.78632561812992
254.0494225267612
247.85065001019393
240.99275782163022
247.73258444241947
273.11542288481724
240.3102879334183
250.91550648162956
287.6481581086409
258.0288396627002
241.75592800762388
254.29754289294942
248.17421331966761
245.18538888500188
266.5460201413953
258.31796578719513
248.6797859899816
253.3971971817955
244.1654813583591
265.2218417870754
258.50825658100075
255.3581645406084
256.9074254486477
271.62581847966067
234.47273905735346
266.2191107319959
263.7357019651972
243.56037244884646
243.90087684526225
239.7477460555674
252.40571314451518
253.89113179050037
254.89435424219118
280.26270807217225
274.9730957260181
242.11468675208744
253.87653101570322
248.95733605412534
272.11661217338406
274.6571051311621
257.5789598203264
251.06201087110094
245.46592485677684
282.0737273103732
241.11448091539205
266.6190331290418
242.88078995418618
261.4426001177635
277.46821374457795
278.96408623698517
265.43286432139575
256.6271308073483
246.95450744932168
248.56679813249502
249.89303555196966
250.32868413059623
266.4810306111758
245.91885841524345
239.2733741257689
252.63083366397768
275.355521282414
259.029849341372
254.92618492027395
260.1682635723555
238.63305709711858
258.39563361310866
254.94919845525874
248.96620834217174
248.29162860612269
276.4668318173208
246.26185693169828
250.62371769102174
269.8241230699932
247.9976574786706
268.07240489905234
241.6747353269311
239.67283705915906
255.14253196361824
251.40297723124968
249.62555399310077
242.03528272666153
285.65801421465585
252.50092536915326
268.44890208842116
257.1673961034103
283.1705900640809
283.88574014086043
278.88004576970707
245.30504698044388
266.3443504739553
248.7730636963097
251.92837723702542
238.96882325131446
258.58842834987445
270.6358102870872
240.95132964654476
248.53710039597354
238.73825331308763
268.6589826877462
259.868020145077
256.84701267117634
267.3628207698348
258.3684784130892
235.5438053253456
258.07045954765636
239.85710135070258
258.11142282839864
267.55982201645384
288.24267833755584
266.28512540386873
260.34257755006547
248.27277357300045
266.194847993087
256.90915939671686
249.01490471075522
235.79388953387388
258.56532840861473
281.5879692667513
238.1291599906399
254.4764165833476
258.3129131847527
259.3848233715107
263.6792915426777
244.15503053439897
250.4817746730696
241.49241847044323
246.80182647734182
265.3859507657762
260.9846800425439
259.9723198344291
239.16491034557112
293.1373476384033
240.4709495427087
268.83071672185906
244.58750482060714
249.16827983115218
266.5437669346866
239.08417906082468
252.19920555359568
264.20865830153343
248.6080098708917
255.78682810612372
263.95169289727346
264.6682219725044
254.80393018972245
240.2898331520846
256.39024810661795
261.06640724488534
258.9154708889255
245.54290397110162
262.91913819749607
251.28437852294883
248.17589538524044
257.06378228898393
246.0997290161322
247.69814241031418
234.56427291760338
240.05779129636358
238.72089349856833
241.4592627667007
236.70199906791095
245.79563246684847
264.329796853126
251.93669025754207
261.8749583827157
245.6555523207644
260.7628439934924
260.9861661604373
250.236345064739
263.2240382586024
248.27638083527563
265.641751202289
265.9039488713024
252.28851442673476
247.8839997461182
272.1113770005177
256.59336914512096
244.04797069582855
266.6205988106667
239.0220151207759
229.73239059274783
247.08782500313828
244.09519412257941
250.73735544702504
242.6567992097116
283.7828218364739
261.3343330787029
264.0392567991512
258.6526159744826
268.30876064742915
271.7494763669092
247.96220395801356
249.34655166539596
250.39469609118532
277.2222848479287
247.78171623451635
273.2244006226538
278.3326102962601
248.0613695307402
259.5655147540965
269.55199416476535
243.4602905237698
246.48435026337393
239.0527690005838
259.6400326305302
261.71949271671474
256.1333032978582
267.33610108611174
247.0176208934281
243.03385493939277
253.58962522714864
247.3394981714082
250.11805455049034
269.83175795909483
267.32605101243826
260.8300034260028
270.80571426806273
243.24370572302723
263.13736813276773
268.01133948809
269.47982786764624
254.28195489745121
245.73511216265615
255.64495673083002
243.75247707375092
236.7361134995008
258.2815316005144
264.55518613388995
252.9291882973048
252.76995061698835
248.36612964520464
258.5876028549392
252.05318857601378
253.05058841471327
251.25482663384173
266.5643598124152
252.76031476684147
246.4786600183579
266.0791831901879
248.16172128298786
255.41160763881635
251.5051923802821
259.934831503022
248.1596542832558
256.45366704516346
258.7067664474016
236.31484964623814
268.52639895357424
257.9932367298752
262.36396475316724
261.34578799048904
274.49520882056095
241.14618705934845
243.2041351039079
249.3046582734678
253.60338420717744
256.65441565436777
262.26008159085177
275.1371887451969
255.73417642962886
258.0214949536603
265.1372814527713
251.50007692701183
285.80972489196574
244.6272770734504
257.3374103656388
259.12596572370967
256.34175744012464
254.4125794415013
256.4567501186975
273.5092696188949
244.75437008118024
255.45601106563117
281.09485232672887
264.0751707739546
283.11881313921185
257.4410262781894
246.81219972402323
254.7630418271292
256.4252197602764
245.44436795375077
252.31982590729604
246.19382543070242
252.97428511467297
266.0799723297241
259.84048251988133
276.5009735203348
252.8684030616423
284.5787610450643
282.74048749601934
294.85216908797156
289.6466659384896
272.05413531605154
257.2300338842324
249.06599868123885
273.0221603928949
252.8233731747605
275.7984304947313
280.00034649600275
278.73013949248707
259.359536328644
261.5389459753642
251.57145894458517
250.3028751341044
256.5983851230121
245.6451442032121
257.95866267429665
252.31849578703986
270.5132567099063
250.22761330055073
250.2634539376013
252.69146458699834
259.7525594931212
259.0728272473207
282.25953323423164
251.21034302434418
252.1795672850567
271.9338605478988
244.70263719023205
259.5800104913069
240.60995418054517
257.93576492450666
263.7023563925759
259.31253651954466
264.27531320252456
266.8414183752029
243.64459478016943
270.30338805168867
240.9349950737669
275.0098884377512
263.7812120980816
244.609767050948
258.13522301928606
244.02896420966135
255.29740901192417
241.00136459298665
245.14728337636916
260.6248874895973
249.82101290515857
247.90452472714242
268.9615333289257
253.40999414469115
242.97838814975694
250.7499348729034
266.298339102068
267.9101088150055
266.9808434267179
240.58402747055516
271.91960665147053
246.46461536368588
248.0664987389464
272.99934244243195
245.46547835943056
273.51941826060647
260.80431729281554
265.5357363377698
274.7939316331758
246.50238058250397
264.52856211416656
238.56916363874916
239.37018663127674
252.2614093425218
270.9126128904172
250.18488585046725
266.8430256731808
272.2964636912802
249.65325772360666
238.27476753445808
270.1488086761092
236.05606686073588
261.1589200444869
259.04195449250983
254.0940906482865
249.36389807256637
271.505955144763
253.1813592473045
265.0371784013114
258.5231518060318
251.57552097912412
237.2743864604854
281.5820770150167
253.11365548253525
270.0105160525418
257.71826052764663
263.2958936484647
242.96450308634667
257.34192413603887
257.8964262503432
243.12206673878245
263.4389636712149
258.94430140196346
246.99125873250887
255.255821318191
264.3400373883778
260.24264149647206
267.43287519796286
256.202917095914
266.7313985492219
248.16419454471907
265.55309151578695
274.4905150748091
267.5073798598605
250.3279381733737
257.6477550807758
270.37500456761336
247.88747014408
248.70189183211187
268.58561699156417
296.52466253220337
223.9623096951982
277.5717474546982
257.7880264916457
251.66461674048332
246.68463004817022
260.2172632199363
271.515881329542
268.4820688754553
264.63058442564216
285.2018670042162
262.7105299804243
247.60015188128455
264.30540046078386
264.6938206125051
275.0356877586455
238.42260546894977
272.1764881128911
268.840605953068
251.02973612444475
248.73198473860975
231.13679628208047
244.23163191688946
247.87607012299122
268.540650671348
281.11389276519185
253.7723822023836
260.25099536270136
272.3923803840298
265.0767254207749
246.43210267584072
276.18471381248673
271.8759189363918
274.11863604042446
264.2601213804446
288.11342006427003
252.51530035660835
250.44222355249804
263.65716081339633
236.91365133039653
244.59930216899374
253.02348894596798
274.9971736543812
243.48545590846334
262.54971972410567
228.52369015529985
260.06983527739067
240.95319286291488
265.9838413170655
241.2243311536149
258.1816655835137
280.02849903458264
256.84794897481333
244.71501294756308
271.3018008458894
250.93061629566364
261.6886826073169
276.2742171047139
278.36925816797884
263.2506456928677
288.6152432875242
261.8916059085168
258.5728337362525
280.3120114010526
237.19655910343863
255.98980056663277
249.2370543849538
256.0165840530535
244.14894727431238
280.7790915868827
250.2938600028865
261.31454407941783
252.90570879384177
243.9176529624383
247.12528413609834
255.2926832085359
272.4322521943832
251.74584983440582
264.89018011512235
262.3109014600632
251.06736641493626
273.60496010934
255.61875718773808
259.3205484788632
256.15191218606196
253.6857418307336
252.5529701366322
256.60746410739375
234.79716298507992
255.0668475010316
268.15467367036035
245.67496333940653
261.6069069164805
272.5855271506589
262.970907594834
269.44902833167
248.34082788723754
262.779697745631
255.25880676263478
261.8470040084212
267.17382216703845
254.290129497007
270.042539860704
269.4809563496965
258.72575827880064
264.41189548245165
247.5185419084737
252.20597115909914
262.36081872630166
249.6894764159224
270.66249831789173
251.28984137333464
250.28432581678499
248.2748088912922
257.8998611167772
250.70384527690476
270.1649748503696
251.21072620584164
272.52978133928264
224.92522144463146
238.52445560722845
253.27093012916157
248.78840239200508
276.2968232256826
272.34967828996014
268.19047587091336
264.5864983073552
248.66506166639738
247.1862691193237
246.96202380937757
254.44919757306343
250.5921707493835
247.7351577501977
254.582125521556
268.91127393906936
236.6412240913487
256.2940897255321
248.2210170904873
261.50503928016406
249.2147743960959
267.8057026977767
245.60194877377944
242.89057275577215
263.8844801313244
248.91487579222303
227.31268786039436
273.0480075608939
269.3229166822275
260.6361291834619
263.3901305764448
253.5207546837628
248.22390870156232
277.7216166849248
263.81942768290173
257.19398930022726
247.03715124097653
264.4202675197739
302.97679797152523
280.5261112466105
254.01928641530685
267.54717532446375
259.6113950985018
245.49852978473064
284.6001386900898
232.31275329558412
258.634287689405
260.7332601182861
251.8633863592986
244.76878071279498
261.76493314187974
267.91660488257185
267.10449996509124
255.40095420274884
248.45362488931278
250.7242630268447
246.5995449119364
252.13218290632358
284.8716543620103
249.44512849999592
271.6068702029879
256.46304163662717
252.6025687700021
255.9874983629561
239.3011195397121
251.08285387809156
249.76665156666422
281.0960217710235
244.6846236771671
259.0809419209254
252.66358363401378
289.08582382666646
247.87658283376368
263.92320778389694
278.97077001287835
249.00766353169456
266.06758776161587
256.06586718314793
258.878920854826
249.103174817923
267.95480491843773
245.3834904251271
270.857415754057
237.1616377697792
267.38340697361855
272.9174125083955
267.95987237949157
256.7914493078715
257.35243396653095
255.6549658109434
280.5670858917874
257.6877870124299
257.10799345956184
272.52901412762003
248.06005934940185
252.46813459327677
233.06962623004802
241.64443488291
264.6322587178438
250.48417042661458
276.422581392515
274.52891310310224
242.09818681085017
259.2857137367828
255.17565710138297
271.1043408070691
271.20240786735667
261.3484714110964
261.63908072112827
258.13919651450124
257.08516086195596
247.3059486967395
270.62789580295794
260.47727753181243
240.66583198530134
257.542837128276
251.73721191292861
254.72584495454794
265.5885425321758
268.87775974744
285.3107339920243
244.68805708305445
270.5698214455624
236.53200067288708
257.40264287858736
270.3702121725073
268.9271378161502
247.02750632690731
240.03680445591453
242.24290746991755
251.01471635117196
255.09833869204158
268.59385197691154
260.66251706093317
271.2468006403069
239.58155751391314
284.4882958056987
267.6715436120867
264.50775643152883
260.75950410112273
249.36150616430677
264.8624835385708
237.96198556484887
265.1561863239622
253.20344478759216
274.0649744037655
248.55263941112207
252.56322326458758
259.8934173077578
250.53810377867194
246.85628210747382
261.5926721742144
253.4735571500496
276.2209684571135
262.6793559357757
263.47162477183156
281.5025438395096
259.1162698616972
271.18986179836793
262.0628643511445
271.24610078695696
264.27680442557903
273.82664208847564
273.77031794999493
288.21098389988765
285.5176937597571
264.4174545445712
267.67028828611365
247.69203365925932
238.2919638218009
245.7716615285608
270.7341103895451
243.60494107176783
269.06397817924153
254.9835914882715
258.30468635750003
252.5721918878262
236.74175769434078
291.05289957730565
281.5914409708348
275.8740002805134
273.2914507128298
279.5146411485621
256.2162079795962
263.7236341969692
256.3592526204884
253.65034425194608
253.10045151453232
267.03789168427465
287.22659571346594
260.2035469437251
237.25075724557973
240.7704737947788
237.33675453223987
263.45185159461107
248.90836399508407
249.6445873074117
271.3929828219698
270.3119693242479
270.63844686042285
241.70451268128818
248.9525855135289
252.4822538815788
270.2958233188838
270.73040063044755
258.408201414044
257.0570744802826
230.79629526141798
254.5397945146542
255.62455616088118
254.23309651599266
259.1410450494732
264.0165314390324
272.7311743096798
252.71426978695672
250.76098727300996
294.8663285142393
260.5534998116782
235.43544531002408
243.20248856284888
271.91851498390315
238.6321148837451
268.79308097809553
249.8429176019854
261.5750357499928
254.60818323271815
288.99083918047836
252.90839400340337
271.2585269502597
236.2585876356461
257.9394051823183
240.5477279603947
250.61739413277246
271.0734688861994
263.72069715260295
266.8019405849045
254.4981967341737
275.9009139740956
231.2620122723747
257.55930579063715
244.3444677819498
250.0936315714498
264.9066134147579
255.39163980528247
280.4885908938595
253.58760320500005
263.5422823939007
247.55229210591642
280.46312902582576
259.5499892552034
249.86922830995172
267.1898825125536
293.2623394416296
250.18621589813847
245.6865649058018
244.37056270614266
259.412445626338
257.8918513220269
256.88426355441334
257.8787804256426
259.310681402334
264.01123649202054
256.5457058850443
260.7607926503988
247.8823296954506
248.69070306187496
242.37717819417594
265.0973935073707
243.04838296759408
252.4237427468761
267.01249137095874
267.3289092821069
263.84436551487306
281.6503069298342
257.56401286518667
254.02993857493857
276.31582359725144
258.75293701229384
247.35576956893783
263.76311005465686
254.3904536824557
253.27032221161062
252.82851784786908
249.78712528402684
272.3844464593567
248.61330673843622
257.5328757641255
243.7198559169774
244.878662729403
256.1341802474926
259.3734468977782
236.05577461159555
239.49330989347072
266.769189292565
246.77654237509705
262.88207820768
245.54882070678286
254.5802503908053
246.63685275480384
252.78181731549557
250.50051182700554
246.38449605298229
240.18527680286206
262.1487077168422
284.71151628677035
249.56781557225622
266.078283704177
271.225907456188
243.88314425689168
257.6396929738112
251.7884985531564
252.94015240715817
268.80113983963383
249.47757928515784
277.98856209096266
266.81196591310436
252.56444247008767
281.03590691508725
249.56709790055174
244.2522337794653
246.67283125023823
286.17762357677566
251.2385301081231
249.49652640067507
277.45053029892733
260.593349901319
283.2248021563282
262.20999332447536
248.8115464595612
282.46227177395485
260.15256935020443
274.9123219860485
248.6788565442548
255.56043952517211
242.57003217778401
267.1333185619442
266.6323723573587
261.6607135166414
267.1622300045565
249.95414230029564
251.45075723022455
258.16914779529907
264.0567223743419
265.24339078133926
253.60079064324964
259.52023290802026
272.2722925617709
271.84612956433557
258.7850786061026
277.61468289559707
253.78702994593186
264.19650421856204
275.9628718486056
291.72663208446465
259.08004040422384
255.66592791245785
247.70130881655496
267.8381394490134
258.77673930540914
262.34864171687514
252.56077412574086
254.5141914705746
262.83257279143436
261.3191673029796
269.73173497774405
272.530824487505
263.2307459626463
264.8544370690943
263.58086787565844
261.09353339881636
241.42675415461417
255.67880367027828
243.81377053633332
263.8146639811457
289.33845262631075
245.67715138633503
243.28147736389656
270.6439887469169
248.6589747472899
260.3666623957106
242.57712689315667
249.04133520182222
245.0997348203091
244.27032182289986
248.50929754035315
244.62968667573296
265.32290678529534
277.6009912029258
274.6079655607464
254.3518338697031
260.49237075651763
245.20257646066602
246.98740402958356
253.11265658645425
257.4172292940202
243.1747837124276
267.8649724437273
271.6024677447858
258.53532081638696
285.1471544354572
266.77776455390267
270.0490950937965
262.4905499900342
260.2361164195463
265.1134720312548
238.24583759298548
271.0786476039211
274.51506015413906
245.1288876045728
256.9316044372972
256.37516678648535
273.4691202880349
235.9263897644705
240.82500267430441
230.08179582399316
252.95776682917494
241.76285838731565
258.9645809282665
246.18710832874058
259.4427413069643
254.6920063526486
263.73003385256743
255.99287154263584
258.8916681300616
240.96008855040418
243.6598556509707
254.23702139483066
257.07323396066204
245.71681601717137
262.8835908320034
244.21196846320527
281.417992847797
242.99322123097954
271.5386320432881
251.83541522553423
249.19943767169025
238.45514648791868
251.63151092035696
250.23011686914833
254.58915315789636
254.84979956957977
254.79940831667045
267.2671361604589
257.7843163747457
251.178805297066
256.1578074885765
265.0264487970853
258.0224403172033
269.02978831122164
275.48148667119676
251.69434565817937
261.8401902251644
261.5905159833492
243.95362349337665
261.4427845986211
266.584188893612
251.35113715945045
251.8014462396386
238.4595250900602
256.100149459613
259.270796086872
261.0619343625149
246.1885595334461
280.2407714747824
249.8372140158317
243.13832327874843
253.84549172845436
266.8298602241557
242.20988595619565
248.7772071537329
249.00180514768
258.7530194145511
256.6949776575784
267.2934659899329
266.0503664588323
255.229659708275
253.96062897139927
244.21661677019438
279.2961125681759
252.3020023983554
257.54814895498566
267.8247507951455
244.00760297459783
252.60616655484773
261.57579261553474
249.6155953410198
243.40162253082963
245.90456105896737
248.45361536974087
293.49594148033066
253.35047742561437
256.57717668183614
255.19773446873296
265.4262100326014
247.8531817618641
245.9575826143846
254.74035460874438
271.84578551433515
251.96127909456845
257.7136389485677
250.76339763391297
262.119829940144
257.7290451496956
270.9078408324858
251.85407964448677
272.99058116570814
242.94757975498214
261.05532017047517
242.0726337849046
265.4790083668777
249.33771829982288
250.7137088396703
263.5424980765674
257.5051455841749
242.98402366566006
251.17950967652723
250.71097045042552
256.0224912739941
253.18528837925987
284.01045813038945
256.7902742844308
253.20258343761088
285.1620694138692
252.23103068454657
263.59102986054495
254.32781239273027
260.1538749007741
261.3529259209172
246.84774265810847
266.11064090928994
244.23178036120953
240.06541353691136
232.83446276350878
264.2781732076546
246.8561917131883
274.58571094449144
256.15715250052745
266.3325220196857
248.29193966893945
228.73231710027903
251.07041206292342
256.6577076552203
244.83379327575676
251.40378617169335
252.6494335535681
268.64065904403105
264.9106553127058
271.25222308485536
262.44021257030545
268.2679744180641
258.288752623077
241.01591453130823
260.86001626134384
262.08948472782504
227.94743750273483
248.85672548989533
239.04054715379607
264.4263392891735
246.46400907827774
265.8013368783286
254.75038583221612
265.61245625367155
253.76835832220968
264.9974189341883
263.9723170728539
262.46840569825144
245.09682849468663
273.2600922830752
261.7272391105653
275.24775249994127
248.611246689572
259.1866808963823
256.62051193462685
249.97572289471282
244.3585749840131
260.47216951602604
282.3559592612437
242.41073423676426
257.5897801850224
247.44105726637645
242.377217031084
259.9953672698466
265.75883188762236
263.46641588403145
277.9428416144219
275.9444973911159
262.0029702433967
257.717732953839
261.04537442023866
269.2327089587343
252.2244861284271
253.04599658527877
250.836839014024
262.5901023224578
240.80446884600678
254.7690473893308
271.29226599482354
270.38512677315157
251.71082334162202
273.3448813096038
252.00372113386402
259.34407671616646
272.6059011135367
278.1128353936947
262.8613284934545
264.476122455555
263.2047671416076
242.34407682943856
252.84773188945837
284.5405442836927
262.55020035692723
260.39075301447883
266.51180990587454
273.09080975624966
257.0846754772356
256.2304726582952
276.77339104149723
263.1490448832046
253.8278371206252
275.23710811091587
271.67586131131975
240.63269628863782
265.383367222792
227.8751399278408
281.27592947578523
251.35011060541729
257.12561183510115
257.79386245884234
255.81610954902135
260.74273246724624
262.28862734959694
237.66161174041918
256.9831231730059
249.61343353654956
240.6983727287734
282.72907485679025
253.45959152869182
273.64194976876024
252.80695983557962
280.88548179651843
255.22120025818003
266.82584759115707
265.28262128692586
276.31539898435585
277.36860045650974
252.054139785585
253.54602848226205
265.0770257615368
245.47070860723034
256.75342816876946
270.458593314921
251.6866984301014
270.3087123117293
287.79039245308377
260.817329843936
249.8239402360632
235.0173734651762
261.8774776447681
258.66253262304235
259.2178548236843
272.3448911748128
262.98345818847883
248.0850074607879
274.5246294013923
272.6714609521441
280.03005327878054
256.0767486295663
268.08145191462245
244.43484596116468
259.7986942898715
271.6768561602803
250.45208499382716
272.7856291945791
255.3816924119601
257.59561626717914
257.270997190848
283.031847917242
269.9957918255823
260.88775390712544
246.61607118835673
262.63504208100494
221.74948180816136
263.7529476325726
230.6475871843286
260.9899901302997
270.18269975227304
256.7591907287715
288.88505936961155
256.594131410704
268.9480913912412
234.517687961692
278.2401554574026
255.23315470304806
229.38568153767847
256.52025549462996
271.917807205813
244.58839330764022
256.7574546809774
280.0959903332405
275.8591246022843
269.6803822066868
257.0565870879218
256.4428265503375
259.8387280353345
255.0566124971956
256.4011766387848
248.7851042106049
247.17687160603236
241.8552681207657
249.3686786496546
244.22564300929662
281.7390891102841
246.1259947491344
253.996850366937
270.1924600787461
245.22380728204735
267.9621300670551
275.51499075919855
238.6379168787971
255.81388325698208
257.8018910937244
248.89671024866402
254.13089381251484
256.56970631796867
254.39391628850717
263.62374618905596
255.62811971118208
265.42071987350937
255.76190619647969
265.5932814233238
244.30386303376872
252.88578919356223
260.55147033790126
260.4912443497451
243.75923017878085
263.8998252400197
268.6556465657195
237.03424085734878
254.68500309239607
268.386625423911
253.99465494928882
264.9597308972152
249.61628378822934
249.28856250236277
270.4158054662403
250.7053821888985
246.54191552056
247.4044337742962
266.7359055541456
249.00818853557575
263.9103463907959
269.58529735414777
250.94404757092707
232.19393311592285
254.45715468167327
261.3479314203141
254.01977640762925
250.84627114213072
247.00060118851252
254.77365780889522
255.92107844701968
247.38988131005317
255.3516629304504
253.97953515092377
250.91649304586463
263.11650594335515
249.81666516547557
256.8107292278437
246.28801415651105
268.0755294201663
268.60450104705524
253.83200471743476
287.8538027915638
264.9186372094555
258.1975930685876
249.45264823979232
269.0623434489826
273.6634581211256
257.16309708403423
251.13829355698545
258.3579832066316
249.6282206774922
275.847749427543
267.60011204192415
255.45330644201022
237.39027496788185
278.67341933306307
259.2625902396394
258.28598433651496
268.3670027317712
265.6350607072236
259.9942988404073
249.54013543971814
251.06217459624168
241.85266241664067
250.12307578884065
246.28536682517733
251.79696108808275
257.9585509094177
231.83252101158723
286.63699086545967
275.6319687378127
261.1109365884913
271.57861709746066
255.6501982115442
238.70816522126552
246.1483170890715
263.4624708639458
251.2898370481562
264.64970873924904
251.08100951905362
260.64851042523514
257.84247736947145
276.2065435027471
269.0291276209755
249.830924380105
240.877584807924
261.83138441783376
248.12478192930575
252.27219873678405
254.95867554447614
284.1931813452393
262.2736552582355
265.3147244345164
244.42941706103738
248.30299895163625
248.4244869039394
260.3863673734013
252.44043360708747
247.0391966616735
240.88270631851628
242.31721166265197
271.24312552518677
255.318908820278
245.39908649690915
269.4646003288217
257.91429908468854
258.602181470138
264.3810187561903
273.4209526076447
263.04408031643834
243.18955592729617
256.72977940144483
248.13952850957867
250.16796252783388
256.7496345601976
240.05918654915877
243.347441627644
252.60570481489412
265.77228200563695
234.32346887956373
232.1984991118079
249.93869822192937
254.016345152515
247.62293739360757
262.1068615098484
247.44222206214909
252.31309608765878
241.4912949806312
239.39072534942534
250.99997558514588
239.0714138430776
241.28781603393145
255.47749989817385
254.30188847449608
261.62266811786685
267.81912072433624
264.89401661616284
242.9558573201066
275.39900698151905
261.47094334987924
275.51582943520043
269.48550273280125
256.80923042749055
263.17931530368514
260.7083642191719
243.52738140698057
253.84527283662464
274.77500208478887
249.2098784192931
260.57708583329804
265.7021079820115
266.9614045214839
254.67345106054563
255.3069453567732
260.6087755012559
260.4795465824427
241.09955118084326
257.31519928667694
237.14353882754222
262.5781204906525
247.01892811094876
246.63351973926183
251.68840438639745
276.9267099472927
244.2539994571125
248.10224761639256
255.51089915144257
258.60138717701193
258.3713749353774
264.8460863168584
259.15767491352744
271.13206268369686
248.42530538421124
255.38101876387373
264.671466624015
258.68084586795885
255.47856688091997
260.0719997631386
252.83055143815
243.03422473021783
258.1946643330157
241.1298422930995
259.1756393177202
244.06317535962444
268.38688730448484
265.54062351956964
257.3924614326097
261.2601424366003
249.93913426389918
267.0053256318206
261.009998396039
259.796695415047
264.9234412915539
274.22645675577223
250.07894595200196
246.4869475424057
265.97113614180125
251.44090986985248
257.31984741741326
242.55509534128942
241.94243569055106
276.8142770091072
245.3419989455724
272.8067412788514
260.63280180003494
258.4111600040924
250.28581920056604
247.5188979539089
242.95277937862556
266.4045274320524
269.5991908169817
239.1871284599183
256.7703837773297
264.2924833133584
247.01588344946504
246.52127507992554
284.3524667514721
276.04363396856934
261.3254992378643
267.02142710983753
250.14638749405276
252.08982893277425
262.8197630570503
269.2960266629234
270.95165955321863
261.869626048021
284.860724417842
250.43453494412825
295.2484484362649
271.61670125834644
281.9840119786095
273.9679092960432
272.7973763712216
254.84945067437366
242.8524312278023
268.07772246794775
247.01719192962628
252.02287863311358
250.56823647988494
249.7721679856768
271.6978004736593
256.0773502525408
268.58373848104384
249.75482492696028
249.86826187965926
257.9365087393671
243.66542133211624
264.1494361901423
256.80270430468954
237.74065324733965
263.7330372676952
268.7885825263802
257.86404778971337
264.20363512902986
249.34267370868474
265.8337231943151
253.63004520290997
236.7841314909747
240.5159661549842
258.82450376078486
263.3930799558293
265.05255997914355
276.5117574891774
268.48798546090256
264.36269457254093
263.4568922163453
241.33373199845664
260.5678300355794
261.5614683745662
265.73781669989694
256.10420963168144
240.06318858417217
263.0212559521897
259.74228588689584
253.1928907923866
267.1369401044212
233.4095496183727
245.15971384511795
265.45047685026657
238.29763681883924
255.8381097551901
270.24979853862897
260.1226665743161
259.2835922734812
266.11324057902675
252.76258762995712
264.24764199659694
262.42392591258977
248.01490224304143
252.89378127793316
290.49381826631725
261.9094914600719
238.0829601000296
261.3570568006253
281.1236236024415
250.52637707116082
254.57694073964376
254.61907232226804
264.193005818408
264.1941900840029
247.84063822613098
257.85755998280365
236.1081774205668
253.94529453176074
285.1154044189025
250.11845499405172
253.65574352932163
271.21340237220284
268.1077490533935
277.2380117836874
246.15200669434853
249.60332403867505
252.76937896804884
274.05423648492433
257.9809777912451
252.55748495087028
261.2367399978684
246.92245070904028
254.8241367439041
271.984074330423
246.28422161797062
262.99789466918446
250.74426210450474
263.1825029406464
262.92951884912327
255.66168611776084
249.8953109184513
258.2136205579154
242.2756647275528
249.96838845894672
255.00881657598075
265.72185911715496
286.4638958958676
253.8102174315136
266.9201182172401
260.0714908557711
273.9990111074876
279.19222600793
268.70651445456315
252.34777840354946
262.7039726036601
253.44625668041408
266.044672614662
252.41894083470106
256.8526267205598
266.06706696376204
260.84668743261136
247.4321249431232
253.31439942331053
265.9628349355189
267.6847229687264
264.0194975211052
246.42260707425885
263.3386224573478
264.74321962322574
265.63684730033856
252.79955357313156
241.49680405692197
249.54507426708005
245.3921842473792
241.3258009830024
249.20611637027469
230.87475535576232
261.5682910538744
268.8457089123549
265.02060622686986
266.1070872383425
269.1017987121595
285.66907406179234
243.73417036712635
249.82105075963773
263.676671579713
273.81224228825886
260.97355384007096
276.1932847558055
248.7865490615368
253.1158447522903
277.9358965702122
256.2424429568928
256.12043140339665
247.2421547418926
261.1324639519444
243.99596368242055
254.43786072265357
294.64680463599507
263.4375576619059
253.7511401893571
242.75217029079795
245.57337727828417
266.1263492925791
242.2550583408447
281.54473075061105
256.26366423466243
246.94695015787147
246.89522901328746
255.5438362323912
263.90774430602323
263.65559442562517
266.7502147083869
242.23658242740203
241.06474763771985
255.02117017144337
270.39147763256915
274.74134591477923
258.13207139784936
259.50481473084074
262.2787892827764
254.8157627757173
259.19053319771774
250.17786012927536
278.32222320511937
262.9692765879445
251.37628398102242
244.27409033488948
247.7802497445373
263.02298875851557
258.538633066928
252.8239233569475
269.5850298291771
244.37146872270387
258.4598314416362
247.3188154194504
265.53793887957
246.59640834014863
263.5499061321607
254.81823473772965
247.3348936358234
250.91344491532072
261.02028121915646
259.8648204730125
243.43817796290386
277.4109029007377
268.96979661646765
268.5009352148045
264.9571647272678
248.40972399199381
272.11650515405927
255.57410430838354
256.0330148153007
250.81192015868146
248.64941793086473
261.36844366788864
268.9544217707589
247.16700626292732
274.90588396252133
256.4374718349427
257.03472646221053
242.2398509348277
273.829142631148
233.67913912958466
274.4487169950735
282.4217634096276
257.2513755179243
266.4950902502751
256.67111335753
253.3339918308193
249.45823382935487
242.38788152486086
259.2226224967744
271.4191996396985
257.4420166411437
238.30574269441422
268.1733078007819
259.7955470790621
259.1764091978548
243.1768553245347
260.4638884232845
247.68069329450373
261.785089934594
268.5588703600224
260.0021761637181
269.19085749355145
261.9376731668599
237.21893030416686
261.8481405316852
263.68805295904167
235.59081628883723
257.21353348041885
254.32647081278265
254.25495764031075
265.56952164147515
246.96791705058422
273.02131228498183
261.8500915017212
252.999789445661
261.2340067732148
257.67216191941407
247.86104486568365
283.80952590040397
261.72680588194635
259.13461925659794
268.2209759829566
249.20945621817373
267.7060373411514
257.89970591908786
256.40117683645803
260.8152265844401
276.0471381639363
269.236696031061
270.89654350234196
268.6381472910289
249.53954241028987
247.95444630971178
277.6223947054241
261.3878310864093
246.6993736232398
244.55982257705182
255.09768183412962
274.9360525353113
248.51372949487995
256.9861630880041
252.7824636535952
254.34184880368412
263.70398581097834
254.75393076776527
282.54460913478397
293.7754003966693
269.29546770046
255.86466887651477
243.94957280694507
260.09543540677987
248.86366743349936
265.7327103619464
259.24234791251365
284.43195253424346
248.9107748667011
259.18245420162566
259.19613926066086
263.84936165157706
244.1380398654146
264.92834874847904
239.46421403985005
249.7213940806687
241.171786890598
276.36657526309136
259.8011884903535
277.83327541546896
243.34479184634984
258.27519510651473
260.5626024908852
270.84640716260765
257.22941150935367
269.53428650903516
245.08382251264993
264.67405291681644
280.4673818971496
271.55691744119395
250.2557110581547
254.40126205643173
260.66272385336924
263.77591645298526
267.3743910228368
234.04931392602157
257.06440096872393
253.1600932747824
247.94887093733996
248.9921241257107
252.82832863775548
262.57772947417106
274.23413413891103
262.9405871926574
236.48636283993255
263.3936578797875
265.55466305383015
248.30141655914485
250.56797942856792
265.56853697646875
253.90619757934473
272.85141265776474
256.0324873960344
257.9455039523309
246.94307832466438
266.3128133927239
251.81850233161822
255.519997443771
251.57474583457224
275.7412033653818
268.836031740997
252.44782870367635
264.1434708775487
269.2159930225462
251.8093746228842
266.61085990373977
236.3572870629141
247.3782228549244
241.88053449452855
261.9866400908213
250.69143430283293
245.3197919682134
267.6051820605062
258.30790949973743
250.63665512995794
280.6621573206503
278.3869602564955
256.1712233364815
246.18195912695955
258.80249357933644
245.21742049104068
258.2609652945539
256.40735597140156
257.0092691616155
266.44902898336295
276.9015014881734
260.0795173518127
256.333892261493
241.50213816773612
237.3239240469411
257.2920708473539
259.5731352996081
246.46216980880126
252.7306169013027
277.0623115443159
245.3313660947606
251.44986861560028
260.12746763811447
259.79603824659716
259.2530404027784
243.90257407119498
256.33312935801223
253.24906893004663
255.05944673740305
253.404728695401
264.5094351329608
246.81549176946282
258.5098593127914
255.0003123928327
267.9328714213334
282.9022536581615
242.9568277504295
263.6609642490512
248.43161167006474
259.8127234027488
257.70321900746785
248.21373283385765
256.8031579568051
248.14857835613657
266.1087258087937
260.59850164619274
254.1462342251325
262.44125180284027
269.02914346999023
279.99263108475134
271.29023320565466
254.37364076031372
260.95094642590266
260.43103639490437
251.8551040381426
265.1788468443556
244.26528179994784
260.8204239140032
271.6235212472966
280.8896192612592
245.09115087264217
262.8211493132403
261.42871623591054
263.69176389905624
260.89579023607075
237.84688297996763
262.17000552034006
242.40851973858662
259.43197793362197
242.92872344795614
266.54540579393506
250.9333763665054
267.15630973351654
261.90407672151923
259.47194789606147
263.7237503656652
251.56947925966233
268.72677560849115
261.7442734070355
267.0243615914369
255.27185788901988
267.63199486397207
281.71522958832793
250.44008276972454
262.0124652599916
270.42142989707645
267.67016273748595
257.457755543408
252.16193739150185
262.30284925410524
251.5511070328066
270.22308769635856
255.81756189232692
252.17098957381677
267.3097848445177
265.84603652730584
265.86446628160775
251.8228940697154
260.7450236516306
258.5980486529879
237.92824961070437
258.068798688706
243.95451661513653
263.75424993177876
259.28916464024223
256.954697825131
281.8063800049713
250.82778138434514
252.73211285518482
272.5947456995491
256.1381598734297
256.74338594428264
266.9948061205214
281.68727379175834
258.3476973279612
268.1261683263583
270.7211956187384
259.2284614921082
248.05287880136166
253.19177419366315
227.50345769699197
250.06408034532797
253.49899986258242
265.70974004489835
254.48374974925537
254.32620993431192
253.41177271597553
249.17167802981567
288.5655233638827
245.19058011996094
256.1926450828323
266.96570253092796
246.29071706626564
239.4351531661814
276.1443145965459
280.6684198684525
267.21962568280287
249.2677540362347
268.04212301631924
268.7728492829483
254.30523833574262
256.7402283428237
264.9017008540686
267.44359651522245
274.8747641564114
275.04346858221106
241.86116648162715
274.5971790711628
268.10931747057475
254.03449883288704
269.30973675777204
243.91254862525966
243.02724550955463
251.434967469424
246.76248507900164
265.8447650807211
247.9182845428586
262.75428893743083
263.9353612358682
258.7996211237041
261.98880718206055
249.65564621193334
267.44605380808935
266.26779251452535
277.12641091947444
272.7206843770109
248.3418325058883
255.84852249152027
262.58788527175784
262.1741243869765
253.4389647251228
246.6433433003258
244.3772891589906
279.83815499185584
247.9694541109493
246.84018171019852
255.0493926559575
274.4489693857031
280.63254419970326
260.7496271949494
257.9124332087813
253.77776644786354
246.90256651607342
269.33973528805654
253.70187309768517
256.7545873300405
272.9738350312691
269.81766033300664
286.4588947610464
258.4774607405998
263.1213138975436
265.0622069359524
260.6555653519463
249.47258095268626
266.35590821295045
246.64655331510585
240.29702287865803
273.5607051415136
261.255439228029
250.43584905995522
237.76808189216536
250.83461889869068
257.1826441779267
257.06676578032784
248.45805347641
243.44981894129887
257.8357254117727
262.0592265140731
248.49199963593856
242.94082971778698
276.4135046318406
248.63896140363067
258.61595756176393
271.15599507454317
267.77483431226574
251.61783075029962
267.44437311810907
254.65151632018387
244.7021206645295
265.16326491499785
260.0640756265493
263.7392476827372
255.64151125738863
254.80946884839796
238.90197190421168
265.55075914761983
245.78678796149325
249.83309432817623
266.83671358809806
272.08119937742595
247.1530118715018
261.8174607725814
246.93270566989668
267.1699002700625
256.9226719000144
275.78913401521277
267.399495229125
250.63029105518945
259.9679102287628
251.76118257152848
251.608348454698
243.6297102875542
258.3339374434436
274.80999199068174
247.91413939441554
239.71189278562088
261.1911437427625
293.0163891748525
260.01295113330707
235.17398032115307
246.87382731656544
285.49684007896576
264.83491578826215
249.60629424150102
284.7996092863614
268.25094970024657
250.2798449167749
255.37869575363584
257.21687655034475
239.88474638026673
262.51839977677446
257.7657658989774
271.972197856172
272.0244667431107
257.59476464951877
266.92992528132163
247.49884129781276
251.44197405083105
271.4082412401913
234.51544290001038
264.59105726343114
244.6835389857879
260.38544187915977
240.09177068143617
260.33880812721327
272.7117174942978
253.5677743027918
280.79449756094255
268.5779792579124
283.68879348179325
238.43346698360983
253.28627610602416
269.23011406406295
269.3037913279841
242.15124663501047
260.1053031842457
256.73898720904253
274.8141798179131
278.3656597775407
253.23483054805547
264.535320482566
269.15897241339553
267.15399043343496
252.1765902013285
245.24760519282427
241.55105130327865
253.44878215063363
252.25436567212455
254.09788992174435
264.55105736863334
252.12121971824672
252.87988160480745
239.75972372165415
301.67266920243856
255.60156078159343
240.53926024981774
261.8341158438707
249.30472858506255
250.666562229977
252.2909988805186
252.89608850097284
242.4736099804286
243.6143415129045
255.35738839569967
256.65386362944264
255.5114225987345
260.0905376143055
282.06587184558157
270.0232542474987
270.4642362612067
272.57723595539574
263.0461119589163
247.22216209827457
275.0661800560774
253.59293145034462
250.51397975033615
255.68069407518487
244.9483057759935
256.84089279163163
255.8716200434137
245.69524542882573
247.65622670087032
243.29131207161117
242.36940587195568
253.48010065790731
265.97951754322276
264.0959311344195
270.3374850464752
260.52245249110274
272.2513414955465
251.55794411234092
258.0822023336077
243.39762792305555
272.76282741245814
282.6884707438294
267.53024238115177
254.3355406507617
260.90544463240076
247.8103169890819
261.6161228704732
253.1304603323806
236.74780817795545
272.7677468417678
265.4127868133364
254.40646786557045
261.22438859252725
285.91916419332847
264.19047929008957
271.51358906854875
234.59128590195905
294.8534171159845
267.39181800349616
251.29071832285263
261.0535967508331
265.0410405778093
269.2115026882384
272.5979706402868
267.7114271405153
253.73397716507316
258.79921056935564
258.7130025625229
259.92389103840105
256.75024476845283
249.1902928337222
277.7893810493406
234.51263187546283
248.2233845895389
243.14741506241262
265.0374238798395
257.83405208413024
270.6986600358505
254.76204782223795
236.83572400338016
237.4363213593606
243.38168921798933
245.27922935667448
271.0415286454372
243.1073319320567
252.42583644844126
250.5246299947612
239.72011232248042
273.0085426631849
253.36852445069235
253.52465281600598
253.39582278276794
242.91951066371985
264.22106336499564
266.8353149102768
265.04922636644915
267.44870240218006
260.0752995040966
271.85910546337254
266.5336327321129
251.17734379775357
262.5133289503865
254.92704632133245
252.8021430093795
259.3766915713204
237.37485219328664
243.4484136600513
271.26020025636535
257.158844691352
260.3165769048501
260.33368100004736
247.98645263223443
245.8560581720667
255.9771468556719
269.7211576307891
250.16559559258167
261.9976716224337
258.03685847099405
250.4146903133951
273.9917860964779
262.7224937963765
247.57077181409113
268.1274938903516
261.3415502773132
268.93672834010795
266.0531434266595
249.45642331673298
240.24556932260748
263.5572335438337
262.8124576106202
268.61197858618107
271.0715760588646
264.63107511925045
240.6851982466178
263.1306114208419
245.64356854720972
248.53869269357529
298.347719947109
259.5900805826532
260.7551243950147
279.08612367662136
272.912765727262
267.6984373598825
251.2521414104849
262.26428174204193
262.011338406126
263.0889807402855
225.38586503779516
246.57254641340114
250.2419125403976
251.50570430606604
248.93358873203397
292.177500245627
279.86682087008376
265.69985913764685
266.64601621672045
251.3062260937877
259.0890905567212
252.92522969469428
259.80956310685724
256.6815234103706
256.99527561536524
242.72743798792362
278.49414310546126
263.88820548716467
254.36891041439958
263.2553630224429
250.96439256565645
258.2449350034585
258.75942883908283
261.5090952407336
258.843916075537
254.11175593023654
264.25149963388685
253.18163174449
255.6743551538093
267.42080809012987
248.11140398832504
268.8067948210519
255.7910133623518
267.2193469320191
263.48812502925284
241.61002975690644
261.98879709560424
247.73105440940708
263.2769512288505
240.06534705252852
264.80726126849186
248.1364240271505
309.5067092110403
272.5333147299243
257.5267372666858
265.60106153204106
253.51602511666715
301.2916748726275
264.6310535512166
278.11929391592275
276.64603060123045
257.68750578688923
260.0064491828671
259.6848702232819
267.3280965734739
248.8413541575428
247.17469528131187
253.80161202407908
241.4766275061993
260.7696659764042
246.6139047286706
273.5211256929906
242.73942944488954
234.5851636014413
256.9131432954455
267.01375000714324
283.7297004923457
256.21926776785403
257.87379101722036
257.50379914580844
280.5610969840782
274.7245200484758
261.2039031382883
268.72229906427674
257.9677028101869
249.42550004110672
264.1488615022972
266.3534824150847
271.52240320004057
244.98284087958746
263.98653700586874
243.6957538613351
282.99042016395833
236.8806483115768
266.38060424663126
233.3840247252956
275.1419277365785
244.07997115224134
258.5918463941198
236.89258429058827
255.5972213438945
256.1162087464472
257.78853799251374
261.4148673604941
270.4938583355397
264.93772260518745
242.60935323522426
241.38454633182846
254.45700333162677
265.3907895452576
237.27472986839712
267.90331918839365
261.130472133751
260.88491876993794
263.45687196124345
272.4998238113476
238.63962456886657
251.96194669383112
285.0581708656391
249.5792226527119
257.19506767287385
252.59540385671426
266.7051237327978
277.6183869835222
266.0450376025401
270.72076008911245
230.41979336575605
260.9489535217872
249.1049623922445
252.7481651988346
266.1717705578776
254.88495742401574
272.793887861073
254.27811412583105
249.86896793649066
247.63577616540715
259.9945305531146
249.19187751226127
266.3480449861381
268.669138598023
258.59636866813526
280.3510477616219
251.19097589771263
265.45703756588046
278.88585873297416
233.04444472223986
263.93823619326577
266.5309782784898
238.49325365957338
253.79799230303615
256.02522592630703
252.46432553313207
264.3063508141786
247.92781115614343
236.38943805510644
247.57790270273108
254.16109646006953
264.6678920557024
280.6864144183928
269.7883723512059
257.725374213187
266.51027022197377
235.61018637404777
268.11225833336357
252.64514316641726
259.6751265047351
264.4519105477957
258.45243379462045
239.4058475602651
258.4285421827808
262.56476132618263
271.43367748195305
256.2221829855116
227.0082447794266
250.72492755332496
241.40065492060967
254.30691399495117
260.73100876272656
251.64942691882607
246.7418232235359
259.2231355251279
254.39262174104806
239.96783061802853
237.4105271404842
257.58719048590865
241.44217104814015
253.6241152716102
259.9183043927187
266.48829711799044
262.5615326614352
275.35333120962605
258.74325002834667
249.4313753596507
256.0027088255156
259.14720601728186
257.86115692101885
242.76037543884013
247.13891819806304
253.342066248646
250.5738041868899
266.9500924058957
245.47313079994638
277.64938854263164
266.3089881670894
259.22789139288943
246.1419445745414
282.1733776946785
247.74865191534627
257.3900893810205
264.278900835081
285.46834356489126
252.31784382334445
253.76189896347933
264.4257305811625
240.46589282504283
261.4276765806135
257.3017986442428
268.8326851509046
246.5401016935939
264.43277902447153
261.1072037672857
254.16448188980576
272.8369869343005
260.0019811698003
262.74774107779376
288.09968033246696
251.18049180833623
270.2749859242467
285.4564844171982
273.34077633416746
272.7041884782957
246.32783049484715
261.8972344468348
259.36160486692097
267.5574781849282
256.9956554847304
237.9893741972046
244.3287538724253
242.77321709459648
250.25598875666037
291.0205165798543
255.1271132164402
255.8269156346796
263.11020800005645
276.0980137817096
280.187440680922
246.40823426202405
244.74713804502971
266.6927200574428
265.152749927016
260.5807453118032
263.09980336599983
262.01510535902344
244.40889874729328
269.9935706392862
236.02744428487495
246.7265792795224
253.61000312434044
244.0294207765255
255.83371535898186
259.1057146990206
250.88421531533822
258.25483490049373
244.23455421836115
250.98281865101308
252.28503702313174
259.6661802044837
262.3440651509445
258.82380068383645
246.3876930755796
261.8042103004409
280.6878427620977
256.57366481644567
285.3854719204828
279.33401297568344
249.4238453336293
261.5182085088454
243.27768037188798
250.26877028658055
253.12526054866612
254.2855220211204
252.67138212325517
268.46394641441293
242.26347298931796
249.3668660374824
255.47713950276375
254.41303017025348
237.8183012243826
258.3161188380327
265.3204899467528
268.4816287306603
267.6370875679422
258.3585965815
267.4567359155044
240.14307661238126
266.7138880897546
241.81870511174202
264.4369386892067
269.4032621938968
266.17440300574526
292.7043722962262
258.0717229342554
266.34172446304
250.5174049071502
250.94183660543058
236.05388952081557
241.6265784832649
250.1380947283469
261.21479650214314
248.95434535155073
277.0632783952169
239.52996283071116
258.32802532985806
279.27545123849995
261.38345926068723
254.6126598053379
260.58165319962427
248.83724160399288
265.47239410388283
253.08707577211317
253.69293893850408
243.99375119176693
247.1095154545037
273.234882435645
266.68076473253313
238.9484423113754
254.1310777736362
226.9847692924086
261.3758488347521
265.45283698569983
269.51958275586367
259.5937111333478
268.56089047831483
274.9465134856291
241.6488272610586
260.27566736843437
261.0422466144664
282.91759007936344
269.4118107313989
250.9677528878674
258.9865539796883
244.98748610843904
264.9012805229286
250.31769642268773
229.19887400709558
240.34068535629194
268.96594688354526
257.2850476860767
265.56442178285215
273.63920997967944
252.920933921705
245.25028384581674
260.30443872569595
272.9927966366522
256.08900648984127
252.1764031057246
262.19773186568636
262.27361298759934
265.4752185032703
265.4190129467752
260.98459643346723
272.67470904125366
241.6430236012675
279.6661290328484
259.7428251467645
280.75286959845107
255.95941239362583
255.01740430714563
256.71822077350225
249.72099833155517
260.8564172751503
251.301093265065
250.50791202520486
261.2510532932356
262.509744069539
279.05750430503394
263.2883588515688
265.53021774743684
251.34959026996512
277.40797356318217
270.1130073426757
268.3125706380233
254.99816353642382
257.9271811032668
260.0735851152567
263.3618684152607
248.17443102633115
257.3063165047206
256.4199508653255
267.12490151869133
256.68314947059844
264.8913954459131
249.92756762367208
256.59751190198585
266.5962226728443
280.9365860822145
252.21750362741295
283.8398342067376
253.13362563913688
255.50429525633808
264.9063980394276
250.03535187942907
257.5176894074539
251.5969625096768
276.8494960265234
287.45798637357075
270.7024472572375
255.6494137996342
247.75369653932285
267.0684341097949
265.9874215727905
246.45905137027148
235.93209477118216
265.7367966234451
253.82848674210254
246.9100692284992
254.8871859946521
257.00051851104945
258.5197409177199
251.2698342197109
264.35428350802977
281.34373133280315
251.31393131404184
265.4898840020178
258.1552160694264
267.0748284974834
266.5991137030069
262.4802120818058
241.6539179701358
285.54365306079853
234.48143038526177
285.7953106131172
260.25518375472166
263.98188933206256
287.44826352084056
250.67617499106564
243.9451699256897
248.04571480012964
258.6665746658109
265.2277617887594
272.32727437012363
252.10465384204872
265.64494613499846
266.664471768192
259.90771554457024
271.7845298262546
280.4639373817481
239.7360163189005
244.66179628681857
243.94849387858994
262.8083616249496
251.64466479234397
253.90413256676402
247.91197062353604
256.2061381309759
284.75374548963737
265.4495856065769
269.37759359227493
257.2881134037161
277.10025486780796
246.00808731699362
254.98593775450718
265.0881286424119
297.55164928140584
276.7428487839643
262.76328776369337
249.52127733943053
270.49855770519935
230.3453757185489
247.66191219806205
288.6600501029752
252.6531093857484
263.1339150721906
257.85688820586074
245.67062700202223
246.61391000053845
246.00468413392082
267.65478428348433
260.72396204818506
284.34820468351245
246.40341953071766
256.24536348565016
245.0653379384894
274.3202763494337
249.7733780160779
230.78697585430928
254.57435159326997
237.19397218874656
256.80641419882886
260.18340186867863
268.25500565732364
262.3321961705806
256.62970608705655
247.82894258270971
257.73191196413245
251.70874559844378
260.206104507437
273.26550348242745
271.98937877011485
257.9140407758532
259.34267820534296
270.54897377756424
251.48168492200784
267.362845789874
260.4328483621357
255.9774928695988
268.00973497494124
254.20122636435553
272.4183595982613
265.0807855549501
253.47794926632196
256.59019832871854
238.813343715854
258.2447394216433
233.60692901501898
263.3921220677439
248.69831135915592
243.8698171225842
270.5127409406705
253.62052910681814
270.5159968417138
265.6432488519931
255.16585557942744
286.16628514183685
264.14551915891934
271.0517994086258
262.81887755787466
240.43220537144225
253.9539583552396
264.5710640542675
244.54908222751692
240.52702869777568
263.89271900232416
263.7120607740944
259.6130456854589
243.67430199834052
241.06739588908385
253.75964354921598
254.968090414186
244.06590876239352
273.9314675848
262.36667366407346
231.13943158905022
254.95374874642584
247.65046646958217
256.5648427134147
261.4368811441818
243.5146395211341
245.4273273809813
259.54859335988294
239.17523232661188
273.69305592612363
241.1957605156349
246.7282886080211
267.8969805642264
249.89907436445355
257.30987143260427
264.57398990064394
272.956165487878
256.03202703106217
240.38501015864313
253.99578424345236
274.47909683780745
262.92096247826703
241.30445348098874
265.7715374653926
236.86092777748127
248.81054093153216
263.88643780641723
253.80935887026135
254.03014390112367
256.47350128472317
231.11156772216782
253.52114066504873
277.04173106327653
280.5960581857944
238.43559019896202
257.5791156705236
242.4030301370658
254.83642322581727
256.389099958702
259.41122830729
256.17903224320617
283.36133842822164
266.29002788080834
265.66892876278143
254.4461606175173
260.5196556088049
269.4152455808362
256.6545291857328
261.02507322852034
272.2191265221918
291.68615797301754
274.4305988664273
271.9025354621699
246.94692778971512
237.8270330275409
248.97966307064053
261.7188341622241
278.46603286161553
265.1218881176319
255.10086629830766
270.51774556958117
279.7195728267543
256.1838290003361
260.52631836698856
260.9797607777873
256.1453378025908
266.3570139268413
238.6323418560205
251.3170940176351
283.13162484869827
254.23617834830657
267.68877306452487
253.32287634699605
263.3475914312294
255.43361106526572
259.004955929704
258.36198681558017
256.16715526522603
251.24703412107192
256.0075195559766
241.95589944685344
252.06596333545167
252.35146324464586
268.31372244795784
248.97621779877227
258.9220852724975
251.46461332554463
245.3383866889635
245.48628351883963
241.2570482614683
263.2248961288715
264.17957587819546
243.97567705973051
265.7880145867821
251.39436705037951
275.95113319158554
258.7782616034383
288.67073840880767
277.40259594726376
255.7283849659143
267.21962670749053
250.61032200197224
259.8402152385097
258.1846850825241
247.2976825783262
239.24926208425313
270.1152034299448
256.124400215107
264.16376879182644
237.32345742580947
258.6090276831528
249.24329714791384
237.91439858544618
248.03963493846823
263.5887878827052
259.9020697149681
257.952242177329
248.1224534556968
264.7145621794043
275.29953083617147
268.24335063027684
267.6332347425632
274.9251335298177
262.4145168418763
244.7945823802147
253.47245636209846
251.62023298814893
265.1052220641868
264.4923279786017
250.24884292215575
257.7984292040346
266.4711148646893
269.7264450942166
268.46735904575326
248.15822544600815
260.4255076823756
251.71511943114456
249.41986899252515
253.8194962493144
247.6292811690364
240.5398886485491
272.45411635912023
266.71349597978406
246.52627502870746
254.62072077568155
273.38666437298525
280.03921196446754
271.57215806283057
277.36739269958343
258.85682569793426
253.43037718103733
279.4507657025242
272.75638128095306
259.4182745765429
247.38003719202243
269.29900710156653
270.7680732758017
258.2856670386391
272.1543178369757
261.24429484433495
260.6613729961682
258.28465677960776
260.1798988673836
238.43216045666486
271.4042961290106
256.56760604609735
255.84492154442705
255.64462646306492
248.6341343963286
252.02005285897758
241.9679059938062
239.23710359318648
272.91250860271975
265.5751997748157
266.14733109693043
258.8482784311054
257.7672836126294
250.2311416111188
293.61067257868126
278.9690080231521
229.27971907518804
244.82410243502818
243.92656227352563
264.1850725382101
241.46736858109944
258.99007348762825
249.55745480279438
254.10771447024308
245.78310777875595
275.2628633308923
266.7814387839753
247.18584529857617
276.63339036202524
