156.578163379746
156.57816479804478
156.57816602626644
156.57816702912987
156.57816784683928
156.57816854887187
156.57816914286286
156.57816962384186
156.57817003657237
156.57817040620466
156.57817067111773
156.5781709122266
156.57817111283657
156.5781712586222
156.57817140093903
156.57817152518965
156.57817164116295
156.5781717218606
156.57817178345613
156.5781718360031
156.57817187507317
156.5781719215629
156.57817195773896
156.57817200072896
156.57817200477803
156.57817202815204
156.57817204553976
156.57817205007632
156.57817205803622
156.57817207769403
156.578172083744
156.5781721023959
156.57817210098256
156.57817208580673
156.57817208077904
156.57817211752626
156.57817212108785
156.5781721181811
156.57817212058217
156.57817210237772
156.57817212332884
156.57817211286965
156.5781721111107
156.5781721182757
156.57817210064968
156.57817211006295
156.57817212906593
156.57817210305438
156.57817210916073
156.57817210893154
156.57817212408918
156.5781721371677
156.5781721209296
156.57817210957546
156.5781721185631
156.57817210768917
156.57817213490853
156.57817212213558
156.57817213281487
156.57817212787813
156.5781721431831
156.57817212466398
156.5781721016083
156.57817213087947
156.5781721065414
156.5781721128733
156.5781721293988
156.57817213158341
156.5781721410076
156.5781721063322
156.5781721382591
156.57817211090332
156.57817209190944
156.57817210468784
156.57817211763177
156.57817212269947
156.5781721187377
156.57817211616202
156.57817211964357
156.57817212787268
156.578172128382
156.57817212588634
156.57817211743895
156.5781721029598
156.5781721217354
156.5781721072235
156.57817211926522
156.57817211324073
156.57817213091766
156.57817214483293
156.57817210784197
156.5781721277781
156.5781721254898
156.57817211531074
156.57817212464943
