201.70710369665085
201.7051395338476
201.70718946551733
201.70710113141104
201.70517838015985
201.7074560912124
201.70710958795462
201.70512425004745
201.7074593613379
201.70711024330467
201.70514905112668
201.7052426394839
201.70544870355843
201.70714172724638
201.70552746892918
201.70713860791784
201.7049161656705
201.70722141161423
201.70744027055298
201.70711066883814
201.70538241624126
201.70711416211998
201.70719027803898
201.70710000972213
201.70563290031168
201.7070456686779
201.7074374689837
201.70744769528756
201.70710532809426
201.70685087606034
201.70709115252612
201.7071899353905
201.70710024820437
201.70563325922922
201.70708219982043
201.7071392674843
201.70552811264133
201.7071382815011
201.70488112055136
201.70699932241587
201.7066202112601
201.70540270638412
201.7071421962646
201.70552856533868
201.7071382695467
201.70487586601485
201.7066222843241
201.70711180768376
201.7053816594307
201.70718730587578
201.7071003123947
201.70563303104427
201.7070443663597
201.7074404567902
201.70716796376473
201.70540792755128
201.7071421161163
201.70552883290293
201.70713824743143
201.70487950246388
201.70699484190118
201.70711799378478
201.7066971587119
201.707097678649
201.70648954366698
201.70538216433124
201.70714262569163
201.70552773542295
201.70713826247447
201.7048749552887
201.70669882703078
201.70745152638847
201.70710521539877
201.70581262106862
