142.7881441309737
142.78787193346488
142.78789995176248
142.7877733851783
142.78781273994537
142.78797358849533
142.78788626581172
142.78780021295643
142.7878522161318
142.78775814564779
142.78775796530317
142.7877542543083
142.78776183997797
142.78775904748454
142.78775435928674
142.78776152984392
142.78775828543348
142.78775432060047
142.7877617235972
142.78775890980887
142.78775441651487
142.78776137720888
142.78775797723574
142.78775446261534
142.7877612289758
142.78775766251783
142.78775467123523
142.78776053960428
142.78775623096226
142.78775653649427
142.78775597169988
142.78775706607303
142.7877552365244
142.78775884600327
142.78775445050087
142.78776131934137
142.7877578880889
142.78775453996604
142.78776101477342
142.78775720071826
142.78775509042498
142.78775926838898
142.78775468247477
142.78776053941874
142.78775624303307
142.7877565203744
142.78775600651898
142.78775697390665
142.78775534842316
142.7877585414244
142.78775440346908
142.78776149272562
142.78775836132627
142.7877543995728
142.78776149140504
142.78775833806503
142.78775440319623
142.7877614762965
142.78775833601503
142.7877544130606
142.78776147427016
142.7877583057998
142.7877544128769
142.78776145870506
142.78775825983394
142.78775441094876
142.78776143303003
142.78775820474766
142.78775441781727
142.7877614353274
142.7877581955472
142.78775442339065
142.78776140978516
142.78775814060646
142.78775444264102
142.78776135457338
142.7877580034965
142.7877544936473
142.78776118633687
142.78775758197662
142.78775475173825
142.7877603381785
142.7877559126573
142.7877571833451
142.78775507819228
142.7877592681143
142.7877546907912
142.7877605113681
142.7877562077665
142.78775661060718
142.7877558544933
142.78775727422908
142.7877549931909
142.78775952009892
142.78775486191444
142.78775998497804
142.78775539128765
142.78775844382835
142.7877543948016
142.78776153152285
142.78775846614735
142.7877543998693
142.78776149737314
142.78775838942238
142.78775439995297
