335.2487866302472
335.25068433972865
335.2512086108409
335.2523855533236
335.25247043614036
335.25243726217013
335.25302284661575
335.25233512539035
335.25307672517465
335.2527926516923
335.252421836507
335.25290676295845
335.25289421211346
335.2530505457562
335.2524613383557
335.25290184096593
335.25224539423834
335.2534738064678
335.25258937211765
335.2530060955705
335.25288092570554
335.25253999542656
335.2529748519446
335.2528569863043
335.2526496319315
335.2526441931059
335.2530598921003
335.2529429795177
335.2525442146198
335.25214396631236
335.2533708720712
335.2527525275291
335.25271366147354
335.2526746073454
335.2531666231407
335.25279998029146
335.2526669673898
335.2529803798534
335.2529479423574
335.2526848541711
335.2523516596302
335.2528714704531
335.2532513577171
335.25260600083493
