233.6175834819278
233.61591589671661
233.6160465661169
233.61598580677037
233.61651024021285
233.61603897675013
233.61569514378698
233.6159063525356
233.61627756506277
233.61624131084773
233.6162579717511
233.61624950104033
233.61625314140383
233.6162507782601
233.6162516171171
233.61625076179917
233.61625088714936
233.61625057873243
233.61625066841043
233.61625022673798
233.6162503970645
233.616250223713
233.61625025057583
233.6162501508279
233.61624999953347
233.61625005763017
233.61624999377818
233.61624994257545
233.6162499698694
233.61624993703117
233.61625005700625
233.61624987769392
233.61624995923557
233.61625000002823
233.6162498846461
233.61624991501958
233.61625003679183
233.6162498933918
233.61624984310401
233.6162499216971
233.61624991368262
233.6162498837184
233.616250080986
233.61624987099094
233.61625004678172
233.61624993063197
233.61624995079364
233.6162499084203
233.61624988531548
233.61624987887262
233.61624992464567
233.61624989864504
233.61624993142323
233.61624986015158
233.61624992353245
233.6162499447455
233.61625001441644
233.61624990378914
233.6162498861595
233.61624995637249
233.61624982584908
233.61624992322322
233.61624984019363
