157.3154894357358
157.31549011124116
157.31549014526627
157.31549055970663
157.3154906279433
157.31549088734664
157.3154909449895
157.31549112420817
157.31549118186922
157.31549128140887
157.31549132513373
157.315491409875
157.3154914297329
157.3154914873794
157.31549150101273
157.31549153899414
157.31549155599532
157.3154915848154
157.3154915968098
157.31549161016665
157.3154916163794
157.31549163895397
157.31549163573436
157.31549165135584
157.31549164339958
157.31549165399883
157.31549165195065
157.31549164846183
157.31549166915102
157.31549164902572
157.31549167080993
157.31549167364574
157.31549166265359
157.31549167800404
157.3154916644835
157.31549167819503
157.31549167619414
157.31549166558034
157.31549168259517
157.31549166970944
157.31549168206402
157.31549166757213
157.31549168138918
157.31549167865887
157.31549166699915
157.31549167101184
157.3154916628955
157.31549168308993
157.31549167890626
157.31549167093726
157.3154916803578
157.3154916878484
157.31549167012236
157.31549167194316
157.3154916771873
157.31549167634512
157.31549167774392
157.31549167277262
157.31549167771846
157.31549166706645
157.31549167611593
157.31549167810954
157.3154916731346
157.31549167947378
157.3154916771382
157.31549167865887
157.31549167271442
157.31549166431796
157.31549168063066
157.3154916603089
157.31549169136088
157.31549166917284
157.3154916737094
157.31549166819605
157.3154916828571
157.31549167031335
157.3154916867934
157.31549165529577
157.31549168938363
157.31549165981414
157.31549168949277
157.31549167058256
157.31549168398124
157.3154916636595
157.31549168221318
157.3154916750682
157.31549167833873
157.31549168642596
157.31549166817058
157.31549168072888
157.3154916700223
157.31549168772108
157.31549166791228
157.3154916692074
157.31549168181664
