324.02612555756514
324.02803049153226
324.02901993898104
324.0295274632399
324.02986212271844
324.03004469360803
324.0301466948649
324.03020102888786
324.0302314251585
324.0302470415063
324.0302560114669
324.03026030736874
324.03026298273835
324.0302640732825
324.03026491214223
324.03026513860095
324.0302654319785
324.0302654403331
324.03026556192526
324.03026553249583
324.0302655914602
324.0302655610503
324.03026559530736
324.030265572801
324.0302655955584
324.0302655778032
324.0302655917221
324.03026558039346
324.03026559028876
324.030265582247
324.0302655885298
324.03026558342754
324.03026558838246
324.0302655835785
324.03026558663623
324.0302655836531
324.0302655861815
324.03026558546844
324.0302655863379
324.0302655864143
324.0302655856394
324.03026558624333
324.0302655842497
324.0302655877931
324.0302655855594
324.0302655867563
