378.01461769751495
378.0162001180943
378.0219526961391
378.02445355096734
378.026884431647
378.0283392860347
378.0240296609336
378.0205461057685
378.025210259153
378.02708584497304
378.0258389122173
378.02511034731106
378.0177789509762
378.01419666286165
378.0210169539987
378.0248286311362
378.0203561682356
378.02381225003955
378.0287190880081
378.0272616239072
378.02679762016305
378.0191021201008
378.0254449208751
378.02401727356664
378.028253250166
378.02254959130914
378.0152556886678
378.0440235018068
378.0304716822775
378.0319933616847
378.03322640397164
378.03648021575646
378.0114276155109
378.0122156677244
378.0209456027369
378.02202655491783
378.0272096770241
378.02512426632165
378.0277732295508
