182.2040795997409
182.20385501037617
182.204303502298
182.20417557324618
182.2044766251447
182.20440104192858
182.20460915455988
182.20455800021773
182.2047061997664
182.2046794185526
182.20477187133747
182.20476389603846
182.20482830085894
182.20482243958395
182.2048637896587
182.20486929655908
182.20488823715277
182.2048913892013
182.20490873112612
182.2049230946759
182.20491766415762
182.20493748852823
182.20492761330388
182.2049491203161
182.20493618361434
182.20495747976747
182.20494212871745
182.20495556765854
182.2049511458481
182.20495384935202
182.20496054710566
182.20496002817345
182.2049632459857
182.2049571016414
182.2049595696426
182.20496460598588
182.2049640627465
182.20496756256944
182.20495636956184
182.20497059125228
182.20496275932237
182.20496350476606
182.2049640949881
182.2049641221638
182.20496504675975
182.20496303328582
182.20496487743367
182.20496151719817
182.20496283996363
182.20496915423973
182.20496439693306
182.20497148766844
182.20496001480205
182.20497134600373
182.20496531627214
182.20496971479952
182.20496402921708
182.20496205043673
182.2049649227829
182.2049662019872
182.20496862848813
182.20496550414828
182.20496479097346
182.20495890898746
182.20496892393203
182.2049638091048
182.20496937853386
182.20496097507566
182.20497202554543
182.20495789317283
182.2049702423683
182.20496159175673
182.20496757948058
182.20496347327207
182.20496665899555
182.2049684957965
182.20496258810454
182.20496617295066
182.20496576269215
182.20496379842007
182.20497251937923
