122.68978146660993
122.69506787538648
122.69286293308505
122.68489592049809
122.69040388870872
122.65626344116845
122.69093303583213
122.68859540094218
122.69120530371856
122.69019073391064
122.69056042971897
122.6901966847754
122.69011304777996
122.68992923263613
122.68979192306506
122.6896470671536
122.6895101811715
122.68938418578182
122.68926501082387
122.68915767342423
122.68905434483622
122.68895743376288
122.68887052024365
122.68878569304798
122.68870579888426
122.68863903659985
122.68857503535583
122.68850727482277
122.68845092851734
122.68840172483578
122.68835622182814
122.68831045192019
122.6882675734887
122.68822725829705
122.68819209943103
122.68816128706749
122.6881321519686
122.68810197342282
122.68807625886075
122.68805532620354
122.68803837042469
122.68801210723359
122.68799432023297
122.68798121276086
122.68796572249994
122.68794606353185
122.68793490454664
122.6879208248647
122.6879079813898
122.68789901079799
122.6878866441075
122.68788084119478
122.68787598719973
122.68786735950016
122.68785317549373
122.68785285136983
122.6878443959231
122.68783887441532
122.68783579014962
122.68782475338958
122.68782327095505
122.68781858088187
122.68781661085086
122.68781571395084
122.68781346144169
122.68780472154867
122.68780513627826
122.68780040619095
122.68779922622525
122.68779585839548
122.6877959208905
122.68779421094405
122.68779025757067
122.68778798723724
122.6877924213095
122.68778589211615
122.6877860800796
122.68778406909587
122.68778180822846
122.68778540681342
122.68778086974089
122.68778128159101
122.68777617303749
122.68778034337993
122.6877789851278
122.68778193923754
122.68777718837737
122.68777730748661
122.687780393293
122.68777813309862
122.68777931528712
122.68777364209927
122.6877742481065
122.68777535254048
122.68777889273406
122.68777554102053
122.68777094840334
122.68777340643646
122.68777530252555
122.68777212468558
122.6877695281255
122.68777158833109
122.68777450811467
122.6877743058285
122.68777605937066
122.68777492747176
122.68777354737176
122.68777358498482
122.68777286969635
122.68777080917062
122.68777296897679
122.68776924896156
122.68776925177372
122.68777226966267
122.68777282181327
122.6877704432336
122.68777213833164
122.68776931877801
122.6877678384044
122.68777354838676
122.6877728385407
