191.9397029701131
191.9398220693629
191.93955055232436
191.9399104405138
191.93982120877354
191.93964143178528
191.93968339333514
191.939542165459
191.9392781680035
191.93991532375912
191.93969685021148
191.93982090389363
191.93942843098193
191.93987609803025
191.9398124294048
191.94082102078664
191.93983500637478
191.93985242859526
191.9396959410551
191.93982100525318
191.94020106490643
191.9398462050376
191.93973073744746
191.93989018171305
191.9394413234986
191.93925719487015
191.93985575031002
191.939721427907
191.93989204846002
191.93944110580924
191.93925719975778
191.9398557765744
191.93972126045446
191.93989210397194
191.93944114877013
191.93925726977614
191.93985577983585
191.93972106542788
191.93989213263558
191.93944106209528
191.9392572136221
191.93985579247783
191.93972108132039
191.93989214599605
191.93944120642118
191.93925723845678
191.93985577352578
191.93972116180703
191.9398921169759
191.93944114504302
191.93925727190435
191.93985578606407
191.93972109752576
191.9398921267766
191.93944108274627
191.9392572662582
191.93985580104527
191.93972107946138
191.93989213309214
191.9394411066496
191.93925723636494
191.9398557902532
191.93972110151662
191.9398921387001
191.93944113831822
191.93925720537663
191.93985578781212
191.93972109109745
191.9398921439315
191.93944114670376
191.9392572502329
191.9398557834793
191.93972115802535
191.93989211782537
191.93944110858865
191.93925724537257
191.93985577802596
