197.32377076758894
197.32379270353977
197.32378330358551
197.32379569553086
197.32379130116897
197.32379829944966
197.3237963333895
197.3238003189199
197.32379963920812
197.32380188623574
197.32380181495137
197.32380299946908
197.32380313721296
197.32380396449844
197.32380405277218
197.32380453219048
197.32380463348454
197.32380500461295
197.3238050325872
197.3238052856923
197.32380539422593
197.32380553519397
197.32380549233312
197.32380564374398
197.32380557624492
197.32380570446367
197.32380572142756
197.32380579369237
197.3238057729177
197.32380579299752
197.32380590750108
197.32380579947312
197.3238059293708
197.3238058396728
197.32380594857932
197.32380580043719
197.32380595671748
197.323805895463
197.3238059030009
197.32380588347223
197.32380598172495
197.3238058624538
197.32380593450944
197.32380593155722
197.3238059764044
197.323805916516
197.32380591967012
197.32380595752875
197.32380594217102
197.3238058837669
197.32380601826299
197.323805875787
197.32380594199822
197.32380587973057
197.32380599785392
197.32380584109524
197.32380594702954
197.3238059989635
197.3238058904535
197.3238058798197
197.32380594826827
197.32380594213464
197.32380594354618
197.3238058606039
197.32380595271025
197.32380597427982
197.32380586229192
197.3238059185678
197.32380590448884
197.32380592517802
197.32380600442048
197.32380591060428
197.32380592492336
197.32380583632403
197.32380604537684
