449.3542851461989
449.37709092333625
449.3920427741796
449.3985867659885
449.40208812985475
449.3988988871424
449.4016962179112
449.4025666756479
449.40295110997977
449.40296810333894
449.40387762897626
449.40104347176566
449.40150614215236
449.40502123610895
449.39601467348257
449.4009734821502
449.3984271389836
449.40751939031
449.4018374898478
449.401348110081
449.4047871419971
449.4026941500979
449.40291301757316
449.40294761047153
449.40302338631045
449.4026921330442
449.40230208340654
449.4018388003569
449.4032231059864
449.40220285627584
449.4024236827863
449.40281927076285
