311.5315589819602
311.5326152322259
311.53331477660413
311.53394074169046
311.53375583563684
311.53396257164695
311.5341263316068
311.53395532847844
311.5340820650699
311.53404243159
311.5334217420532
311.5342205266643
311.53423084387396
311.53412046051926
311.5336413052337
311.5343717503292
311.5341670005437
311.53405046206717
311.5342031645123
311.53434439837474
311.53398442987964
311.5338719861793
311.53420219424515
311.5340958768156
311.53413405658284
311.5340817427932
311.53405405299964
311.5342027977458
311.53446942875416
311.5337617661353
311.533942399401
311.53426709418636
311.53420356425886
311.53414698137567
311.5339989108488
311.53403713681837
311.53418302886166
311.53368033297374
311.53411183981007
311.53426635570577
311.53414147268995
311.53411411174966
311.5339851440476
311.5345335053389
311.53408753455733
311.53404096938175
311.534110954246
