196.86769806383563
196.86769446288326
196.86769147827454
196.86768903865413
196.86768700333778
196.86768531964935
196.86768391335318
196.8676828191683
196.86768183791992
196.8676810075449
196.86768035687237
196.86767983012487
196.8676794141238
196.8681608622228
196.86806424505812
196.86767868789047
196.86815826342172
196.8680652768926
196.86815656408362
196.86806609722044
196.8681532718092
196.86806793481446
196.86814716521258
196.86807168092855
196.86813577680732
196.86807974511248
196.868116124464
196.86809747295592
196.86809406910834
196.86809909024123
196.86809227005688
196.8681024924099
196.86812259251747
196.86808941234267
196.86810676476853
196.868113119579
196.86810192248777
196.86812333674607
196.86808859443772
196.86810813839293
196.86811049087737
196.86810603820595
196.86811415003467
196.86809968355738
196.8680912644304
196.86810411234546
196.8681186728354
196.86809379683473
196.86809902298228
196.86809229537175
196.86810236780002
196.8681227655652
196.8680891748245
196.86810712058286
196.8681124261784
196.86810290599897
196.86812096147696
196.86809114654534
196.86810378878
196.8681193414086
196.86809296378124
196.8681001997138
196.86809090148745
196.8681046505517
196.86811748888795
196.86809525374338
196.86809694260592
196.86809504076518
196.86809759309108
196.8680941276034
196.86809889907454
196.8680925044755
196.86810209579198
196.868123418506
196.8680885518661
