337.88642126892574
239.17642243249287
303.4697006628687
245.2406435919595
291.75402184973814
269.8687532486874
256.67984824502264
244.3159100236901
249.48764104450674
265.23152495362274
216.4901970724709
268.93910845045775
214.18223604694003
254.49562764394386
234.61266931330556
239.3192780291647
240.0841405589872
229.90459251130778
240.04618292082796
220.60408683180958
225.54973683784374
216.61322852585454
213.35571431827339
214.35373144940422
284.2969953579368
245.4592247028013
242.05456932270044
241.8688962278593
193.07010736071788
242.54258305341955
230.89318127937258
216.9437366069924
279.0624616928462
256.6920816845477
239.48245285346275
246.81491965327768
221.60111428307573
209.85910200181752
264.91490663673176
247.11968141135912
238.49303795296146
290.2237780004016
260.31608579273416
239.29613063297256
237.00990599338365
232.46369982559554
274.0021760644722
215.96621870338095
222.36628695184663
247.25286580561806
254.21380620821947
233.401781726001
222.84192074680504
226.16667301348753
228.00275526392943
233.6580216756047
254.17438986898742
208.5217828750865
248.42921260270305
236.1739218174207
247.07584338274683
288.7861077739053
218.17387283438802
196.91903342940896
250.68517286465067
255.72551576115075
247.67295352953806
289.44060792205346
227.12861360138777
256.286597145383
227.75925767146327
240.1303092214148
223.38519934680153
207.36906902648843
239.37293848159607
218.87678056284494
229.09210801417066
218.58571333138752
225.71801014114317
256.7371678001764
267.83835344445106
244.82742072514884
285.1942185073567
221.18827504238652
274.5174740158254
252.01312564780528
213.49188860566937
241.89227815767663
266.62523004843024
223.4162033942266
254.2844927889164
267.13801579584833
282.85863269507536
295.20620240426433
249.82340660247064
253.50750712809895
199.80765159464863
261.14769262636764
256.56277471298745
226.0925339529531
279.0567144523411
234.92824838862725
257.58100387423474
228.10666788981325
218.33174935217176
254.32322526459757
247.86222500530494
213.55980037853442
244.44908363786817
248.4725412578009
252.5774560178579
224.45224575352404
245.34783261160555
254.9321821787198
202.99268473352276
228.66049380790355
241.95294576603192
262.0102527523668
240.17554655976346
249.02849021328802
207.94395944563075
271.83331274188095
273.1436749209679
234.57023518624192
186.46861546098808
296.48013591416384
285.76725951755725
263.7397901501681
276.959404727746
300.65961582950695
258.06134286089946
276.72346625539285
228.1613182916917
261.9636081607932
270.9256372071177
206.56901786614617
231.7616641538334
233.87824658527097
219.99363078027818
258.6031934936691
255.23975022375816
277.8916576282718
267.33644538751105
235.90499626632663
265.4188178890836
255.6123985795566
303.9899516025325
276.91771018727013
267.05584083766735
201.22240337967378
255.69079857620818
224.41406315445056
243.73911819524074
274.14909479304333
234.02517491911567
247.32392910330236
233.08621810876502
292.28634583332314
263.31848501222703
215.91354336105724
262.8324470373627
265.9026454527411
245.51449417955155
256.4961538665011
236.8271883799389
202.51914733390004
229.78328559101647
213.50283300060255
198.23498232251586
240.74098524711735
263.7467604566991
232.98077584879502
258.8228307544705
254.9645632385509
245.77972273322666
233.97693635990436
243.47627540669055
221.66800427984708
267.41703534591215
240.98502786552854
227.6510511344095
238.91263252256613
270.1452002136866
235.79411667769455
227.92273981532344
253.9751560622026
270.2393350412167
262.3300480363614
281.52153585429915
232.91710252995836
209.06939027311455
277.4980608673068
256.4304728600837
239.52071301031538
242.57567400058178
238.571906024059
258.9687329385706
277.6862028042233
282.4723131248029
265.6761283557862
257.26787803191837
239.76603595456254
222.82876142353052
267.3785106407813
233.81031389185227
217.7472864897718
260.833670470216
234.36502724343154
219.47178603788052
226.26457433601172
246.41054628378333
220.81285688007483
235.31587156374735
222.82200455432758
242.21105515665113
235.56853805096034
239.80570201420778
222.04775997089018
254.73936575221887
245.0080896458312
255.54052561210847
236.94640738388262
261.458754717758
223.33399402992654
227.1047561794985
228.24371200320456
259.93051778560766
228.26650256474386
258.7277620919849
242.7151041244142
224.6028483464179
261.9442074768158
213.2213508474524
260.4543161580659
235.00447482335585
208.55742333982198
275.3942443841079
245.6634554968332
287.08828525483113
223.40597332142352
244.44616354142636
230.271310463002
215.8226740302125
258.4399403005518
245.85338447439426
230.77513931933208
242.0624466196532
295.4269316556529
220.88398317983228
257.8211772192153
251.07512824003788
235.78662300336146
274.6848995137625
232.59410068237048
261.3806004009675
219.6715082652663
214.3867638761003
239.418257599762
243.97357880724303
258.33119050650566
243.90478324811556
226.750639852944
279.21325890879234
219.4449229723541
235.63160368074023
241.07516638445668
217.3117658232004
259.95723532309785
266.50908189234906
236.02475527639035
236.4433736394567
261.17639203439467
244.222244153294
222.1205723140738
210.3664640364732
250.2525836812856
233.48119182343362
212.9004299606313
245.97522954443411
234.39492415492714
255.44622597181296
226.8162658328074
224.14728262485005
275.759839872233
221.24345820132294
261.45326957096404
237.9666431807418
232.23563509332598
248.34696080724825
212.68361953091517
232.67160653113388
243.835302794163
238.95413350343006
230.12808688459336
237.5012431207142
223.2436288526078
225.3468019329739
235.8322501774819
230.11809757228184
273.34382578848454
225.6276402282092
256.89542087118025
205.83938394176948
262.01261660680757
215.56082267288002
267.5115683146869
226.7715513202129
245.80614023318049
217.64028618526936
224.28243584459415
260.5120028833335
210.50084992681514
238.55871421158372
248.38775206170976
218.1234325599362
237.55446401107474
243.95552079941262
249.85991272826504
234.6294032576261
237.06118891389633
285.6473001032282
235.5482739421568
197.72076131681388
300.6398961933737
233.57044242562552
264.0853654666862
263.2165148976346
250.5058550370013
262.1781314340624
209.38477827930183
243.01564199046697
218.27591773374297
267.08070158776536
249.11416187042778
226.2863747068477
262.64539200383297
191.9402318582579
247.48708397820883
228.33449936340912
246.87536955195537
252.8273678868718
236.22928886178124
227.59235083429667
241.35105061648937
231.87721760598652
313.99505530031456
232.8602593300311
233.18794063047972
245.77798151655588
228.3913623441913
236.78132445127994
237.281862283824
253.67945502497605
292.2284720871103
203.01604210727965
213.7608861802437
251.07391480865772
243.1912680283276
248.9814608230372
240.5176019477367
226.557539460744
230.10261861147592
204.71302536419535
234.3177863202145
253.5354546589224
261.95103108540934
213.95849426170753
258.5407451695355
212.33530592173338
249.08935520410887
237.71837321745988
261.0119850382762
248.30631328833988
217.77107995674305
225.97633167309687
270.3369422219839
216.8341465562262
264.98219506366877
240.86972384914407
257.4318816634477
244.10313757837866
227.30725379222713
248.39841996379255
247.713197564226
232.3027067968069
255.56692199630197
231.8816188613855
248.82074094604468
202.8093179129355
245.48801821794768
227.7897521455161
237.29441765966476
244.24750958658115
219.76552359784546
285.637977719467
237.7413724345679
251.64840017817914
217.35475402469456
272.96527208386397
268.56461623379437
215.91876016755123
265.77481773638283
245.03605636880093
223.28907971843728
236.07172877766425
232.29055364441592
271.64302718751424
222.4648016334395
228.88875975171686
277.01015468721744
254.03455402371765
247.65438195870956
215.31596301679383
239.63836759021797
198.76880234765122
253.28260847681668
296.6607060481765
231.30048438964877
255.05111715418752
224.89035953694838
264.3399078256771
266.76561281421164
227.83408091249294
248.89791726868134
264.74377737924806
231.94807959183527
259.06478783575585
231.07559257636603
264.30897750146687
253.87019073727424
253.9418999160116
230.93409516764223
219.1368471194437
246.23060800832172
262.8332208033389
233.21563459781464
240.9623471483501
270.34067563482677
255.57296951231547
200.39742151890823
252.2048436635523
231.0786688040389
224.3525776181632
242.66842121143418
261.5958229679818
261.367038915545
243.6066364832368
215.4414380765229
244.15684796185815
314.90401740370726
243.1408983336005
259.10352165244694
226.18841085760505
226.0315317108616
254.1917748246633
250.5948614571098
253.98175303773314
228.86772036239563
239.45375765154313
232.62818618360325
247.08182850218145
234.91296808989136
250.99765835379367
259.57773096792516
263.61646246156306
259.24985060672043
226.2162732847646
225.1321358367568
242.68103513370443
212.85607210443413
203.0856265090115
237.66517968890548
265.90836160231265
242.73240180024004
240.56001283421938
285.45201728462416
267.40622060664464
237.71671911192243
253.52109158417443
261.7376381846989
255.6756223260163
262.4251520740654
256.5863210037205
209.36652095851605
269.3751212885254
234.49506641855987
235.2652632239624
209.43098303914303
272.0689020879072
227.90200598890078
266.88664494876866
252.2458642838901
227.01127980848833
259.5279491751571
248.28001299334574
232.12324193034146
262.29143968969584
249.91291015435127
237.78019826578384
238.84531608351972
255.11531656386796
259.64380780670035
232.61435905112012
237.97716233359824
234.6511442787014
295.9122456840414
262.4639087677933
223.90384425676893
235.12414514372358
235.91306057904148
222.23611387432902
243.9938854156644
216.99048500703066
244.07709009377868
282.7902875556174
239.70481149193074
282.95425769197755
251.49770940789313
272.671869431244
246.44748217357846
244.06966243864736
216.30673950417258
259.8240231887612
296.868881457558
243.86424230954435
245.17515166150406
234.07337234729494
227.46046395444137
319.7727436011046
223.96298048115568
214.69414024463913
207.59381304844283
287.7526848861744
233.62947707819694
241.05964990291977
263.73524930868007
275.2496097043477
249.84187573654344
246.37564256050973
253.35511526890332
232.13762303144904
258.9673339992296
266.92728157999227
232.7896313543315
226.33841257498716
254.25723746221047
244.20429508032976
203.30312344559934
265.33289308159146
258.68033958101296
242.2019151711429
245.60004593609483
272.9582269988314
244.0435281006794
237.37780987410224
271.56952226770227
236.1718267762626
214.18975319864694
249.39153526956216
235.91362827731064
225.72172814205987
275.64787491754396
255.06333312779316
218.74696553481044
254.28414335646085
268.8950705526513
271.6279574430664
295.6407537588675
216.55753509880742
240.10724025790114
243.64110507100122
218.54071524372557
235.9960197210312
199.58066207467346
223.77958124721772
247.47622204764048
239.76647709758254
242.8108560903056
268.84643023432
270.2160878802533
251.6518358401081
280.87308012286667
282.7509239719366
213.07315299325273
237.9061786426173
231.7584869239945
234.3807056474907
234.18711799415178
252.6873492919549
221.11837181204464
219.1291792235279
251.08928937034216
246.54593415622367
236.3991896174266
235.7695198445581
241.93267442507204
251.8464825018309
243.14799013460288
240.4472998183628
208.75408785729087
237.53987522306852
258.23154482914833
225.01489473105175
282.2540902941546
217.4833338385797
254.98371879468323
246.023540048016
233.98352060766774
216.68874004259123
230.86060051448294
233.44346371438587
244.24502061196836
218.75190092186676
262.06279280691524
238.3223869719077
252.93847439039382
194.54877864199807
240.3823601847689
286.5729716407368
246.53022879906348
258.1192674518097
225.79303539681132
246.73229619086487
236.89192239547265
232.8338842963567
246.75468688920955
251.7246108520776
274.0373641246406
254.2687277518853
247.87995364677045
268.8615631145367
198.71348558057798
254.56047390509048
230.3869655293238
240.82754465949256
257.91160691154073
227.14503001011326
239.28932272980455
261.24836702330504
224.2880799905106
285.88646708609303
250.87494492917904
277.9973361309967
235.459521240904
259.86030079456395
265.9656546860642
232.51815092770266
243.0255495356978
231.7840457149723
241.56826735284994
253.26907183520962
278.3839110251283
241.95754559434135
231.47382260355516
209.98148327614763
258.3630194826401
256.36785305305966
264.46577460315893
253.51092776245787
278.21823221907835
228.75483909633476
252.69534914349788
286.08368396403966
231.73753197849146
249.24239111097995
228.16021285564057
195.2321474776254
238.7284068869776
260.9034194277774
248.9741151991475
252.71661090027192
266.60046196947224
221.47376769408584
244.13037155586062
253.4630265100277
230.97282279084902
292.7262476013566
286.07212858411367
236.63133220202872
246.9676185855933
255.3181150725868
213.28214750692132
225.69848830701085
291.8270007028186
233.29821588646155
248.76031151934876
242.57423746798304
258.6075793756172
242.3570812183607
239.40109205659246
232.88224092894234
216.88770209567156
215.5725309936388
246.01918151855352
236.82557982462458
259.1715883591387
250.4347206413222
227.73618997263839
214.8874952752958
250.76108105148887
217.04242074483773
324.81526507265517
266.9327390997205
256.27971565927146
256.6700908195344
202.0647011505789
226.58281203708611
263.48121403562254
232.1900533682783
231.23392802136368
244.30699133660528
235.39339344287873
251.69759477532352
255.00900171592366
225.39574699333753
251.1181829958805
258.23156008819933
222.88370877076522
208.28329486836446
245.83327604687656
292.20177400883404
260.21609248185996
280.60179200957646
242.0475240846863
212.6511556916812
274.9119136907393
234.80061274816399
222.98984416824533
238.6642409233027
224.38644036158803
284.88453246091376
236.4815709864779
233.21259450534126
242.00772393905208
263.34080621635076
254.49039473116864
217.520778766484
260.84168332431
246.30438147613313
237.72206275566714
250.24811713275267
224.13071103030234
198.6816486696771
235.73597779576085
229.18472450430272
245.94402001658455
240.26169081337866
265.1054943461204
227.23937350625056
227.72855520734447
240.81641819319339
212.398135893367
251.42395325077814
239.6884336694493
238.9740317670512
235.5391947280441
244.6076262849965
242.61845026060473
218.29410581462434
255.5836127368675
243.5185724804178
234.81690641929163
216.08356112628826
226.080273333675
231.1652881099435
249.72680040975683
216.21019671679824
216.15155514277285
240.29911640260252
223.45034392061643
229.20580354167032
250.30123877400183
239.9221741562651
296.5523478714749
240.94776074387482
244.34880319668446
206.0427651333448
236.97104224187206
231.34029448320507
247.80620321142487
231.7254578237771
217.85614396462915
207.95360757334856
225.15009016063414
233.16324310551863
241.5681672306382
242.63511921840836
220.94153850380098
249.40071260093828
206.0612357928767
218.02414311349276
215.13614324640366
256.51584887196077
218.61299590495764
220.4205796319293
239.70920254261
226.58832540092408
248.51979743488482
205.337670895271
243.74605539275217
273.7938999723119
226.89654746107408
210.17801885315566
234.39658387107193
268.9864132401708
248.26781239337288
205.43487345063477
239.0541787862894
235.78174254356418
235.8538048848568
259.9116879217909
223.69273001738475
215.47221619987977
235.00302511299378
226.20877674449002
209.54727344191633
261.2096644297999
215.33895036226022
290.61921221288503
219.9819851234788
278.91984018246876
249.29073350620456
209.92872337222798
233.46923430045717
250.3898607697338
225.71378326421836
258.04567374821636
199.8156342927541
260.2551255893777
216.8513062185375
258.98021238998626
240.2883792136272
270.78886351623805
241.5490274861222
263.6422216401261
201.6643150112941
262.3479311950796
215.46218576468527
236.07788232839084
210.51498492545215
244.6569191351009
218.64864279673202
216.1853112206154
219.7966272891499
250.32768628466874
275.7767758559785
223.9766446373833
215.4144751879212
234.2655359003693
241.0384651873319
200.24883040957502
244.9243331979087
219.39910425103153
288.50400157654076
261.85006692650495
227.75093734977418
249.14030019636266
260.265428480634
225.33649246991263
243.53367400812567
233.95343026629416
244.44651346313185
242.23423393646954
215.0272131396341
245.9322860831453
259.160033176915
207.32751428612391
249.28788803968928
246.62716982286656
262.0915958984988
225.73582574137254
237.1931329574145
256.8455699577753
242.47866749876994
201.9611982391798
257.61922705877805
254.90137319022324
273.5562451898004
255.99876069044694
245.4233901516709
231.29984911321662
260.8308913522051
252.14893273820053
231.56051274537458
256.55756543777534
234.8602363168029
244.1742700446339
264.7283679085376
231.88662617711816
231.75787666096585
246.3685839131649
238.32879227772355
208.88168052374385
226.1220171735331
247.58032351886504
252.54492753004888
245.84171130377217
224.48689633712638
230.1714246046613
245.14220357316663
231.18051911777002
298.88154744019266
224.34035999691696
234.76499798413715
219.21044188147062
228.1774211062293
254.56165324430913
222.23196569579886
253.13330366634182
235.21629579304135
261.9954748977616
213.2829125984863
221.371827876952
260.5061298259534
210.99289158525062
243.3581122980977
216.0837842563924
258.83980139440973
246.25417173359892
238.5452199993597
215.25160920567578
231.68212938850047
212.48130953410873
213.48423513493617
222.12219094729517
226.31858259020373
251.17374128938536
242.73314463190036
224.1791360436473
262.03023965266766
202.1836610120081
241.79688359246938
233.55206998367794
258.76475235339603
240.51581669578445
252.44399811243056
234.69213990552817
248.68506338994484
246.63771176888258
214.92288747429848
247.4323016910057
266.5797035980213
226.99075706728036
258.7217882244149
251.21060350336484
249.6732676611864
238.3339729469153
227.37943247618387
248.22936727065826
269.43489668759867
251.82920579862548
223.16227629530476
259.5426451175881
245.67032256082166
249.00048858654918
243.99886126059573
232.16343489667634
217.42804051167332
225.88364764710423
246.32226700533647
286.46912996459287
235.9920310768066
265.1433949706843
251.80933907220606
209.20100148869096
210.3594831371447
246.04270132971578
227.01476337658823
261.7470483270008
226.41280144816847
254.50094572079252
219.19989958946826
225.54487167389016
247.62342383805662
213.82244621502468
225.81293485919014
219.09800796120544
273.2523168576299
224.41792347625596
211.1182431006746
265.1967221054656
230.94824885876733
228.1676921537146
236.76163286634255
246.32819864506018
229.6190571381303
252.50916935066925
239.43059332831763
240.27695183389005
239.8390074232011
258.42554253304843
238.74746935759322
273.5580075130274
224.71991653565783
232.84889829959138
250.05039275527815
246.5719842913386
282.6350120965799
272.86316662619356
289.6980696567625
218.85461326211225
218.26916315819835
229.5513963185076
236.71160416325438
229.24992574047064
235.5233902017644
231.5740125316952
256.1964706814615
219.3348006871529
250.92986224539345
215.23709699552273
219.46103671906167
232.9066050729598
226.65351594096865
263.06919843383366
226.967620211537
244.07622850695043
230.0302557029354
242.2068338355748
246.38054995483253
268.7247807465028
196.00888356380165
257.61841848195763
247.08369796926854
260.42032899562037
252.6144490018196
211.1056639633607
231.97102520559565
223.24170726232114
261.6647878867807
228.19890980556374
276.5081083252444
297.2966331986245
241.45711553437286
246.19039065978723
278.1993750652182
226.50698833839851
273.125412766356
232.6751124339644
261.1509451518359
233.18178712940426
258.71899363727425
230.4353252775618
262.8577312864072
251.47563584754243
257.41534909565235
225.79776242899243
217.95569903438445
239.49567896538065
231.88127597418497
267.4687592634873
240.76155265877605
231.27172521402827
225.285397892294
251.59448302499368
265.21200308046537
217.4733885746391
221.1847021286667
219.15162712169695
233.23371431673877
243.08365213411162
217.47693869122304
253.25442114131874
223.20094369753497
235.28863759734668
215.6229229735327
224.8878694268351
205.61020141807967
226.5368273363565
223.82642723573372
259.401019280951
237.43201547203353
261.220999889425
261.3560568175744
272.00504242567695
244.93223438505083
223.5852757417888
241.77867632021662
248.00151162204565
275.9245223229518
258.80857470279443
255.7344932151609
248.85141064436175
237.7108083248022
236.6491876335931
225.30624374409672
209.38570136605995
204.34877804573625
252.26796462375205
254.39120909402845
270.3589002479566
254.10149796190672
228.92284250806551
295.8205996295437
257.1380682163872
218.10484417813132
241.40368745964952
249.57199837401276
245.96846941916738
248.5145070720464
229.90664716000902
232.72980778192868
277.3625698519172
268.1178415142349
273.16993429959984
295.4701509553124
211.2724095864105
262.9152175101917
238.14100070507266
255.67153033125214
229.59869907714892
257.6322663257015
229.99528119224124
210.23769192339387
256.3703527044854
240.4473075888236
211.934924112109
281.0768686000956
234.0922639372875
234.29989996936638
249.69565371237695
216.5625325316796
203.65810610336484
223.1855796801392
236.00015659851488
238.1282394505106
242.97903073311318
229.45350121660158
223.29545719578164
231.2955721320468
244.77581282582833
255.6758033669321
229.9749042445328
228.27715579251526
252.47599666792667
226.57098430691985
268.517869250325
232.2597845987766
233.79261173657142
240.1977667940082
235.1047942728619
235.9680068573216
231.72609911934705
253.1839876238373
247.01156898075715
245.92247445182875
274.07965883170255
226.9753744006739
238.926152593398
209.06821710255463
233.99772289738758
210.21047412790358
241.32942248944892
220.26027632621117
217.31426794698928
236.74066223128466
257.4950258771423
240.56604209536454
303.4129072735668
259.19999832561007
235.4040445802384
194.6444202857092
257.2466764356359
248.55869442294352
245.16749155096477
226.15863294631708
237.13525677623693
243.11638197116554
250.53503794287099
264.39673079247586
199.1502980737714
234.8982156093698
221.17906903661788
253.92243485787185
237.58272694598418
250.1186916755978
219.35151204746217
289.384271424904
225.93909008061746
246.7709422634216
230.22973793954588
247.01541348185856
280.13925891788676
273.0349351421464
231.08404316398082
228.16517597134225
220.09525291778846
245.23295462009264
287.57869833434233
233.07237629481824
237.14708080963464
252.27190457552206
222.56611854210496
270.6110149839078
220.57860273047118
276.46822122111917
241.82985138247022
214.5587326620589
211.6976069138036
213.65845467557665
218.98847890162142
256.58302635123255
214.2082645263872
277.86055291543016
263.5572700929479
262.8913371618837
263.59958607080625
214.1960944753373
217.81928792700637
226.69928908493603
278.8791138656088
242.48516800033394
229.88498128007632
237.65102793753613
241.86680894292658
247.237477923627
306.8969107592129
252.2915295007988
252.79779508314095
269.16319267830113
234.16137194162002
232.26551163737895
260.17314982268726
206.97755130461883
254.01112774159992
226.55613419099245
234.73844137694687
295.38688033929793
234.83263936644653
209.0660748067312
234.90414370479994
199.9198286861647
222.74360770109342
243.55073417414678
257.52678072825074
249.4704615950468
255.3495936348918
231.40354164369637
255.39796432328876
220.23442004644312
231.3474350637989
247.5996146464604
280.43072189146187
289.6828823038377
257.3912532655522
219.9570777049521
240.48865585192107
235.27973582374398
241.2789395143045
249.27939955930924
235.41565989900846
223.24130090122344
261.21073009615066
235.43127305357484
233.41792567126686
272.92402247549035
237.7018015626236
238.32531696528895
192.3131410255446
222.7576010253979
285.46200382272946
252.60065181169193
242.69914207002148
255.26253363484284
253.98645386548014
253.0016285299207
226.20553970971378
261.5821418854757
231.0397532308707
243.8439773747814
297.6044221073971
227.5961693743593
244.81597998103825
248.40515407826751
281.4151793590281
228.01428411866073
255.42749057791661
223.14290281909052
224.2512682172237
265.11003780853935
249.81081973639084
252.40232777548954
295.69880543270847
235.0439632392954
230.6764239431359
259.67260763043305
219.9020933692227
231.74025129090296
242.56558552745264
280.29000093997456
241.78492858435493
260.359987926553
233.1883917178493
218.58305164671037
249.62261621979997
210.44741983118
245.18955017911503
225.746150197112
226.469366645033
268.6418129677186
225.7652677319129
252.16803862625966
236.584165836568
209.10371490713442
214.18857133673737
221.4977910350426
214.32406946335686
241.39554018503986
233.07017925125547
239.40212319529383
237.32345849007834
244.93504382728133
209.8134163497598
219.73825343424687
212.01748965901788
234.51714459521463
261.101780275465
207.05653397151036
244.60638836119324
228.21717595757218
206.28879296738887
246.2072625621222
238.12209768994944
255.78782898752252
242.43140506680356
232.90211105858907
254.93379758828087
232.75488263648003
253.56384480564157
257.1365331528941
231.4308264196734
235.92391249886714
253.22399613750167
213.94305674324278
250.8984430198907
283.92157357395627
228.40061093959957
239.60891553357942
258.6609849942033
249.35872666188516
228.50483240379253
280.77109700412257
225.1723605117295
238.61757702752948
264.5628346814774
273.47438611421967
271.3636196902371
233.04462038958445
219.70819348160876
209.84028260508785
253.98188413056778
222.16763353260467
231.97337154473644
215.51278930041008
252.66612153343158
260.1185925119207
272.791122708295
206.8756103142514
242.30266138573643
215.65792496374343
261.64482692594174
236.8848073677509
233.35294384195004
214.96824504469987
249.67057326983195
296.76062194642145
266.19560264342
243.6859533828101
248.24030569690512
219.86162215506192
284.00576547766104
232.1978515611263
243.74055949796457
235.961513799557
257.2181281692465
256.2769336447818
244.85210052580805
285.5477706415113
246.75056719157146
255.82854284258792
252.85981565259863
226.19946930574952
225.59375393058872
245.9491608174285
245.2611949830898
240.11598836589837
231.98648900794797
223.04398290638346
270.9486441943445
221.09398919140222
250.21783305634744
233.12226399430074
298.96951455873204
232.05165394127835
266.10155301867053
249.9771336824051
258.72998122131685
246.28748920880025
243.7632673275075
199.6548579976661
228.99551426101243
230.1236419447232
220.4205670733354
209.63098342675949
228.5898298715474
221.9180390451802
292.238912513596
245.36254138621734
272.42390321206767
237.90156387124443
232.83319766219938
272.8808087519719
293.2112696559052
266.69856025621993
274.11332463269355
249.804443553905
249.9265154899913
263.82790222839685
229.35517632088158
213.170809993695
237.3813824740937
221.20751031389227
241.65915779187344
253.58395886281505
246.18511082278565
244.2614469951368
331.3499555682647
249.8397290277644
247.7918586624437
252.39552156976424
242.9060194378253
273.0028446254437
274.03892617789097
293.7402321555419
283.31703422486316
246.30046572751598
294.8825047445134
238.48077257478144
236.42070952436188
216.6918492956902
236.55595036258455
256.47984882310266
257.6717450292199
254.662399318011
205.31510351231555
213.1700059530558
248.77517516817898
233.99724064662587
236.54639782133745
287.9566216871608
255.3202477596351
225.8319221860147
264.4826232221094
235.13871227082564
245.5706140192924
208.98762482218444
281.59935347834835
259.24071117542917
276.1284699974349
272.0314148137695
280.42095368989976
249.00391668902012
250.86433272913564
250.69727999321185
271.48041103908326
218.60979075112846
246.68763921089703
212.1998689477332
267.0127154464717
231.22308818384772
216.04638036742108
220.0619991045678
235.6052431995049
229.91079424193595
248.08637612249004
264.1038741207449
237.12739347177558
249.76231683196966
251.9909902230138
315.9209464316373
274.05157274525845
235.58589005057001
256.42010745144216
249.7901056787814
263.75468611804536
231.14121775573585
273.4309171914938
279.61712824198185
239.02561426413013
250.57730401214212
285.8795732987928
240.2040424477309
245.77647978632012
273.98377911472926
238.43286228534998
236.9713373236009
258.56668111367617
258.64771478786133
245.16447809810052
260.69216103479266
241.97181000729324
301.29110250773374
235.35321546549676
243.55413457698887
295.05483297188766
239.78825216070982
224.39890511339763
245.00378308037762
245.24269437527983
273.7089491978404
259.8553772623418
209.33791425684467
251.94463496649405
235.41689910570858
253.40721875999589
245.66622812178684
248.7573070799117
208.97472742106766
232.1152329269098
221.34459719568258
230.28037933353335
264.1771800091374
211.63531958992826
236.8207314478932
231.41649445332587
256.779888466117
233.1134869500529
217.0924442319083
249.32227427669568
265.1317148885573
269.17635854991386
246.44912765838671
201.74016126891365
234.6679159628693
227.45623958593933
291.7211983817979
240.0193478440051
245.9894898653729
210.4176250163
208.24104857922066
244.87408593500732
196.5846007039072
256.0740838240599
207.07648895995226
225.40564221789828
287.48392594605684
258.692690405529
203.9598771154997
248.24964344804175
239.97383687266847
239.83204908733023
251.90698170632822
212.37358887086157
302.01775134925265
240.58317125350004
215.11308384948643
235.53335418365896
255.19488167663803
266.7695522963768
265.1016083598952
254.96944127400639
227.51542901009088
211.4377276879968
252.8827322916477
219.49902635044418
211.909746331512
205.45770129282027
222.38346911867848
263.4975210670382
211.28964271309087
225.5764744891785
256.8933612391702
207.7575841609505
208.200230980583
295.8527395846322
250.3230662959395
235.41602124163182
226.42242444097064
231.23317120183492
247.35088811290916
222.99355514586205
221.9289438907872
246.88165593059966
233.7914153985912
245.40801915130578
267.9170150728896
241.47993182600476
228.70745946996612
206.8337800448062
238.069577722752
219.76717420335626
259.4658129105228
234.1130162081099
250.5296997371479
232.8437304320396
248.63884031039197
215.22728407691466
240.7158958275104
252.12533173064003
234.56946611130843
220.52817010640865
240.89187154971296
276.65111980686197
229.89764586946694
247.4667716542026
233.9143289218191
230.6622151103802
285.27034544514026
237.86606982158264
232.08093093894422
257.5475171612925
236.49315311550163
231.71753327397164
240.5268520824029
237.40309407835593
240.29753953276668
244.58247199718608
251.8198975615087
268.66206061653793
251.26903656468494
254.52810113981832
230.45869598002173
273.07068786834134
245.51505068910774
243.49977797514293
227.39163561351597
244.56914273981238
256.7187549865921
253.75424534006743
270.5177000804688
258.47315454884665
282.03528275631834
235.56857910059625
274.35427863162477
220.1295950130443
267.68116978317266
253.50699866458308
227.2945167227299
246.75107034557732
185.81374528538436
244.90002825536067
260.0075384345255
240.20913143700454
235.80912336881738
217.34996628109366
201.04054232890485
225.76007622585166
246.8308416043874
229.15715426340466
244.62168361258227
230.6250663419487
244.40844618994743
224.54287004616344
245.86220751993824
247.22441530786455
263.14398559287656
225.42430168844294
293.93649173912127
232.24346277024597
212.36574277852196
242.943014502991
252.38289174454985
229.50815487990621
229.55823128757766
243.34648733458016
236.71118326944998
226.50215632666368
249.54888314340496
272.30647029262036
274.4394584777183
282.8280567242764
285.7668087754864
275.9749057093868
263.23082534741843
225.71723993879277
234.89759918494383
276.2032384927152
248.36531475139782
219.1599918793654
264.3607562383404
249.85438560432522
223.49263093114132
210.6797882274841
250.2389483479783
235.25943475909298
231.057149592496
256.2177040828974
271.63456563965883
242.72174099943368
223.40115042455727
273.01676555367885
261.94340159080457
195.72917447576765
188.4363208474242
201.83058940741466
260.2595503219054
215.65821219113423
228.63643653289182
224.73332399642095
206.0690676428494
247.66269569960423
222.34905226068804
282.8430899223313
282.1023709237925
267.1315137895872
268.75667604076443
218.55279157718178
274.9201973088202
246.39486543094972
264.9572889425908
227.66461387916934
245.832706127665
233.7234360932489
220.057370955823
220.02478629956022
230.6130531472154
229.66058229201008
243.76583321229555
217.94297730270773
240.63488547928864
255.69759976264322
214.40631220146315
243.547399418836
263.9287797223078
274.2752212835476
249.40431748353876
240.8081144876778
251.83884325821418
260.0471851453185
255.94021387939574
241.77677895012312
218.67625668743858
254.98495415324578
242.286878552055
269.02063038462074
221.73755666293437
257.9115047751693
250.18293781211833
258.47565112641314
231.26338902505813
245.5373519801069
233.627760922187
221.24670151423197
270.77153451018967
207.19643546506995
262.7197368554771
251.96253579010954
273.0936797519098
275.86254950711736
219.63971336866962
246.02682512887986
273.9179956790176
273.04765313025564
240.07766126468778
288.105984817259
245.07875193608925
242.5820131888031
253.52975954813883
234.44856912002433
240.69869395165006
203.59046638867585
224.63163401634665
223.4649825542583
257.5989776176284
257.3047798560001
201.17372751474613
250.7075124226394
249.04551146109588
201.89120452536736
215.5379113876843
243.01224632706726
233.74479387683095
239.17651376419235
207.85922884062165
235.15273079858162
245.29254011146259
262.4574392174254
227.66138855647296
252.77913011348573
253.47712122951634
257.96088354178937
253.59497652045684
257.6374338325695
198.28921630827244
230.2014522224199
202.01392537046922
230.01515189325437
228.7070660616737
201.96052930963924
249.02474331425037
234.26396203628974
254.68707906920463
243.3878638682654
215.2885230348329
214.98375230428064
226.3757835267461
244.97400214133086
249.41087297420017
239.86164972174447
244.83353294897825
255.7411743280245
237.2648497860646
241.85795405117096
266.6269412798574
255.4798696297803
245.67573961312883
259.69687121134484
232.24328910716577
231.09734238084638
253.88171391683863
241.27949637186248
238.51898081885884
292.7103354327264
225.08321242488455
230.66622308373917
225.12221225205576
220.98991082195425
267.93572012288496
242.16995478473837
246.04973416449502
238.6674603903666
218.58102813578444
269.8389361646841
226.35646733862814
212.28093090705806
240.56442883325508
323.9740196217899
280.01885310950456
250.424480526126
243.17856380122248
272.95036019635154
238.17952736048028
261.9012113070348
242.7669843066833
269.0215883406927
277.17985017527826
227.96908764209365
243.6528304173844
267.4098569221096
233.63311651727417
262.62238401104696
289.90409117372474
256.63891204306856
213.00867209146963
226.20994004240492
231.9367845998495
230.7187891395297
208.78595067374408
258.5373417767696
238.30362003011396
248.38003719813423
247.11751509737223
219.38430983870057
244.60203942848602
214.85400037030922
252.0305507267476
240.01530047750566
236.0532425348065
224.76714674039977
266.91557610960444
260.0227704750723
244.01659524516435
252.12550744815962
228.72420219238847
248.0973935124348
254.17462384467945
241.38315320957918
244.52337473613443
220.21350551740034
237.0590745077934
226.3207765953848
247.1457796532195
236.69878436316503
240.46451774146408
248.08971661439864
220.4921037806198
202.9071982264868
240.08564245240996
238.945555323211
201.66618667397415
233.66074893507175
235.01101722114254
222.13025228941115
224.97844545455882
205.50484409742057
239.6626288543339
276.3492645100341
236.43558277591364
245.44788794900523
218.82709170406451
214.19527476123767
217.37851151521318
259.4096723587136
243.2370839768555
256.2791629258427
262.8408288040082
233.48644287936622
298.2039227533969
240.68010493728798
239.20699721225537
293.54467217670754
211.18473592650844
239.4008987811976
238.0281054757652
271.5228992855991
262.9865549450624
232.22357950475998
265.2477399953059
226.55893126444425
240.8071274133399
239.49360449332744
273.5628821749124
244.73469740652945
242.7434546999284
250.29323542467318
266.32139423460467
244.41030504065566
253.53907137189526
262.7694906303659
207.52215104253264
236.31689833814744
259.2352309791604
270.4986967651639
227.9394197058864
215.24089227063814
240.35166307905456
241.99871256534243
256.9685160436202
250.3912421851419
218.64185049850494
225.76335232617566
221.59442417341052
271.2083696029731
256.93779263895703
242.24312477582134
270.8420516330516
311.9796187807224
256.17356378154363
249.2670181739959
262.0032770536491
236.5389238387579
215.97747310454724
222.15567189909052
263.9786830256926
206.98510383738903
207.0389270852902
250.9465180154657
277.81006673607044
228.84856916044373
226.51182674849406
233.03542170621222
229.68641520489473
214.40302400989458
270.6480228853761
224.92196280747885
262.9057770650252
256.91562784434063
212.76956913352478
256.7877776802634
295.33420553576434
208.92641170352
258.4344117551809
232.942741113191
236.58054231101414
202.54746297118254
251.9830616529798
221.79718275764026
226.55339985940373
250.3384551225463
251.95891257253243
232.35456973843975
195.93625035107834
242.14848291646922
217.895890884276
243.3161316200858
269.02117924258346
242.0289181683911
265.64687450951897
233.1681548137567
242.51598462677794
211.8267957647331
280.2737708450295
237.34638163883938
247.63782107719453
245.08622883498902
221.89495446928777
239.9665420842357
243.7805028585135
205.72292086767266
246.6092446151306
230.91399085585726
300.3394603910856
215.62450309551787
286.0829357948387
215.24640712776454
223.8487119935453
227.9115973903099
229.90312609507237
244.79052237427095
227.99890068091918
249.31541701056994
227.18669665884227
242.45188191259513
220.32484480843414
246.29069341701688
237.97614202607656
223.1923198768054
228.83064834721154
229.23902893828927
203.87216261640424
259.32476745866006
244.5227678117808
239.93326862959657
257.14963651262224
275.5626784564229
291.87250223068986
277.4180692191003
207.964674357092
229.8933982802555
254.25106402783422
241.34969716670457
240.08751030825078
240.33941265760222
255.07992379920324
252.21075197251048
236.8728128844523
277.6380073853652
228.00061944307527
221.92117678950308
227.67206514650024
214.41716522019124
231.18025500071235
261.00684105802793
236.06713520782068
260.61169902887195
233.67026151844766
235.41216548345983
260.2976583816926
243.13132748525823
266.95974865107564
243.58468335756334
244.0764046391123
266.25134335958865
209.72255458822474
244.51825373776956
271.4238713286468
287.0377839723951
240.60750139225274
219.99741417897167
212.76165270031197
265.21478514856426
245.22223546501482
255.32606476475485
231.3494548673625
268.7105395680992
262.4938306789263
228.22659922525054
244.3304802227649
250.2214065992739
211.06379175174516
222.99487784970552
210.19238182494882
237.69779603683855
230.17260965908645
253.49913239188027
244.26264168554917
206.8092602744
213.002353185846
217.07449670450296
244.97649447846925
256.825719909335
242.6682621128857
248.93767635291442
240.65328017744469
213.718269265024
255.47800137277227
231.7222800233285
263.57674948644126
253.5171936690458
236.20879297837382
216.7249286478036
238.2071072809049
212.744521415676
217.30825097003253
244.40158431057353
194.16106341354316
235.5823980369023
245.94719108834397
250.16559058480198
235.22182848647935
206.28367114666617
250.9038813644438
222.60332134203054
253.5859536602511
243.6392666613683
225.7600476850639
216.1597421289771
245.83410551550332
237.79129780898802
216.4181667327648
212.10058316931827
230.6943452571286
229.60231253213715
241.95680430426728
248.2823551542824
235.32253174606012
243.49203248840058
223.4470842477167
223.72146333171986
255.40659594052704
217.4616456385702
228.96836547227576
241.6661253600032
221.6996196739492
233.00149089714978
251.27444257837487
234.8461836137576
218.74775329284603
227.02816969453124
218.12246830156073
207.53704324708087
217.82783419819316
247.81172403180972
208.12375223671552
244.92146209732164
218.59036651981296
257.5085489512421
300.5799285651301
255.26864103187108
250.74769141868455
198.3040971570299
226.6245370740071
209.10317607887555
218.26623557362473
206.51282935362542
229.31910813070135
242.24279622803442
242.06048434553668
224.1690407320857
227.83022401470225
246.81274890946224
253.54203200730262
235.5536449017236
244.39115151460283
264.6979876460391
238.13360569119686
258.6353201722377
237.6144221308641
260.0933653645334
249.56055781664327
250.4140100244549
226.42550271726213
215.27717905817553
216.4575839707977
253.59561863268027
271.4136192027945
208.8337239800021
249.04682719218545
236.75734629080398
242.59589397459058
219.23540092725307
226.6424416360096
259.79057925747475
257.25600811932236
248.76527742180042
236.53285346063785
234.50818049849477
239.51066259166691
237.83803472970612
238.51851217274088
238.7578624529997
252.6511834685225
256.2941885695327
268.2938963661436
221.78978084458504
187.23618523858022
239.37012686172966
225.42401673877612
235.0497207744047
242.38501568918582
247.15802360814996
235.56294931587763
314.0624617097201
220.3018129846314
230.2934241935145
252.8324900470907
285.29782754927874
224.19436299381778
228.88940721657127
215.20430981134996
229.93091643427033
236.7306734304875
216.31518663291354
255.27718562271912
225.5445253473008
237.81672002654523
253.55604978220072
266.981372748618
220.49224144988693
226.405296173878
247.54207472363487
223.81282182200812
227.6501313302433
225.92169169464614
215.47924452333245
247.60304702376015
268.76521828584373
206.23614030401222
282.6737538895104
229.68939622899052
278.1234588834923
257.15607490064576
207.45326107402798
239.02388466487173
229.7569142812863
271.0307528503472
218.50400274340063
250.20715999312233
227.55494161241222
244.59667278802954
242.19624873704743
308.978454524884
247.73691771330778
216.18464406114072
278.78856499271933
224.9560526999412
246.208479957073
201.81991582503542
244.22306870424654
249.41992915747687
219.34943392686546
251.36806486407295
238.00827782857232
241.7857347985264
200.24436114926357
253.32027170667425
228.0430091797607
242.99983418558259
258.8080663160654
269.1831860317616
245.95693899481557
268.28239838348236
270.253964052652
201.13122656778432
288.31631712347735
229.74294279702008
236.56042741809506
229.82715288095642
231.68810057791416
267.5234476655023
265.4175649989629
288.0990710631013
241.25630731042475
298.72723484493326
229.34244126069825
199.24477957910858
229.57795391906984
259.51941448112484
282.49789311899804
266.3882759641856
261.4372583616059
227.4532929173438
234.5369806427043
253.24461764725856
235.31615981727373
259.73587360884994
250.0515834618127
222.09397210157476
245.50894148554653
229.01525969535578
235.25749905291013
247.6334862151416
216.48122514015995
235.19616566924378
212.58226730453316
195.32745785301086
263.5227368337801
221.7555737924995
264.56116560462397
241.0765449842438
301.6768936984008
233.58751009218395
247.49183589185122
267.7136184796691
258.1246841036482
248.15236017026473
209.41294961748645
227.14453631127253
245.98617432522587
222.27011755527928
220.42193899257109
261.8065341752954
275.57619020796847
210.8426526678959
216.59380975970998
250.27479302638676
225.21870286995545
268.76350920123514
241.17618659348227
204.53721183363814
271.14001544576604
253.1277254873421
276.42753646627534
239.763486375683
239.21300249628257
209.93261264788453
266.3954464716371
223.61061957851052
253.955943294568
233.79081238841172
215.72234776685946
223.31410258705728
242.14054226630833
250.78467284794897
225.80032433918677
232.8399974675849
275.65408842265606
272.7939190523466
272.85405072092544
235.56895934056956
246.758265873068
212.88687710464
239.20412657677662
260.4226556677604
228.94284400716424
240.84641798527446
233.91100680397358
246.61697984975763
261.79379212507047
248.33722705882974
271.7902112513548
218.7267976916628
230.36650667339563
196.1147290666122
270.34766528068576
257.6220206510043
229.42099328176118
253.8602923679864
262.002156142029
238.75838648586068
226.9406091683777
234.65349960536696
227.10374404257163
284.41029524535406
229.5891164650675
246.96034591866191
287.3881126497872
235.750284176087
257.480995775084
199.79658158204984
249.46269869804382
255.6676384699531
214.95350907219108
239.77123542956542
239.2022989311954
254.7334600891918
242.50571307109203
252.5581471278565
243.4163111380767
240.14333921833895
250.0823896258371
230.04511724598706
273.7315286495723
240.24273433047347
225.84058516321238
236.9574004478054
242.7948349476792
273.67330303252675
273.99500172084663
250.29290073248558
203.96994642098434
242.9620330176549
261.41582325380296
292.0054675829597
226.60102238936815
266.3559317823965
244.5221494862344
209.20585483533796
245.61976514547132
214.87060633767396
225.06728786148597
231.04311878746375
241.55634354543872
235.0151291108923
235.73684549261816
236.77457652031444
233.87492390081752
217.2499758717604
267.79018881346565
200.32542400551029
278.7214868281735
243.8144797879504
207.97380332881585
242.29020121775102
221.4383328894619
241.18978907668497
276.92271889105905
217.55719931575004
229.36462375568226
219.47042774478905
205.85929352301173
205.24500865349546
233.23875249223784
229.17517461744137
236.45930807839613
278.13302909373306
229.8471026897896
240.34666608355474
234.5165059164865
248.58466231019702
258.2207257989794
260.9525199375348
225.20633426262066
273.9176790997153
244.79498945723753
239.0823503038846
228.54849691898562
253.31652475742158
222.08777723275125
283.23866382509004
211.9776344547281
213.90214523335453
240.4103063258808
225.7292043947382
223.1101451483555
282.67641058342997
294.49647997063585
248.55136035662144
213.44715721788816
243.68188588367775
244.0813489324646
218.63931336079258
222.3554372213548
243.90847150492482
248.28100944811013
253.2750817836495
257.519820510759
228.68048882635776
217.0143215523567
224.02790950925555
227.37676004110835
258.9367445333628
258.1768363865558
241.75380889570806
314.66932087705936
261.93320518929977
249.51328502013348
227.10972953622695
230.8852153867483
202.15861051913816
243.7638139622286
227.79630104603712
219.0245861200383
223.2533769236179
240.37887479015626
243.43128918111324
298.99929212231655
228.92099540645722
213.4227533491794
291.9244779938599
249.14277310518082
229.2493056312669
248.33368690987118
224.35767909616698
313.5669362753397
223.12286917271558
275.165464897058
220.75572143425234
224.9548511779867
283.78989730915055
216.67910611757543
242.4124763974687
208.20396958163474
286.6659123422578
273.8317112743389
237.68911525583826
231.83311354962643
251.4655246899929
243.62133089872077
240.84967433847487
235.065982551896
269.2121317150304
215.730538476957
235.23569342459086
253.05518146348186
248.79641816904768
221.37560651812237
260.43491081206594
236.14009903010447
241.7123876158148
233.1285708954092
216.30731142056175
277.1349000111222
258.85050914704334
242.96280907071196
228.53362495440524
240.7132359428797
238.99068121204618
260.9303897008067
294.36992857500445
225.7709573765751
261.23147036135197
251.03160530689638
253.85520175017882
249.8077247029869
237.75371615658514
241.301638642326
257.5307731772773
223.24756885773968
221.51841243507806
231.37892516620923
229.67502746847458
244.1666152026737
227.04777681897394
245.66254206898157
280.9151338968659
285.02607392903883
249.65222069143783
220.77073094679508
256.9093621481443
233.87618841801304
242.4127585773822
254.369761076523
250.26795496582054
221.32420910405926
217.2169440368889
226.9812212177785
220.44540496799164
281.7529475496849
248.15577157994267
258.87947203661315
232.1029333518818
286.07135813392233
254.2688835064182
255.32902247773018
264.2814054231858
260.728424986708
248.66675237112213
245.95824811805505
222.77294924587477
213.70552326051984
244.4615065655671
265.63381539820693
262.9193196425913
230.2226883606054
251.16364188026637
212.1010017292574
281.92068099288736
247.16104459261987
225.09979852824472
252.42034580209292
257.86676689912565
229.0575989257777
236.92911378026474
253.38103186199442
256.22111358796246
232.458629864268
223.66606938559562
230.66522448998876
222.07020648836624
241.42393569357228
244.3071331710089
233.42140263516922
282.69065310584847
197.94101605110336
268.04585974593647
270.9824071015464
233.77752635255456
222.47193250316195
256.1064882596256
241.01783577352762
285.87796053744387
206.56907089031301
233.3486569528468
237.5899534309283
258.05571600201074
211.59747290448286
223.0619122366188
292.0219120683614
219.39907766517717
237.9065307410201
251.64875084266532
290.5946590254316
231.55430653586518
266.28182229585946
228.83454772469122
210.47004396212287
231.65665579843335
240.81860819994472
262.8653489770368
219.80351339129265
271.6776714156149
206.33701328048483
251.96182446822058
252.99681259901263
263.70752780954354
271.8998013610253
241.91921492374968
261.9657765048323
233.62219178245869
236.00532091909554
259.35462982347235
240.82213333027903
260.53766843432095
285.1027800155571
241.70883872907143
242.67624794028234
212.61162444401998
230.16254195268266
260.03266052668914
269.2175300572999
213.171327572898
267.38706679153256
232.8148745718645
256.9303809130797
252.4517907607369
251.5262246824568
269.2905453495914
305.1549009931041
233.59831487562042
257.6913759387098
225.34107251267415
235.20646814315114
231.45682643412147
250.0375666929176
224.07812446984462
223.9609143018024
203.80343598267063
249.66022470605094
271.4820942522492
312.0898711637128
244.49549901403952
230.42350667028222
239.63554613443557
266.6242075340124
248.33311932277866
248.9636740658898
216.94360785605386
235.25941558892373
224.33070733037312
246.14803502720315
192.0446607369231
221.9184507445898
249.15021052327938
254.20383179397322
246.34704587468877
238.07599808264058
256.77945191645995
254.32438544835895
239.22267008537892
242.65467554714996
237.723374712863
217.83455802639946
227.96866011456586
259.05560814845376
263.0137992599048
232.0974810490152
216.04590314580128
246.3742462946102
202.45866304892115
223.35499196860474
241.4173009044025
216.24759900721256
248.38872208306566
281.51246226241346
239.13188867992721
233.8389491419075
225.6970208475832
218.11499115102924
225.20539881137665
253.78023762640078
269.90199984249193
282.0154871138511
321.0838920788374
290.2981579886982
255.37560237629805
252.99972304725088
250.85598217055667
234.49500706174877
233.11768337443937
274.93109023210127
245.28887346643023
265.1213709440781
220.7002464599209
227.0448528343113
254.17887664563023
209.00753612723202
224.01232810586225
251.95619714446366
263.8360308116535
234.43370332277846
223.44167664973065
224.075352152111
222.74439940880984
278.5963266635081
257.6713850472588
235.0611719954759
255.85596088331658
274.90755305008497
243.58712123462465
220.87452796602156
239.93618699209765
205.48200065188576
230.3296917132102
213.78261256800033
220.20527003286406
263.42005499463994
250.55899334640708
209.3527801875025
233.37454884441104
217.61354308074806
211.75909252662677
211.63862863660324
225.5759245210793
245.30376302765217
224.09059139713645
234.96246752957813
200.2426976429997
262.67351000674535
224.8490140165668
254.86368574295193
217.78860433690716
259.01221794763114
247.17110260145273
277.06459601048846
292.21104682213627
260.5437433596235
247.45846509479452
199.01976092904806
236.3192323296098
228.14913956797682
246.83552054746542
255.6937014326686
248.30467321525794
275.83826266694814
229.48873043968342
210.7675262716366
231.06771633250173
262.89191890787333
265.76597333257087
234.00787284772377
280.2113738206681
210.52341567981057
241.69543474633247
245.11353638395667
282.88727958418895
279.1707771620713
257.35765264439397
268.35093907022383
272.02739868685603
235.64397632458713
230.89780026336666
216.03617598407436
249.24193082156125
243.222711910028
248.74940457229968
250.59992774797138
212.03006400773302
242.8258452640148
228.50079321919475
245.7864766260609
249.5215665617725
288.4447507832665
271.54979486658704
219.51440604962409
216.03958312014583
228.08659762714524
217.80921779584605
196.95308188302442
264.5509954355657
234.7648655953817
257.7883495958522
225.38561658968683
252.55543247552123
236.77431827026885
227.99324951972812
256.0145554477349
245.66392050206196
256.4147295994917
255.88130273041315
240.17173983692192
236.45091676327866
271.6389496056363
228.00378229189664
241.9587073236471
232.7299306319328
214.3932698664721
238.32813494466245
208.58821993274614
226.6407346446067
233.0795790902339
234.30557339079678
225.0938231818145
194.71772076399066
238.12509923591278
233.16763996588998
235.86016176093835
254.15523048932664
206.42709257279057
246.16592962713912
223.85350263037253
262.9217198708793
230.9313862125855
284.25995805102866
250.66639765154105
229.56338765111286
241.07391344651114
253.73453874350525
244.27144750929438
291.4883937165141
218.2600746405078
248.2699268735014
233.80329438624904
242.71623426896986
303.72856269660406
243.86472003220115
252.32590267132036
250.72865253326017
232.91186304495204
236.981443733559
251.22044251963962
270.4686015701154
225.85873802367132
255.68755118269473
284.09521589567885
284.93253341899253
241.21499195846263
240.65531437157188
229.01074551872443
243.7919451193884
259.40156242530793
284.41932255763095
234.26282284862828
241.93214938044548
263.52363354247063
242.90456798137166
257.7296884813113
237.36887513485271
246.554318274837
263.4720342964865
223.46317209652625
233.3167203036137
281.86878824268933
254.87905629025772
242.3864363130415
237.36834842525423
223.89336378092412
185.35241422767285
239.48472254234366
223.4074644886423
274.8406636760337
255.24647957924753
236.8066169754602
239.25697531201877
218.40746617258992
270.5498397080228
225.03222915448714
278.4679546507541
243.00715863786172
227.07618441118393
209.63220584148075
227.85290114278905
210.91475263878237
266.8720811451785
218.57958529295865
225.50032561423723
248.17225133115426
249.05959032999817
190.64030029077549
242.634411301231
287.37577832560055
271.0088641549228
221.50760865211487
255.8894220982911
247.96542272926308
209.1242728041252
236.68290891242214
250.1232769555645
182.03537026641425
210.21314845210873
230.5609816655051
254.79882297478616
216.10133492632303
237.65525694086682
231.23564678465482
267.5550913186744
309.900056609069
253.14755214052275
236.0534180838149
274.1804133205442
218.1591265500756
267.4852637667209
259.4819184570806
253.32053791021463
264.15314365993254
220.36054058291484
226.31900512555148
251.16172856302
238.36825540626887
251.66047718934715
233.02326459344476
212.77589683479164
221.96045835874975
205.95332132827025
241.70355884055607
337.51892715960275
231.0600093662506
262.3089832913829
247.6615283061983
270.93977527844254
244.60355283715762
235.28838742082007
232.07493055507075
249.2249914453132
221.61181093752384
219.4801591639407
255.91430493665393
270.51425882114563
246.75299611850642
225.23070775985252
234.40165087545756
254.39619682123885
201.87378129723947
254.65921280754264
218.90533130755648
228.2810362338787
227.33761102566496
242.46254251513164
269.1100591949653
224.7688984181732
237.10078078683
261.7140364306979
242.03706348256674
211.55076310399454
248.388875165605
224.78050273074768
261.3057919756975
248.44618841586635
282.28492510761134
231.22580839099828
240.79112120217178
263.9998123808764
228.68726466584485
263.3531763990177
231.9190779675264
223.58130489988253
256.07614858355373
254.7521471104119
244.0119460944552
229.04745970573276
257.60126620321535
274.5253311586566
258.66657160629984
298.3066068898188
243.6094142276561
235.722206634935
255.7153145072516
221.36300125462003
250.9283573400462
222.43491570325568
244.86635337059852
243.010597963701
240.32792236679234
237.63572038034908
256.0490840175189
235.1892512413906
221.2255524044158
273.71089466346893
228.03999726299662
221.11269242153503
247.10993899975438
245.0492598201381
251.24765075044706
253.36810496705584
253.34516233718023
225.8538897037506
249.43214793340303
238.88865890935995
271.21094254544005
216.82892376289237
241.00440631085075
241.2244290781673
260.15906273771543
266.39665365754627
290.37328892038204
236.52682806842495
223.9100792253157
261.8407972236164
284.031550290063
280.48544700210914
277.3272912008688
238.22291460842825
266.44125361391343
215.4804336654488
203.88787847326603
253.88246865360998
244.79669991810806
229.5244571896037
256.321590343141
259.975612036651
244.08647579851095
217.6965395923471
254.3069943365408
199.52747171989176
276.37387546885293
233.96436244738288
225.21268448454794
250.6745033581974
270.0786920604296
254.42301944328938
282.7073329378618
249.7327641925076
242.73953658004757
254.02611411176622
241.0214611631818
221.9270892282948
281.5977103697369
235.5138289075112
283.5684476123424
228.87792971928138
247.205308545148
250.8783726140391
280.4629781601252
281.6507175065344
286.114193914691
214.06801461230498
237.22964843246154
247.07805145706516
273.25309635919984
308.7484755956102
196.47304529778194
276.1598625095794
241.86870028683916
248.92192749876995
282.6393645845819
251.0451778464485
245.9530677285511
239.69117865688168
259.8863847365137
220.32810403616168
213.39870199630968
238.39510713750497
254.70589229697362
219.78730131336488
239.89415733434726
252.53164356458
286.8662505833199
257.930873079109
198.7243812319357
221.47967008326668
234.15108622668777
232.3345469306223
245.59605354396626
254.96728563203942
234.1109464368783
206.3887726564426
209.37549032538664
244.26497578830458
210.24134601955302
216.22847237740643
240.1909233701881
252.70675284974277
199.76111122837756
248.3794222229626
277.52794410614297
230.55752252810635
251.85626998636872
251.90643250045832
217.9737122290535
254.86787673202343
267.0204468521988
252.96042651182506
288.27642311062664
298.4973914776929
235.08830949745607
289.4224869381869
233.768579121097
227.32684251875617
246.9358307584189
224.23254865512718
270.34392869018484
252.23891295527574
263.66089103918057
220.2659997139126
218.23550375411287
249.94776107463986
231.32518988195807
238.80907915451098
254.71156328718644
238.78538373706397
238.80169003258925
239.0027579953894
213.5568383570062
266.76883780641947
224.51438700547442
223.42988004453946
225.56500835623592
218.8792201031465
233.19616574700922
208.00395035778638
215.0686199873453
296.44459390465636
211.38444646215066
277.7365736447973
230.40483966784086
246.6886017312063
214.78976891038474
269.937633220572
245.2005687013734
248.85702375450637
259.36487232742365
204.0450068851933
241.9661323443288
265.05598830012605
248.37693369819317
224.4380677511217
220.86633708537556
291.60827988560777
234.95749852992594
236.55398124468047
228.10705123574007
248.4956672656117
217.95582678331994
230.07132472738158
255.08987635944504
210.95604777080007
252.22206570592243
242.69726204161998
261.50262215244584
254.68018691195175
206.19070453429595
273.92803468136117
238.8977403062163
247.1998636496719
244.99571241869126
255.5703023331007
237.92241134645883
229.77419765328523
228.78048784425482
236.5291717236396
206.195388466469
211.32240211649332
239.27946611237712
274.95207930658944
241.14120782539248
237.1209131606156
238.75981467356905
279.00064881390426
239.35704045032617
199.54686439130455
271.9763437223155
248.9652553788619
251.08226700662635
213.72691649757326
258.2345396708697
227.3453891662648
225.2302418189356
268.3909599953331
262.7843577390304
220.68645430344623
225.10978130600415
247.23559328110423
280.493527789833
238.46389136626385
200.3916826536879
262.3974253615597
268.6790329833748
205.68408187141176
253.05011887988076
217.8558584310813
226.1770129367942
247.91425964073278
245.73528691846877
235.75999544316437
249.8279414708959
219.41587404161692
256.8179752473952
259.2854650899535
221.74282854923513
294.664757171995
259.18448751606047
240.62622173281852
244.37602429406252
274.34532198496163
206.59897421731148
260.9096070883097
269.1240284179803
218.77607238851488
223.1811965482775
270.39811093278695
245.1135952823097
249.50295795721468
248.54911901045125
277.0798188110348
223.9580569647951
247.04360947979148
223.17655296064913
235.46521505527198
286.794843332842
241.46639560407493
230.60871315537952
252.4410836303141
237.7496107283514
216.28278336429503
256.275382689666
271.4981046259636
234.550278713461
244.092988125165
239.68495573766995
244.96834520576522
258.7173090961296
230.27883729094174
254.35768542578444
237.54590040352196
224.25871724716853
234.93605826725252
257.65700599213596
234.24200774461497
229.7834533911664
232.1938302939525
211.9854757033754
231.9085463254014
223.8383224788122
225.58295561478008
201.478929418372
214.09508809598628
233.38501192384865
280.3604372566333
225.0543797655264
198.34587435680442
206.8769575515762
248.75088596506976
233.97898665303364
259.9024130689213
233.55383072432596
231.4339908636175
238.09069177589845
229.6050344024552
220.38798070233315
271.1995662956033
247.43585887050722
237.82464150025044
235.96049016772304
217.69058187899645
246.32987252040766
247.2474451183807
284.5529349120334
269.8398065252695
247.34113414643798
237.62215487484355
231.93766132497694
215.09349966829177
238.1975571908988
249.7115135458298
255.11012128961738
249.92956483154558
281.12789902067743
252.71271503227763
242.44959493994247
233.27206116856541
252.02914097323082
279.13350890914444
204.76443894661497
214.80701311316807
231.61470516049303
246.60733883734792
230.13462507014628
242.95190718618687
249.32715071504936
252.17112804821227
223.94870525284205
231.96300902520306
284.6093808525475
254.71349224657752
206.76387254497968
234.60012207413092
251.64445340272505
235.8572200986091
256.8453054414131
235.027595444466
280.4051376172574
206.9294081677217
240.57176218472887
233.78906420525163
232.54615247785114
224.87411622190848
236.68141735263634
250.66679550881963
234.491647034185
247.26252000615932
244.71856162906624
294.45294879260473
247.5001026687678
232.20485620351974
230.71156272653025
281.5554897049442
237.76800050900783
267.5917862846982
236.15619306254666
283.750811187434
236.48706008086447
246.8010934810154
225.34466490801424
241.7878837856697
227.09055564447772
257.45074502786156
236.71091345488094
236.79459463246167
208.38143832352944
219.15736778907012
232.62113884731662
232.1163780435454
230.32242241792846
271.25462513568345
253.8150022556074
245.69700222974643
268.65479323267937
256.62326855328865
206.55623956478667
224.99821903149132
224.69532717694528
238.13519700756297
260.1078022106085
241.91294772934634
227.744873508811
297.69886706385296
245.25302958325483
226.9483949620044
244.08690281922463
233.50054299784824
273.99030320043676
267.45624069543555
263.04150863422547
259.4185477521969
244.3424988844199
256.43880578887183
227.2732032876229
240.90485150762834
240.47230099409353
238.5082470648922
252.87525858241133
215.5079468387412
250.22904785058927
248.12502235732973
274.7880423719762
285.1903764854651
217.24372290610336
218.46732565260027
242.8692947088275
198.22414274304174
242.80086064792704
224.83663649193477
224.90309444465674
226.04664846986998
203.311079030158
253.28714316815604
224.91669298009947
233.45625872479286
242.31731607869733
248.91875258658547
243.06449031224474
240.87528547667898
232.44795978080947
248.92593075195327
253.31054449896328
220.4065291112056
243.12456349737477
206.95871931139845
274.07852632307913
277.5163353505777
251.93847616936546
253.74294004531112
241.18207528314088
258.04102601786144
224.85301362734754
230.39812347013503
241.9120957653504
254.75516401650384
259.491935534752
225.431799579761
259.80820497940294
243.27272637037095
264.7380638496252
214.85360372508876
304.58763754053507
238.51894330908544
257.4211218425771
252.18221088242717
240.8692191420123
246.35991649900097
268.38336618687026
206.49698298645671
254.44336739729624
219.36303317989223
282.117365255137
276.24820746516343
240.38517906120978
219.50744348065928
256.978562797769
278.58906620391645
237.85475472733378
270.6831165185431
250.1934190291213
263.22020247241016
266.825151923229
262.5942493220791
226.83218644093722
241.396076489822
265.866542097996
226.66779395530466
229.6143126686802
262.74866879498586
297.16876548028085
239.14425265439786
250.58736539422534
248.46790115523618
266.7331990682287
239.88356514123734
261.80800172605086
275.23962612706237
238.22747766482644
207.93298608099576
234.43316144647542
255.7768958978122
239.22246915183496
242.90071965067182
243.26132780965418
264.6307173644891
250.8771885696333
237.9249795061769
222.73722257639747
226.52236447960604
222.91466499480885
237.0363768634852
255.98863169341348
238.78571382630616
247.40471231203992
236.84761773829814
250.3032897018129
264.13547970401123
234.39308023720514
260.7223805444082
269.00148622097913
218.17327681032475
222.95469770336058
292.5089036329882
257.5924776820466
204.10513305303175
245.52225145464763
242.86738898127805
239.3531320183538
255.27977124671452
253.4308013173286
234.67537054116838
295.03959296213
223.7667251980165
226.03505689732265
227.23623580753338
303.62219218269456
208.81427438324317
247.1448434414342
250.81568149582017
218.44444924534764
289.95777335506864
290.1116154482588
265.7782411860535
264.10665388638154
264.48669976217207
230.98760604462586
275.37929719500244
221.43139058258384
282.6886804080568
282.37011982291006
276.69098635355476
229.39667392498814
232.80674220365472
227.48727399343625
238.4330254108645
198.82527977670543
251.87513545632828
224.2128156144172
240.14493485016283
255.9360731706256
225.11760087229777
235.4371225030627
216.0567486989312
259.2215787761379
236.2811386937974
199.29730187659152
273.72246307949536
218.86060542974155
217.39077753038146
277.34754751319997
229.44295320136007
239.90435553295538
232.04979716835078
219.17536790505983
216.11216118745506
258.37344588770065
252.12707106291782
241.85455566376913
244.78729720087722
256.7679788423702
291.17271520139184
252.96028232795652
265.17085170326754
248.51546343101654
234.84348174592014
252.14958624634892
221.40956034464762
268.1461185567314
279.5746469355654
246.7460492894752
215.95107193174772
232.9921922418289
237.53764564916492
241.57321039529052
248.95907086099032
234.01765323523432
234.12316931493115
212.9441052452894
249.1532613618765
223.4937348649837
235.27680103457533
270.7456504488364
221.90498270164244
263.13486524904147
195.12699968216475
275.78110284986906
269.32996399968397
230.16966487444006
240.5478473046096
228.47223714902066
234.26468340563588
250.5669018520275
239.6779582516756
266.12574099644553
207.17513864906505
246.4034418972442
222.97996960184537
247.3590883797733
261.92068793042563
222.97669649706222
220.64308419148438
235.10696876922157
220.17848154949024
204.59420183114707
239.13598214276135
234.26601416699123
284.7805988943437
235.35628509323578
275.0788816342829
258.7660101711517
264.32711814320646
280.8450593453599
209.134688848746
235.36879602249246
238.48258991155308
263.95882037759293
252.6014240202494
287.2398584180046
212.65354529977776
255.29539534496143
275.3587481540162
247.9258588507073
216.041374693159
251.46080767246895
237.93129849771503
212.8434052449884
202.82112418161705
270.9319957297994
216.31559211667627
262.01706672727596
259.3690708481008
309.0697087367298
224.4722784741316
242.4027572075138
247.0971300980309
269.5300133653218
259.64071173931006
242.78755702194758
245.09774195717182
263.0426429597428
255.0738227283582
237.38457926094998
253.28379494324327
256.5967538197292
226.68858497019392
234.1741692625219
305.31627679476514
250.4027922450332
301.06153325911146
228.3273868468823
306.98553013661876
260.18851639539935
261.73893442889675
240.44374537374824
256.8529416176025
245.7749485351378
276.3081791320583
246.91573444835376
286.4251454343321
277.4194060511654
214.5795953522902
259.75740519096144
242.25854336365592
253.5665689825546
229.9430132806301
257.0162223937223
245.93701537139714
241.10124565963633
238.11642290011514
231.61257476813626
251.86389351519756
210.1109139175387
258.52971571160015
283.7985023794463
235.77115770138334
231.46452054439578
265.09648041788023
239.11906808265485
248.28204145247582
249.57014536252245
189.46495122171473
249.85376486601308
207.1292731021531
251.90984572458547
256.7393662877148
258.1489136951277
305.0898760621203
238.92695705697406
237.41251494560856
246.94182524236385
244.32867017691024
250.48347595753148
263.91200893977657
251.02610748645384
236.1278767264448
219.34100639168173
213.1513332265895
226.0742980550276
235.07379802595824
234.7992999876151
242.08944318431895
228.6647320612101
239.81292671244591
246.28064148686826
233.50759369914886
258.1958393647801
270.380295811221
243.82878371269908
260.5071984716924
259.67442287446465
271.93161063059233
235.94312004675157
257.96009594295174
219.53035533532966
241.7787935367087
258.0159354963107
238.63943755475339
265.9167484276695
239.8904457957251
250.12184923817404
209.9284603688866
231.80656141217332
246.96168202382978
221.26660101895686
280.6370194728952
246.06253139674664
254.76254879310727
270.43009262380656
271.3703349819407
236.69213894801214
219.6618926000083
243.91085211152676
245.66381963063031
217.82438593148254
212.91455317882355
229.59613079123665
244.9849478235701
236.2080412952928
261.10880623280536
281.5615023710998
281.19471288856585
237.89466656476725
253.62022965913638
249.61818479339126
259.4444835354807
274.19868323067203
242.89034502010327
270.1740903193131
226.13501190172974
240.47580756084062
219.84682673565112
238.25913107348606
275.06777927617077
248.37520145182498
227.69948352314532
243.68893305864185
260.70792355388403
206.38249580480624
265.8965474625584
284.61054056009743
238.9723141202703
268.4508563807467
227.12990354886279
260.34246936650015
287.4090827862965
220.91115140973125
221.72942691284698
245.9884137994377
266.52139596117195
245.52382585336454
231.54946911125444
224.10154486563988
232.21088115836028
219.21368462429382
260.1402788873529
283.3756761638215
247.45116352569312
235.77619333693292
214.5000588214025
221.00781999633182
273.1522907143226
257.3153035934083
207.10134080960415
254.4422443935182
253.72117539402097
261.13742398191243
221.495425256202
240.81542105483823
243.78601629391778
228.58025469945278
271.92292518599425
268.51655571034644
233.29020628577564
249.32875387300737
219.5774530172348
278.4543688921258
248.24549716513138
278.4530975925736
246.09795909258537
237.28315041027963
277.4057859897148
282.47074611193966
239.5192071829224
226.37017084355466
241.23424137954134
231.16702434397303
248.55587876518257
250.37963100639172
263.58174331788905
243.21509180008434
247.49319748475682
225.59952736913692
214.73904286918696
238.84552805614658
245.97379046829883
250.88022037770133
234.4967481289059
217.29215254506562
218.05317769711837
224.2270315574715
242.99674737092573
235.8061096854508
270.9222984199878
253.97890644602012
240.71308590273838
259.43233219289687
262.209280922194
265.4996242719935
253.29579424636904
200.5870710075833
269.52856849413365
243.16503298142925
246.5210386523977
215.90956811397336
225.56414646224584
219.76196764572524
261.9947104639141
270.0890693422407
298.1537151240045
288.7211727570975
247.2361253624549
241.26655336120166
282.9522707283031
240.41271056234837
212.70786429429427
197.9043797047343
239.1329617240699
196.82860916876234
222.56510082574096
271.88251029816456
252.6474052091362
259.31264222832397
234.93644520221278
217.19304761907551
264.11725841101725
241.07650744414423
228.68500578787643
251.05491250625346
206.0984404926421
217.24653796467464
294.14041342318524
213.22013834048994
221.41234935133252
221.0612493940862
237.8132606575964
207.5305835994659
234.95118447055575
224.36253219575156
220.92121457774192
231.98238161031622
201.0988856041804
237.55445681803394
212.7104795415653
259.80748846172355
253.34840506350156
251.96029286878183
239.89037521008868
261.58039513230324
273.3940482601756
233.38757304509636
223.98459341737907
209.42639633256476
222.92905228747986
245.9224564898759
235.23848288040608
272.91750893054996
262.69131959741935
264.004501512507
250.64431468455587
214.5403995248489
259.98504837509245
234.36696099874098
239.28729917644523
214.56109693623148
247.4348690379411
241.47258300916292
221.90441640012432
265.72143648553174
252.81212211376987
238.4817780854646
227.93525511829648
231.1484703036258
265.47149932791945
253.91069503920153
222.5497987009585
211.477722145617
240.53943920333404
294.233959074365
275.63219513744116
256.35096229379997
233.03122342238203
332.82254569325596
239.11703547730576
239.2982370640384
239.67775019688997
251.85885331442114
238.80029641103465
218.97601114038844
257.99153364577796
259.8968042798806
214.86159233236685
231.68106534867547
234.32335834670812
221.8816706764046
218.3912964629708
218.3282178369118
235.01318050245754
256.89581846958026
241.57705188076943
247.2576861657435
258.6933563173516
241.1294123340631
210.56533154507633
247.00740390166175
223.55329223209992
221.4011374056572
238.70700891478918
223.10512756020762
217.49670513323508
284.607822677237
209.30599336430896
252.17981413495727
231.0891355345957
229.00377446063794
235.900328081334
249.48439371376298
245.6585662594298
244.64086557622068
222.03527842077892
266.9531017681584
209.1159895263845
236.85778031428345
235.1698849920649
243.7751379563706
256.75601774652023
257.48373277438805
275.84216194506735
245.80728595412802
229.24594754492864
263.9456634678645
267.64700436161365
249.68778301065322
296.49821270187385
245.19602791999932
247.2884123113472
269.5763855234254
257.99395291437395
241.26036175934132
253.27660459978506
270.9361863384256
219.28685476141982
251.0727725820616
262.8723065027734
261.1315772578819
264.8734881057171
240.34898602054454
227.71451516402885
241.17276365077123
209.07755400706083
270.45719569793437
280.9835679642856
225.22472373954952
213.98148710047826
232.65839806501754
217.34022780461237
239.7645828658715
234.4228649669094
230.46681152749807
236.387332673301
231.29094438184984
214.70802413404454
225.10889948892873
295.66305637022015
249.52473812375683
245.2581691890955
229.71224170387723
301.7687571843853
225.3391347527504
255.06135330291
245.9890207144199
227.91730523074511
264.6490481465589
222.19605792791117
253.59937378182076
265.79203114053234
246.65265087841544
240.44976862322073
294.27343349321745
201.7265279830899
233.85627700493205
221.26249657629523
222.4237736897776
217.38353176263627
243.5164548024768
212.08952922199387
218.3390164305456
202.9996755743632
216.17036721936893
256.16158735530917
232.80522129277233
268.6233563713031
233.13438027678058
251.49606137513183
205.65944997221231
245.09954034886323
201.29483253427316
264.80107400822453
233.05855772201903
264.96153648220934
218.66128220933024
245.98791830253322
267.72160971467383
239.19161609758157
234.04189295880497
267.33374414988793
268.8250851017656
234.77895048249047
216.56702109612525
195.8840018339688
260.99218960280996
239.77392759139184
295.65438433433883
242.4771533946041
261.14568185736425
273.9949280115543
227.83933974488173
244.70491954137105
288.8647540791426
259.08062951045576
232.961400056025
219.27367423195392
261.71526706789155
232.8947376961587
292.53693539788947
221.66161409276538
225.27673476631753
253.22712428763043
308.0618207639782
223.0739182033576
261.66214923362713
236.46383946901187
258.1048547977116
279.7461831817636
226.80104933294933
280.0748531745048
202.45157734758686
245.74390815466177
237.36329341505188
256.03708152112085
270.67708391626365
211.81055740849115
229.40183361212257
250.4414011806948
256.35786799842026
226.67865124042146
246.7946249101078
216.68985172139946
254.0072940980317
246.60482227196917
225.9057357616257
254.52156675467268
206.76463223982137
218.8202356348047
277.0738405752927
225.89989808597602
230.0431631488027
275.94335216272157
295.46306965732947
250.03624759975355
235.41181373910513
286.3496130760759
252.1099561479641
266.7591460412368
269.3210998913273
222.90702291496564
236.6398829310201
258.77630336768925
285.0279319010442
249.7601042315364
265.78984227462206
230.40786797576584
232.37610663520172
220.82245679502375
241.81366097182035
268.1574601413449
271.4277835423127
250.76091659558006
226.24716953514144
224.1924601352075
256.3317205144558
230.78143677825574
281.6851997447666
230.65920438733883
241.0184306858573
227.2617433887208
236.08920622477308
251.63457099336665
223.94002736057155
209.91224593413062
249.38153186405543
245.27680345077533
205.63317439425737
221.63615598517936
255.10827828815673
214.69215210038237
229.94472018943634
238.04217514581978
249.05102301866282
251.370853865752
253.26638402498793
278.7158901935909
229.20825077022891
313.9293066634564
254.7205493375659
283.7772927629994
256.2907816772349
271.62154652085155
206.65200149361044
230.59271706012078
246.19164487486705
255.39732513518538
249.43098104081582
195.93359807494562
226.97634757054038
265.23259891499765
206.8533167290734
270.5409390174318
203.5077478471212
254.40647890872788
247.11030984215904
233.59666660241783
241.49929233186413
240.7414146530209
235.90631047298666
236.73033254174516
231.4081179627683
241.5464420473436
237.91988751885947
219.22345667227637
226.87318873021286
231.89838081714697
210.62471830716822
248.06282501108944
224.26428789331112
203.9258046200266
237.92136061971541
270.5039229193935
280.5364143861225
242.65495886141434
257.41746632230934
231.64960848749615
240.64444985578302
