243.292813049673
243.29239880178739
243.29273141884278
243.29260667747985
243.29275343779682
243.29280460362224
243.2925313527303
243.29246345578667
243.2927822650272
243.29279008892263
243.29279307029356
243.29283915048836
243.29251825559822
243.29277508805353
243.2925156983638
243.29281196484044
243.29247591015883
243.29276272315292
243.29280919240045
243.29248123651996
243.29278211088058
243.29177908416932
243.2922240980988
243.29217487770438
243.2924731283456
243.2927256175135
243.2922947675779
243.29282543577392
243.29280200009998
243.2924777966764
243.29276343515812
243.29261439841684
243.29297912751463
243.29211276596652
243.2924255999078
243.2929471647185
243.2921136749046
243.2924290725623
243.29291698183624
243.2925133916524
243.2924550229418
243.29283760461294
243.2925563315148
243.2924635035033
243.2928276285511
243.29291682101757
243.29266209265006
243.2927315635934
243.29265909379683
243.2927609625949
243.293040749606
243.29269742235192
243.29289915359914
243.29241316204207
243.29306924423508
243.2920640543307
243.2921771591209
243.29274771920973
243.2926676607094
243.29273171239402
243.29266636445027
