528.4649590659119
528.6456746358381
528.7374302779681
528.7907375921832
528.8146998368602
528.8367840023811
528.8532676107061
528.8618735810869
528.850337982065
528.8495806252504
528.8498876188842
528.8512898774607
528.8564822990702
528.8145067006826
528.8371780387024
528.8572382271777
528.8451999553854
528.8437636078997
528.8464717941679
528.8385728687954
528.8430826625172
528.8565443155549
528.8527535395042
528.8473468493794
528.8506903471571
528.846022741247
528.8469612161316
528.846158801618
