143.01852439691083
171.08128403517003
525.6907691677588
143.20155830864678
173.5145930483195
526.2874239224811
143.2720087873413
174.0234023572175
526.3773885176797
143.3098877748189
174.4031291742176
526.496548608302
143.32907604223692
174.6139560774518
526.5852132399214
143.3380764618596
174.70806751656528
526.6262835452126
143.3422140351813
174.75058003052618
526.6444294939101
143.34432236012253
174.77360471662723
526.6525593489478
143.34521594914258
174.78604086429186
526.6557009354365
143.34624523361526
174.8011318750523
526.6559683083706
143.3479478941008
174.8319627068031
526.6607899355058
143.34403558277154
174.8579612798585
526.6440043177736
143.34538511678693
174.8758090788706
526.6426211376456
143.34388362795107
174.84212986862622
526.6470200991225
143.34344385706936
174.83405011281502
526.6499734882091
143.34192262938814
174.81679156292012
526.6480995657221
143.34360232302788
174.85303526576536
526.640952981099
143.3459419051469
174.8884574238691
