311.568201168393
311.5691204897257
311.56989828793303
311.57015996800965
311.57034465731886
311.5704773375519
311.57046565696965
311.5706836538011
311.5706056956351
311.570595770826
311.57061570213955
311.5706039431552
311.57061708112997
311.57060370047657
311.57061637095103
311.57060305215964
311.5706158740595
311.57060271648515
311.5706156588876
311.570602577709
311.57061558335045
311.57060252812516
311.57061555360633
311.57060251329494
311.5706155435837
311.57060250944596
311.57061553894164
311.57060250486757
311.57061554356915
311.5706025024647
311.57061554265965
311.570602504471
311.57061553921267
311.5706025059353
311.5706155410462
311.570602504451
311.5706155413354
311.57060250454015
311.57061554086613
311.5706025049585
311.5706155411099
311.5706025057698
311.5706155395201
311.57060250536233
311.5706155392654
311.57060250687573
311.5706155397893
