283.27109527288303
283.27110432873815
283.2715598902478
283.2712153059447
283.2716154144364
283.2719078220589
283.2715331318532
283.2719370102059
283.27192558338083
283.27155519337794
283.2719465786895
283.27193071136935
283.2715576334467
283.2719475789472
283.2719312033314
283.2715578474126
283.27194764720844
283.27193123302095
283.27155784988645
283.2719476509046
283.2719312292902
283.27155785010655
283.27194764188425
283.27193122877543
283.27155784519164
283.2719476442071
283.2719312247664
283.2715578443058
283.2719476442653
283.2719312283152
283.2715578468669
283.27194764205524
283.27193122717654
283.2715578477546
283.2719476412858
283.27193122650897
283.27155784545903
283.2719476416296
283.2719312266345
283.27155784232673
283.27194764903834
283.2719312265144
283.27155784588103
283.27194764464366
283.271931229614
283.2715578504576
283.2719476365455
283.271931226107
283.2715578436364
283.27194764705564
283.2719312285044
