280.6697057537831
280.67005979612713
280.6703271927863
280.66954342828467
280.67045294343643
280.6705254472381
280.6707460453099
280.6705120221304
280.67056020972177
280.6705587873048
280.6705751719255
280.67065621777874
280.67070554001475
280.67055607158727
280.67040967212233
280.6705676567999
280.6703893544036
280.6694688303469
280.67051272373646
280.6707159477246
280.67049245022827
280.6704745830193
280.6705435475651
280.6705505597238
280.67052719465573
280.67026160918795
280.6705071981578
280.6705826005964
280.67024773963203
280.6706988524438
280.6697302266475
280.67060079505063
280.67056924471945
280.6703068578754
280.6705355372196
280.67051704658843
280.67056057731315
280.6704934694735
280.6705156597636
280.6705830423962
280.66989767405175
280.67059005646297
280.67051765698125
280.67061380830637
280.67012806058847
280.6705038599466
280.67075792346805
280.67074865082395
280.6705872660459
280.6705940673928
280.67061661859043
280.670553834796
