50.996922134423585
51.76558069216753
52.951855709968186
54.22011098158964
56.032832944014444
57.68432907373608
60.69804927711448
63.91506707130338
74.62679485898934
85.66716221430124
1243.0390326481347
50.70497673777936
51.724815186482374
53.37901611411962
54.335652826765
55.945856086234926
57.58764679482738
59.70942720643234
64.99772437442425
69.78384499194544
92.5832447716266
1248.825013419725
51.0516245856943
52.21681578324569
53.04255345835554
54.477581762435875
56.27609160665088
58.276417686618515
60.01535946659169
63.755009633989175
70.97449091558155
91.16261782801303
1246.7561423758343
50.51399720279551
51.835523542482406
52.95420060673132
53.84567007214355
56.175391742837746
58.098425546018916
61.45198223847183
64.11279909915902
68.58021304987597
89.60972046153256
1245.853002679616
51.285950534318545
52.2226375286682
52.76214972300659
54.46124496905031
56.20457113488919
58.382956909574204
60.70024409385769
64.2656241649438
68.63275066344613
92.30563828531376
1249.4973693932607
51.56770523289015
51.79568829279742
53.59046759947341
53.873376492054376
56.180217613880814
57.824532047663524
60.71648060420557
64.00622846609076
74.29798087583185
121.32913060878673
1247.7409249917837
51.91647787407419
52.21528784925613
54.318445188211626
49.954581786303606
55.14720979882986
57.63656447827452
60.26780278941442
62.93579833038166
69.39794815936693
87.75999989144475
1242.3301593167344
50.696248336207645
52.498785533935006
53.0316019981874
54.528781238535885
56.37343337606944
58.11548136079
60.25265867762937
63.26319991366108
66.6610476623755
78.89327652706197
