202.0986323934576
202.09862914316727
202.09863394414697
202.09863371577921
202.09863571211463
202.09863621332715
202.09863716579457
202.09863773866255
202.09863835720807
202.0986387168923
202.09863908114858
202.09863936660076
202.09863966636294
202.09863982563002
202.09864004089104
202.09864011518584
202.09864029475466
202.09864033656413
202.09864044513415
202.09864052622288
202.09864056334482
202.09864059624852
202.0986406432021
202.09864064607063
202.09864067500894
202.0986407190503
202.0986407421442
202.0986407281962
202.09864076837766
202.09864074149846
202.09864079018007
202.09864078216197
202.09864080425177
202.09864074280813
202.0986408155277
202.09864078854116
202.09864080521584
202.0986408361332
202.09864077801467
202.09864080044827
202.0986408177796
202.0986408114968
202.09864080678562
202.09864079868748
202.09864082683816
202.09864077714337
202.09864082715285
202.0986407819073
202.0986408138251
202.09864083653883
202.09864080632542
202.09864081223168
202.09864079333238
202.098640792492
202.0986408296776
202.09864080239458
202.09864081455999
202.09864082325657
202.0986408054523
202.09864081094565
202.09864082124113
202.09864081912747
202.0986407857672
202.09864081197884
202.09864082284548
202.09864079312683
202.09864078548344
202.09864082665445
202.09864082072818
202.0986407929813
202.09864082937202
202.09864081099659
202.09864080515035
