196.9174466932027
196.917447471611
196.91744813692458
196.9174486603124
196.9174490866917
196.9174494535746
196.91744977414783
196.91745001973595
196.91745021641782
196.91745038149656
196.91745051463022
196.917450665429
196.9174507120797
196.91745081602403
196.91745087245818
196.9174509351642
196.9174509736422
196.91745102398272
196.91745102588357
196.91745108175928
196.9174510720186
196.91745111797354
196.91745111844102
196.91745112986973
196.9174511389665
196.91745113558318
196.91745117311075
196.91745117047867
196.91745116890888
196.9174511768415
196.9174511764213
196.91745116786478
196.91745118492327
196.91745117260325
196.9174511671372
196.91745118483232
196.91745118214385
196.91745119528605
196.91745118934887
196.9174511961337
196.91745117155006
196.91745119242842
196.91745119526604
196.9174511767851
196.91745117991923
196.91745119319967
196.91745119088773
196.9174511974852
196.91745119590087
196.91745119779625
196.91745119726875
196.91745119291045
196.91745117742357
196.91745119400912
196.91745119650477
196.91745117727987
196.91745119952066
196.91745120426458
196.91745119035477
196.91745118791368
196.9174511889796
196.91745120144697
196.9174511965757
196.91745119054758
196.91745117180835
196.91745119502957
196.91745117780738
196.91745117793835
196.91745119043117
196.91745118720428
196.91745119724146
196.917451173671
196.91745118759718
196.91745118186373
196.91745119678671
