309.6121779942441
309.6134715491362
309.61588160768224
309.61375274741204
309.6146340405385
309.61457576920657
309.6142100353218
309.61472517076527
309.61406470224756
309.6142277435747
309.61485124800856
309.6141430933003
309.61471572645496
309.6144672288574
309.6147607466046
309.61416441800066
309.61395247638393
309.6147148929904
309.6140185872591
309.61468917775346
309.6149941481035
309.6147513612341
309.6140371574802
309.61488803249995
309.61479243814574
309.6149001751928
309.6146836865846
309.6140255661485
309.6145759561914
309.61455893683706
309.61320261795845
309.61535521987025
309.61480649314217
309.6156711343574
309.6140696832972
309.6148603749516
309.61424056569376
309.6141769081187
309.61522088193306
309.61414292879635
309.6154214109738
309.6146473168192
309.61252765965037
309.6154485412262
309.61478832780995
309.6144694374052
309.61474635546983
309.6139844420686
