211.224901923787
211.22550506632524
211.2242630084529
211.2257420433034
211.22538384832114
211.22575115097152
211.22539983409297
211.22551117369494
211.22545861854815
211.22521071298343
211.2246292085456
211.2254005270206
211.22585134986002
211.22550200617843
211.22508207916053
211.22540927249975
211.22549935561256
211.22505749922493
211.22543203801797
211.225815149568
211.22552846828876
211.22548677485065
211.22436996504985
211.22538505126977
211.2254080458879
211.22550652817154
211.22485816983863
211.22536932837647
211.22549674932634
211.22402753288588
211.22450234411917
211.22549517474
211.22409946475454
211.2254254461186
211.22402031459205
211.22550142934233
211.22471962018608
211.22548319618363
211.22392517292974
211.22517098485514
211.22550497068733
211.22427440294268
211.22550749350376
211.22469192935023
211.22468244859738
211.22462322044157
211.22539176532518
211.225856943689
211.2255033090023
211.22487995343363
211.22549420908763
211.22402237282404
211.22375388177534
211.22554437648614
211.22548364840623
211.22407295380253
211.2255070264946
211.22468942086925
211.22467901171694
211.2240222267137
211.22538505678313
211.22574992194131
211.22539555722688
211.22551887950613
211.22457966983347
211.22504970635782
211.2248371519163
211.2250656308497
211.2245286723155
211.22399706730357
