177.46931774954828
177.47146070595954
177.469503582759
177.47168045707804
177.4707738343477
177.47126612183638
177.471103717382
177.47048133698354
177.4716084464526
177.46957987287442
177.47107141148172
177.46894391711612
177.471562513153
177.47116502181507
177.47179111475543
177.47070700596032
177.47176868999395
177.4717661758441
177.47189702131254
177.47139343010167
177.47166487286813
177.47071124845388
177.4717725856881
177.47177244015256
177.47177239908524
177.4717723689082
177.47177234491028
177.47177236795505
177.4717723908816
177.47177237655887
177.471772403429
177.47177243921215
177.4717724623024
177.47177245303465
177.47177246174215
177.47177245708008
177.47177243816623
177.47177242364523
177.47177245823332
177.47177245729654
177.4717724392376
177.47177244810882
177.47177244916747
177.4717724780403
177.47177248483058
177.4717724665843
177.47177246371393
177.4717725092105
177.4717725133196
177.47177247669606
177.47177247056243
177.4717724715174
177.47177245446255
177.47177250927052
177.47177250212553
177.47177247327272
177.47177248372645
177.47177249868946
177.47177247172658
177.47177248993466
177.4717724760194
177.47177250186178
177.47177250172717
177.47177245584135
177.47177248598746
177.47177248270964
177.4717724940383
177.47177248833032
177.47177250518143
177.4717724815564
177.47177246661522
177.47177249365632
177.47177250140157
177.4717724529837
177.47177246855426
177.47177248237494
177.47177247580112
177.47177250634923
177.47177249943707
177.47177245267812
177.4717724742477
177.47177246947103
177.47177246170395
