288.4442215146731
267.40280818724904
260.72713349622734
268.1433227735679
271.8710383596456
270.4429101276944
247.7062231868813
258.3103792237266
257.25488384693836
268.0536948967806
216.97510963856712
231.49476055566902
281.9309405758768
215.4253080035146
217.1330176651627
262.2726749964245
293.9426206259127
259.67846289714
267.83833305110056
271.5318372480406
258.2783492603867
246.96986438649765
281.347401359134
255.27231345085966
257.3740133068559
296.4302120276543
246.78576392284322
305.88593788761773
215.93188135275068
302.9116004467769
296.3241155615988
256.7884315712108
253.85633452423826
245.18233448165483
280.2327350141859
261.97311208143947
313.9161783724321
259.13056620674615
246.03698429849283
270.4271460385171
245.34910363999188
222.3317419042196
248.39709267430408
253.2453706177257
247.7091199804563
243.3226798972264
264.45230286867627
236.0795852381343
289.47704140496717
271.25645633681415
287.01383228537816
229.36387133195785
234.7777118465001
233.6562536344827
253.29681574118513
290.5274964140881
216.7577772977147
262.70392052264106
293.01147060559015
268.4730691848654
284.2232672719656
231.43827581657752
296.1008123021493
251.3317837141003
297.3956367275496
257.0768511186652
239.75685781762513
299.07122640439775
249.95780813642705
230.76450396640212
248.85507803693326
244.2709538002673
240.24548142969434
322.1311963653279
256.8960289729621
258.19383201751407
253.44381994002833
233.88727858535276
225.21306578810618
285.79178837465224
217.304342342788
290.63570598799197
259.7258307719385
263.7092656093009
246.11950694907136
213.86996112268025
243.81659024625696
237.81253494153498
213.9742306211374
240.34684293037571
229.83278629836423
240.30179677250635
257.0480425800197
276.8662858697826
244.61934650610783
259.55305700090685
206.2676453271706
325.0841143628131
289.73970817926966
202.02359730866374
221.0555598727915
225.84966153454297
236.83052874338682
218.9075876855277
214.78065933616017
236.11452694625768
316.84157374799906
286.4031475599477
258.72805706896906
247.81204928527586
268.87521038711566
273.06006721968515
263.7869966437356
250.1405996198191
302.76072725401536
262.8869272996817
248.78660443681292
267.76441451797655
274.2768214486314
243.39023070550684
272.9006840956681
276.1926196659042
269.8355677763575
260.2674435165645
227.74917629583797
219.6688407384936
237.91216951438037
247.67605372935213
257.0448017581366
255.64270049546758
230.62256765434722
244.02620254006615
251.51791534502263
252.3340857735093
246.9643503858315
237.7289718711836
226.03031464649393
282.35328149182897
265.8356973124828
268.3035926464727
250.8129874426013
215.89772036163777
246.62311077387858
273.1579564222775
234.42896679226396
256.5537630610488
239.73626944963326
268.46370670193573
268.8951510935949
271.83313250857464
279.606955368341
270.4190048939636
221.64518195720302
290.1037469526127
235.5152893626655
246.6059238432572
251.25072127589374
277.19870597928093
245.78103769490554
265.5598707351455
327.37987459304713
297.48402614088263
306.0965610075218
242.22001105610252
230.46494500857807
229.71511820516025
248.32885617377178
274.76258988960035
269.65976706192305
226.18529087609204
254.59336866933882
317.6664431751924
230.23566396906244
224.61903822897148
265.2698563850572
284.8309741713747
286.1204216459737
221.8878177983279
232.45260306276032
225.50762447812303
238.7323281924182
287.3492150917591
225.48814261468942
299.64213796771946
249.95731183960743
266.7480439993378
215.85201762431825
223.87211260871118
241.52665060466825
246.09226588927413
241.38214291886106
232.49522747106676
261.81265682543017
253.6382629814325
231.79485620515334
250.42536830982135
258.89198747248884
232.75909663301718
253.65678599218518
215.0414934142318
250.99855598286376
240.53015712921479
222.64475461521943
263.97191271034535
279.45863567833294
303.6068066349035
233.7586865524936
219.74974677940918
258.1834229304877
266.8101335856991
267.06643866741797
284.8620127719769
280.4281510894434
248.73437128673686
274.80639248449006
303.5707264393059
223.78033867144404
263.6094328514737
262.0171295248947
295.03823384005227
256.15359676586377
229.9091691119247
261.5841099510435
238.00111533579184
218.3128211166404
236.65743749393732
252.13018688689044
198.54846041118435
228.70126583299134
261.4238372318214
233.79283278407092
199.64521273665014
247.27255473085825
277.30440172888484
272.40242718095396
331.4937938826188
245.54081182956725
266.75739474166767
265.68493645563285
278.3625008668605
241.8354388785374
227.8532129025989
231.42642348532536
211.9979526968018
259.67196839839744
210.93576211479376
308.156425060537
275.7933507388225
221.32125707044906
267.55046137140016
208.79076579099637
289.33160986555595
199.96210546186194
201.8182398024801
250.83076880573935
272.11132659942086
239.84279629920638
247.52121673976217
249.84897130698664
253.59710530137818
255.62808789976407
285.8854681603698
308.60413536756823
240.37773767077306
231.8646538153116
229.33784131586435
265.938802166158
272.0113822091662
267.9516754966171
236.4489913929574
232.32236599871248
245.68096810705902
278.8059432430746
224.03988324246893
262.3687619747798
221.05841909412993
237.03474314392952
265.96225372208573
223.03825794099248
276.62442109045514
219.39225245453417
292.4246113956615
283.94267670561385
278.26264371148136
259.85029664727335
244.40310975060856
253.3609229613794
250.27361724848743
235.86994475977554
300.4264864275028
284.4783354379906
227.97110463002173
220.3847144774045
233.13904722699954
269.2247724956833
214.91676527987875
282.43385437183315
292.24074063547596
294.4998145696154
230.17294554196997
317.2414696267515
286.27295886949287
253.71967810823116
205.01322422419616
243.94034067589382
241.58640814830142
260.80062799279403
230.0963630615297
266.0876217883779
291.8453182899393
260.9052409993019
254.2903194437822
232.40763964231883
235.55508321759407
292.59280604128435
282.5372537749208
280.9182464175683
236.4530977915856
283.9690104788606
246.2774310875393
275.47944854003435
264.79951672231255
282.20782786518976
256.38178397547745
272.50548508408247
235.2217141539877
272.092145642775
235.1842656572553
217.9614231147716
247.76776877918746
269.18931457832514
321.79772184636386
243.2973879185156
249.75301233987557
267.42678146575054
285.6450702211441
266.76588218600955
216.47374189550465
276.50751075852895
218.24020069424296
277.5928208195546
286.8978519789671
259.6644247935765
203.45517781650415
240.91894521954237
269.2358255809959
291.2911546013638
231.22813936445164
241.09383667643124
294.18557606059767
306.38191790753626
305.12816480049514
221.96334604613367
234.60905192123028
272.332802833771
261.3941761950118
234.35453070906806
267.89791442875867
274.0386098862364
285.52720584569033
277.76491039578104
256.8721583478182
283.0693829394004
265.8507314874005
260.4094142373651
291.6981451800093
257.0920924708189
234.52405691766762
266.1369141012983
319.4874164053617
276.4070271755918
287.1486447820789
258.67510834118
269.56026119872695
210.42324446554994
237.98486485179455
301.1963711564458
248.94460521217843
252.7466247138218
217.3860531745886
321.44523116206983
237.0510555038054
280.2688242777367
241.76632787342533
263.5169879124005
241.69128239624843
263.13671794559923
221.47170491536963
230.3509126911522
305.3270477596816
305.3813832661981
291.39862768187595
255.2688705821056
255.88338266217033
226.72218890574004
234.4098606685584
234.08106480065908
255.25949152094836
269.8510583425377
306.78688437404344
258.0220441343845
237.21044949442148
282.74547226770665
254.85371070442488
286.0662695394858
220.59127479228482
256.29414075016393
246.2289718920947
252.07420503799221
276.1725526356895
276.4752803314623
247.7400090095034
256.17185346537735
230.10752836833126
245.4148657186306
261.99331887517474
258.8443903654115
221.23994699056493
255.97184329052106
258.96159812012047
253.34473765009898
257.60395038586284
298.8524916355236
344.44089843149413
257.15727017328027
263.34333047400287
257.89445244795934
255.12912952763145
233.62824328790884
304.0611727829819
276.1147496878111
267.73331062105717
258.30962441299926
267.801398349955
295.16291885939427
233.79598740010988
276.76173721670057
252.8603937438602
260.5773385638022
225.08473499469983
228.53828129755857
248.9346794172452
222.4616250416002
244.77998407609994
266.01475294576085
240.91426500721718
279.8728287655831
219.23145656616543
228.9000426238781
260.141443180677
248.83468485769117
241.80000325512083
278.8984316416754
246.82774494223122
256.696129872842
245.1015565462003
249.177968571792
242.6582420768973
255.0064110034291
260.16777591330174
275.9030383973586
216.24476565426448
257.13773451629095
278.8861540979269
302.53658742691914
249.08119894941046
261.41603718389524
238.46559955448902
300.5405134997127
257.2736842591694
220.71456540313375
233.39833413393353
248.23025318566943
273.39210447233927
254.07474634979735
292.06963076359534
234.1364643373381
284.19131435401505
241.67477421151125
232.90473886800464
234.28857791100745
216.2358076555247
257.30266113691323
259.09633216228394
304.47808540701226
239.75491562098614
289.8014401532273
275.4901487709867
252.37886195420288
239.88104320215643
269.6888601816172
286.4616859282687
274.2283299573319
215.15523761775694
223.23251798540878
286.19519573931757
235.28335856397462
262.67692462440755
289.80047007913527
252.57191900958424
286.6288406961976
254.02162916152156
259.94881382722815
287.779191056281
250.73719026938488
245.289718859407
259.3623907833098
280.72723164629133
259.82457299325324
244.12850199600507
241.91482825917774
278.35264558161725
233.66721877627424
230.38954773460864
224.14363052826957
245.91203803982353
209.44697933949647
307.1409598644532
233.1590441702283
207.0687938426563
276.83134710585
294.6399632311077
234.07965349403094
219.57650165530504
315.2787660881295
247.63436061819084
256.0554358140216
263.1906263389392
255.57553216221277
234.56134903163183
242.41975151593215
244.13161537674023
205.17176839418244
285.32663705028244
263.70298935778555
241.9708045658772
242.7553770749364
329.51703351692413
263.2958717412839
235.90060955143417
260.8742347289517
259.7623157376074
241.78237272740807
305.62938757031225
238.68878103976022
218.75123480768525
248.87203098277678
240.7417476302362
296.3387462569808
243.19669774384238
309.0275853901985
274.3408666329633
214.78780135358102
236.22752735877293
235.6563793484238
238.91671940946253
193.59374955069507
215.08015751390485
243.74937872376177
309.40532568414346
266.76442577363923
254.96672774711624
237.91124589220271
250.38994753552834
250.8735514660366
241.7338205962733
264.9413899969077
238.64686768621323
262.206410200306
261.15415663746535
274.3135291522485
208.7157030615781
203.1087446663587
262.5186951205833
205.52270165251684
315.0908156183723
201.04071875978843
261.8993126456335
241.87139151943848
220.2233592440898
249.02991122964886
247.61886722806958
234.07111699008965
216.03898771700915
268.3108987902815
313.0238381251402
260.97883751502377
208.65231995042996
244.0614418135665
233.66283073829254
285.5613578982011
263.33617928091553
275.63837692377274
217.09612684845342
287.6380280475423
264.2580906623334
246.7334736456396
272.6338505616295
222.1937574420881
278.6411423002428
267.4999774979078
265.50797686658916
246.0590443869878
264.87387792626396
271.21764931245707
263.8300157894555
238.61090683168732
303.4756906335533
254.54380845976993
313.56767785316333
247.93464727661922
236.5199193552835
239.71598788982374
247.14481254917337
256.8414978951332
234.30073750656447
248.81050086804316
234.4978575926798
244.67725334202987
239.19647442153655
259.3659368187655
245.54044459373108
218.38545364839956
249.14770996553125
276.54396529329824
276.0977334800118
230.84636768352357
226.85321637702873
238.72905092700967
291.1409261538647
282.64786755279056
241.4753995233914
270.97287661090377
244.20002763846423
229.2644579357293
244.6854093382135
228.37964304335765
203.33805943781044
230.09229299417348
300.0090888206323
228.27857986700838
239.48076973401476
264.7158083562972
290.8582980038482
215.10485278823762
240.70845891928184
329.161084667081
257.85915791179286
204.27126193940057
234.69509638511227
239.6172155085951
285.90985932125477
309.6684931157506
246.36335467960453
283.82540573130245
213.6935356396134
261.69347039578133
241.77658224571496
218.552359063091
234.0987322757719
220.77498622890562
278.21348854503594
220.20740147485049
248.56879133483744
250.97086364854476
219.5024174292048
258.4120673847792
255.9064224922913
245.49410783773055
253.27912366512464
245.36481973010814
320.47233787586447
284.7690152490104
264.1047491831414
261.4763589782233
222.2963927219389
255.42414442403242
208.30988779867766
230.95611939014634
284.70691656850977
296.8573254010407
229.62908541643992
255.46678811116726
225.65971333166817
203.07892717589857
252.33084753065486
215.04075302451383
282.61349161184626
276.48419708554866
273.73305042489665
235.84922868708964
246.8911915597564
248.75393311909284
258.1278719076363
256.58576481582713
248.2608652219642
242.45101190250716
225.20593695549178
305.11031748211826
255.76061966718407
275.8711952654703
289.62075895955786
259.0235710083216
254.07792272613733
273.02486007861444
288.9779146279325
248.47909883366083
228.9036128608277
253.6074026998831
232.25152192424866
225.3160799065954
255.25608851606376
270.4580909568467
219.7120814223017
285.5261303287989
246.77257836982608
280.42984479814186
218.949822621129
221.892463837401
259.2196622858464
297.51428829846554
267.60567964729853
253.57635128800757
254.86232748016482
267.1641709607211
245.7695644327614
222.6835388589534
241.14112109833513
225.71963981122826
237.49697322034626
278.66843450587476
259.2848594354873
251.39194397846586
255.96764056250686
343.3037971872254
246.79759890810237
278.5132491866825
275.72416098200483
266.1733409302251
240.56121444315067
267.57406039355556
256.92224147962406
240.7155566175934
232.57652001056704
239.85122496183612
223.59047808669857
233.78035303516663
270.8947896932659
230.5332232126675
270.7290787176462
267.3391612794949
224.17612838643254
260.16207491533714
237.32682644145098
251.3124097965192
279.98693644217565
309.6966306695249
256.58622423926136
226.82758533759625
253.10788990242872
297.7428637902776
252.30714683563565
262.35359442033223
256.46880627816427
270.46675784958643
261.3657347962144
266.9112758678093
267.1041938959388
287.5219735018036
291.99519662358216
191.81920484706643
236.33650293410756
273.16413843704504
300.59815411659656
239.50348158780253
250.23670950933592
260.61523207306163
284.1090531218797
290.2623901674524
244.54415708975284
254.492276202247
229.8352334377123
218.48690483468818
234.5742036710144
289.68747067591175
296.8531825201644
265.5848755999468
279.9654553050059
322.59386695874855
317.2243569746206
242.52373014681507
222.94923283401295
281.86781770392554
253.7083138677699
233.17088799591875
219.92933080444345
310.7212604719098
317.6045718155219
277.7446331407409
250.32762474304764
235.1747749724891
236.0171238691255
230.23478575755144
251.4605564410449
226.45115016051568
241.22722164200968
235.01360462038429
280.1345748377789
305.0390771518869
255.79370254452806
267.03724441918894
215.73884312380687
254.46436882569105
256.5709330292011
260.3740140028531
232.8218988997687
215.9246696701448
261.74985601121443
209.02203946225927
268.05741147030494
267.17806343286065
263.4183553766925
275.99563779850723
275.16135754881543
270.8400880220288
282.2199952143419
274.7134768102551
255.686376805912
265.36467166335206
244.48901799303712
272.92994155021734
233.72990666280384
237.33903808073956
260.35049491384416
286.9052134511585
262.5744203729846
226.3127096571261
264.27640803626855
293.862915511505
261.4107455613266
245.54097665371955
263.4425478630292
218.6456689776387
269.11952408912475
284.17161306826165
279.4145912040258
239.42248580759042
266.80454416558496
230.49231603051885
272.21014736694633
295.66240183700575
272.1948727196723
290.6312478276959
323.6732941295777
264.5351170957729
247.09042119939113
200.73794125774293
211.2055689036497
256.4382385070494
266.61653774723527
314.5162384628493
258.463810339832
259.15709675030666
295.37324722792255
246.80621077341493
314.3600675877242
264.91662862343946
227.89527525228914
226.3162615573092
261.5380497215374
223.09979938459583
260.27610287678544
214.3663933110074
259.32250484483666
234.93121991388034
297.5421031844162
228.38863745934214
227.52328648953699
233.92654520797078
241.77592397475382
257.34372773370706
256.9570021656691
265.6440057476866
241.91858930204762
240.56842206121655
237.9238562125829
217.75771518528927
287.94728895495064
222.58235791887273
249.6335530829092
232.82424024958163
272.0532526848838
248.41641073839855
249.8759343936399
231.3261271797819
316.718223902717
280.9373588982562
245.43434595654253
272.15917499081115
254.2616876110842
226.52048852559528
270.88866128155496
244.09151977926376
237.71989340137225
257.47226035039057
225.2983639415179
239.73969707806828
236.9503154757549
239.13290580557077
230.07798207266023
222.2102077449381
269.7606976820389
208.49200564369676
253.95212810419616
295.1976143695356
233.455866212229
273.5008464634593
283.70599350557313
274.29921239212854
280.39144569603377
266.22962495841784
235.89019368149457
269.69533673199476
258.458244976704
214.41154885399737
265.37014551021275
268.3605175522389
252.56250849572825
261.1842964477837
273.03349391411757
270.1948118301516
282.8873858009756
254.08952080545714
300.4526853093703
201.49648077806341
244.277797727118
240.95466765962192
279.0365473939455
233.61035945569165
202.93329347853432
246.21912656526547
274.8277165510226
206.66414436898776
261.27690822572913
257.73200415525935
262.9470210127474
250.83686163209495
228.87352998493589
255.6273685976048
280.1209767476539
237.58316301912419
280.61746648175176
268.435371554835
232.42655524576548
229.08694734211895
208.14523218481918
233.51610255026026
273.30035589661566
259.47751610615524
282.35608457846683
254.7376246668864
256.8050790839188
255.99773170196568
229.15434864728013
246.15032485313714
205.81674372547423
203.83875454359804
272.3565249471867
267.40658742774394
254.39172722384683
272.4516734605131
252.76930986440857
218.6818371762347
249.6322603378212
232.5834382866742
293.12830234944704
294.87063339480665
231.74838364246534
226.80577592365444
260.65049719283707
245.71856587706134
271.84357718995307
251.37534615705954
255.56428750950727
214.98809379266459
300.17197663808474
216.16489569618716
288.83093768477556
231.52475252872682
253.5555764856108
240.8252945818531
254.04223921045195
257.73087588950875
219.69512715100427
261.21887512144167
301.80106853414327
229.01925865912926
248.35336780591751
261.13193346673506
279.53641036635963
283.65708766388707
250.1242981745454
230.36210501205642
309.8690840161289
250.83270279542194
287.88133810355794
288.17158858935
260.55034911000985
211.30487496592104
310.15152947371826
261.8860758203082
301.7391740370367
281.75558430637466
255.90705460644676
302.09379377609
274.4807166509272
274.50657139730174
276.7945726296166
261.51610803208314
254.6310260251339
261.3196204738633
291.8091534335399
237.63016853030422
255.89031360461377
227.8464153605164
256.98925109172706
286.0520167108625
215.41336028830847
271.3713636863977
209.6224321462214
257.6782583455206
253.82247067475691
267.7876109261997
220.42207797645824
230.51610317709856
305.47739897755673
286.0598888384993
291.4085599516984
230.3294177336502
260.5488337405841
249.19213775306707
241.67056903190678
252.21285158762475
249.24989998608362
262.3447135409224
234.57904115424026
236.35963975533377
231.53323298541363
240.5783334908192
256.69697718688985
269.07523797644535
252.5823907306767
219.8352810452925
259.13645855907816
276.17334735771874
242.86390038748505
277.8198415839579
259.59115411672974
196.61329691362334
274.5550097456435
245.39269361301558
240.68556705344236
285.3299033733201
287.3096189000644
275.8630353810149
217.4208574926597
250.45014167641057
262.8660422920366
270.1767206333461
273.542001076974
272.66432095726486
248.84485810640035
232.79233784705866
254.14024816459278
256.73978642828297
248.43832076655235
249.88777955208207
264.4420097254915
250.62828612327576
289.19302059715847
212.95185134967323
298.4621305835899
296.3558068147977
294.9655575713841
268.9195429619285
278.38333646958927
304.3919649135205
259.74055212008534
244.9894281559973
270.7249948287499
291.24305953853764
200.02855660009664
249.09791704872623
264.8387875344488
241.76278150064172
259.9140929985442
264.9458276354708
245.2734114790801
246.71154582349118
225.0226084169699
262.880620780983
276.85791250882903
246.83158812503098
231.41927634301828
230.89891564537538
308.9018895433983
203.05868179455865
231.53471777029335
294.960421110678
259.2507444790099
245.68934292101767
281.53165215428453
243.58423495164607
290.9398926218273
234.12898199324263
250.8124443963752
247.87101351341698
221.3398573237355
225.4878470193362
278.71981655125273
211.80803546175594
234.63942204101477
255.73184942419175
270.8063976689009
259.8171213986352
269.18499532702845
264.27492398710456
265.8553516500979
233.14062240847852
251.6875459026778
273.57747055985965
269.21175545238657
295.99555716488976
280.70364188280655
254.3084367540432
223.08465489471564
237.06818423501682
309.15164451266173
235.75858643790707
235.6203084301087
298.5843332069926
248.00069898721995
240.60849670664174
244.320343326719
247.44749486702494
258.8752532992512
243.63314110093052
263.63703693135176
263.77807851776015
274.5127819221234
225.86266460694605
246.01484417630127
324.2542978687561
229.5611231594812
264.2502380181686
239.03072622726904
238.12824453692883
228.6172720058239
268.64725934900343
254.71087094047107
208.03552874736488
293.58411608310416
253.14797547349008
262.3704677444184
260.6434050980606
242.5830346965231
270.5059410847607
259.6365185257164
260.7255992423161
238.09006476134527
214.5629231345374
297.082872873405
226.22451078012818
294.16360295843333
304.8128601196804
263.3474871260696
250.28038505505538
274.2557140781428
301.60610288992757
250.0043162596994
228.65624330367427
243.72038980730576
241.5922654964961
286.97069177031517
254.10834704642184
231.3364758566604
221.455870853737
220.89534486597404
250.85036901640706
229.88645982503658
286.22073100850685
276.53068616765086
248.66238600458018
190.90235683508217
256.763586052286
249.34184755507158
285.9305448217783
256.79337475670036
213.87440017517656
261.23222516215174
231.60929821495665
261.9522607162362
235.5146360428771
257.7961331611732
273.5929086425458
268.1480550892302
255.4648905909853
243.4883762212703
262.1722230488667
251.38974756369134
241.46787919889903
231.6646082867519
283.4814801761531
240.3874432265875
307.6113374460838
242.73454252263764
270.634478389984
271.7309126512846
213.97885919781402
203.48050261259777
237.0658049743506
250.47699702437967
185.1470442728023
242.96656644297764
234.71611171541736
218.16757644421887
230.59559383871965
229.03411318274448
231.28336596360896
249.97043268551352
233.98001404781826
259.05589242023416
235.50443095137598
262.0955655282014
287.4419345787028
222.1032229590346
306.98425869160565
237.32403002283536
226.7659477373236
216.3136774650775
224.8994419449591
222.32640015135985
228.62646785500692
255.43053903896362
219.2267125057988
269.4812856661738
294.8588949085679
292.42251015873626
246.6047630441608
276.45075384672964
234.34766241849866
290.18342900514835
268.24347282311646
247.10990585375112
255.98305248568067
236.68828034680337
260.81869418913266
258.4155916431919
250.70747064298484
208.9147955836379
285.5871269972413
241.897068801336
262.106202878349
310.5457398262806
271.415143614111
237.94347635668237
242.4972963585169
222.85633901658002
242.1718756846385
243.0395310081658
296.8010909538716
275.29143518191995
214.30741303274408
253.46056926244637
219.81011725967983
295.40152281633345
256.02446403814247
224.7760206204257
222.65722124947933
288.19506968185306
302.6447030028794
297.4280173041043
255.56771529110847
230.656969116244
256.0275597166037
216.40297266776906
225.72899585898267
238.38523864885792
236.97778088093037
235.52804637653753
286.050501093443
256.10715880879434
259.0203347328934
262.94888587686
226.00631439761491
235.0462845635484
246.52751986304065
293.27849956409773
261.54039602394914
259.17408955690917
250.69761984661454
239.37129570671823
253.4921859757742
223.36855885764817
248.76282128028106
254.412431594159
235.64547188469442
216.707577619527
248.50568564527202
245.28675532515626
227.9038994834409
229.30260001617717
235.49332833255176
257.89556621579686
308.3227648648899
204.30055613646982
276.69925290712854
286.36343068262795
272.82951236341614
304.4913744072546
223.40434707328677
246.148643165885
214.79712299373932
249.54761220735963
248.45257912098896
239.57658210309455
270.7684620108921
237.8065312084509
242.22261946683284
259.41912897641305
253.02094278810546
242.4570584204048
226.3342476907419
263.9478122679866
254.80693948699627
272.5259391522268
264.03597034321865
260.68239429371897
245.59355648205383
288.3211323780124
281.8997793527087
274.07046017277753
245.99069863109617
264.81750797567656
280.3387647017371
261.3892746103229
234.70154433848802
236.96447804709896
258.160873404413
245.57715559966164
288.76064077258343
270.066898380348
191.64992436399916
267.241581160808
244.89742789365118
248.86474051332334
287.2512929678196
253.72391918522771
308.62245750660077
221.006841131486
269.2261215366889
265.23947793996194
233.38620947563322
283.88514002779266
263.2555476928828
235.59320626663975
295.2539937446709
275.4417782398523
230.32180870318552
238.45134864770807
234.69382666784804
247.10289308358915
254.04477031185525
237.91439110197825
273.49872824992053
247.3967689460842
258.05023348890245
225.7153047901229
237.2642468731501
278.37568809022196
231.4486819075537
251.3952526403009
278.98777418152895
264.1637084726244
239.847298505425
273.5176445263205
284.0280691162334
241.92193415784277
253.2101989701623
243.45266041101422
260.6635627813521
242.1387788443826
286.54134486906696
276.07915534381755
247.49501067999518
242.56780610285932
248.70579527021619
265.05538746045204
236.1879845816875
233.89488599787
214.48153429181548
288.00917326833587
254.8879688270972
213.10124449065188
274.1388465689961
249.35393279406708
250.4207340402645
256.2170951763983
241.36665156699019
225.71799835114507
272.83293000172125
282.499940744543
227.5683056024136
259.81906636361964
349.9333265714813
269.2615537701058
243.16108002705732
252.9610039498075
273.31022850074805
262.1191765626427
262.26621581066865
297.4285978724365
263.61283045622986
240.69627630116884
292.2873641832848
289.9782102915924
261.0899761848268
271.2963869384257
306.489798833034
272.30679098394467
257.00381493207533
235.30642164801247
238.21772320067976
243.69503111887025
286.7855581827462
235.87806104624178
221.5822862109053
249.24463740643114
240.43640737462556
205.06847984623164
253.98107175907353
254.71048125554807
243.10515804449096
237.72856252500787
272.8629021071247
228.77053434425034
278.11083829955896
235.43735270824982
239.94582963600988
217.37550203106366
280.07183896092465
208.52998189989012
241.12648720102152
247.32621759769972
227.29905588034308
243.68018095340813
247.02897555590607
292.31795603688806
271.22440156911034
283.26623902021674
319.5156887137564
231.82906025758712
315.7579439430265
243.66133969434304
285.15109681809554
305.20129621360684
298.07135066069895
252.65114009729587
291.3443082430749
267.44488360575633
229.63131891115336
256.03719423373695
276.43078100087587
242.49005639733514
301.66839128319407
223.69894116942305
243.65407910459908
258.04688381770393
285.9004431084031
298.8341324002831
227.97277663147543
241.99823151278542
275.60166790819494
226.33135452592978
254.90111821563914
251.7361683396157
245.35676500271074
235.1442927569733
246.67525222321274
250.26574771408923
298.18174135655863
281.472291453043
254.7715651060571
281.25892838527216
304.0057661405299
250.0489675020217
286.4690100760199
276.66722488071537
237.51716809166828
238.70913759042742
262.8996792961261
335.0157578715007
297.39015267655486
232.66683621535776
217.0876296676579
246.10504948406015
231.01716572092846
246.3874375266605
210.7348601842532
234.84719387523364
236.8600069959648
256.07564123155316
281.99942625459516
213.3804168336792
226.68781269161263
227.97500879241852
209.68550293752924
235.73589486151468
265.60494696180103
211.02414474706165
255.82420091103995
282.18978501827223
228.42748709698208
225.68112254090374
213.4199941114639
261.5801926428103
245.98683668731246
265.0652262342046
244.5315648992546
316.44761914602714
251.51049682544544
282.96405968250474
274.4363957234309
235.27189586748136
225.47221581824124
233.82597562955925
270.6928536222549
248.48275333992206
262.5317947040894
291.7680905145826
243.12769408494933
216.25338461378124
206.5021960651502
225.20121624495368
248.7083781021065
214.89570180769078
270.1252845383715
276.531061317015
244.42134803411318
230.80115990439663
267.8928580781212
257.74475816078484
272.3951956956298
260.81831282767234
285.9185522701591
295.9371722966316
266.99278401222546
239.88009177841013
290.3703914830694
257.1029484078754
209.64817146066343
231.49382971273735
259.44867887796136
248.349210567947
245.51069872820517
313.345917773142
306.94740576238837
295.794739746314
246.70902149833273
292.33924523042515
279.16833273670636
239.32831534493016
229.86811433860566
219.993771305657
