177.47606094219918
177.47790840656126
177.47606528137658
177.47576208093142
177.47607436141698
177.47606933156385
177.47569568473682
177.47567589057599
177.47597797613162
177.4763772905735
177.47602553874367
177.4763517879037
177.4760494025113
177.47640131829576
177.47600413530654
177.47636977678667
177.47603476318
177.47642775440727
177.47597751000285
177.476390151327
177.4760161890481
177.47636500280714
177.47603961958703
177.4764412122404
177.47596310854533
177.47640120882352
177.47600538696133
177.476372080715
177.47603364470706
177.47643025483922
177.47597530673374
177.476393751047
177.476013229174
177.47636813279132
177.47603721185806
177.47643739253908
177.4759676862559
177.47639983881527
177.47600715876797
177.47637208228298
177.4760338238193
177.4764315557004
177.47597412142204
177.47639536766837
177.47601145159024
177.47636990548017
177.47603574288405
177.4764353000137
177.47596994746345
177.4763972925557
177.47600962834804
177.47637069335542
177.4760350283559
177.47643330043684
177.47597203950318
177.47639633803738
177.47601070023666
177.4763701520169
177.47603560380048
177.47643427392723
177.4759712713494
177.4763970897875
177.4760099629275
177.4763709233266
177.4760349570388
177.47643363270618
177.47597179837976
177.47639648180848
177.4760105668247
177.4763704321049
177.47603539663396
177.4764344126852
177.4759708966012
177.47639712936143
177.47600986827456
177.47637063632283
177.47603502839047
177.47643344944663
177.4759720944603
177.4763968794614
177.47601005913384
177.47637035156004
177.47603539178817
