321.78893294566296
321.79097507847473
321.7907899974107
321.7920828452052
321.7914023416688
321.79245236239785
321.79158678051044
321.7925750167751
321.7916359602714
321.79261855451205
321.79164548102926
321.7926366079282
321.79164462168774
321.79264580245217
321.7916417853121
321.7926513538623
321.79163913784396
321.79265505469084
321.7916370751209
321.79265760160524
321.79163558183427
321.79265938978097
321.7916345120557
321.79266064992225
321.7916337500301
321.7926615411998
321.7916332157438
321.792662162512
321.7916328400279
321.7926626055523
321.79163257126856
321.7926629065296
321.7916323957288
321.7926631147857
321.7916322723304
321.79266326063953
321.79163218270696
321.7926633770876
321.79163210789557
321.792663444121
321.791632075081
321.7926634905052
321.79163204436554
321.7926635267395
321.7916320235854
321.79266354635547
