140.46221766421058
140.4622177286128
140.46221777963274
140.46221781761506
140.46221785683338
140.46221788603907
140.4622179174885
140.46221793635686
140.46221795678775
140.46221796995542
140.46221797784074
140.4622179933076
140.4622179956914
140.46221800872172
140.46221801921092
140.4622180226661
140.4622180275801
140.4622180364404
140.46221803837489
140.46221803640128
140.46221804191555
140.46221804274774
140.46221804858578
140.4622180462211
140.46221804768174
140.46221804812558
140.46221805028654
140.46221804737252
140.462218052573
140.46221805157438
140.46221805109235
140.46221804883135
140.46221805146706
140.4622180578317
140.46221804879315
140.4622180512033
140.4622180517872
140.46221805457935
140.46221805600544
140.46221805691675
140.4622180530041
140.4622180559054
140.4622180509814
140.46221805002278
140.46221805334972
140.46221805413734
140.46221805606183
140.46221805405912
140.46221805159985
140.46221805446658
140.46221805450114
140.46221804877132
140.4622180580991
140.46221805698406
140.4622180577462
140.46221805034838
140.46221805410823
140.46221805058667
140.46221805529058
140.46221804761262
140.46221805763162
140.4622180522765
140.4622180536844
140.46221805091773
140.46221805711866
140.46221805072855
140.4622180504757
140.46221805521418
140.46221805206733
140.46221805634195
140.4622180503593
140.4622180485494
140.46221804960987
140.46221805682944
140.46221805276036
140.46221805557252
140.46221805441564
140.46221804914967
140.46221805192
140.4622180588358
140.46221804973175
140.46221805145979
140.46221805694222
140.46221805004825
140.46221804993547
140.46221805751338
140.46221805652385
140.46221805721507
140.4622180540755
140.46221805663663
140.4622180517872
140.4622180571314
140.46221805369714
140.46221805078312
140.46221805052483
140.46221805253663
140.46221806100584
140.4622180514889
140.46221805696405
140.4622180559818
140.46221805045934
140.4622180550723
140.46221805078676
140.46221805364985
140.4622180523147
140.46221805740424
