101.3803704598231
101.38043658283277
101.38331432500217
101.38442644774477
101.38066404342953
101.38330462440081
101.38578494643662
101.38108130532873
101.38343160174372
101.3860445919945
101.38068635543368
101.38433067728874
101.3832953066576
101.38205499653668
101.38341509680231
101.38432038682095
101.38061474216829
101.38710342290688
101.38017079040128
101.38547654007198
101.38180326926704
101.38428525776908
101.38425551628006
101.38580894200004
101.38027684233839
101.38607368479188
101.38031482607948
101.3859494752378
101.38044771570821
101.38584404519588
101.38060023140952
101.38586434786339
101.38183528454647
101.38417859141191
101.38585081695783
101.38219304386985
101.38330442533334
101.38343447210354
101.38642539986176
101.38217671451093
101.38593380502607
101.38341669201509
101.37627800691189
101.38772072306165
101.3803166891339
101.38585580268227
101.38292809909763
101.3865584405321
101.38217753761273
101.37749700162021
101.38665478297116
101.38219538543854
101.38938767997024
101.38036276854291
101.38596661217161
101.38330102714826
101.38417933297023
101.36887531885259
101.38442411160395
101.3860237170993
101.38337431711079
101.37891058553942
101.38634561177969
101.38342504666252
101.38637063218266
101.38313401327832
101.38418606768391
101.38655595614546
101.3828642921053
101.38420643803147
101.38607040247007
101.38342796358302
101.38601453832962
101.38341203773234
101.38660016767608
101.38298434580611
101.38514628156918
101.38431944506192
101.38584086715673
101.38341714345734
101.38601219202428
101.38339589651332
101.38336356225227
101.38681613713379
101.38263183381423
101.38579686676712
101.38587703456506
101.38341004895301
101.38635567637539
101.38344227635025
101.38585103560217
101.38340325230638
101.3865400999257
101.3830957177779
101.38420155198946
101.38420120377668
101.38664462312408
101.38313177314558
101.38352188878343
101.38633439070145
101.38341388177287
101.38663325498601
101.38316790080535
101.38303378223645
101.38684380163977
101.38284007337825
101.37331580576392
101.38186157614655
101.38596703796611
101.38339265265495
101.38715773777767
101.38226704317276
101.3865600477111
101.38330465346735
101.37872227470143
101.38640587235932
101.38341591953576
101.38657687842715
101.3831544943314
101.38404662075118
101.38621985779173
101.38340568240528
101.38719717580898
101.38224077844279
101.38653647461979
101.38334971989025
101.37954927547617
101.38614552841318
101.38338033172477
101.38363525213936
101.3882088299033
101.380296723004
101.38589927080466
101.38338925273638
101.38749414875201
101.38204001136546
101.38675078064625
101.38314966932376
101.38284789163663
101.38661749949097
101.3831985212928
101.38388960169323
101.38584745311528
101.38338278088486
101.37836904420328
101.38664404628798
101.38328778849245
