167.0929433498477
167.09297008060912
167.09299266482503
167.09301119183783
167.0930269877881
167.0930398523442
167.09305134754777
167.09306015427046
167.09306779294639
167.09307411360442
167.09307976669697
167.09308381189476
167.09308759621217
167.09309054034748
167.09309301520807
167.0930951160417
167.09309704833504
167.09309828065852
167.0930996935358
167.0931007947347
167.0931015204187
167.0931023075973
167.09310279697456
167.09310320034456
167.09310400999675
167.09310392314183
167.09310433785322
167.09310435858606
167.09310458050822
167.09310502958942
167.09310502968947
167.09310506625116
167.09310513313903
167.0931053461445
167.09310482077672
167.09310524381
167.09310553448813
167.09310563368126
167.09310561395614
167.0931057539874
167.0931055540459
167.0931061738538
167.0931054374887
167.09310546687084
167.0931050946092
167.0931058198148
167.0931053424738
167.0931058896076
167.0931055333076
167.0931052946271
167.09310596658906
167.0931053453769
167.09310552983334
167.09310573571383
167.0931056746249
167.09310557719436
167.09310538935824
167.09310574178744
167.09310561331586
167.0931055220026
167.09310560834638
167.09310564149382
167.09310536168232
167.09310545000335
167.09310554588774
167.0931056001209
167.0931055416222
167.0931054872326
167.0931057655307
167.09310561188613
167.09310557847857
167.09310558767174
167.0931060391049
167.09310566954082
167.09310586795618
167.09310563357576
167.0931061583542
167.09310572263712
167.09310602687037
167.09310565188207
167.0931055223955
167.0931054756329
167.0931055898145
167.09310563444888
167.0931057194939
167.0931056525551
167.09310547460336
167.09310578438817
167.093105234213
