278.94901611240584
278.94928401609104
278.949538672583
278.94970455805924
278.9497120282558
278.9498205925547
278.94986336524926
278.94985026451286
278.94983373144987
278.94992228314095
278.9498664817402
278.94983751949803
278.9498864597954
278.94992123625707
278.94986079563205
278.94987774447145
278.9498867742532
278.9498745232777
278.9498270532931
278.94993627244
278.94981922423904
278.94989834380976
278.94954528010203
278.94987981219674
278.9498411096829
278.94994411763037
278.94982676131804
278.9498875112786
278.94978251919383
278.9499338310525
278.9498743675322
278.9498329256512
278.9498590887324
278.9498859434607
278.9499113018028
278.9498335207136
278.9498819440214
278.94988004877996
278.9498876901798
278.9498752129839
278.94982807083943
278.9499299149793
278.94987015123115
278.9498398684118
278.949880491924
278.9498901295228
278.94987501206197
278.9498285348891
278.9499203105406
278.9498934922267
278.9498714623769
278.9498408472464
278.949878165422
