320.1946941584809
250.3271363330349
247.90214834082155
269.38340344988865
235.6345158415761
263.3891338795313
209.78392456825213
200.65123799133175
287.56789779470887
239.26616564610595
281.32917924363437
301.318891752886
325.09590326324815
258.86721009170606
214.05256864396097
227.82980263403851
273.3172900148711
245.4369674867312
249.1006244352675
265.26185109349717
328.6317179121197
291.3808087316929
246.84856177505753
268.3859260001036
265.6615702015961
224.18657759621783
255.05400308168828
232.44209935866093
228.1790831474491
297.92583272362117
297.1165085965895
233.87802267626193
259.70935841027676
247.75469330671513
235.63733321273867
264.1730520826368
233.2944075260475
252.26872806228494
295.6577836416618
273.6647435239338
253.62338443343106
293.31857209211194
231.759173042763
297.13172911671427
245.47555964891217
263.80516693269965
337.42447173843175
302.65367880650047
323.6569218806708
248.52149509664196
231.33553707425017
212.11641962077374
239.62305297276362
246.96830459771445
229.8263646790183
311.29272922547716
264.31673591109757
319.0523105620032
212.2469479436695
267.29942401453627
232.48683739051194
322.3049180294638
245.74185224930443
275.406526602972
251.8975001311228
257.80143736420723
303.2652249470011
274.91834373119855
279.7938304890449
231.68765248754062
282.9485204213306
223.9845538257723
233.5059148283326
326.5881641477681
299.0534063403247
266.5298268223014
268.962078070821
227.21453680732156
305.432515284665
340.12699874561076
218.73910085585885
331.8843799287133
265.3412457130071
262.77975789808625
347.8708847101807
262.96028728687816
227.6512074944294
268.8384345210543
289.2884935492948
252.73698751487245
249.71099131785013
221.86918133155632
211.33710185721065
216.77208066041567
239.07910954237377
271.3725415428271
218.05429998850377
213.68804767396068
248.02925310003775
201.743115246456
203.96611377880618
232.58616266534227
191.97449846216477
296.40299702306584
282.6103029887745
196.10926368149012
273.2083157334855
263.479755465396
284.74304637927344
299.6252406399326
235.11855728264345
270.2963897083355
270.9675961040557
258.6559132342736
284.3315921615722
264.1709804803977
296.42145956734385
255.2245771358248
231.12163516866713
245.30298537760973
263.0850957124094
325.629332788958
240.93022247151384
224.12409679914708
253.09836556623486
280.9543544024091
236.83471858864505
233.0172937421812
229.46433410714963
261.8053427876439
246.70138886475615
229.28141224150022
284.0671552680942
267.11667809951905
229.1800848435596
279.43320599969593
310.09441842995875
336.07115733483806
231.78088495103293
240.93595792438282
275.07463216139877
238.16188887116004
310.54830259879236
270.3728312653693
298.28859544637817
219.5278268755137
241.7642570458047
264.46309954390017
282.791661885487
237.46368961773987
284.25985741207114
232.35700265708874
299.53912279848737
277.58192486131156
264.94584832096007
373.07429221143684
282.3016468781716
260.2487832477709
237.22945443243952
263.14491700567305
238.1749866584869
272.6153415951776
342.2195524938943
232.98706924224825
284.2750440765376
223.0785006295264
267.4783207983928
276.10171761926176
318.8136515395163
243.05214644734224
241.99846198570594
323.5077677111185
246.02461914878222
235.61508720062557
250.9021360766783
213.2093229634338
269.8167009722529
240.54657053823757
232.75384622247657
251.5051096802199
244.78466816039145
245.28337710707274
247.64704319172597
253.42610599543696
240.48243278254085
312.5031448701193
232.5667115773831
259.27113023663696
274.0358434885129
313.79641448492475
202.40827096151042
245.19204210530006
257.77476505038794
242.72637666444643
304.390065323365
285.1618377310151
291.14986964965647
261.6619569614486
241.58016447981936
223.58595975505887
241.4170796207036
289.19205028450233
248.93301268974028
219.66811078725004
236.4717243465493
252.4053922911844
312.0231486644843
320.9551300817984
249.95952794795448
250.11969812816096
214.6911465217563
256.2600924311555
214.7199173921108
286.72001034209825
241.38319296803093
255.3215445735841
255.25199465547485
249.8538294692553
217.02841847344098
213.0553314725621
220.28033662414236
205.51817528496758
292.58201327467395
232.5461065748823
270.1315050133344
266.70203970706643
246.10587261374894
247.76148646326328
240.74972307188727
223.68570269253541
225.28277380355576
214.6000299112129
229.5242969268147
272.5091416635114
279.38162427733914
257.44974691828975
298.5177751071096
284.45974720265804
254.7776004734842
292.0225212207297
257.59689615615935
294.03281258298375
259.30330573058745
287.69686163826555
328.8520880007709
249.83387721355393
285.1097051018005
280.5862589619137
240.65446076882654
240.4097216037917
233.2561787708255
235.41934879511246
284.8667855191743
246.65741315874038
259.9406164603861
235.20183287700638
226.16391566224047
251.06353872919863
274.8018190019793
241.24651684251148
278.4844554027659
235.19251123316644
303.6667512472777
270.2035694668011
275.67788662272505
242.96990767374518
246.2736856751726
242.11822821520036
240.2236744449474
248.3765703203244
262.1067856956215
228.07456751240534
260.62160875044356
312.0027318079956
290.6007594346156
311.7081933207228
223.87007482841727
275.0779500115168
237.74287698956323
241.4328803534736
249.3666979844711
245.33582339659915
268.10275047704636
258.155841167827
216.96015881210042
266.2442249385058
251.5689178037719
282.8134013649542
263.66323437777464
241.07537231959577
239.3901828229864
304.9143688880722
241.7179635835637
301.7169606737443
274.20829686900834
292.01706267439295
230.35615646705264
317.324932678981
284.5508041669236
258.34389612257655
282.1222590864636
255.05726574703294
324.91449256878695
238.814385564212
274.8258700894512
244.17319105399656
268.91386099396914
278.5820728166145
285.9465770633251
301.8815318643901
250.02505104047304
234.63085674382455
280.62115347704093
203.89067837166658
221.91655819858715
213.95807128449087
271.49324491873267
285.2376196545083
248.39017434677226
309.58635285096534
245.3858512949082
284.161167771701
290.60626054229215
302.6550158061
287.8342397720553
244.80502485574107
236.30319031905674
255.95156901265727
230.81832918596047
270.070814459541
260.62676830153214
292.1769777779118
242.38897043689212
246.65345221613825
279.6806283410551
269.91888604209817
282.84194544985075
265.4931404930103
251.28383202497207
216.34347578842426
233.8806262222206
271.4870432132884
248.86400274382322
275.1764396534418
227.7549137767346
269.9174705000478
266.278743391289
245.1159400373581
334.1374864476966
254.02414667699486
285.684822639043
291.4666104963835
286.8082755579817
323.4677374922903
206.35360893709003
270.11581164522795
252.46134227786388
279.01692536294286
338.39197894623794
314.31024296396936
320.127364855216
278.2274832984258
243.2911739340634
238.61702994491498
255.70236895284324
294.29733440224663
253.5920242058055
275.36877649907547
253.07727734622313
286.4911359466205
281.0103802819067
250.44288002971734
246.34217313905538
228.14893129613483
240.02386633430433
232.25881433614995
210.65721507808485
242.65233748026367
265.3412279015465
291.5638261340209
242.50713819770317
232.95947310721385
253.36522881971905
296.47976766545617
292.34225948526
221.64724639542692
247.0849911573314
342.84461519309843
245.6308215262543
300.30151371480315
309.65048784404644
237.75521393865347
255.3866777903895
250.4838931701961
268.84557532393956
229.17805975369993
268.80174480221467
231.67586716418737
255.74962240463356
232.1330090143456
238.4512412086624
281.13022366014775
259.55169530973944
270.34126783467946
214.84080354309117
258.133146779408
283.9891881582589
234.1386594147334
255.3980730184121
245.80965029791696
317.6122911409184
267.21785461077525
233.5312373017514
253.86732870510605
291.4434812299878
248.43173446814762
251.2866366802482
271.9278440363123
281.29642434565176
309.8224178960809
247.9403543722292
242.20626770115632
249.63687549188035
258.227574654622
259.46044316772895
253.69608098670142
270.97114365841844
357.0871210031037
215.34734901426418
229.15045380339143
327.8537656003464
247.97665079773287
230.33162075762812
317.8695529003162
231.59970754255482
225.55738883957383
221.782620905331
236.9304144421185
308.3628655963257
306.3428547980293
299.253147856507
250.60900457353273
253.35696446537622
273.9492053391732
252.53801366924017
273.84766170907824
280.3848021603917
241.8945466535224
315.27428123136633
236.7499405930721
248.34330619419052
269.47050672461046
267.73669768081163
270.9761125408986
238.17733685739222
277.80879334420024
231.57335601143131
286.99025453301147
290.1478256368864
265.9477079426142
275.6529506390798
321.3656553119945
285.7483531350881
258.2985565203271
234.14441698453447
242.9333608931047
247.8640155687026
230.67733262400725
279.4968672138202
279.1319935243664
308.1608509429352
328.77058198300074
253.74320925041684
253.5515220677189
270.20485856197774
273.9185707378929
257.67189601458085
297.9276044825674
273.2830819121009
272.7789154958009
294.00677998973697
219.3374858853931
222.09308757141116
234.1779880607064
232.0488552821189
219.39305710997724
244.37657248681353
238.29281032594736
261.8148070311727
278.21287139024935
248.8050664987677
257.27148812808446
210.98928415634145
271.71420723808114
264.837008625851
259.1339678193617
258.7347391745425
241.50365542602958
196.04019381824764
216.1122140596999
297.2149007640255
250.07649623096222
242.450405350246
301.26011802381254
259.2259591019247
249.3926252859237
259.679345836048
230.76368148825713
299.29657063484774
239.10827447060728
283.60770983761176
288.7376750963449
263.23691686821985
253.1130887142499
273.7439511839766
236.29948426177725
313.0853883806849
236.98909588190145
254.01159976617782
243.20098265461274
262.0185696738772
264.47586800315185
288.3182320672786
259.62323329478386
254.0061338469095
269.1865383668628
273.6691459605354
192.04338536431897
319.17239072654047
385.8797082952515
261.88737844867865
221.67519648527377
262.42576586216455
208.74146483989898
234.37409329769434
238.2261321664264
270.4703443304461
316.6874815846095
321.57487606370705
310.3411415889277
284.89698401562055
258.0257553484407
287.29921976820333
303.391702910827
295.98459697910585
260.3201190236432
298.32206914864946
275.9327681729919
283.80834282404976
271.41186148437555
328.9154369648313
327.3438403123291
278.0010513282905
282.27085472017643
280.8550201297039
245.32325627669343
263.6234642366762
215.8183200256026
285.3114189202897
234.0986663569929
215.6181127873424
256.22668541866005
241.7560105039156
239.38073043344775
248.07554053148488
236.7678344626911
286.7089201202034
283.3061277460656
261.75147615376045
335.6346563004772
273.6775828571117
212.4871531270037
250.1518741081236
247.69600712152896
313.59776331839385
294.3012526847597
257.5334352742648
256.6675138204009
223.59727382546407
221.41518817242468
278.8770690285892
270.65854472783394
198.26368831310538
264.1516455457604
319.3354921482678
226.08693653074442
292.6592965814052
377.02739079951425
325.11536736550624
283.84105961213936
244.2625961348822
252.71853989036754
260.0356555436738
301.65533444145694
249.2611225337605
228.71814819143037
246.45487112144474
228.9699426551233
289.1711309909879
294.1123766837991
259.5270230496826
306.66883592822705
284.5140731172578
225.1200163239264
235.36228005823796
325.56361450933036
235.804448508512
271.5334864605102
228.71793631487526
280.8536459299794
294.7521274823521
208.67198509394075
303.642491438397
230.9706874936819
232.3280329501722
236.97779662057292
298.89083524790476
228.05208117916482
217.04254323159694
286.53372866808786
262.4327678588743
296.8589216749242
233.74485591205303
273.6891416333092
274.73638759952155
238.77940334004234
256.8692408729403
217.1091808306519
221.23535445550806
236.72092751902528
236.81726476392942
273.324738220399
270.9723545364395
220.74577099416638
246.59088477108162
240.97365869765054
226.6033328276826
316.5890913576295
231.86252801775117
268.21581677600625
254.70240495179314
304.07435915461974
270.13008520458243
276.3941104178957
282.7947785804863
259.8610344934568
280.94605678494554
279.428573065059
219.47930834526778
250.17152602146962
241.1823354520311
295.6474011706596
271.9665656434954
232.35469111902057
331.4804971786216
266.65433956720517
309.5377008570649
245.14451661723433
262.1101525770209
226.1622312804684
253.85743031746824
207.11770196419093
262.2966312857461
340.4305751582433
233.62861402719864
265.358092972514
264.93521099557984
286.54068518351414
278.71332548881765
270.2275611498044
295.93657739661285
247.27068180777133
284.3232801621198
242.92906430806033
258.46619371295674
234.12498202515417
280.33235089603113
252.86481486988487
254.44341916264966
241.17872767013614
291.0910140166525
227.66253014357062
239.72427713358775
209.09984564976185
251.66417418891797
225.0412887952407
248.3318737433001
223.74755759045365
227.49679762823507
243.96177179654478
225.00690194312483
229.79788242458017
247.57954482894274
230.26983048196416
301.2111368284386
272.7965062910516
292.182258741901
299.851229349355
244.8512515600014
357.9638112759276
252.95619711707695
277.9129181475437
230.68993885390228
320.37727136549074
255.82810382914613
243.5133641026332
235.4038233803294
289.59027959866216
231.64399593652342
254.67046769120498
257.2002918307553
272.1440230058506
308.9629910343501
234.4779742404353
286.0344418146997
324.1689784883347
206.2121175286593
313.1476609861711
298.55913957903977
206.36669881723356
255.7750273711572
266.75807646490284
296.74685823058826
195.42384832978132
268.06083656157716
272.3828879969951
242.74292333325138
240.28771881910507
257.56873683683807
327.4418700473325
325.61857872852124
256.90315721867955
245.30809877076535
260.0768932924839
278.79224152179086
262.70850293306285
235.02576306893025
267.31127131171525
334.3644032921875
275.82956794076017
311.95992031219066
216.91918001737213
261.21974560120725
250.25521716769435
257.2023870656558
271.8457356207073
203.90295243772562
290.38645934092347
236.35125156724826
254.29773421926075
238.07145473221317
285.16984575468814
286.2522846237698
245.8497659350105
251.85517089185305
236.00782754892134
224.44903827022063
251.02874165333924
249.25042271640268
192.99964951953734
221.93223401138675
217.07674530835357
309.6124090081721
240.23774640989723
286.76274717864
262.9064718585578
301.6030495291343
224.90181196315098
248.9285093920771
252.69268027559156
227.8197798706824
286.75751369059435
309.9789122484508
234.02580687589943
239.54213998874184
297.48833150663995
355.3019526732387
344.4932225559023
268.8696449966228
255.38234716418083
231.5963842496567
265.84530831634765
264.6635669657262
194.1044026365562
307.77745733381016
225.742808149138
305.83938585882424
231.38460185113945
274.8460507018899
281.944622474839
222.84461852005916
271.3887559559953
258.9786566273542
269.0568800497567
216.87384289022884
216.13043157107313
259.6998641532846
259.6880720181798
223.28463742265012
293.57035066070966
269.92965712875593
228.63676545847557
243.402485620667
281.3982689471741
320.5297881542938
284.5032603625441
228.377586937655
239.69294299394824
241.84231328990427
226.2260697876918
245.3527568304853
267.8365557642537
271.8655779019755
257.5767618417449
231.08462571911514
283.6359426639392
255.0720132246206
304.81325938529335
259.9688139387581
191.91551727391197
316.8212029346614
233.22689112764783
217.9624094813771
345.86625520454254
263.3960879726801
287.3123514675244
273.23969222189044
245.78773928273586
240.59822131090914
292.1445024066197
272.6040639732091
241.40273593660095
226.96950566759915
254.82328061910812
226.74741875196924
278.03688827354927
304.8463860291813
311.6565516277042
246.77375572899473
250.20537884987425
262.8715257709846
197.88487512074062
248.95087887666887
226.60687370877713
264.0771831367165
320.4217109164456
234.77880164177623
285.81297681614524
228.15511473602965
242.25069829224958
232.09087743138662
287.84876805447857
238.81169284132193
281.7699452324596
278.72371197957546
292.74255122814793
254.2436329931952
299.94109858421143
286.3858837225416
272.6654144746717
349.75289738332503
245.40310923368088
268.45204069747706
239.12202772707678
265.424421087082
242.80651732257684
244.56497449227027
358.10727602706174
212.3634310089983
249.68991442408878
248.1117612036469
241.07840295147616
270.7257018813398
349.26484049257124
215.73986733341007
251.71238701435504
255.61843228517682
266.47503839893034
257.00392836972605
280.9410773438867
250.68508413917152
234.834867100697
258.27223494296777
271.84487949404866
258.64872864380595
254.8439530908945
312.34813087811926
220.15002042683773
271.02332169294823
229.48510026268195
242.98934543252108
257.1852372471767
282.40426793601364
242.26081603142666
274.3460107745195
280.70209520109347
245.50810727960197
342.0446079276444
333.7247389466502
324.58915190870175
240.09914638561895
285.4104096683441
256.1325916183996
273.17363008181565
264.96825311519206
272.235075826291
285.4294439353689
256.58841583592584
301.8512588017038
227.61314107029466
251.06374458037317
211.90050504519604
301.8271802883246
240.38346529292176
254.0944204230036
241.25836531663663
233.01745719983592
273.10635185072897
272.3287610829866
245.89373970168526
226.15459768191795
298.8949496113637
281.418620611541
280.8269640634535
250.87516582588432
255.38633375632344
274.451162199839
272.1234372264007
259.1823039020819
244.25925887850462
321.58494557000813
350.3797674679663
241.85400615652907
272.994160508184
265.30978435211
230.25270492161508
264.28378053123015
260.5526946953323
312.1899839399266
247.57229711604305
224.94538465782534
254.32903103227727
240.35140257776948
265.86538820673013
274.0433172309422
280.7955929026066
255.5059609975433
269.3357769383583
225.35637345930445
283.46447096500196
273.11261353699956
292.0056224114087
259.18506308912765
322.8946459495055
268.67492153364583
268.54013258535997
275.4400398765283
306.3690879450878
227.01031529979082
223.24642952668364
285.6154836937203
299.1372001967684
258.00444097901345
244.97520113454084
307.5252243281866
246.97720039452543
258.03978346686927
241.8391315851186
252.70064392115455
234.30464799323818
255.33385093830293
233.80340322072152
242.69095180707518
230.04429629791412
258.2535977594089
231.04589949001092
270.9782858120161
248.90019827403012
285.35848099397845
314.60692022851435
270.2847834926506
236.88572762478725
236.4834442670981
263.1203476556693
274.4701009367418
248.98109580390155
271.66403793296195
259.1661073935975
256.13647902192315
259.47186640891596
294.2547120633826
270.8101794687391
272.59357995536993
282.5588213271112
324.5175442795153
265.0417500207841
259.30289489220013
204.793917032046
240.98066969466163
251.04239430476446
313.8106644805521
269.8955928143696
230.41896851570345
284.7976413181168
282.85047686303733
236.5173804954975
238.5183085160097
279.58924911514623
247.38314085523598
271.14745414152276
236.94099429412745
280.67379836563487
184.3725369303138
253.48888067196822
289.8009288837202
281.95723142503994
245.52233224286465
277.21156371879624
282.109072718129
274.6408608573256
332.63586077216314
314.58058408094803
240.64587510703132
252.3133331842837
315.2516728216433
270.67408690345474
332.700189777941
263.88207139016595
237.13095544895623
268.83966989506735
257.00740808207775
253.14158100576606
270.78320321440697
323.65007597010117
267.6004783011158
288.6089817627799
238.07739916763967
279.37112581846304
278.107868751511
246.75368081306806
234.61900902580237
215.25581113796216
234.37475421308773
257.85310240782565
291.00148219120456
228.57285818096716
247.9406120032072
280.32838583685225
274.04702320316574
292.063205913757
238.7897561514401
279.7000261237263
235.46379324421287
251.75574904336827
240.42587793595158
379.15101379103726
276.2102940004552
257.79318229923956
286.91644354816526
261.29212721897056
218.79433730914025
255.46816764684627
274.1101594620268
300.9633100766805
263.616301998205
286.47480704815825
283.5827625997481
256.0546484043007
255.7049345902633
229.32055396953365
229.47004660696257
309.37132264551474
299.12456869502785
299.2394379794714
270.71741706633475
240.4632123298361
287.05784850305645
262.7036535804509
279.53035917831585
252.51606633886695
264.9609638181282
243.76173330569873
289.84523734333925
241.00368583603995
292.4286418641568
277.70532133668894
276.189600383339
262.0839329167502
269.5615518146078
262.1511219048989
244.930678374134
240.86430899373954
232.42314393655397
267.6854501767666
248.61520792980446
281.1075795601937
244.31805694982177
258.73366755625466
230.0731381495134
250.25461172743235
343.24556894012494
215.31626224284992
232.14044387056492
248.43322406045627
285.966133114649
264.42304920440074
234.97888291510753
320.2201521085808
298.23142326727975
208.7758664386347
214.79812174726976
238.6605995389982
203.74993061169516
273.02409330924274
238.6942506847554
243.73202186299022
255.28479599393904
242.38664929335937
239.02305899135536
298.1082772243535
271.6558302764315
267.89942854299443
248.46808200335363
299.736538363446
215.04922567441827
224.61021952627925
300.50393977493513
273.97234256140655
251.147574283008
275.9177436128375
221.65998430812033
256.44998790713726
263.6215826191474
273.1194800827652
212.16246130375657
249.80448842718033
260.08650804060744
253.0203456291929
250.53377831028774
249.93774041818688
316.5005837616627
224.36112757457886
232.36324200121453
230.4397129411227
264.07403569616145
239.04274514882127
261.3492857486126
251.85553869529394
256.86760713980766
324.3248535936582
266.99114294716856
272.1035895803361
297.38428556738654
280.9163866842282
274.25150749186287
236.6069884717581
257.57362981070764
266.4466882867273
281.1669639481697
242.66930005978793
224.4044287673314
234.0517567084753
249.65780880115926
236.25372767460067
238.6465304758749
267.2137972105411
321.43297084153164
246.52807195938658
280.81103075284045
251.91951944091124
225.32788183662342
237.9807444291073
228.8224287534249
305.0342366922996
266.2737072176533
226.58154937194195
261.61902272031875
278.67805986339226
273.40085543121677
279.04955945396796
274.36917036859086
246.04762129328446
244.25507606868632
291.4070110488683
266.94551789411344
303.8368448707042
284.7867295674514
287.63805436191615
269.6469211715157
277.97502236202126
240.8005959917209
251.0129874991835
216.2983846560237
268.146441795805
274.7660641563707
260.3831298056175
222.9238169582095
213.20665633969475
231.6391609752318
211.05849468463566
251.90583505271934
234.01264319563052
232.7317438495229
310.60857519938145
282.7282911318471
231.04472023592098
249.92002904246328
256.5687522877706
261.6756801044103
316.194900200353
240.43197475920897
254.32548856601352
198.35832584969467
295.2608630178729
241.63683167443378
252.52601405669702
215.66610938392114
224.16478995227953
223.06441481004003
202.3011937380652
288.694300853007
239.42814832134172
238.85726976487786
220.40004783932818
260.1246997437556
296.1295851098839
302.8042645769892
204.93038661859464
298.4053589508985
266.76443564298097
312.14910607028287
235.66549406939885
255.11446899949806
248.92053299135296
270.35966792615363
262.82798085268587
251.88085961720208
284.4326192352455
253.04834239929914
265.7903549823095
266.7858812577324
239.6063257768983
320.9690320538357
288.9534984493512
262.09466741932556
321.6663080797298
251.16616871434962
239.76812344085192
330.2076107338653
279.07065926888026
245.35219587170286
249.66856891463976
330.4534611136769
234.3685914928792
230.13621434260858
230.55823648249498
208.57236858876422
288.6842902067583
253.71900065656519
247.67310708551668
271.52893557725474
242.01145811687456
261.6997762439423
258.98801768856356
239.52839724777732
301.392859951593
258.2837731366162
234.33626849931898
257.1732261925936
246.51517700083787
238.34492121147923
250.59603770059766
294.2504477708135
271.4371537034167
213.6647731967969
279.2578760662582
299.7191777959815
219.90521837538108
243.6137293415959
249.70857120282017
246.85277544974815
250.26706606976222
242.80305777932517
244.42310554848518
230.4787455498008
312.7510145608685
277.44678018742707
239.45075853867456
256.38031629746547
244.16113881359342
288.29408519453136
223.81570212572115
258.85073822538834
217.57242350443266
264.0439247029135
269.50522823404754
260.93693664093735
224.66594995569903
282.04210852785036
345.15700536681106
270.56062329676934
225.67386663681827
279.0847732758266
223.0410548670916
235.27806836756645
275.98745105956914
294.1710766812321
278.4409294407815
290.14630517730257
245.13496422662865
244.01440911879763
232.9567406711867
252.90110358281527
232.53511621558573
242.88695833075326
249.49819869559724
292.6780120357289
252.9867694269633
313.5992709186394
253.99773725040723
239.03646150720306
234.16328334185528
240.8373247628915
251.9382232518983
289.93426404939964
262.61174306756584
276.87479925202206
278.7217582234298
257.23674149875296
301.15235625370406
231.36417596100364
254.39163155545248
321.04839556320803
236.13072081573773
284.3181693381048
301.57625901344
268.9125084854313
324.6909893504926
278.2229122381541
270.71003604121506
251.46538389637135
254.08375748741673
309.3473681175965
269.42765593441436
243.06793339911383
301.84195782616735
301.00711072946433
220.3083091643639
249.859026631515
245.20036706485553
243.4494270796422
240.87201214424567
258.9806064630975
239.01182066829642
239.07216105336556
278.55725352687296
224.08882556122262
301.4113250228693
303.15631515620044
240.50990460783942
260.40223881672136
228.40112290187972
243.51493688015034
270.0714079308091
221.65964222187176
244.59339295257814
269.35645524115534
251.2221756466315
297.5138885633205
210.6643864143989
196.7569453981123
235.5044747730717
226.01531999913277
253.51426345546497
263.0831524444511
244.47072919516359
309.05639275099384
291.5169710722985
223.7731306795613
303.78300947195385
264.81785101105925
268.91601633868413
228.20198790665017
257.1588226536405
256.3748522341484
311.2464349048096
273.8134501562454
238.18919400539016
290.20205202989746
243.5189830099116
332.06305899767904
233.97129990102258
299.936384527653
228.6322487250436
277.9569533163449
194.8065068126889
352.33997090993216
243.465821271413
277.255245501583
302.6839475175948
255.35159342957195
236.4230444765999
252.7836473970092
270.3616985908011
292.50720895978156
279.4250721656135
236.51880848506698
243.55853477696655
199.71646036347374
327.1714238804998
276.3377436872688
262.57468547852477
214.40812091931002
279.5344977287459
267.46674087725114
209.90584939171094
275.499521237507
228.00090893520974
235.51638880197424
338.61548119515646
277.09154151036637
313.1266925233067
260.03847376955673
261.29173232096946
221.48846848873654
251.33286012132885
240.22785264858976
321.0479748232756
270.3196379955625
218.9169090265059
270.00663193000946
307.78727734216955
286.568448429578
224.77043445175514
250.66758986515924
295.95772077172296
305.66130248917034
221.23412472743075
289.98794167273445
337.50280383968493
275.5792237581336
321.23797995818313
327.90910341846757
256.0781012515072
278.444733895245
245.86418284801766
243.545985835779
292.70301709568594
255.95552746154135
287.43181579728844
266.7742772483616
269.9424895455013
220.25815042934846
271.54683858918725
233.6629751584842
249.0868809717358
240.49410006520338
347.9473544918583
308.8211002739845
278.12024690205
265.9740973284934
292.2637509733904
215.20553200959694
221.49412800971186
243.79473261570092
265.71311662287917
316.0135785944294
273.6428948303801
259.18032842245884
283.2021526315366
236.3337503678631
295.81803165137535
318.54409576265607
282.2679816899472
268.41045522189233
295.6195585310343
226.85838368954137
252.57693787745666
276.72158760525053
232.36939794855425
249.24967983132228
264.8329796490725
279.7875024791574
254.9756751966779
275.5833006622852
269.25489365210524
333.79754372301977
240.26470307685668
200.87070895987563
246.55783474666532
274.9639845037018
227.6671753959963
258.894405097235
331.9687172656995
263.6240482022986
258.22562997281784
226.6471680512186
284.23548464942724
221.88716696656775
277.985359982471
307.11206118843984
218.84445834974758
196.3102504273993
240.56098919257056
264.2282393106143
272.37877708417363
269.56037798622856
260.79758014302934
256.92735565587645
223.25690774974646
237.58221900474746
268.13659778924193
252.06483179779025
315.67930879368214
241.2568886213121
267.39394754037494
275.588502089784
234.59534155158326
250.48682166234357
229.02758326707408
321.56712152058026
271.2425997382961
247.6806100156973
319.7104400951648
226.53462455893168
248.83043103892123
290.9757535031531
268.2180123028811
232.62012371374294
208.1557037749444
331.83147002075566
272.45018047624035
301.8133364293608
245.3115372887696
246.16817760345293
215.96551137696952
262.87515469110804
237.30492168705678
259.68598302535247
268.89224355632905
281.5870255892514
218.934686630324
225.713311698928
267.3399406792014
225.73457080964
250.61543328495463
277.5734236910939
274.8585336622782
246.95517579797888
281.7793831471354
274.4910226428765
264.1316745207296
242.12516166642308
229.15336273086723
225.5864030928351
265.4350527783972
258.55199719039956
278.3147058378672
255.9436105529894
260.3974860192393
258.54122475849
281.36816132016247
269.4716948423302
302.2173525011167
299.502946456254
252.5868582240073
246.09975960472366
212.1965043573291
227.16575475013815
303.05361721030204
281.0777578720008
288.6414261527243
247.53839026304195
216.11443755106302
241.48348958586575
234.12506325764116
242.54145639733179
216.8730690551456
242.23923734243726
268.29779462865554
220.3088571940898
292.0671624697279
267.54555759823415
292.00811199337477
313.0490591931157
236.09520250052446
202.68822692887625
269.89222150924616
287.5332823478384
236.94003967836034
206.26499428407988
241.11645279388176
232.41401881410275
228.30072892608587
252.51738314743852
239.03248146432452
249.4988705959986
244.8272487760405
272.6456833438715
256.95801402267534
260.30753236979945
224.67389454401564
247.13592281145975
196.78433860931545
222.25444379186956
231.72128867421998
266.95579689071747
204.4113723259652
243.6750723044388
249.84645200934028
243.75932770746294
208.4806152242818
247.0319489337271
286.05002509680344
307.26118856621906
237.42457929998636
268.5781509456574
239.9218542826129
228.05748096475145
279.9812104422017
218.1738296917174
271.2463353232597
239.25597107078647
235.60720929357922
268.788071433024
285.43971036054427
245.0447967259679
255.6492402467411
233.840522618033
272.9935131261009
248.9185616961331
245.68274370086147
324.32010531268315
330.6080128926551
238.94039643160067
202.58666663331678
317.5217844170984
274.31519775203196
246.41689674265217
236.63321377435932
323.76299192523584
276.4235351944226
308.55538714287104
235.04849190515233
260.7074693896575
304.1478435344179
229.7592919767485
215.91359140333952
212.40955498500261
259.36347583302995
199.99763485160656
218.059861028858
250.8515277885599
352.1922294317046
266.33433763164794
247.9069062442286
231.16139836335788
295.8532716247719
315.93502922996413
279.7310441485606
305.2986073679058
214.32568616053322
232.51966913364595
295.81784894911107
263.43714851810364
293.4967977440101
315.21237586066127
219.60610520042246
256.2207899893401
254.5234308486688
248.6979463811149
254.07412758597638
303.17352416028734
354.37135376158403
263.33580951427575
261.00735445838654
281.541050984466
260.4315923562972
217.9564738482004
283.6897652196931
258.1473233086872
270.5293743261136
255.1601027356228
257.4746645555133
226.8620032586041
280.8274012384936
274.4025267146062
253.71108540525893
246.44685362221207
226.78057587891817
252.90301493334118
260.90934020438
274.241281839204
245.8968058633618
311.31630354886875
262.257814150129
276.2099120183266
239.98584998375736
221.2395483261207
307.1304183342145
290.7825968172401
287.61681556206895
278.35582805465674
312.8584007113823
228.50709747645305
273.9625651294482
326.62310723913833
276.9944149047951
255.86844573059352
277.27940427331487
273.441764029616
262.47054766572546
337.076872720907
276.39659356087213
284.82669676397927
310.3210519561544
265.9798522350029
243.10614111175528
229.91855522891274
238.57335698697716
284.55853437498445
263.4591415934847
298.907806641364
308.19501109136036
215.36047860217514
240.75361545186024
270.66742376674665
235.08738918340532
291.3170704373624
291.2080626258394
295.71050544426544
307.2156660219189
285.6424583654152
287.7108679621597
319.43629850866273
233.67221175367013
237.21852959005628
225.42531159718055
215.28927473112708
213.0267237064545
304.6222756074276
267.4559530307888
214.59823393519036
251.65965263836551
265.46036551269935
252.0779228717438
278.7920952445129
254.47493823280092
244.94399268529378
209.34002695552772
264.1020204658853
238.18873929575784
246.20039938978152
222.28924646112137
265.52378994901665
214.3892917688936
240.11975514312508
240.99945839308202
253.48305836785585
241.06958551879507
219.28845554112922
239.86460316582816
251.1156667987816
230.37566159531707
252.02459578902926
247.31492115877336
278.2948248339235
250.04750203568256
240.66637258551782
306.51860370655777
230.66228276275797
292.7719078002847
202.4272168080788
277.0029077384388
260.59410034294706
274.10523290076526
266.37213457986945
284.82161381142214
262.9220497851493
244.45070734381443
234.1031107136514
247.47368852235377
245.59536751941778
253.06693649000954
223.75334610551363
320.6787424056092
203.99403174530016
243.38230941642541
254.5674970575492
254.7431494317134
242.33872532076202
304.24021292326506
273.2691570111201
242.9879333761055
238.50998506875476
251.63148833910236
252.15991236362606
273.7715438224841
212.8291333579691
286.65914426598465
241.5647327041952
202.8887272311258
299.1451122422586
273.49689969117753
274.68338908907026
234.13693889521528
264.4354189625592
256.3660673307022
236.92193454515655
237.20596393133746
249.85320503666298
260.204855521617
242.74592037656112
281.34384857164696
247.03823580406606
309.88141012744745
480.9680540673435
272.21600080892676
254.3910277968971
236.1781492398004
244.98986076243455
227.29851120675448
317.9719920322532
251.6410225587315
262.4732180693536
272.5609913318185
275.00792141701095
243.36579931771848
244.28576863597846
299.84673457068857
293.1536190123297
276.56152686913265
224.45050606236327
213.42908595508197
310.6271519808797
231.79951413645176
200.27918317139847
252.89220477151684
267.79789781122236
244.84168344002683
279.6923704150249
306.2917774860398
233.72530337475473
234.88951751688728
342.33705929189455
243.08681401610374
250.25997704989277
267.7516855773283
307.80910261545796
290.10725299688056
256.79608684394043
277.1205107762362
234.58279513160232
198.02060982066905
228.49088100669906
234.42676663718885
277.1008763834252
263.46617939829594
249.93491676612757
257.1944207556662
217.91969791834708
220.8880940665258
238.251525436237
226.89744264562614
314.211392242345
254.4975429394981
202.4046984919114
266.8402469730936
232.1151237488375
258.91946824570186
200.5327813551994
289.4602550632553
330.96680095762713
241.04339068866102
284.2447403984843
282.691623559047
266.61833395290887
279.33109720086213
276.7295795264654
216.17513183463598
261.04262300708797
294.2232922745752
337.4171140008839
362.40374767174944
286.86668005323736
233.85857272677822
298.2775818387163
270.32627215620596
287.45154607715085
274.4623759246315
279.7952887134161
329.8327079237788
273.2368533098488
234.75964413263137
275.36380776180886
339.0341116163181
244.9925594929373
303.4566181693808
209.1881092498079
288.26890335191274
296.30118532688357
220.0123187651625
224.20213118661195
246.88906195183517
252.14188638463384
243.33459328842582
265.8045848693
218.20755239360733
235.20240069180727
263.06461664143717
235.92839518538676
283.1388379014679
271.7298641286907
306.32084381679306
241.50001902022632
255.1581476542633
239.51912988792174
294.14745217969175
249.09697837376734
239.37627958133817
233.6243172440445
234.27199945086613
258.2336247465573
205.89954618294723
242.12612494145287
225.55514342145761
282.14192922011716
248.4407701768796
301.04004050814547
270.2328164516366
268.3050119904801
299.99571863753954
309.55871109169675
241.7141588712111
269.32268387346994
256.18230247404426
238.0566106638871
280.807626076974
262.7321014953777
290.69409053004347
189.1215901968535
323.3962732477812
250.8765601850464
320.9371769374702
278.70431913848734
308.70652991795214
237.37340118788416
284.41942894947715
303.74393043346936
281.56845509348204
268.83025666110916
271.19537208485417
221.10679744684603
234.8052415160928
259.0543471380952
285.67107316467445
276.41890565364156
264.05259173712693
275.2860034019686
238.77546858711867
268.4171854315791
222.1995244914433
285.6614636272425
291.16416318144184
222.41248478624038
285.2952132798964
268.7934498860268
279.2394015081227
265.3743184032501
268.31426624645246
269.90790011704667
249.6687553850934
232.09855571668595
271.58299875835655
228.30775349691976
251.9571366996388
291.1830581453978
245.9481356695178
229.47692416748032
260.25997597619426
322.2473750259378
264.9738770868862
274.40516919543734
269.58181574818445
268.39548904204275
283.58136222261237
229.79469906701706
262.22443140426185
252.06945664458908
238.1493779278244
261.15400369570125
219.2120514793205
263.36146675568307
219.59022924496094
257.2587097285432
275.8810551239294
250.29993753309827
240.84614459204022
265.2870273179724
251.84925571095664
271.74037693016
295.3443788585719
280.4074297932093
253.76513983577024
266.0674653687747
250.35608325968497
281.88039606041275
221.01045087899547
287.3652527180966
201.0508453620132
216.12475206353702
262.4702778675128
253.33042863733135
232.41496951295994
266.5769639892969
315.5880966554396
273.34765352867544
333.49898938753176
280.4255518381251
241.11092185915913
271.2885030560428
309.686436476768
265.98469358636066
294.93306156340986
257.2173116161721
247.60017024853732
259.6782258512685
213.09373534028418
236.9429695098661
231.99010342732072
235.44991136912722
255.57491988758557
286.21703955484554
239.26916612731293
251.28482676134445
274.44648399588186
286.03987969551235
234.67964914499316
296.9569969790755
252.44488939724397
247.21412632311694
384.1146484676283
278.0697086129803
272.6472574614454
252.96199879271444
221.84747010772116
238.97938343975693
246.80810079176445
241.35037831030786
256.16886035876814
220.74663918314036
253.97756142052822
241.07293085334823
231.3628764898749
223.35208638082258
234.62723862333223
249.93142300250474
246.40522379928734
252.83461905247532
298.7570664702216
220.44363963755313
257.2298318949761
244.48790736601222
242.7938800995471
202.39611836057156
260.2845940956613
259.98048905143514
257.39648790145293
316.9691946929088
297.4815932420315
273.72804452944547
263.6588113239268
287.29440682043787
279.59064321313053
323.25030688603874
382.0573774679797
226.8086692574434
239.15504112676717
261.6638481281698
312.09075500816107
262.1774198275525
260.9522057395661
330.05008546088357
197.18102972535416
244.66938798280898
236.71535577974282
239.79017520905472
205.9125702008605
247.01842765626498
283.8025741606252
245.30617440107744
236.6375187052181
314.0622989742551
298.74186252523214
295.3749678133754
256.65760067570955
250.21378415438812
275.96858708781656
207.69654128560796
296.2519251341
227.70727467664983
208.65360881842207
261.81140898540616
214.76623340370134
286.5578431454487
230.14665563381277
219.34836374525912
252.32460186933167
335.0032145255245
241.37817764328793
233.49813933228143
304.10319139494095
235.5111199397361
289.4442349775927
203.64311830629595
264.8684053666657
278.9588224637555
227.86493676702958
371.1835792051861
330.8214018207509
271.86955505935475
289.476691436721
258.21771684335545
227.52364059723914
243.77189329918474
222.80174066964537
297.6376776865218
251.3526936507551
234.65799159544986
263.38787089381367
287.49713099654764
229.54616338270716
244.374903248623
265.47437075618654
278.4183778607985
250.7664651570376
217.2009478729451
298.68703289260156
237.61731897725258
196.9165939943632
210.87042277958244
199.2228464416694
246.02412076632027
295.00589627970476
362.11720609106123
278.93202612316236
208.44482616579626
259.610985401785
267.17704078170937
229.83236824104097
292.99643679801375
230.0097681483021
246.6457090275362
249.70260582352057
281.61482445395086
241.47931651805993
253.6463430740405
272.61151603248436
270.3719109897502
312.2773505857913
309.11466016003396
275.3392944893567
204.16038956295233
283.8118576675188
299.4979270079639
290.9142856608378
282.1798965164926
259.39352322393097
255.83751312014647
223.22521081729792
208.57006388308946
279.78548199206125
239.40625449165236
273.2035778021673
276.34588966856245
244.81071409780998
277.4254224584438
276.22595043398906
264.72406591905747
227.6659627589397
247.68759182444774
217.57162652141415
272.93688320112415
259.84319555887487
257.825304975966
261.8701174450107
267.3157039998332
281.1705520407995
253.95773772441316
256.94166764081456
252.2588302063523
209.03091661608778
258.0155013082549
235.2565249731997
303.1626362154493
246.03271491150372
240.51209496275987
210.50822357914876
272.26174582808744
280.03636676375754
305.32381502806675
273.92561409284826
328.91266133170575
252.90709142375272
262.6033344413154
264.2675550323911
252.28820816171356
246.19048348616343
266.97641228185967
269.81018918938935
216.91129758534953
296.9907129004132
304.43029910803307
260.79471749369986
246.31187099812087
288.7698348710546
360.88063751428854
222.4294307968812
292.65307112864684
243.33050205919426
268.68723152263556
237.98028510785662
262.36277220444754
222.5071575824404
275.4831048378255
298.98210194252897
242.8204919657437
242.3809015552979
310.1806953953346
268.5847793526482
284.2695261229528
292.231872587814
268.0426638456993
278.1299096844159
248.14692773064598
251.24261224386282
309.978740171995
253.08814419677947
231.5761914914474
248.8174315559445
267.59225356043316
253.04044156242162
280.90666245587636
237.20961963629816
233.9757954212837
231.38978157157544
236.3029943088768
268.01193507306743
231.70349579805043
292.5415294789709
267.7867425562581
266.9582942748675
294.03629049053416
256.17514713364653
227.80019614240155
242.7980168388458
268.2602689944906
334.28086055838503
274.93397223681677
359.3108522526454
325.47248485405
303.7560182324378
252.55136906902771
215.67559092550073
246.81687501084525
221.78489624487702
244.30232211982366
266.7438561312156
230.55355657730252
235.25239792384673
274.5674498488661
266.0988633201923
233.60708016587887
221.2581545356661
251.27654010802507
221.0188884533709
245.17888001084793
190.87531222391408
280.63094861933496
259.61719724792056
238.8350492598256
270.0490619072225
283.46733451262116
298.33058433723636
226.5941206314601
263.38752801157534
264.71031485451385
258.3606736123329
209.68128306034487
210.0048179125879
275.9935626174556
297.64902621216606
304.82460437947884
321.4631509371102
270.61001733865123
242.53020038781688
327.5931862476282
282.4350604163483
252.32375360943843
254.74431510164868
264.5464072865434
229.45087908790447
300.64813410514034
260.9070627882611
261.0768881489057
196.06621105212253
253.76387586200144
277.01413240027614
222.66489192727022
265.04260358097963
280.2459279767936
210.6899973868858
275.78914725687355
272.3138871380361
260.6512914226623
276.4735340878833
262.8452251742128
243.73511090141255
231.34734600118827
250.2031233587768
252.2653788102325
221.5443129669875
251.81917421030812
248.1148936599493
295.75661767681595
284.26752572483383
272.8152951033553
334.022933644359
246.50287678651512
233.28220881673042
219.15313337638509
255.51477687980514
233.8937889705412
255.44183148816228
281.8957431324525
267.92004925373476
240.68700112274382
288.9682066302048
243.3090897727525
220.7342320419848
251.93924125179183
329.2999850627966
245.13746607245412
285.4750132280169
264.0577164348215
238.90222751209512
279.97009585693013
294.91774735448416
276.26758859178517
252.77769533602986
274.8483429370681
277.38429093011655
249.3814988656668
305.3221189324977
249.60435309854802
288.26145145343617
287.3632326987572
251.09870879433583
258.7424046737142
233.19713562272955
231.73433418746572
207.25761503796093
278.4402594413841
226.58574364089873
249.74543534242548
276.8921077082632
242.73030116420705
247.64741021057125
226.20744593814015
222.71219135762658
272.7823275622213
298.13127992860973
268.19042797619477
274.7480639509158
246.43385712371673
248.19058079482056
232.54567314195447
237.11181265313644
259.70162400067784
282.2656258820789
209.59406131412834
304.55348340410274
367.1539434280712
261.41937485558446
280.37136356090195
217.82120424939785
250.10507912479807
257.18213661247864
236.7957166712731
289.2370397503255
274.62735856254585
254.3989122476196
202.26605022873264
244.52992012316827
234.675979179563
321.79988288437016
307.3591548233526
260.89255884930026
291.5098172421567
244.15811761945952
270.8206956074573
283.1888038527686
263.99097786122
291.51042370905634
266.7517127759056
264.9161803976167
281.1686901093926
288.5418084412813
276.97934039554093
244.47157229762524
242.99328823154792
250.6104173765052
269.89719682745636
265.18028833542485
295.6088320930721
226.523548035766
261.53755687363446
254.95602163567673
248.01263368374202
242.78296435275115
291.9427168723196
214.3686810301151
248.37328047608025
237.00422007450834
297.07768876454793
239.68381112837233
247.28136844118126
313.7421241628472
254.8091652878793
251.748643939849
268.6656403860543
241.69570476631634
253.69037628453225
229.1977150643943
244.5914404920768
276.6409241784131
232.51478105946444
238.4441172563238
283.1542458375916
216.68355423246976
213.08754370815586
288.32756982394494
274.3070696105715
238.9267987475032
302.3020139465807
275.7809735528426
251.73073879943695
274.47892956784926
259.5450308548752
243.30486423976254
285.82395638583694
257.1361432429403
223.10211721551605
261.9624284884194
304.3696833506692
319.70619954459835
326.2350558580365
258.1715668500401
239.397423657123
229.71663174033165
247.44158811343368
266.2653340731049
317.6125731046777
251.26338794699404
269.34184482786804
271.4311095372541
241.41709528223146
282.55943603639025
358.46470363403205
264.8654213148402
242.84013744082768
238.8393086203141
207.56459155736957
212.3557220803341
245.69388547621202
276.9255593828857
257.77520648087375
240.22005874337628
247.25194876163732
287.60673882754054
350.19303935056087
266.39923095109407
252.19187468278687
228.2141534597613
381.9576591999503
310.3822446068516
225.97795059741475
219.34726538136601
324.0790166382212
231.16131527430844
231.40579350444023
310.2471826262772
291.4925655522384
236.32830723875668
270.973044850165
295.14398232172243
260.21086543705314
211.16707091743592
320.4587829748634
231.99853621271905
260.5179971489124
236.6390987583436
237.45493715489283
238.32465345074888
243.5279496574076
277.5549012251431
330.6175178764388
334.7120334036881
239.0782925640233
245.57968102046289
326.43120970460586
346.9489982915111
306.01446565485094
304.2327007938875
230.4668278710451
224.8363585238112
286.4333187583834
328.2899523269152
241.33808483579196
256.22969650593586
356.9322850716999
233.2928608629154
298.20788766781334
234.81146581529174
248.9806583803147
298.02414447185583
252.69805491832085
203.56370976311155
303.0726887822384
274.96033469296526
258.5853580061812
281.0574406668311
254.09699273551814
227.09793699264992
238.557517430163
239.60572508024052
231.75202051911037
297.86209210939705
286.2365848944755
231.81244498479646
316.06834614963736
327.8759290734306
277.1506327689858
246.25095965981018
287.0063703156775
258.1505765928887
229.17255052551627
257.52310260978993
197.960681354627
218.14430716761854
256.32356566609815
233.3342734730104
258.72611738636624
252.953939102008
246.82900943153072
235.7234591919696
253.45227874896955
240.39205327664968
223.13871246867348
260.71665377693716
226.24561871553306
259.5853643385926
269.8513501402922
253.14873231376987
234.4141242968617
277.3461241492769
261.98500969610177
302.3967089820653
220.3857288256986
278.6906398490537
265.3308130237274
219.14565646846313
245.9352655869443
230.70242382469587
206.75145359453745
232.35653700353578
237.97912440658547
249.52819496928714
308.35696642973926
272.29551135003567
289.6261998140253
317.2502684269566
232.78210335585754
228.5710879038088
245.46594413428102
276.50862271734513
253.4447361631319
213.21788141981233
273.6133021316491
279.08184662961867
205.82595354237128
294.49885363678914
266.06329784728587
245.84634175675455
216.6227839650819
211.361629867577
259.5426379374694
236.9392640113365
223.0899062305689
269.3357802950777
294.9218360717641
274.1886542746797
260.2638171754079
264.5951640403364
245.37583119992632
255.91266991419252
256.23559630510863
241.37420091533568
213.92225176258944
291.9211313732667
209.78461469395552
254.04545299115125
230.25035631423816
239.94263736903667
258.57677941629663
242.78943438990973
272.53247331024613
217.08784072753042
237.94330024602823
250.38213663781062
327.5418074380141
282.8333895779215
234.72812055272516
238.98685651505366
253.40573975804728
295.75956170063
304.44010822300334
291.6611273927847
183.14489476801828
281.35191656439565
211.71296229294967
236.4394407540094
266.9494491920341
254.59490415966138
314.6364727524342
230.37426869443152
252.04209502134472
213.82867830223404
218.72067492688075
345.3248990508728
263.88060228608083
252.34062065428589
253.73593997873832
279.6358786787605
260.1868224260397
267.5925087647047
272.8534248280339
248.9364341791952
234.15103987418115
253.3071100275265
356.8157987371087
241.89302026771475
286.5932273400249
278.0830650862772
300.3356467683334
294.08256095752586
238.55653747485485
276.1251110555604
247.59208565449808
250.58634340483695
237.61508428526577
251.43879791267682
286.21860653790645
214.49251990870107
277.6251924248645
239.56605108012445
266.8063250546111
237.86849457561038
253.34189974470064
282.021613086923
252.29511696088593
254.03274473862257
254.0611561551923
250.06896539614536
292.8269947253866
289.1281501366757
269.36784774123225
311.7616806947626
247.42810682964046
246.68658605613746
291.08785880252253
253.1722774558002
270.76536103128456
225.45778313907795
221.60198701079935
222.0561955543235
204.6941478609806
254.66838339017704
302.99596613110043
281.3603385044262
209.86366634641308
267.1138543073321
264.72431162931025
258.5954539916711
262.60977516311686
223.35432501567993
228.4718296553474
273.81399836356286
243.14660035062116
200.04376281274017
244.2093710952904
255.31664034887217
219.0764418352628
274.6686943382956
347.38849356223363
300.514261846547
264.7950133330887
284.32643297384493
217.5324111804366
281.30482701445
325.1434286821168
264.02386615017895
249.5069574591471
255.30142893106677
244.78573837399017
245.42957217956427
206.23692125664093
243.0888753485633
328.8803469117265
264.39329124067444
250.09723087062594
301.44378886709455
279.7274585721316
238.52234872372355
218.3727491989266
236.50819611933548
265.2094239392318
294.89408665907104
206.4863736986881
219.189747862285
250.2907961027231
250.22946735506412
259.3900140025653
197.62064693076536
243.80667558603454
253.1667864023475
234.28196046338417
194.54024839680642
276.27758051187266
292.01548469509
246.2350387147162
283.5063132508658
236.8141604278935
265.92972275579814
244.96940805506893
247.53208293090574
263.8614689663518
256.2015632184921
257.74750174582005
248.41594091197476
300.59202077868395
278.0769375099335
276.20553417271003
268.63132032589056
223.93168346269522
247.44713268452324
263.61867591401096
257.18873457761947
243.14526691345964
272.39466904010624
244.58008397673257
189.09649033506867
277.7339826299576
271.5755478271749
274.1294707489433
281.3790350416675
234.1612901299959
213.96249269379769
319.990719323745
249.85180320800282
284.9693541844608
299.65061658411287
385.22600665222853
255.18662931921426
249.59435407619458
316.1105829438893
221.07803182827774
236.3730157953687
222.18505932670087
257.1329620027682
280.5795631237561
216.63231281691696
285.26694980298635
211.4185534530552
309.1421086700866
261.4405728742713
190.46985498990398
277.3043941167416
293.78681165887974
261.2522619323572
299.6740022775484
233.96193670970388
284.12232715880964
309.73329573578667
255.86523415730335
259.56198187859263
244.34543100453448
233.16647439973895
201.81848312995862
227.98707157094032
260.5670761305373
320.4628323612269
252.70013585384004
246.12278130603954
255.39255291910376
276.54145290039014
241.52077326120343
276.6440919667948
295.8284646637039
252.72303007962182
217.86578057159204
268.42143829225097
272.8882280580001
237.03046944888774
314.35963459149934
228.30466051911935
207.1507748431759
249.54210028692614
239.42082472261973
229.21931429370306
265.9860278269043
269.88244903157465
254.2234402333852
270.1207212242298
232.17705698043574
226.16209034144413
236.21918859891593
239.0872440689709
282.0332070327131
246.5332381784683
244.51768885471392
272.0807229838101
228.53651976771653
281.4937721764436
287.9090695963241
239.94820839131717
243.57539227756206
383.55058304732665
266.15387980430387
246.57444438536186
279.9931371038547
223.59654784109443
253.65654038649518
256.4318458522903
272.7459034200292
247.29792240599636
224.973587069544
220.7920477297157
270.48389066325035
245.2791369697079
243.92288749513682
217.45576196629554
257.701104497537
271.1997492061928
265.36378113215324
320.94658437150065
217.51479117700364
310.3982601041207
282.92857861029916
362.08744700206444
293.1432277215645
292.8579696249217
265.6697455185931
276.85586305405013
268.1054292402696
265.41832333407365
282.2212597572943
258.5888801664114
249.56687232619151
245.42052982165478
247.80522291280795
271.5821375225205
214.4445486884797
265.7113845596323
252.98049724008888
255.90593088464811
228.5574559167726
280.61509366868995
280.22769709001295
257.58900369657204
282.43595581676345
218.97150134469848
289.3246286249487
241.4876333862776
260.5004111115122
281.5386263456894
229.6190988306189
230.95205854903907
256.112169330474
265.74742165149655
234.21788089489564
236.45153577951714
286.977620274527
256.8223501575412
249.3452913297806
248.12242511322256
248.64209267077968
301.7132601637859
265.40041948109865
280.4115076290909
229.95344741188455
282.37650339270476
226.0991944418056
263.90465429611504
252.11767714307643
221.0765610880917
240.54350321390666
262.69462249439675
270.16821081051603
260.60913510993123
259.5177249343833
231.45352368138265
239.41195565997623
257.3132365824422
307.1038882784778
288.2508350693388
242.91865972417872
264.3961363672279
254.85775213234592
241.86457073886413
258.31235747097526
226.670500148437
278.3113741816487
242.4973018114688
255.20438240317162
264.1120073994389
309.45837730006315
241.38536702934653
267.56596701056696
281.31500996812247
289.1135293683037
306.02994963596575
228.7013542157365
242.35682386299595
263.1782129741041
259.5504270164529
279.8231111027999
229.65849357063416
199.29136773303617
275.1926606800407
226.13270929048304
226.81701674638316
250.69195254542865
302.8856555974344
264.09504365641624
321.17158144072164
232.34951274306513
230.5025318567641
261.4268845343031
269.9126998465508
261.3777158181183
270.97314837609883
253.19625853991602
225.21041253814474
285.7582787165884
227.7229900767561
225.9367196141975
278.9888990987092
267.0132065541111
239.68771054339595
288.18041473580524
250.63857521512546
295.3812612374313
256.6932507645106
287.03652802528813
310.02127355348784
267.4507466965588
260.42523305583745
261.26079437485896
296.1278230268508
221.60382590885274
238.2324675542768
244.41650093987118
230.8522190763615
254.7532619809499
237.0005425227573
222.0269654522417
246.33955475874245
230.3507057275856
259.9608735757647
279.694240564364
263.49998944380786
261.9971320206532
237.27821768063586
239.7847462905338
260.4364516902715
281.02437936211936
330.87640609475784
312.5209085132228
267.75963622750714
256.976191305439
251.06691325630527
261.7814840293722
232.99526816199068
287.3729262725683
267.16030846955255
230.16174028860405
259.44425306189805
250.22465704393107
275.64582999935374
266.19457270926796
271.6766578735551
217.3063255995512
306.5202673766762
263.3652186715044
319.2501785076456
261.66916625981685
279.3013423209777
269.21385318716057
235.07235944352578
247.02645552996546
291.2161242607981
238.5178054739954
250.53665862977505
263.2755633695051
279.6027010442922
232.10658347373828
229.83929414115846
289.5021948571084
229.1081291063456
236.32230729458388
220.4582682896871
245.18647675635293
302.3081752707949
280.48135941755027
261.89588299265597
276.1143138598418
275.2697619855171
339.1471456212457
249.80747848644387
293.4583632936701
286.6039528575493
216.4709732584888
256.32077815104276
262.4958149900194
278.85401735652704
333.05807525804266
264.6214922517538
236.14415149926208
245.5475700632669
291.6859163674526
246.97080049861688
207.4765154372435
283.40757740905974
268.4627570237499
245.76684115221724
263.4170331112109
270.68163069174625
204.49436127836816
284.2520035333
294.44266397412866
312.99788010457996
242.51738009031396
282.35356489603873
258.0509867569199
246.60872644546907
366.20985120965634
284.50513044104446
253.15120703354478
220.61929053091444
273.4111526585184
250.92385715490673
281.76327535079326
305.5080917829182
243.6148034024518
277.3447672618786
222.80851283168886
254.15599051956087
258.8079755146755
261.9209397174418
290.8143348087324
216.14138853538316
298.83296049560886
404.9259768273914
266.8330169210676
285.09568013751414
274.6911719131749
277.5313822014723
226.6077485999558
269.0668544592336
252.58927472284995
249.22235059784725
248.58897168794647
255.77433045126963
287.58827031671535
361.2237713430077
267.8891316554509
296.29425537609495
260.1383343049092
280.79324294254184
285.8383367120987
229.6011648121057
276.9304449398769
295.512305056327
246.7399718228262
261.5892198893707
279.37920200359076
331.30081078526564
257.237944538123
276.1583082502475
256.9175733276643
300.6260634580394
247.4171552924672
255.28383193572517
321.53203789214604
252.59318014548626
237.04617646278348
231.8208823223831
259.15113094227854
315.53807293227874
294.26843010564335
258.04732022841927
295.84508836991154
257.8975909824949
261.25691406975966
220.44898816081695
260.7558631133288
265.2813839444425
273.56560938525945
267.9841549406992
278.6548058348708
320.69167604274116
238.57697569660377
218.1395219223341
367.48004695551936
280.69820353994146
254.86720441025682
255.98651906638406
239.28326702467166
292.18067430483643
268.6932356110774
230.92977117421106
265.10768675862346
254.27587049116846
227.9440716264071
242.81702737370506
299.71581220044754
272.24419321876485
227.44433116121218
267.68293008953333
248.5313977507176
235.91105175728444
291.331896628486
252.8557710434543
263.29391148593277
284.04358982259873
249.9860329705989
234.93738614581525
268.88383188913576
249.46398798795417
224.68116087443195
305.12758227274753
296.36046160641126
249.1383722439641
296.92913533665705
245.78331619442906
306.41741801204626
254.01833673892543
293.9449958553305
213.05405290867202
270.98814040923025
347.1685248132562
273.45702982798684
227.29763725970406
205.89898472139612
257.1240424477728
251.2980951225618
221.70181885303464
253.36527710407972
235.3598213288933
267.53072618017904
254.5660545496503
250.0533319967799
233.37174344831146
262.406770800706
255.58367690304294
259.5662285090657
234.48339251743164
286.31269904167857
261.99996384978294
247.58599795529153
249.96576338924933
306.0741759450175
366.7131321945926
315.48595851811115
285.4943443717202
328.892141817254
288.54674934851937
276.89507471502293
273.0428152095992
303.53774072998203
285.51528819918167
319.1297340315068
299.694629039499
335.85608060483355
271.12634700909257
298.95330367295537
244.13360063009895
264.6246293877484
216.1594989860896
216.92437016952317
262.0688662554603
276.03343510150444
246.6564558262471
279.32963272277266
264.84662242385093
213.66270458919462
241.9448144590715
226.15665627724957
244.26125495962333
264.42645289818756
282.631015235791
261.76446506392676
243.68146094842814
276.97341591655277
285.61628274503164
234.83710509270895
234.98552105599083
278.9569479342317
238.51935609965585
263.6538986626547
298.6198494596174
302.060820088489
227.77057168527972
251.71181429433636
260.95682018250227
252.01843326969538
259.2087286771275
271.6192675541388
228.68394389364403
308.59508189489134
267.8766800216399
245.37248524767347
211.06486786704045
283.59743522293866
253.18272205931135
276.1163858071668
300.32112113246694
249.05161960725673
264.0418748628581
221.05216940352693
248.4863767734496
257.3167108769994
270.5974049931392
251.08884044596925
248.00119873869698
248.35401534079574
259.23513253533747
285.76889651687816
260.84203628322575
282.3255105211865
263.9369147227844
277.3544788842555
211.38783891068306
247.64626148191746
289.4695957043441
282.3689779175911
245.71398151956964
273.50166717229877
328.5292173157213
257.75289339304436
262.3603955536382
249.53245365829207
257.50074262334965
244.84415001631714
252.4858735940652
244.23167598282453
233.96414682082832
250.44995718705468
277.04581006709486
217.83817692892626
228.68153178924695
218.73098960355856
224.7250882931985
273.5683569931425
291.90429080079775
293.51562434609514
293.66388588014524
237.689155761851
473.27429731260054
285.1903397226706
312.86217990890145
242.80016957432963
231.59683029330336
352.5787754219491
217.0062787286006
284.1854759522248
224.44219342654105
222.35922900750302
267.0451191490283
249.21197773411404
268.68248399347067
251.66733946523163
266.0888991202228
248.1838160023326
242.23078360117506
237.83496268594172
288.57516469131224
268.82550944492687
271.48840207676403
287.7305233433144
309.31642873887904
254.16084447549656
252.62279872375075
283.54798341786955
196.5606327127898
231.34546486358158
299.05265416472685
294.1054341667332
232.9399106000783
329.7657322391169
278.3715586649487
304.96291868190747
281.08375029009767
253.32962688466068
283.5758228972554
222.131090826937
232.95856628846377
234.79338352684863
280.8468259014189
226.1117825320689
308.13100770127494
233.35522286244668
245.16214342811145
314.6488543768646
270.1836119983345
313.30286299227737
198.28881998895667
229.2213786188513
243.6599746251013
250.75807985826395
240.27493192697875
309.1159175464418
277.58794254646637
211.04630146105774
248.86063430388458
272.97171848395374
264.991515187663
254.60808091587387
241.62129407422617
248.19629929075018
233.16079301165882
250.004726124811
267.70456825452857
237.7160082948394
278.6279997151578
280.1776584677864
240.05511168052908
306.045749590965
237.32134000922088
250.0302241013851
268.2243684155401
248.71971852798015
218.59735936298966
218.63736535375938
264.0756885644514
283.7380934624234
250.3565369960852
303.9023504052311
241.7161306804046
231.88288554141764
271.7589218374342
249.05601858720183
281.9131128274603
214.3130697372835
247.8532273400342
240.72223336820025
248.16361116350163
216.24756838788744
227.44483197224326
301.27592591696884
244.3268713586731
214.86353912041523
277.4963209849084
268.0193512052065
270.2860160819255
273.9223535596393
296.35679000231903
284.7930174145149
231.85708000487648
308.5919457928976
259.4298522796016
265.52441847568844
270.1976209883578
269.4263344273204
270.87336429953575
307.9284414141439
314.70029051369056
266.5416151470272
272.7397876775358
252.76115734758787
240.97756684827618
225.0783286106307
262.0360601413995
245.46196030150168
267.31055503874086
230.903524460271
177.36966329591814
262.9691531462595
259.7056161239743
321.58590180182364
223.3474088171497
249.24985150713474
223.66503373207524
271.7283322355943
258.3093661882449
230.09739142097533
243.6632011506008
319.46505434729625
239.00591578672174
237.98026768723503
245.99493017827626
268.63140731328167
227.20595283946022
346.32727687747683
252.58975302358158
249.03771119727753
239.02886644226965
263.27951365325134
270.5451950894203
234.3652759696124
298.30163330724463
260.73489201790653
292.8147261737613
290.50179061864037
207.30116480472498
242.70239073701669
256.81997288018465
233.033048031386
229.58875631494448
266.4482894280227
193.4528615848394
259.31265967315994
310.3892607274465
259.54514064860996
291.78866494388785
247.9051160881063
250.88210649811663
292.70549972413573
246.25572392262984
235.53793714893982
249.2866481608944
292.78375006082933
260.1104496483458
269.0837687891908
289.28824617993087
221.35666084778495
235.89518073794898
255.59333746077027
225.34402881399728
255.21597580297384
286.46910080628004
331.10011570109054
247.40917811077088
229.880718456232
236.0998946723994
242.53735527873505
237.06360052572563
254.7951982705854
279.72963547101244
285.6276620819699
262.43783864181023
267.4361824756488
300.6322980246041
227.36965190339833
288.3541181703331
217.7619010133203
259.38354955636896
239.14036143757403
266.74242675164714
244.85489850339945
216.1640032127034
216.75069483206607
251.5994522270048
311.4463334813481
290.47128690104
295.0964418479707
362.12815774895716
301.0411236179061
261.9638492205413
257.8461567492923
223.39234856283292
361.3266416598344
250.69514551316388
292.13007503782865
298.24160912120715
244.94987825199496
290.2071943808114
263.47955897578504
253.11663188412786
245.2130147254793
222.8097994538257
264.8221743615577
235.68883128033485
252.66036003245972
257.1642984888749
248.06324287177995
260.91613396664616
269.2872599425027
307.73420443118084
252.42767234996427
248.76751455734484
253.15447248029523
264.81028554192744
247.54211653291713
296.4873173653614
251.67099127394613
236.64012113586068
285.0424326539505
294.1778515408514
280.0176175500965
274.0229575424455
190.20320756570436
233.94485315692145
245.72067327436525
308.89439866598696
239.2099856742425
271.20806755369995
218.2304640810471
263.24706692632753
259.4937862114748
282.987701800419
278.21661472681444
194.9229762101313
284.38872701721266
231.52920622436795
269.4983369279653
286.5614055839833
300.91907430486754
322.13767661282327
311.1768995585153
236.52594080741983
208.78918941365555
234.32908569660503
263.7256315497216
269.9322515478125
240.13579524320085
319.16334210895
343.2496288251132
279.49119353014976
267.031795486575
208.7034092748072
249.0973798793275
235.92168230947573
278.6553268750431
298.9174894592725
236.48254237661604
234.49928977596574
239.91937044076622
253.25302944262512
288.93632083921693
295.5154175829375
239.19904184772167
290.2973215014208
291.5612943767337
281.6796534647001
265.35662445635535
231.26545445178635
261.79777393268887
285.45708586636465
260.64762002346106
255.87283816433046
271.7055522521259
275.2908984737005
308.5143683346687
277.7466170771513
347.2013286909787
251.98844416998327
248.2871982846409
221.78695592225995
311.9155147882411
232.2179856701987
269.39941801293753
233.41304567432962
230.69004407187458
315.1853279991774
256.0518001219025
263.78405048535205
252.78463255788665
294.94460536923725
206.92195309023373
252.4370950302109
271.8167078733677
299.04746193625033
228.29492172948085
250.2430865636561
256.1925889260601
279.73466002370697
202.00998085050378
253.63219051912893
228.78169493668247
225.52242835145444
243.55340205214452
257.01505622733384
252.34996462101117
282.78980960161425
287.94602062075865
277.3051689802669
222.33954220975284
228.6844709024299
223.89690071705263
240.7127992499154
256.6662478300277
255.46293478040025
200.22249445400666
321.55911069735885
238.43054189847317
375.7829896416515
253.00412810849957
232.42186388908885
276.38891230802983
243.09906871255953
271.87497435801197
222.7904314689804
292.7307491826359
229.9290434587747
241.93140862358268
241.0747458592523
241.1619003288215
310.9681285042316
283.67656871979125
291.9221578419674
242.3548790907953
296.0312007124303
291.6729930918664
196.41552694246639
266.24987686797976
204.3177641906077
282.8047122377902
318.6245527897263
339.35127391072456
250.4380277399905
324.11469995963853
231.049682654324
244.63383082556538
223.64984915719833
226.83040296914987
235.22886819182895
251.55332137155347
273.2531696333317
272.8688531277003
290.3168027808424
227.87856785662007
327.26752718363423
240.64037668867968
259.93335371499415
231.26179866644088
256.5847475253977
338.2871013813419
292.00814517366234
257.8046963472152
202.00112303020433
286.1915702415863
281.88079777848907
234.44850068364758
256.2505805697292
249.8358261580579
228.1485877088271
284.14456177444663
250.45197752467357
244.89372782281134
223.38246526115108
298.4149358101422
270.4297181828879
228.85122600256
289.59815346612595
264.65607948752586
274.80483907379676
242.32868622546084
322.1224336052546
323.20878570270725
224.0766269620508
208.21028448606376
292.9434386813082
228.12051365885418
220.2737078993814
275.32162250904366
272.6828286754899
317.3174003320746
277.84549461863935
270.05805708735716
221.82193599035963
254.95100502332207
241.83198273123708
302.0391461161198
253.28431943012401
239.70807437133044
218.79057760466821
215.14325061778072
291.5949381913524
218.83210406743456
278.75151865917724
275.34543514589313
225.1745168947382
287.8253129166551
258.11082923645154
240.63097574329004
269.6614144475898
242.00845004140865
242.6089022650849
236.60270504711661
284.3410915583372
241.12155525037088
251.79688260878902
253.00453016033862
282.5190354153747
292.81897393858526
261.0972455791198
289.01372343767434
240.61423300451133
250.97722427197732
282.1387615953572
258.13586082379334
247.18303170404397
279.0534144990379
199.6354011404328
238.2406508893473
253.61750411463436
242.43079826817848
270.6197890188778
242.060096479021
265.73783303250093
251.76072523510084
296.13391388149466
300.80042632028926
254.60772837593686
283.93174284044653
278.12053516414016
249.55648021423258
287.03451511636376
214.82863962987904
243.47390071477275
282.833587266854
269.1820372947259
228.09314425848424
305.7164904784877
348.5732478563441
223.08755057537928
304.85986388567835
238.47003251942806
264.05917985143606
265.59389054821804
303.7508216839051
332.1435455478495
237.5576074233977
239.47313491278328
292.47274267615285
254.82131562416907
237.05725415726192
360.76891506824177
242.18071258359123
263.47827260626946
327.06553613988217
255.57188529637642
265.11602498276625
231.7921984886052
300.53575341403484
251.1919307198841
239.24332791764755
207.50196718168445
233.66059877548832
309.32010344509035
218.66316112154163
266.2397145399591
288.2439805761678
201.15410387760494
361.803893564851
253.8205836507259
232.83745099185035
274.13405782193877
230.91321016976144
274.3115517668193
263.39683737722225
261.7192678384017
256.50763403077144
313.67222579801455
257.97442490560934
257.05939325038344
263.6605238163611
219.4462160138646
245.32488530594856
208.8745414429577
220.778601250262
276.45192399749067
225.4230158131104
315.6301287696697
275.55809633631725
258.0858267414151
239.45896296948195
290.0991272671381
222.69242508197203
317.15105838736054
299.0464752262924
296.7218315004138
283.5638600522652
219.94815550697967
320.41033344285097
229.08062130585313
224.6828666466754
259.56645894946996
263.92602291784715
247.83749350637663
253.79192164517008
241.3729934724979
284.61601305694785
211.14566103066318
280.3249751953408
242.5632755405968
290.2794563800562
236.950684128562
251.0480498401448
232.1271921476582
207.71383435558528
282.0530147749232
236.9412041309988
211.3267082737293
279.4854002171196
277.6006394348806
239.1401003046194
214.2413353373995
229.37665153609123
226.50706527475268
