245.13989053329715
245.1416204520292
245.1444348278501
245.14494873351214
245.1416087658872
245.16406570877461
245.14174082674072
245.14511361293808
245.14687919227072
245.14172587861685
245.14079352951103
245.14290675939446
245.14847721466776
245.1418071275093
245.14008888472017
245.14500233840772
245.14165793256325
245.1401906819956
245.14041149769037
245.141660470832
245.14018481356652
245.14016524927501
245.14343158263
245.14185503778208
245.14016409245232
245.14309740200406
245.14855835677372
245.14191385538288
245.13949890093136
245.14173326498167
245.1401905955645
245.1407921840273
245.14293286477005
245.14911907638452
245.14115784683418
245.14347366426773
245.1418542962274
245.1401780281667
245.14310439094697
245.14858491476298
245.14186222312856
245.1400976994646
245.13941998352675
245.14173417518396
245.14019016282327
245.13848124038304
245.14186908899865
245.14014662401678
245.1398742036763
245.14187505633527
245.14014110274002
245.14097515355752
245.1417224276629
245.1401905883904
245.1404027712597
245.14166331247543
245.14017035460347
245.14332869972714
245.1419390398405
245.14005461551278
