321.1204562459361
321.1221132796263
321.1230440913341
321.1236443660582
321.1239199838292
321.1241198200123
321.1242308525734
321.12426990595577
321.12433516031524
321.12428598301267
321.12438889983605
321.12428896212623
321.12429261566103
321.12438130258306
321.1242780731409
321.1243999080107
321.1242898529399
321.12431590166125
321.12434439975914
321.12433738228174
321.12435842759623
321.1243236255996
321.12438344596194
321.12429655848246
321.1243846710113
321.1242703551452
321.1242815974092
321.1243831367374
321.124281595241
321.12427590860716
321.1243865128308
321.12428595767597
321.12428565609116
321.1243896009473
321.12425410900323
321.12444765062537
321.1242081305754
321.1245308587604
321.1234546527958
321.12362108791785
321.1253576871022
321.12365546980436
321.124428928666
321.12435880173507
321.12429832089765
321.1243378540639
