158.77627254487288
158.77627411714093
158.77627263580416
158.77627246058
158.77627200540246
158.7762717932119
158.77627157000006
158.77627141164976
158.77627128805761
158.77627118768942
158.77627108945035
158.77627104075782
158.7762709953895
158.7762709611634
158.77627090575334
158.7762708738892
158.7762708549908
158.77627087101155
158.77627081788523
158.77627081311948
158.7762707889542
158.77627080729144
158.7762707919028
158.77627077266516
158.77627077547913
158.77627075953933
158.77627075292548
158.7762707631391
158.77627075070814
158.77627075089003
158.77627076148747
158.77627075213604
158.77627074846532
158.77627076219323
158.77627075098826
158.77627074819247
158.77627074587508
158.77627075685086
158.77627073776603
158.77627074397788
158.77627074186057
158.77627076087447
158.7762707423026
158.77627073700933
158.7762707376096
158.77627075266173
158.7762707435959
158.7762707455331
158.77627074216434
158.77627074696647
158.77627073896474
158.7762707491056
158.776270737073
158.77627074798147
158.77627073784424
158.77627075275996
158.77627075545024
158.77627074049815
158.77627074952397
158.77627074677548
158.7762707532711
158.776270738721
158.77627074086195
158.77627075020064
158.77627075495366
158.77627073247095
158.77627074224438
158.77627075686723
158.77627074100565
158.7762707606944
158.77627074194424
158.77627075574128
158.77627074853808
158.7762707278598
158.77627075000782
158.77627074745396
158.77627076613862
158.7762707434813
158.7762707360198
158.7762707424663
158.77627074595512
158.7762707423026
158.77627075905548
158.77627073517579
158.7762707450347
158.7762707375623
158.77627074475822
158.77627074078555
158.77627075256896
158.77627073846088
158.77627075392593
158.7762707603215
158.77627074419433
