186.25136965106867
186.25136017411387
186.251351566204
186.25134380182226
186.25133686995196
186.2513305868124
186.2513250539223
186.2513200484891
186.25131560690352
186.2513115855345
186.25130812294265
186.2513049334957
186.2513021821096
186.2512997426793
186.25129755877333
186.25129564084637
186.25129391839891
186.25129240697606
186.25129104072403
186.2512899069352
186.25128895335365
186.25128797244543
186.25128712019614
186.2512863650336
186.25128578958538
186.25128521167244
186.25128476408827
186.25128430630866
186.2512838872226
186.25128363826298
186.25128324611978
186.2512830411615
186.25128278892225
186.25128255539676
186.25128243946892
186.25128226449488
186.2512821147011
186.25128194156423
186.2512818311934
186.25128177999977
186.25128168935225
186.25128154596314
186.251281538709
186.2512814548918
186.2512813718513
186.25128135837622
186.25128127755306
186.2512813648882
186.25128126336313
186.25128127449898
186.25128115937696
186.25128117468194
186.251281099705
186.25128116663473
186.25128112536913
186.25128116399355
186.25128108396166
186.25128103442148
186.25128105552176
186.25128108697754
186.25128103372845
186.25128109054276
186.25128108789067
186.25128106584816
186.2512810865519
186.25128099284848
186.2512809825348
186.2512810272492
186.25128104018222
186.25128098189452
186.25128102630333
186.25128093615422
186.25128098691857
186.25128106838747
186.25128098467394
186.25128099489302
186.25128103521274
186.2512809863838
186.25128107711862
186.25128102573944
