272.0578062823506
272.058014927331
272.0568476893068
272.0593186175347
272.05644966329237
272.0568571655922
272.0594460325101
272.0577287298347
272.0581201363948
272.0569978574613
272.0596666856918
272.059456465352
272.05694635050713
272.0552807813492
272.0599874765139
272.05941210882884
272.0569846197195
272.05970015022285
272.0567598965845
272.04748571666096
272.05802265264356
272.0562897580603
272.0562019048757
272.0561015766998
272.0559646729125
272.05570995564995
272.05487634920246
272.0599069712607
272.0571072972616
272.0596705077551
272.0595300555742
272.0568969244414
272.05675621775663
272.05958386045313
272.0567310555871
272.0595847521254
272.05676526489697
272.05958358560747
272.05671800458913
272.05958533686317
272.05678107962376
272.0595833845673
272.0566910799025
272.05958740788265
272.0568055693875
272.05958381146047
272.0566393636036
272.0595927327886
272.0568365461804
272.05958540041684
272.05655407227823
272.05960557400977
272.0568488087738
272.05958630504756
