342.3123948564308
276.4941942410405
246.19262042798675
250.06187507419895
240.97107665447015
237.67623235507767
236.37581422073504
244.35528553683935
235.39480741334546
225.3032045549253
237.79683771796363
226.18055308209432
238.57300846473527
218.61922634029452
228.44157999767413
234.1345586250709
237.1014772503322
245.3022183219
247.12801786093496
237.93294734491792
240.36017087568507
240.24350059921653
238.25514238589403
231.48563616607498
224.81870575791618
250.55493451033362
245.78264553238841
243.5111491798134
241.3986908723973
230.46315700364994
229.06153607450506
236.25794508314266
235.92373181302446
241.19196622194613
240.09995534490372
244.49113838431913
240.097718322726
232.89834548104773
230.5550357828797
237.2411363732317
227.45915507677273
245.24450493840232
237.27881771191278
237.31611302873716
235.04519599206105
233.3938423048712
232.85550813341433
231.5908746931018
232.2029706149333
234.76064356488496
235.18429440610453
246.77877148946027
225.56927888171958
224.27589236486529
242.59486216628466
231.37901697380403
234.59673833645138
231.96564944165948
248.9598279873444
231.63585379326105
239.91370597444075
236.39486551145637
225.3084228204716
238.3059474537622
245.6494195660016
229.41938900094465
242.30163566658848
244.56074570273086
225.26815023060408
238.46653202384914
249.5968958080448
242.72371141044277
236.18860905886686
244.34010317054344
223.35629497234186
231.04869779811997
249.15293632791872
240.72242513813035
228.602521432269
240.80228766044092
247.87880803726875
235.1441243991976
247.22067554401292
239.50724496884504
246.2188458681485
236.96549706634687
245.22882040073455
224.11178374432347
226.5000962192462
237.4555793980362
246.31796751104775
236.52677523613238
250.75010939307685
238.84118963231595
240.1483914373639
237.1025015114319
238.32522359591167
239.2291137412103
232.26157664203492
234.0592238348254
245.80952485558373
237.3930358415564
237.56309901562054
253.05809509995015
234.79598573262047
248.97199463135257
236.22054076034692
230.01128387180506
230.9279419630402
225.3055379043799
248.43066936089235
226.5976032573053
232.8712224554838
247.484377504461
236.69089655651987
239.30473240120773
245.34117261390566
243.3409630972492
231.46484367851008
237.83647464890964
243.8813084133253
250.08140115274364
232.6427436708109
218.58109754336328
233.70199600651904
229.66384171525715
230.81605679804488
236.79711995941034
238.740388465485
232.5941015228891
247.6936013120103
244.4266364771829
222.80304811499082
252.65872620451046
224.6536150899774
261.9840247102984
253.81450083487653
222.56221835894758
237.90310462044727
246.76888842275366
251.75298804267368
241.56889078829408
231.11661117794574
240.09864506496524
251.2007279069221
232.16458927129133
236.19814333284012
236.90668622561498
221.9097722775332
243.049030585913
238.9387145544897
241.79012068309385
240.2717267966509
252.44897706136544
229.55918215160636
242.17712886600202
244.833954513364
231.7770544960149
227.13970039255946
239.39409462142066
240.34009672593675
229.2824355652847
241.22845628826326
229.31627069357637
227.50768669039098
232.8229185083328
230.6770973102466
231.76035992700054
225.6132305896317
247.27412861694756
242.87553963517712
263.12795928530977
255.80567722963315
247.77084944808303
235.91671273938118
240.16192615625914
248.3689409474464
242.81870773284754
241.78627406898886
256.7756508074817
236.5746852298762
225.48756601985224
236.56246308055415
251.59743517648167
242.85145057638147
237.12667232179956
244.608068075162
251.26387958056148
223.6246971837827
231.23246516629297
237.0403540547195
250.01799820983433
250.90605016121117
239.67200928101374
238.48956986320263
234.30478018516442
239.84753455883038
238.34773920712178
252.45382969471393
246.9733880173444
249.56036674456846
231.42784567621857
246.01747922335926
248.91855413752637
228.20680239953072
236.0619980749252
242.6246216018626
241.77866612408252
234.97473571992305
232.49866027890675
238.67933560234087
229.57328250986757
229.92763410041516
230.1475880281505
236.4363977594694
256.73841389949666
241.6385590868158
248.5269865830851
245.49190697837184
248.72026194913633
230.00003190556163
245.7169507667495
228.62713268854714
230.54484409868746
231.0354473481857
239.16860933657154
229.54420158865105
232.28974239353556
231.2155098361909
245.50362644466804
228.4748744352255
230.77874620712828
244.07317882429925
241.39843121604645
234.01403632955044
225.52404405805282
244.37798089144053
252.83720126578555
245.36521217598784
243.67260663289926
239.25684528915735
233.06506872121827
241.31098897480842
248.0619327773602
233.42604224493698
229.14074524226453
253.0641067990946
225.15799235313898
240.4992021394719
227.02871700738615
232.1992277935642
242.4613306391475
241.11215440068918
221.34335505288618
246.15211918382556
241.77798565585545
236.20029257414717
240.27305902758235
232.8725866676832
227.98515297154518
234.97387791481015
235.9270033641369
242.7362276291824
239.29430396440875
246.11840127393953
244.27262184601568
230.9228854201865
238.63195605837245
233.51960069657798
233.03533595522458
246.3851909441728
242.81033254692738
246.47827360718657
251.6618659429223
237.02888364307728
231.78562305938976
241.1407905886881
239.43599463030114
228.05671554217406
250.6013517059182
245.51776325250103
243.65793092739477
229.74690692755394
229.2810521240026
239.23992153421568
238.24407529419113
241.6844851331407
242.90920844455832
245.0806127589167
234.743983460241
243.45433889962442
236.37604165633093
236.02677035320085
239.53262691397686
216.548037376735
219.52602808791562
250.83105259775766
229.21555237556458
221.62285194988362
226.99755516705045
245.3601406722155
245.03977479909372
248.23372562644363
238.67455713909294
242.962409913569
238.3166393344436
228.86667534905428
237.9123384134873
237.28776699033915
233.09534738605726
232.756205687896
221.76376746682217
226.67919790795713
251.24724767750013
244.69424904840707
227.18875691917492
236.74015430605505
237.65057340399653
250.74057428108063
237.14069364775787
241.18985641213658
237.51559611331322
246.71943233192724
234.79666329387692
247.65379314505844
253.4406984870584
234.72307985831867
244.1994598928577
242.19155955499446
238.47108229374862
232.31000415333256
229.61658898182213
228.90050724492176
246.73089440447802
248.378895892718
238.40202353624045
224.186523860335
217.36208407573577
236.56418340458185
223.11713183032407
215.47565827993094
244.55050823981583
239.9070257544663
244.90758003472
227.95087137049995
238.02024449410965
245.25175297471287
245.34513192539453
224.80883690237533
221.29084360884735
245.04924439160095
231.92055477270333
241.68024922975746
239.89515332347946
243.22157032624818
249.48386523030058
257.569885332603
241.72836998358252
234.31373499537585
241.08726869917882
241.90055701200617
234.51693370344583
232.82237169773725
247.03698566992534
252.55902157869423
234.33759825934249
239.39337381192308
237.46627268678276
249.50878539209953
250.02256039979693
239.22272243689804
226.963087704411
242.33338723512134
237.68469911511056
240.4412809531932
239.46656943047128
249.18798436918587
247.1837820179062
247.18994234672573
234.5534001972992
244.2622544432379
242.6492145917582
233.55014432230382
231.78484037550515
231.4367510030279
237.34264515807445
230.849861335475
248.81826522968186
236.22037216305034
236.53407182177762
246.44290487712715
248.02678938800818
252.4527417648933
233.1715478755068
236.28529231414723
240.3655220559158
221.26518675622356
228.66831178388384
233.24171652148652
228.25600778161606
230.26732404212817
238.5202307459258
241.3548167572444
251.98102628751076
244.3643767449248
232.75500610849122
236.40082198483287
250.04253963455267
227.8965509305708
242.6319013720058
229.54632733446488
236.95225578453392
237.31403278640937
247.0199268238357
250.17199827461445
230.0688134138909
216.0808776707272
231.89199700849713
230.8239313301019
247.6348224080284
240.88927225557563
230.00133919515065
235.59972678203485
242.1020065594348
231.21556909143692
241.37866538058734
232.45320197301044
234.78517431476212
231.3320996871189
226.07935284395353
230.22978990970296
223.1212480077811
221.4044935425045
236.33075730844575
225.3122646309057
247.20476982936088
241.40549217513762
234.97975334600778
230.04151683668897
239.76620611698308
232.05895860485907
244.46071017353097
247.99355859401112
227.84771569844452
242.0191956457711
263.0580101647938
241.58144904348592
238.56064574056654
237.09839855069004
238.975995945264
237.17381268269673
238.86643018848554
232.68496159248753
241.22965189875686
244.97219457769825
253.4853709719173
236.0878486715519
233.32339037237398
246.912942932453
234.1583067986503
252.81131358328275
242.6222540477611
243.87707778566983
239.37261230088188
237.8501921335701
232.7644564796792
243.92525320964342
225.35535428189905
252.52906751622504
238.5925210928399
238.25447802603594
233.76845883013448
237.2137810898712
244.3029888341407
246.23572568103555
230.14180771065003
246.01838152244454
241.33698011109664
247.68543720185698
236.40954420251364
241.7102281852567
241.79995167760353
237.89749820000725
244.64376797726436
233.0081198594562
247.82252082739433
236.76006517054338
244.33630439754052
234.83060213646968
246.3041983806179
243.448777990081
225.42276741357637
237.1325130816549
231.26666184562782
238.41046333849954
241.4991355224629
249.14315218794218
235.39357399688743
237.35514047917968
244.21993517100054
230.86608027054172
231.3097168038512
250.18318514616112
241.09697665159183
248.42056581069482
243.1078945389163
234.05859189268085
245.21056049028994
253.03366788667336
240.37178509143996
240.00182241096627
229.66630397630797
235.86958403073368
244.54790973773925
232.11178692836256
239.24253788896021
240.4431016919698
240.48178360737802
226.5764159015962
232.66495086211944
239.89566605848086
240.6433466055605
233.24297941137047
256.54909005174704
247.8695737363014
248.90233873846591
249.49703603243688
237.4684930799267
233.72637829299492
237.1458890101203
233.92231885672663
233.32867828616872
243.70774836852797
229.4866980377701
234.10300277725037
239.92805729972315
234.16330898621527
230.7100899908546
245.60941097221803
237.97529914257757
244.11694765323773
242.40848247648682
250.58538674046576
237.11569205997512
236.65781348012388
252.05344011190755
235.62801294542442
236.7229280372121
241.91508329140197
247.1155576107849
249.69286615095916
236.7793627944484
235.202557302895
228.08680423817714
229.64548459133948
232.6670225817361
228.38240626530023
247.2298247742583
231.13336603008793
240.82984417738044
246.15275785990525
236.55627606681082
238.56717962090624
230.7055858623935
229.24853426287882
244.56287476423313
231.83529530343367
235.47637193420087
242.3543629143096
253.94769236649154
242.65783532717614
230.07661857287167
252.57888661735342
233.35144232519087
247.40636340202764
242.06641795579344
258.74104126371094
231.742822459928
265.9161160797812
228.28381898236694
237.73716322382097
222.5756403260748
225.0412906622223
228.31400572971324
250.1611099000438
238.93286424243706
254.13132788834628
223.4452475302096
243.56748747167876
243.76322519622045
237.68204570905073
245.34145166829694
243.878973964951
242.8678652794042
243.8700979386631
238.079557148827
233.67869453615276
239.96699990786146
239.48760729792411
247.15529518265976
237.16269907311653
233.91431469874806
233.32951945546665
235.69285900873365
234.3153768471675
245.64697086371598
230.76193055443582
232.54550948672113
245.54692905928823
245.34939105209196
234.79837928913184
231.30394158570562
244.1073216450459
246.01710559183266
231.017019384366
245.13408399224863
241.850575804041
247.45229956737603
245.04141510851332
236.79951754998183
251.51615277922247
228.5578353125602
228.6650103389693
229.04180228867335
235.27170997983194
224.70164740961627
233.348104473087
232.4627895381709
251.44084877273417
236.82630028610583
245.77260735674645
232.39952616920345
227.6851756243559
250.55337841712753
231.92375808238285
246.92840332214837
243.31973886699416
234.80382875323994
233.13739418869955
238.89512715593446
228.836725748115
233.09288041412947
231.1554410782992
237.17878477071645
230.89655185944866
239.11132691250532
233.29546911086072
235.8759061661549
247.03825340160984
257.27074961268227
238.17575378820766
247.16720453184098
243.46610931432224
243.33154518494848
240.24706078058807
238.79681212667492
236.44841720492695
216.56431956397137
232.61008493445115
229.93415845488198
244.5788757992268
240.85483879968524
226.81876081513474
239.09920201389468
249.32624863879755
240.7981667756394
234.84598783182446
223.16782591928495
243.19060513417935
240.01742340778583
249.26474403546308
242.17282484212774
245.28786762204254
245.76243129081558
249.1514679347165
251.2903335133742
243.61489780139527
227.06493489342392
231.6360865973984
239.13716233934974
240.4641405887378
229.35084650252247
243.07478670275304
231.3939401100797
231.69451182853663
237.4603839800984
246.5643760334351
245.85835051813046
233.2167033177102
234.94774259405676
236.2528381087177
238.05297250763397
239.17956870331545
223.70622024900513
236.44596604438266
238.08161165213096
239.00117645095452
240.23621263436507
253.9748989639338
236.37845665565692
222.64687301500817
227.03903615710442
233.98155066062463
245.51664901571348
249.06196085203555
232.45439279521815
215.36376193232718
230.84527929502656
225.50061255227774
228.11177989124553
242.49071470697527
245.257536511519
244.59310750215081
247.4897308005602
259.80704827810405
239.83301272493554
238.90634138922906
243.0471924825979
241.12663263489958
237.00523410455207
232.13125762279378
253.06641684874194
242.90501264148043
232.4772623925528
233.3552925485419
231.56366830386105
236.5643303221732
229.6784391430847
234.26540231349645
244.68494909466244
239.51543092544307
235.02265986372367
241.37967529174057
244.17826540375245
248.03718342006323
233.1107099810033
235.3524762103334
225.71040686036577
238.90916410187492
235.6293255877681
242.98471755490755
229.62452869364643
229.07067404483678
232.75314986796002
240.34068084714818
226.95353012080886
231.5281372394238
241.28251758922124
240.62936048978008
232.09837372836773
244.39808015606832
238.6373709991749
239.7297334531322
250.06068344347295
230.10698841456906
251.29505324256024
233.08073392190272
235.05166383026517
254.70961176330457
240.71276650213986
233.23401926321094
244.0107570150867
234.81899188936222
246.2533000575495
249.9332749111054
236.88296476358664
227.62264034664258
225.34194570285035
246.64306669525104
242.86292873238563
230.2566468316072
227.82936815888388
240.2976268553175
238.62212172150612
241.53954552681535
224.40983293385943
235.41715952183586
247.87095899085398
233.9403923325881
233.92269127472537
237.5589394661074
238.49549142175238
229.65749079422676
248.8192068535718
233.01572709783795
246.9603918082721
230.34806496428791
236.2836994426907
243.95317328858073
237.56970119880862
244.24152861861512
247.0944217116339
239.53482852436719
232.3273861692869
242.67409604383283
240.14563964915578
240.76521873561433
227.34252968637156
230.4214159635012
223.1071421811357
236.24967300784192
226.6557655542856
240.45494065992534
234.29032419720897
237.1764467235189
225.72775094362441
251.5475451426464
240.05591698241187
239.43783277610783
245.25731180849834
236.4591566277668
243.89245556967217
243.71135957463412
238.20932002796326
244.21843047844595
239.46192024939228
216.8971228558512
240.26767769025173
228.18691657675663
234.6994416504749
242.4821129286138
249.64840379657107
227.46516498591518
235.6723733371182
233.26624011268723
229.4727113568806
242.0718610662443
241.7429105254996
248.68034170509782
226.29475785564864
237.95422015039367
234.86743083497277
241.41286535389372
236.39925307079102
231.7682731290697
238.1831784757669
231.72884840896586
225.42966206383426
231.7378681320697
255.62051071238238
237.59175795671763
231.81627497953014
245.94331690546824
236.75988921988755
232.70750384085113
230.24622932536295
258.70709537828225
247.19354592062882
227.86842975142645
242.58025388943497
249.5989328669384
247.53089759266004
228.64865892819944
236.26175775329466
232.6794558338006
236.9324412367714
231.8297095418966
231.3597798223782
226.04352186541655
213.1890925661137
217.16075690372963
234.31071569339838
235.5416920374555
242.33241929727956
243.00479328577057
245.8722591617552
231.43868993051
235.97450295087765
240.56697631347924
230.31709350578603
246.38462001411244
249.397110357153
249.7128658927977
232.16394270819728
234.66545268008485
244.97824945900356
239.3967596166476
232.07590314224944
234.15932737840922
228.0857526883774
252.26672362009413
235.41837814863538
230.5475428313075
229.72110498943948
227.4306387079705
236.3413329308969
231.9677728395327
230.2288162279292
224.1695728022023
233.75611405353993
240.75098395967507
237.01937700857525
242.07570202383795
245.1719755139202
235.4543703419622
238.91536475770408
242.3571730882686
234.43669078627136
234.1949972920993
237.55667781920056
235.6718603988411
251.90603927132906
235.73287059908034
250.29694652318722
245.25872622153838
226.36081512400415
242.61764852126362
236.74768169835443
246.596890859626
244.09236176812556
228.8461236350704
241.2094566594169
232.3991748149565
225.85940442493302
234.94751508397167
238.40310551936273
225.46735016047023
229.97461333344108
220.12344466595096
260.62590809809626
226.4455753264483
231.46632273323485
244.73555439221673
231.62509488669457
233.19463994679973
243.2943767522229
230.92513132089516
237.72171384072863
236.77164114059997
234.7578234722023
247.12054742244072
231.86213539211894
244.5806713012862
251.71433563967003
236.84222021320602
241.9176615671604
241.5992253694276
245.27105911323451
236.7529169676418
229.47716169356136
240.0958619194862
248.25216432195157
248.26361406446085
222.4451267333352
236.6040534186177
250.56344808396534
237.89630302417208
231.56081395284855
229.95867289599846
236.27398212710978
234.97521798306843
231.01808857172728
233.91490122006508
224.89525505169877
245.5317641121801
239.95475847634953
237.21737261794624
240.90958011432667
239.8082133984426
236.84992657639668
243.48333201900823
249.06224601209396
235.74236791662406
233.77620323907468
222.90925933944527
228.85071155743208
230.34008490876295
233.34326000348665
240.19389410171425
239.18105759256287
244.2244862494117
233.70407202927163
245.14733362957486
252.9713976814237
244.26651407245663
247.4160939118592
230.71282388598775
239.4094600013923
237.19052053723135
230.05201084492728
241.1352070060675
237.89632249614806
239.39011324188323
236.75300955653074
224.47453906264855
222.59420073922956
245.21174845602945
254.47186739358585
229.18399102674448
243.57215186831309
222.14583315112395
252.733155769296
257.78815229950123
245.17685346087092
233.626500680577
231.0864050204109
243.40404547846993
240.95026133960346
233.17475029474008
254.58865324108046
246.92480433851597
242.06295286907698
246.43182458906085
239.77911932222196
247.0185808427923
224.9570115376846
239.1935536019737
234.31549048196757
230.33853385204566
225.8424468926969
235.81940221250989
233.60722134364187
231.27061499041156
238.06384649741813
225.840962740127
251.23065284825861
235.06637046899414
234.28691619235906
239.17225081735523
232.06302284653066
220.81314362661215
243.4676316549885
249.83375355278258
253.50789021194214
241.92175470289658
224.902537711052
244.88171244689147
226.02741700949264
226.85865983125404
231.95815931327525
236.3763005270739
240.7078794334666
241.25004984685802
234.64443258824758
236.10201545941527
239.82203168951673
237.60296987305628
230.26867211723584
233.08062336608418
243.49510598182678
249.82573025190504
235.40354941540863
244.7823332719854
252.45970568759367
250.85307237986126
244.19846771578887
241.44478308662656
225.85273567595868
238.45350815309212
240.30481382735888
232.79884485522052
231.54401031354791
244.53349375521066
245.34461850795196
237.09325768554118
234.23368411700358
244.5543619231903
237.43639348834404
233.82157422945602
235.34742489355267
233.4026102956268
246.69206436743843
249.11172605445608
237.19387312282925
236.9636307329929
242.99970803482574
247.49858352571027
248.09120000645635
238.461982174078
234.2147170532553
232.9383841601375
237.7159307236143
240.46111726528034
229.9853816984978
247.18657046282897
241.7852922186721
237.45935641805409
255.76305591323762
223.03309001607704
237.08675257692812
239.77388611901551
245.1583867102163
237.52098501307773
239.53430273968843
244.38694392942125
235.504936364101
239.63028800365282
231.0895716859959
241.3146101286693
228.5862762571487
236.06441429976257
230.9855115164246
228.8158769608126
227.10267763512093
222.0275734551542
250.4486374098924
233.26820308010792
236.19634291608236
237.20317598851398
242.18715966132004
243.93542500576586
235.22971165104536
230.69186485366663
233.5432642531814
247.29023631633027
248.10972782655153
231.98799171851715
239.3433459540247
239.21611926471815
238.1062893604394
234.01612787909107
235.44183167308802
238.0513738184236
240.1646809024387
262.77864471881185
235.54070310882526
251.32363183348207
251.18608556577237
252.45046098012244
237.11754974210635
246.95422862196574
249.423623539682
240.31635263870703
237.9620978255407
258.23237355361925
244.2798504169332
246.7194833282847
238.0738837866229
237.80317991046468
243.2155005778186
227.8998595859739
232.83948958391557
240.2570163955097
225.64388102001976
243.5735134720453
233.36042622011155
232.795805214555
238.52359175914899
239.58469189959578
237.04169228981482
234.18773685366614
233.56459638185333
237.252729021071
235.12859102559742
228.79377130692592
246.5943794195773
248.81715504999738
229.7924128640443
233.5114449968678
257.9505515283672
248.0961197251454
235.4807910923264
239.5910669261939
253.64750195504166
236.50721707293997
242.45178520627087
241.24905078444863
238.69222802342847
239.05902513145702
238.3670792421326
233.58359222346917
246.97020918456838
241.02452295686817
252.91406874201493
235.5378065239056
239.27536985260667
244.16420751943951
242.54505357687594
251.4080018887762
246.47093731357018
230.0006841510767
230.29257766506635
245.2329535614117
243.46118501893943
251.8414265968022
245.7282407594612
233.87569469219306
240.18359847768443
235.73774060996948
231.36283310496947
238.94110214989632
241.40932448330568
239.7724945715745
228.43573607847793
234.5953395316028
232.41612435219577
244.277243365068
222.394516508386
234.80416847974993
250.32501270173816
229.8506101644016
240.7160382157308
234.2162272305577
241.26416682009585
230.52450300141936
235.16564408078557
221.12496200785972
248.46451737708412
233.43611359945498
223.85387447359972
239.89548090053722
233.54111495323014
227.3118544545141
241.45766278827796
233.13290123920888
227.10696345876204
244.0413542870083
231.15824281726964
223.83511018170975
235.07857118855463
229.85980190738337
226.74710543896072
245.41996310919058
224.99319227179512
244.07731954270275
232.64146288041957
250.96354898664868
250.1182981930324
248.31033390940866
240.2810998619534
252.78252900601365
232.52927078632638
237.12953403865686
235.71257239970146
249.4407915456104
228.6300432040589
233.01197706360836
247.65479151834734
228.095162324782
230.23151537118247
236.06797339586774
236.78325310337823
237.0655883071595
244.55704537872225
234.9013890796341
239.72515630390262
247.85419803665718
237.27738982671872
231.50308069697348
261.9919473582995
237.11756179883378
236.3554638182395
228.6610822469229
252.18856243917253
230.64542173582595
258.1715196950245
247.96150961733656
236.08993055328028
252.23451110470342
238.39143003267236
231.53400881763082
246.32581573532661
235.50575720734196
243.45128158846637
224.58701681741513
237.70133268274367
237.7588797120843
239.21493156376528
236.1735513152671
236.68288458348252
230.5832588589983
236.0646158446907
233.1683611794724
236.72115408693207
244.4468593696365
258.0130211003707
263.787417188636
228.3014508446795
227.2789134668419
260.7273701207014
242.17187462508446
229.4966811228078
231.94135295104934
247.81058479717467
235.2467588671716
235.28004016791238
245.95248366438318
242.9856399394921
230.6330593759194
241.49773246544646
240.55974552273983
226.1886167600751
234.18538140138844
244.19246675731847
234.71701142267557
255.70174829591997
233.9623874714598
231.49483224970754
240.1078903976595
236.38994900835678
239.7390960934572
235.49970357702114
231.18375892017502
251.38793015567353
244.56672959058778
244.44257654063404
247.46462476841407
232.40338561468525
238.77286701195408
240.78982347279089
237.08384066924918
253.93846162373666
241.75089814455714
235.6413579157088
237.01736149843782
242.70561286743032
243.78645951283397
230.7662731045857
245.23222524137236
232.18445369851543
229.4468474254827
242.21100771072088
254.435384382552
232.16378665622324
232.66200926271267
235.12880955450237
230.34428140387172
233.41803571896162
233.2633339644526
235.39797761349473
252.13431168103125
232.9641493174131
236.00229911785573
249.27551701525226
248.48400982905878
234.47938516869908
233.3193000377505
237.39003101090202
252.81490318092983
226.27902109717252
249.05837488069665
235.18619072757429
238.60201899625827
236.69556124252267
243.0930438223877
231.9427236423944
231.54913392220624
232.19784640468424
236.42724019201705
241.4115895932773
241.44808627065504
248.68846354202833
238.96484354289714
235.19207307504257
236.64870785817038
238.64407099678647
252.6692265009624
243.76037682133028
239.57530731189763
237.69518346944824
255.40103987394832
244.01348710549064
249.2875578252715
235.40795673511457
230.48347097390797
244.24626970785903
228.86441195925
229.52154660137603
242.5239412386436
240.51843892113538
232.39618294709362
239.19643690664088
239.72576896491228
245.64150744414655
232.36043810867704
241.53892196482047
243.0375616842066
251.39413365506334
248.9849953975645
243.5768745065434
247.5039080446004
238.0751826891792
239.7059803933953
243.15102363924962
228.37695339450147
249.31910589284962
223.20311196625698
242.169750330213
237.27476135606412
230.4937722326722
241.4998981321114
238.05896591278724
244.33359269681387
245.609302595607
236.22126837668475
244.7180091085611
238.50842181412736
232.71480302338023
249.88019679655554
230.28286960360128
250.79866050736746
246.80429999355692
247.62818571121898
240.47901629586704
236.44825599400792
248.44572348264046
242.27132748439908
253.89636903168866
241.08624244650127
237.93481104128296
242.70387175289216
245.71959282667376
242.60180629917886
243.53034111001762
243.90740958001697
242.5118791460991
241.12422608339693
239.40270018036244
234.86004710715497
230.80185076367343
240.58501574769616
238.19952903327066
243.39936045970535
237.07099759514676
242.16055997880176
233.45038519980153
241.6068945832085
243.42651482054498
246.09416384715587
237.95781775400974
241.67212233075406
236.05780798057094
236.20733266475145
249.3771686598193
241.2302196691162
244.5332045519026
224.94968985952437
234.62808695976855
232.69681397848763
235.3104795521358
253.0720867313794
250.4633389149676
231.03548280219547
237.81735313450918
247.69749478704762
239.63409971212968
231.40627212339314
248.9982356627006
239.17741755582392
251.7877041947795
244.95663424598752
232.4955882721115
237.37282767053694
238.93135675170925
245.85056442569476
247.6341619665618
253.03645270661218
233.02125157782575
237.90304056747118
244.78471008717315
244.04853543936042
223.7960838668514
230.2153614173294
246.29316153074615
232.1600210700999
232.74436901236186
233.9413338760496
234.72841621161206
251.2949790050625
231.7713467499707
231.1764739669743
244.1674206754542
219.14953408937436
252.19343998958357
241.36522466066526
235.74391905468656
252.02142666571308
232.79733406030573
237.99648391036317
234.39112595433835
243.0364263089723
235.46310527500464
236.4196233486873
237.93916505249217
259.43724292353727
235.92151910439134
243.6025635135593
233.4773853913648
241.39493030810263
238.55418741767062
236.44738733989652
240.98282958671916
232.75175569293788
231.2028854167438
243.39890592190204
238.95711465954082
245.24992307968205
231.55889210366877
239.7764687173185
235.65596623683814
227.8841151598026
229.33642938779667
236.34436947951326
228.9304038072005
240.98533524590312
239.9266873477609
234.83588874258567
237.68633755564224
222.00247902731644
239.1642501115566
235.57444735243917
224.43771722371457
238.86798857775284
225.8598074844922
229.10835307784146
246.88258038763888
240.93874381639762
236.35875838197535
239.04916786385002
230.8337231419282
233.90743087755982
241.9507896961295
239.52281985449372
255.93709377147024
240.7400460516219
244.19212141365279
232.5012654910679
228.42081125744153
227.05040216608904
235.25328820198774
235.62515861267457
237.03742101223907
234.0429160782951
245.1140097437892
240.56738420273177
240.22027060983237
213.8850017230725
229.08141269296175
230.87114774837391
248.80821991083212
221.5675683437148
256.19880690722493
238.5043439110159
239.96330438752193
239.70028252381599
243.87508033995982
226.2055147817009
238.86870075191837
241.4430508177029
224.95119733712636
255.24508504208643
239.76063180324854
236.3983975701267
232.03652697440702
258.2046959748259
241.22857742756605
256.4547257303493
231.7984375822125
236.45943870814517
228.2184452242218
235.16239003202645
227.46817790938076
235.13126070448197
240.87886955263093
243.12813357973937
234.51997645100346
230.6255143787712
238.17706906615058
243.83941240044078
232.76500959898112
223.78437028208282
232.9043211491662
231.30863379867515
245.94871152966516
235.35881660634186
230.7783852001303
242.4909244228038
245.0445887138485
238.47597986867186
223.32179383310722
249.86739711725386
228.59897173999343
241.4232720079599
235.81088930601254
247.34658053109888
226.74704944476252
233.68767621734878
254.0980388453463
237.3809221201227
233.18777360656532
259.3982996556442
240.78027707652654
234.07990794308716
254.52808450657176
230.31767924473388
235.80817010789178
252.01818439917406
240.2775698811165
222.27249112917343
235.54623402858851
245.71417955652578
246.51016604562756
248.05339270667173
239.7621981164557
228.64150754211005
234.6227975708316
242.25438772974303
239.609153820551
243.14783901156625
219.95649762928952
235.90440988109913
220.4616755784955
244.2494171342114
242.51106304576388
253.58930368314032
235.0370299333008
234.7764812145615
232.2121538555948
251.90626819233876
223.02554006042192
243.81841214414453
258.27553094545146
243.52615334000438
232.60731696995208
241.70275374042103
241.48086878011236
240.91181817580946
239.3896793126478
233.3063879243564
233.1928332153475
240.44166199932806
247.25657383201178
240.57506498025032
237.87166346603772
234.7397788169328
232.36210279131774
233.3815957061015
220.76646944496315
233.5756511556101
245.24681973754195
242.61002751335036
249.79686177143594
226.01286708324915
240.16540603653993
235.88329195103142
244.03303194133332
225.98076226440025
222.26385898666922
233.836465132772
240.74485119589372
228.14536017063074
230.25007068627747
246.08916129509453
233.01125079212943
236.2883694274933
231.95164081914118
228.30074904765934
245.66221381921787
228.2590952095925
234.18326643516775
252.90213694388513
234.65149675041903
237.24441586137982
236.7683312361478
243.9140697477269
237.25771999184508
232.9843345011468
222.38230843603378
238.82636429392733
246.35931908414932
248.32546288502635
244.00435663037933
251.71075051330263
217.47629352851072
239.18829025223386
245.40416631521657
243.22738986439072
238.52230982575566
236.0178225673735
251.58968589513097
243.0108132729074
235.30723966954974
237.02052366774296
238.87549290398601
244.012715308927
231.56046142266132
245.95575239876052
237.76453974400647
230.2572643441963
226.78776614851085
240.14492348383646
248.40875789429992
231.67898442933802
248.83821424422786
247.26996706007048
225.59500608948292
228.2482433579862
239.8343642402324
242.77873406832805
252.33098132064333
256.57111324340804
252.66040634078672
246.36385909409728
240.95642295799917
242.59335573203862
225.09273876540828
233.14898763259407
250.01831669633975
240.3218394590076
243.84030893282034
243.7418344198377
225.16489384236047
235.72554473095806
254.69852469715988
227.973036563606
253.633940502943
230.5684396784054
241.92053772712825
226.8169100084342
225.9178306175163
240.38836707558949
228.4754737673793
237.70192652445985
237.84645390947117
250.9621228816104
229.70736092305742
256.3210198300076
232.28078908572206
240.05361904733581
244.17854137520771
235.29383792204317
240.01031094510108
236.32669541757787
222.34364272869425
241.4436648876872
235.48273827059893
237.4147797008627
222.29802117141662
239.04358353611315
242.30099424702348
232.89986156427767
226.83098970283754
228.19185015262337
244.2604085362982
214.42132042895537
230.99765665858286
240.15257248608395
234.36890110041713
240.66956143511925
248.73611815687036
245.90829530084739
244.3065035615582
242.93451450386783
245.74636982544325
236.99707879067864
241.2486960150418
237.1573046555859
234.79453822551295
238.19058787164977
243.9601633613347
248.21104486024706
247.27644230017904
231.34251144347945
244.75526118685957
230.76917095592944
245.3539114514133
233.5359461713815
242.7017456991598
241.52823143382557
236.3695606389083
251.63680547615513
237.1279936992796
231.7769717038609
245.81500196282286
239.76740726461867
227.21721423603594
240.06879744434264
240.44341255753534
240.1015122757526
235.9698763844208
236.9540248514386
237.07625264581293
239.6316138539696
226.8191896956414
227.60314929723972
242.93106527783675
232.21097381901927
242.8207419391838
242.20880309026688
235.1779907179298
237.77183901966782
237.3900294683408
227.38138159294613
241.97846197913168
230.17814467049902
237.6300296653062
241.2202876646188
237.72894901473774
240.61029854632216
235.0555836178828
240.48016907967394
236.38670074689435
239.03729109023698
243.66917971038492
240.01158631703584
241.18924210063415
241.1944747288362
216.1256219218485
232.89718446478946
238.87105909438105
226.08538498787675
236.35863184271147
240.80554290179862
252.30105191387702
248.88110198476352
238.7927626214805
253.10487819096306
234.46266277873656
239.8033693213365
250.75878521014238
238.37015413102927
237.13551507488592
247.40764956682688
234.05253970739432
244.8420776379644
240.81739968864713
234.2545555201359
233.7291814442142
245.6723773087142
242.94600833998993
253.66905292065348
238.44247396773426
224.86316960811382
245.17303964454914
235.19193136534886
242.00722354656318
260.3163895676262
236.80984457529848
242.51672991440864
244.77907233324368
221.14596502977656
242.20008229312953
242.2326708373148
251.80505140550667
238.8430120620178
250.88717018265743
227.77529083151603
241.54505637468537
228.34019356017234
259.7371845995658
258.4741251675878
240.81570463941898
248.4555925008608
235.4885425507673
248.95404768642038
229.5167271514656
232.58569522039033
227.76245673571248
227.11869728862075
244.2172038964345
245.6189526442322
226.9643463267712
240.37064625747735
225.6251344557386
231.86636971030384
239.54656951670768
231.31969978805864
234.9610179088777
241.69032636948396
236.28945993480738
234.02621695911512
240.50501404056558
241.4060503783403
243.20495174097596
235.01186685473658
235.01053481921554
227.7830657796003
235.74736235575983
227.93620353931328
234.36860723467544
226.93497237813426
247.2128807923291
246.2245495292591
230.52128831349546
226.44483938498888
237.25498023279943
227.5799787477008
233.22082700789906
246.51924532250268
240.65557704638923
222.54328790365253
224.6465046562953
232.96024321764708
240.73294798575807
243.9241382025648
241.5740662102471
233.63732371595688
236.45815691631287
230.70943629991962
249.23711803631159
242.27647713688202
245.25517146958737
234.9138006658759
237.11884446861222
232.17528748180484
230.36280830804026
239.97081809485098
243.6657896778197
246.07159990386572
249.22565217508236
241.8119531928096
248.87993734440533
243.56617253349395
247.53205180645455
243.6017475448898
235.47335342486622
241.8339091882226
225.8335988575709
238.8455528927734
236.08702089783037
242.52722095081117
224.13414769194787
235.5825538765639
261.7036354995216
245.39382888528053
237.318872079195
228.35424631880596
242.03230199537938
231.58705243479926
225.03325292043155
237.20920631900663
230.9092887226725
241.19187618681462
239.36115598410834
238.56554362736642
243.5601174022886
231.34720479301177
239.6341034200741
233.51390666567022
230.54889874486253
225.01680660550483
228.22839311463758
223.98020518140402
239.72994545975234
242.87568347202614
231.72594618657604
233.9933358457056
234.82247775828
232.61343320761807
246.4661160549731
249.8590802605031
251.62388416047907
236.86105999263236
241.29608254210325
221.85957501351368
226.0027995709679
244.78261808754178
240.46877600840526
241.22848907718435
219.06531538581476
246.51835284993285
241.2851353819715
232.5425792527967
239.9068212195416
231.23028541833628
227.98358684120467
236.58743643795606
229.83385098009603
237.22504767071223
246.3573550960864
246.25083105970407
234.16425157495541
228.47618384752423
238.9876582782017
230.29181865986902
232.36943466274533
229.17130139505025
249.6364484205842
237.41914244991494
252.07368880219292
239.74497605802026
238.6474271735642
248.9304513692623
238.5781682212255
235.44881963246735
249.18045144877397
238.7005455843173
247.88768791913753
242.64466324140085
240.1172128470498
244.84074994380353
248.31591510598082
233.49967185943387
239.52473883569473
236.01557677885285
251.20753936219262
254.1327394536347
213.5208367112209
233.68939085741295
233.2025317713851
248.94439264474204
228.8921262641088
239.3623888528673
230.85156638349872
256.9178737134789
242.7959930828074
230.77974953432567
233.14081519219326
224.10543744225288
234.82482074399013
231.74385910388082
245.27101362578105
244.52062088862294
243.4917131876573
239.24847933923593
240.53348354494665
242.97914494975703
230.12400925380643
236.82792961783707
237.44826796499547
245.7310867724591
240.4616971333162
232.5156670360011
234.86097714316566
240.10048012656625
232.25216748088133
237.50092980911722
245.82900219783187
240.05101545964135
220.76120352966245
229.46910813025897
241.0198814002797
239.3821319161798
242.43027156358585
234.354546706134
234.69270084425807
250.33083910215646
241.9432833721512
226.87577674142085
247.04832271661144
235.15381349419476
248.8556399255176
237.53896602249006
250.95355480059516
236.97285445057787
235.2722257846617
246.05274597887183
216.23097134404816
237.90193958353484
244.23811619658954
235.72041872423142
245.58547351969173
240.08041977562243
230.18034370208625
227.2089338339283
234.27946571650682
231.07663395436248
253.45797235378996
230.95588265376864
239.17442414455581
245.67899382463656
240.896205871657
238.49170995951863
248.27466298436048
232.51331267185742
227.9127119759214
236.8449336962658
242.00524048542138
233.6781143232365
247.74741099128732
235.5842792436597
233.73065553279594
229.17790564423194
245.79768683051225
255.0149574757088
235.58140625752276
240.48200963501586
226.71072580682812
232.90454351936933
242.45610041811597
242.48157595226076
244.16985681164078
233.20767029043054
235.79054353560787
244.21100219141226
249.2803968312801
244.10383536550216
238.68088692252059
242.41559880279237
253.89697394048562
235.01625228655757
235.67564111971296
232.38123435270973
245.60541325353552
229.75664787896676
241.71124334889464
230.06992757710395
237.38661487359786
233.02835755987326
240.4284406559891
225.74732434167527
236.85155284358189
250.03431732632453
257.27096168720163
236.50667506438913
231.8517068492365
216.56773748039268
230.84125000808854
231.81011847482296
233.31733344623353
236.65934940811712
238.98538616549922
245.37290971720358
237.35989499860443
254.7336461165105
254.1036770772189
236.5820239984896
243.22181155125145
252.68866849981714
242.3766831238172
229.95908896252513
244.58232916082488
237.1149660529918
232.85164041357348
233.8343738480471
240.9275506431004
239.9033816459123
243.47243047773372
238.57532164192526
241.091636968893
237.89581944333622
237.3127376351622
222.9805277598789
236.546649239026
237.693276219361
243.00157861434855
235.69126677355962
229.63503780326573
250.0030621822225
236.29456567403395
245.39477849868126
243.4738862949307
240.40788367966888
234.48811458871933
224.71267158706905
234.47125540743582
242.9437479119515
238.615948405175
236.99369618517812
236.711186020053
235.4772937046946
242.46550419565756
248.6000618749531
240.7389682290377
242.07731395110022
238.2510240522097
224.40805221477058
228.63368238689145
240.24982025602367
239.41315704927547
243.66913582989946
230.74487179529388
232.00876945751952
243.9257158523542
228.24999694694998
235.5274369585677
245.16317398269894
230.04026449425146
241.26199326838832
244.87727382796584
246.9292187409592
241.52878118888475
243.5033018270624
237.79846014961367
235.51265641028294
234.516680732253
247.23347237543203
239.18712814321043
225.44921377621358
245.94698424002854
229.92246413824614
228.79435416363413
235.00760140980128
251.17687712190673
235.27592503413325
231.0519865429378
242.56668001780054
252.7233762401156
241.93318943871418
237.91075829713373
239.89785495121032
245.8953644420253
228.84043489885516
245.99077412614133
232.0713138974388
243.0107928829384
237.87685001955833
231.1566409599036
238.48724845104152
233.6122758577112
225.5330431482871
230.4299619771191
241.73798469622852
234.74164061964257
246.33169483789243
229.1424740193179
231.50395718129585
240.99006534781074
236.94194675947074
235.32991364982445
240.0267612071475
240.21806089265738
233.2516844487982
232.80370227328967
239.01706628396641
239.04745606973302
230.20522853231523
242.2223300281912
240.9227456356166
252.87411688140128
241.90273592679296
240.62952126713935
242.4969109344529
234.82017076259945
228.88415222777985
241.32492141867988
234.0373917229008
249.07012430997565
232.69204272853676
242.10773469158448
242.0710270712152
231.90473657473922
229.1106581093045
251.32875874009915
228.51700407103635
230.13367297954392
250.1173723913962
254.09384443354793
234.6743581626797
233.65350926702376
235.76241500675678
229.9159360617632
223.8562220246531
238.7746478980407
237.89891889714636
226.40752723114565
227.5104491248494
242.11326352634933
236.06240603502374
228.36793547973502
230.2672966561513
241.7012953715166
235.69965390535071
240.75734772975557
243.0885554057313
233.76477997540496
219.79477824352216
232.9877575817518
242.42640717793256
243.64346035546623
245.91249116009567
231.41211182135157
248.1128439924214
227.47909968986642
245.87808029237203
238.74426112428773
235.80095171905123
235.38132657902315
225.12578807561658
224.8741217632778
252.86767846159637
240.04172829922754
240.4468336045975
239.65819969412405
240.6762033586856
227.63058426836506
238.584984584013
237.21241418505087
247.53936489264015
238.5384366265498
237.20921411784366
245.08245059358887
231.95517467882019
228.02792837040033
242.25211577455048
213.43432358908467
242.69167290930636
242.60347749700304
235.52048280101735
231.29241328989156
243.11908846267033
226.1713993094163
235.09306735591963
244.8283941616537
246.4844248876907
240.32388750370592
246.8448781190673
230.63705589156598
231.37111377343535
237.49502555979416
229.118819542462
214.98362406773958
246.88166527904104
221.62978931865655
236.66066501743626
225.00241487915628
239.26748340122867
243.70513938367367
234.85162559640594
236.42397196753882
253.44750915642362
242.18133687635418
234.39758666045964
243.58894404163584
240.9780780854635
220.98366308026016
233.77855375537183
248.49442703288514
233.95196849561762
230.1745284795761
240.16791409649886
236.29593462799676
233.66261010651942
244.87137327657547
236.37227865424938
229.84492926986422
239.35998046083841
231.18897819856647
246.9260387707036
232.03810536838137
230.83253098803107
245.0086826410843
248.6794805728132
241.57526264782064
239.78650990792084
244.06141261663288
232.68506710859947
245.8408284994075
237.4033592005726
232.89811298565473
233.67446985957213
237.99715989199467
236.79377202491742
228.6643083175877
238.5097497847164
245.94763085024897
230.0069598450791
233.33993380446918
241.54496671375819
224.5419531960506
248.82488176820334
236.04791773774195
240.1986448155949
233.8712552053621
250.72815971262753
250.90784955129493
236.93069817021023
254.3105417699553
231.18664584914222
236.2381329559721
239.5174293697346
234.2648961483501
250.82699537975714
233.2795159725938
229.8396762664197
220.2176856455626
238.10722352098674
254.4979963513324
244.86496589588933
237.72794886794873
230.80857908073813
236.8183786678128
226.84249899617862
240.71178339095786
234.12098530691583
233.13237699947786
236.69504865969066
228.99562642374076
240.90615525119938
238.06743808358442
223.16771705739666
245.4841277077794
229.18450365099125
235.71026039368007
254.37242861732375
243.15216471499298
245.75865751248784
231.77550169324968
236.8269952684641
244.67770192807075
229.47925336635672
233.3885586913675
247.50368715496734
221.0218145090621
232.78739852982108
226.23594457725994
252.44288989028428
234.3375636814162
239.2497983109206
231.129643194261
240.28319695405662
232.1414198987186
226.26788588578347
233.4736479150597
250.4354463267373
232.7336702606408
229.9645652504405
229.8516442766413
233.33676430478226
241.2552496258868
244.0331286720466
232.40330685081426
230.06322160596028
235.57388422323857
241.92633946600836
235.9154917568667
234.4163152858382
243.25464532943442
240.35299883806147
223.10984002437908
233.40686358709354
239.754723772523
237.9821437196806
251.87456660391763
251.8592952748295
253.47946998104453
238.50069528387394
236.1061370143434
235.15803551801946
228.25395733502228
240.35192534793168
245.7684424414765
247.22047153371386
238.18623351491988
228.5284468025202
234.82812596764416
232.11969494784717
228.30180693627335
243.8579078357434
255.89456726948265
243.0254510937957
234.7071164607769
246.6751233326504
252.5082863548305
242.43140611459967
255.42535751732066
234.08501035324298
244.83396160264965
256.542195608723
219.04659526399337
235.72247422556393
239.44703877042048
229.25448952743318
233.86108371859882
234.3969427163247
228.77819023118354
235.91214745584875
242.63637312827632
252.24945725640282
225.41316004400142
242.0961214673007
239.12792410200927
234.8626838377677
250.75789922452532
250.04537210112903
237.35336981876753
222.07838176121004
229.78535609098617
227.2411025557667
228.3801670288667
221.7557758515468
243.06258258083835
240.62778905883897
250.51317389216274
228.41084921138827
240.1120764130028
235.10533405654132
254.78236520884093
238.243786562467
256.40208218141925
251.43109680444468
234.30979927943554
235.21485821309034
246.3938896614127
246.3996805967763
237.8484714020742
250.0749549868051
240.80703893874306
246.30973013769835
244.87433509156108
238.69175601983443
224.7417134566931
248.907861872809
237.47680657659657
247.5019889761461
255.59666035324335
242.66289910592604
239.6043025846593
226.4673683269648
230.76924988778774
231.66168825817294
245.76787323772442
250.33601724915206
243.71531354088802
232.11105645727366
247.6472182793077
230.51710509788245
253.85920306446496
236.05209868063685
235.1121061083395
219.96492102579214
225.36212914576754
250.79014570987783
236.69218139222357
232.70819922478404
227.548118814826
235.48057886457536
228.1138677635463
236.87875121249817
256.2886329765897
225.60632768215146
240.5713024395518
238.2605320615694
233.16108046949375
236.64570827130228
231.90466213633772
249.55325364414603
246.51522580662277
239.39030250534415
237.09828112856485
258.6933174963342
228.3480727027636
243.69426228292286
232.9628088971367
238.61850637372117
244.6678186925128
234.72594225080684
240.93612126924563
233.78963503986597
229.55819216137752
223.61333228717558
245.47819708357565
244.16670830280054
243.61973002005834
236.7705957191065
231.60717004118487
240.36422983638477
254.9322554692626
229.98307681665756
244.26948249095585
249.19550909090322
247.51554416283034
235.4760032496415
243.33960061927792
234.09976954502054
223.75114100577775
243.79691412695684
230.92665301915258
240.78143156308215
242.82383616105653
252.484199945
232.73236079793423
240.6301340769278
236.37440887850244
231.71888982644305
236.2876649121754
246.28341603127774
237.20960746356286
245.35772533598356
243.62758243782446
242.9471521640662
256.89266227558255
247.32161531841848
230.03855888510589
250.42520429298747
238.42461776081473
225.47476423485205
245.49982884747442
237.0797139951028
234.8470739936456
240.73237503529526
229.04501470318064
238.4559513615677
249.85577688063495
245.9695620330749
235.97830727766268
242.09785447700415
238.7586066297954
228.22400171647314
232.85043948097154
230.559782049153
244.1665251615923
235.47207099478692
246.7122572286753
246.9217688048957
232.47425476298667
240.9472067297902
236.84430022444576
256.5203816955909
228.1251496069599
241.23775153467432
233.63111204246525
243.0883308321936
242.9280206480762
244.8911632236559
249.33777431270573
230.6632618836593
227.01604490575846
247.91527786653023
239.79100229090545
239.7600440318929
234.47240982053336
222.01292867050506
236.6293285927968
238.47106399550103
235.29332602396607
246.7234051974956
236.26264130300842
258.54535616352223
225.39125254144892
231.91463979205582
238.52005754003767
253.19344566378277
250.13828147493768
238.0548297725618
221.36795649677515
234.9597700375598
245.14285973645747
244.92334475112148
229.31002427486237
242.85643209132832
255.26055450947024
239.70319106045645
233.26157172047533
255.32395554962568
230.7166100157192
230.08083055657335
236.37860011053272
252.11126417294145
244.29815550812054
250.83000338147394
238.21716458140872
240.13319839094765
242.33273444476072
237.5199565262301
237.53246053378098
227.14844199176878
224.9607635162538
239.40743471530732
229.76566558890045
242.70159341057297
240.82464388140943
238.69540183630306
231.7595260948874
242.4447155899834
235.27611520560458
252.78495499957353
236.84786500653718
225.88781572296284
223.35779339598957
245.37245347199496
231.90163040312473
228.40753877151292
245.29023346153554
247.11481769185048
232.50913400179707
241.2994176457869
247.79619201167952
241.57416823192034
251.92665237607434
237.99387610447593
239.23361530981492
235.30132748489268
237.26043329504319
240.36345007864293
243.73689393198583
250.69791770901065
253.9003140546847
235.8998287791619
245.62370504578575
242.15319416148122
227.37868020811584
253.68420675431844
236.1095019056229
265.611010406632
226.27532408211846
240.1996796124149
241.3000401329482
227.67772137839347
232.36137476714794
225.06538108794484
223.8041691952385
223.70969745330513
224.32727250119206
238.8817676131148
229.7280151724117
254.62404866155703
248.06259647221304
233.7806465824833
242.34015661955345
228.14954184391536
241.3240639193682
236.2658703410998
245.1813674638979
229.17277326912154
235.51776995277032
239.74557854619343
244.4030075261835
247.93003022007179
246.01643848523963
227.03471839334816
240.43374056136236
229.945984940161
258.24888436403126
231.50145470327698
241.37994043866638
224.34337390493602
238.78893195232376
240.83337805932388
228.03938462561928
246.9213105222443
241.08779965154827
231.89465825888328
239.31014620827045
221.25600839953404
236.87787883344572
227.90803009714
238.1326984980842
240.20568613696378
236.05629729828797
220.45701695990283
239.89059842703864
230.99110140185803
226.91269599786028
226.15175515820738
251.47135989856906
230.879160467186
241.10316869698
234.34567722061183
233.874482885818
244.88785829977132
222.4589271292789
234.24338175461162
249.77291852410417
237.89102190709673
238.94038945052307
245.02034088154323
249.3800766718341
237.1239740154706
237.2896410978865
230.61919342400506
239.4499595797388
219.64080115943216
244.00567596324254
233.40462345874403
245.86646245745942
240.16085709433537
238.17044640297536
244.18448746518698
248.93679305526894
241.03280691744294
240.11273732047994
231.68486696772743
233.4948572558351
247.86389789253008
242.52779993228614
255.0758306432981
222.65924541442655
241.95973199268337
234.15693796577398
231.41876322566532
243.55503905192018
230.59237531153485
255.69550967717078
245.1552533712238
227.6749793938361
235.64908335800283
227.3405141175026
231.55652332829777
247.4412199194776
234.6178108920576
244.41408400738146
242.45548770180903
241.2152663350571
229.56148867704906
237.82872434915043
250.4991762189893
256.4946990914177
237.10640671639703
233.14215459791012
223.42042369348928
245.73165487218648
236.96518285979982
227.49630266427994
243.54568777687382
241.0752569505712
256.6747035100125
230.64827870728914
233.7661789470585
231.59892843093257
231.9322471972555
243.83313971024472
228.98295323201455
228.79508974484634
245.89312138140667
234.05523126153275
234.92989332706202
260.4320594795281
248.64337772980798
237.0483729862608
239.32308339315932
237.27740943501703
233.52165572205558
240.23974263109267
231.25281001522671
231.80523596843705
252.91584106220398
246.68511287064757
234.21722373156808
232.56466758728493
221.19122438668273
247.6096602382604
232.0046097121667
222.42471030552406
239.74944386130664
243.20739205100108
236.24284324259497
243.49746151652653
251.0263118610019
256.9699159008451
244.2834086152725
239.05228782899212
236.46332556172274
252.69930953509174
236.40572820487432
242.62038709013723
245.48407522425987
236.83340831357054
249.88096405239776
252.07047721650451
228.37648771808017
242.72158944699913
246.46699490200263
245.05410038027912
223.86361588933505
258.0694052503677
235.64977549086325
234.6627899168525
242.90022087807301
225.05249053158332
222.74727774690837
246.47080258047208
247.8475884515792
225.45544426655397
243.93130090727936
247.9114695993485
232.1106027046917
240.17453194456175
233.1894558193162
252.77149416622706
243.38676911208313
239.4891533839982
238.62025735841598
247.26574525190517
245.7149473624304
228.5003003923921
234.15622470737435
230.16000519378576
236.54236272489652
235.361997997039
246.54544070363045
236.87942000024486
244.68891559820622
254.74576761689968
225.04955596325453
229.86446969059762
233.60472449380904
241.39886458101682
240.52760975819547
235.8981721084565
229.97263516462408
239.406021578121
231.55996436462738
243.36825112916995
239.59806085960008
229.87651261035353
245.4733955366537
233.4780868354719
222.08694709802512
237.99074651801493
234.79113868041895
232.5890071730828
238.03770577849355
241.8450721242698
235.61838581296615
230.35645908059087
250.2325687756529
229.6848397597205
224.82708064105827
232.24845213035587
235.22586502030026
244.82547985285055
243.9149239412509
240.90182298910804
229.34612530167215
227.90040509344544
233.97692931618076
235.25643656717148
243.43995493766852
237.78147482592613
239.73256418807432
253.08338696183637
232.53157306578942
258.5077484322246
239.79120035213418
232.52319148834795
233.40679024648853
241.64326228760183
239.4266021560179
221.8878227993846
241.165508623817
236.87095458619297
228.380028376705
236.10815990890842
233.00370592728723
223.91455653507728
241.7454457184067
246.4402310772566
246.5688983880682
230.3671098711202
235.55619980290066
243.176278939005
232.44295558077283
239.44971807615366
243.03882859868463
242.9711078547407
236.10720930818934
232.5344161768444
236.0835805067327
234.08177157118917
237.27074595179874
239.03353509155568
235.31657953292597
240.80076966108754
229.30154073087033
234.65670380322263
234.8677853809204
231.96653149824124
236.04039396194275
255.15087171806954
243.70917924132664
226.66009271517396
243.2653698095819
234.39080801128875
244.91897480504122
245.5604558851337
247.2812120646704
239.73936466232408
237.46825580263976
221.46411921584513
226.09682368068025
219.68463223415893
220.75096321373712
235.11920485366136
228.6534057072131
231.11782655934803
239.35445671936031
235.7019604985835
232.42961609363556
249.41340934776235
238.56355419161264
228.70731970248744
236.23453760833945
233.7778487916803
252.63167054136284
242.52346605772618
249.7518099709414
240.90647130203433
243.34230989904609
261.132025609375
249.21931514458265
244.47274602437392
227.97062563570216
229.50792582542636
220.13415663386695
245.16098357422743
220.23705953743774
235.9990891867783
238.52973394817673
230.45257247041445
230.85482977773063
242.04618406947702
247.34686704876367
246.9027159254765
227.3179489064496
238.78672684519552
228.96608767844737
240.61456528818235
237.1250160993077
235.92569496342912
230.6819200301543
231.54812863236293
232.02056865149643
232.24092367873527
237.6184484147234
228.23281037039123
228.26271481858566
230.40803928370588
235.86998575401958
235.2427679443499
251.28977134427987
251.05760289996397
236.38850682263728
242.15030891331844
232.87103168666363
225.46796605084091
242.73126441950444
243.25222105637658
229.9784243303584
230.4666194311576
240.6635371018201
228.65025323349983
230.4829951019492
243.554195012548
219.5470984990243
236.37375220935792
246.49594697146676
248.352268391056
243.41359884629492
227.8963599060662
235.2765141716227
226.12048198259436
233.830966687412
226.30892860319
228.84909128537402
238.43296857213136
240.95990653336048
239.74626339122187
234.25222218432464
232.6533783476334
234.35681331157684
238.66785260173492
236.00892750988714
243.6299434399698
236.88462995307054
248.59889276209287
242.7241409184644
236.35494619549718
253.48405983590055
237.81399108585902
236.1840321054915
240.55541371786967
235.69885158119723
227.67790668620728
243.57178369443864
234.5843703740975
238.13616124889813
235.4331175555708
227.25803917017765
259.5732889161445
231.66029255394824
227.12979139189702
248.9487380463397
224.61275561968796
253.63385571551044
242.84516071341932
240.69481659214944
239.29104116384406
237.95691852190066
231.91084868076723
240.815054344479
246.7679553620983
218.47555894579273
242.2237439387245
235.83051409595646
241.36444801592734
237.5226249608677
240.134353852598
243.76022352371365
232.9343115844531
243.98327672388405
246.85601692285854
229.6595886508003
261.31758108956274
232.9812141986331
224.03934012597892
233.9354195590131
242.64569531730376
258.1154579600552
244.7182402558392
232.45078733819537
238.60036202683114
242.56387377914507
233.57942338334396
246.6084059427958
242.20895737002138
223.33327291766182
232.6780130250845
230.44053203659132
257.0215529098641
239.4150300748879
228.9589002917055
230.6698436527513
238.4234262839891
219.87628858489916
240.573873899295
243.88557682360988
244.21383243857417
235.7159187302459
229.69735977833625
241.45275978755672
242.08585498004686
239.65291894343682
238.72707111528143
227.2491056472063
250.4003024569247
239.60852484498173
235.07724102877546
250.73991342249792
228.25895524630323
247.85357381158974
234.70515535608865
229.52474963176064
228.14253429684322
250.98955104255583
241.93217631138396
244.52487073361408
243.59112233365886
231.3161505565513
231.89853598270565
214.43084261694457
231.56351491389796
230.63085976755247
230.02473011659458
234.3334732715739
235.20858645637054
235.53954687865917
240.12310013652314
227.61084769142326
227.80922407633625
228.60819982737303
238.19671132636722
240.78530246589798
246.03792621858884
228.7237501370255
230.9070184995653
229.85836790082976
241.08386095124297
244.24749791261274
237.45691511256155
230.69360986724496
230.87658766796812
235.20813866134267
241.52563838544302
237.79439223720692
244.5875487870071
253.66849766741507
236.27598989056423
233.1864569237223
244.79387570917606
249.50810170453042
238.2672810748918
263.8170168817742
233.63222666550428
232.95241563767195
249.62689292104915
235.6729147521546
255.81130071275402
242.81553251412697
244.8365778659936
238.714498343179
222.6597516060574
244.0988577271346
233.60738804389257
233.14568049868103
223.6980568417348
243.28749509807676
237.63063744851388
244.36929858441
236.70551754545886
238.86707927298266
232.5175422889879
243.63086377899162
241.6001401625108
240.65682040224783
222.55024303973187
240.27013833529782
223.02519340615254
239.58319400728215
230.70548892801162
231.14512963977177
229.281346043339
229.5551439115079
223.43925084767397
232.76111587299965
227.55930616345722
243.8158870995976
242.75829287234228
229.01609305804595
223.8488936573267
237.5951846599346
220.40925150283147
239.02606615424156
220.6890449267812
251.18024498794693
227.99373490759172
242.003450834658
224.5524732437916
238.56998307444155
229.03930423338898
238.58474684366956
239.20860918518156
239.11888641351834
239.3886289788643
233.73705341527238
235.80456456774846
234.34026840748265
253.3164284210652
224.0697073378833
246.06942476530094
234.53117702587042
241.71254723379388
226.96440433280077
235.80158577742986
228.48855241725687
246.98022543487605
247.97709605819546
236.24508429830894
221.87839591945522
237.51384217268787
235.58545750728808
238.7264356786618
256.98700650583487
241.578762223362
250.43709246080834
243.0252556616906
240.2449606062146
231.69147003209218
237.5996453332482
224.954454687424
230.60385296796449
239.6532133949222
244.27788481349126
231.2321179388091
227.7438837728696
225.20971825474408
245.9598122057505
212.67722837952897
221.3751517685596
244.16806986671872
235.3172302750172
242.4319953643717
232.88015169312712
244.18055007001385
239.25738397671375
237.970061248634
229.86139879585244
237.4078693157062
233.88333472318482
232.94340769818518
255.35395716573112
248.79049074533395
225.49347528629005
234.33339073788375
258.4374056876404
228.80626210465562
246.80992421344854
234.6121693662135
235.098949711537
238.70334292249754
234.0107946387725
233.18670092278626
239.7067396575585
237.07760013116058
234.2722790177213
228.29970207903534
236.01663188880775
243.46764518029522
251.85825585119892
253.6380997810047
239.71604424272664
241.55996480828617
242.8010391301941
227.23883954517078
232.92680639820173
238.4312099716626
243.53703187359497
228.6510442837607
235.49482735944912
243.39790199277923
216.97747177432757
248.60254468210042
241.5244879340753
236.5995358193759
246.2261611603899
229.21032349520829
233.5274436288746
239.65911145159043
231.43184055550955
226.34697005536873
234.51308014185634
254.17769650917035
242.85694371606223
232.30176749103703
231.5770516549237
235.74036179226823
252.8084818496136
234.53919594350737
232.5003512110561
237.7429970552912
241.5204077505041
245.09861929016188
236.63791091449093
235.17333256197162
245.60448871389963
247.15557968697976
230.0578202502802
247.0205670928117
243.423900117632
261.22474467766006
233.11380817950703
242.0366047443822
234.5731546849711
228.84446814015973
243.27859859133605
235.14322629733942
235.35154735122342
245.78871109848842
246.07202114816755
223.88654179649893
228.64133037813008
254.96219143189956
249.01581445487682
251.3750841532601
234.17077284038533
