350.4271322241757
350.4303323013801
350.4274647967568
350.42606219786103
350.43229878614056
350.43176426943774
350.4376330655814
350.425749305472
350.4327608240983
350.42929921835275
350.42985514299653
350.4310635150632
350.43140893541386
350.43175539610456
350.4399710204307
350.4245484353851
350.43114174533366
350.4295165516687
350.4307003632821
350.42347284001517
350.4315777203792
350.4317653232938
350.43200706649804
350.4400509994812
350.42459827727544
350.4312219196054
350.4302849950018
350.4314970057294
350.42946918566486
350.4315374493781
350.43830620056906
350.4251080039139
350.4312617943342
350.4378356589623
350.4249793607232
350.43113049486783
350.43832321596346
350.4258303590177
350.4396725804472
350.4268406510928
350.42865417675057
350.43116886351345
