201.49808471191682
201.49892211868064
201.4982204244552
201.49657506973654
201.50141066270135
201.50058682377494
201.50045060090088
201.5004876578423
201.50054632177125
201.50059706815227
201.50064018025932
201.50067128528372
201.5006971355806
201.50071707241932
201.50073521267313
201.5007471466197
201.50075965138603
201.50077171422345
201.50077857599717
201.50078271866005
201.50078600403504
201.50079157560322
201.50079738749082
201.50080056708066
201.50080404564505
201.50080385378897
201.5008029797591
201.50080686027286
201.50080763773985
201.50080922531924
201.5008098068629
201.5008096881138
201.50081202199
201.500811283473
201.50081234522622
201.5008132350231
201.50081106956895
201.50081242475972
201.50081230205615
201.50081041345948
201.50081084929843
201.50081408528786
201.50081244904504
201.50081401589887
201.5008130043916
201.50081162160131
201.50081415457498
201.50081093311928
201.5008115205237
201.50081125456018
201.5008132055591
201.50081370746557
201.5008130945498
201.5008143035102
201.5008142987499
201.50081359239084
201.50081128754755
201.5008120963612
201.50081634854723
201.500811074613
201.50081358767056
201.50081186150055
201.50081251782467
201.5008120874736
201.50081633992886
201.5008138332778
201.50081308949302
201.50081004418462
201.5008124220294
201.50081213888188
201.50081231785225
201.50081631069042
201.50081306564243
201.50081290322123
