323.22767401504825
323.2288544605035
323.2295321124784
323.22991374580397
323.2301253614878
323.23024117381465
323.2303038693499
323.2303374443136
323.230355286285
323.2303646828195
323.2303695970222
323.23037215576187
323.23037346485035
323.2303741430369
323.23037448660034
323.2303746602465
323.23037474637385
323.2303747883652
323.23037480835956
323.23037482174004
323.2303748298764
323.2303748281538
323.23037483018925
323.23037483495864
323.2303748320701
323.23037483028384
323.23037483208645
323.23037483209737
323.2303748313352
323.23037482810287
323.2303748289323
323.2303748363065
323.23037482820473
323.2303748323011
323.23037483221015
323.23037483090593
323.2303748321101
323.23037483531516
323.2303748316881
323.2303748307713
323.2303748348895
323.2303748293634
323.230374834191
323.23037482754444
323.230374830302
323.23037483379085
