305.5678529968636
305.5678476818075
305.56784385070114
305.56784105783026
305.5678389757686
305.56783743146934
305.56783627607274
305.5678354157526
305.5678347373341
305.5678342279034
305.56783382128197
305.56783352249295
305.5678333057749
305.5678331472518
305.5678330163664
305.56783288941915
305.5678328046197
305.5678327528203
305.5678326967536
305.56783267134597
305.56783262814133
305.56783261704004
305.5678325819663
305.56783258253745
305.56783257407733
305.56783256511153
305.56783253489266
305.56783253912363
305.5678325455847
305.56783254514994
305.5678325381359
305.56783253847425
305.5678325467361
305.5678325463159
305.5678325372792
305.5678325177887
305.5678325167719
305.5678325322915
305.56783252659807
305.56783252934474
305.56783252941386
305.56783255170376
305.5678325483059
305.56783253557296
305.5678325373883
305.56783253410686
305.567832544486
305.56783253012327
