188.18636559398874
188.186344129379
188.18639628213805
188.18231300714615
188.1868488367445
188.1869524854137
188.18424938451426
188.1844593522992
188.17989066529935
188.18450640631454
188.18426897713198
188.1830032601265
188.18493879990274
188.18623764635686
188.18001568823183
188.18488418237212
188.18670224576817
188.18697797340974
188.18566642747282
188.18569758634112
188.18562211055178
188.185666919695
188.1856420920103
188.185658942828
188.18564965313635
188.18565659772685
188.18565301177296
188.18565653783844
188.1856552218269
188.18565635776758
188.18565476169533
188.18565632447098
188.1856555162285
188.18565804753598
188.18565478550954
188.18565764352024
188.18565485216277
188.1856574444646
188.1856576195314
188.18565644794398
188.18565724316431
188.18565722530184
188.18565598818714
188.18565771716203
188.18565584581847
188.1856581123884
188.18565486575972
188.1856590090556
188.185656088599
188.18565790980392
188.18565680872598
188.18565615530497
188.18565795121322
188.18565525415397
188.18565806194601
188.1856569454303
188.18565624696203
188.18565688314993
188.18565622253482
188.1856572366596
188.1856570792388
188.18565660883542
188.1856563209767
188.18565862970718
188.18565575503817
188.18565879117523
188.1856551001256
188.18565888579542
188.18565684051646
188.18565705021683
188.18565702515843
188.1856574974845
188.1856561326531
188.18565767861583
188.18565825208498
188.1856562014873
188.1856577190847
188.18565590517755
188.18565897599183
