220.14901472779184
220.14901020834714
220.14900647184277
220.14900341753219
220.14900093421056
220.1489988784515
220.1489972599602
220.14899587189484
220.14899474897265
220.14899383053216
220.1489931209071
220.1489925204296
220.14899204359426
220.14899159957076
220.14899125902411
220.1489910085238
220.14899082655938
220.14899062825498
220.1489904076625
220.14899035284543
220.14899028523723
220.14899010859335
220.14899013950162
220.1489900717297
220.1489900045326
220.1489899739463
220.148989918629
220.14898991315022
220.14898984716456
220.14898989102585
220.14898982697014
220.14898984369938
220.1489898651107
220.14898984107822
220.14898992596318
220.1489897657466
220.1489898577911
220.14898986579647
220.1489897595293
220.14898982012346
220.14898987293054
220.14898978811289
220.14898984583306
220.14898977481062
220.14898984772117
220.14898984035426
220.14898980379803
220.1489898157306
220.14898984368665
220.1489898433465
220.14898982214618
220.14898981042097
220.1489898709733
220.1489897932952
220.1489898055588
220.14898981741862
220.14898983791863
220.14898980452926
220.14898985738182
220.1489898800137
220.1489898145337
220.1489898280597
220.14898980985527
220.14898984032334
220.14898980225553
220.14898982270097
220.14898975541655
