149.31362171857836
149.31362165793325
149.3136216173234
149.3136215610739
149.3136215248387
149.31362150467885
149.31362148290282
149.3136214617807
149.3136214416727
149.31362143284696
149.3136214133665
149.31362140622332
149.31362139686553
149.31362138701024
149.31362138263194
149.31362138069198
149.3136213715743
149.31362137948236
149.3136213651842
149.31362136959706
149.31362135980908
149.3136213609123
149.31362136019197
149.3136213561702
149.31362135355266
149.31362135775817
149.31362135910604
149.31362135575182
149.3136213586149
149.31362135641757
149.31362135911513
149.31362135197924
149.31362135097515
149.31362136219104
149.31362135856762
149.31362136223834
149.31362135233212
149.31362135692325
149.31362135486597
149.31362136055213
149.31362135358722
149.3136213508551
149.3136213532489
149.3136213566013
149.31362135351446
149.31362136122516
149.31362135742165
149.313621360061
149.31362135438576
149.3136213595135
149.3136213557591
149.3136213539492
149.3136213541111
149.3136213531743
149.3136213463331
149.31362135769814
149.3136213591406
149.3136213556554
149.31362135949166
149.31362134833216
149.31362134862138
149.31362135837298
149.313621356554
149.3136213557791
149.3136213581347
149.31362135076233
149.31362135335257
149.3136213591115
149.31362135617746
149.31362135293966
149.31362135646486
149.31362136341704
149.31362135157724
149.31362135635027
149.3136213553862
149.31362136057942
149.31362135244126
149.31362135571544
149.31362135502786
149.3136213563812
149.31362135384188
149.31362135282325
149.31362135419477
149.31362135268137
149.31362135465315
149.313621356996
149.31362135674135
149.31362135422023
149.3136213602993
149.31362135746167
149.31362135372547
149.31362135425297
149.31362135552263
149.31362134806113
149.3136213533253
149.31362135896416
149.31362135249947
149.3136213563521
149.31362135215386
