421.65421465134204
421.6622935026335
421.67178893902746
421.6738311599547
421.67381006564665
421.67500527181437
421.67483219906444
421.6723824446217
421.6767364885636
421.6760713944095
421.6753108246521
421.6767923506013
421.67516943373994
421.6743421006013
421.67479712940985
421.6769733245801
421.67426081138365
421.6784020565483
421.67391618513284
421.67396688963527
421.6783123356545
421.67390087980675
421.6739997876721
421.67718943988075
421.67384969065097
421.67505726083436
421.67553453780965
421.6759042069025
421.67377168674284
421.6773982898303
421.6759049760658
421.6763747956902
421.6759182957139
421.67575177442995
