309.9088408390429
275.9185392765055
293.8303817205673
244.33884198359874
252.06952283925534
272.3409387699837
250.73934294584842
250.31573367003193
256.49122900233533
244.86187395359866
274.17173065138604
267.59229244837707
285.4762234763607
275.0730853577438
254.82730204186373
244.01742268701946
258.55263720276525
264.93900722485523
276.07892555342096
273.02720834721094
260.06247807540785
272.1741482899379
239.60742170374215
236.08471182170342
248.19619356797648
264.08980513105416
216.32206031876376
267.34918992665644
224.44445877297767
253.39554918247813
277.00499225042586
244.60745240315373
280.84480026347956
229.86420053903748
243.08493388017087
236.17497073107734
249.7524484378264
251.97166155668674
254.53935494451616
252.5084957177878
236.49526744904324
269.4988699819969
220.37137635260842
244.64644174495334
239.09960748669255
269.98221061639924
236.42058817350153
248.3669815258727
262.1574383167008
253.60777477550982
256.23865356198985
229.7877727212017
270.0187206057399
253.2391314272536
246.1947252082373
253.4443808020933
243.6520333536846
250.06787156730934
276.6050009657665
210.43398505117693
290.71034781126764
224.0015737029189
269.3769861580313
264.90150488057407
264.4283608052756
269.05582529555613
256.73416559230463
265.4060155343759
234.41442262446435
255.13017278434563
251.25581310006237
246.2245144910703
254.7400923384339
213.40363270775197
240.81987747683525
274.2567864658158
309.13220113044736
253.63479745206132
241.90487817622852
248.08996254504746
275.52577055132133
244.68460438296825
261.7522908599167
292.01151541223226
259.55997845796446
256.5844564330073
272.1316303963031
237.2794928145704
239.1919615942279
293.710230978646
223.2837288187402
259.89168976011933
247.88905226433053
236.47601034785475
258.5850250441654
257.3433511462681
256.27293543004635
232.52698685215364
257.1025769644184
259.20849023572737
254.63991026149233
278.9435222257234
287.69101666820643
252.9245270026804
296.40697372270733
237.62835380947217
239.18578245557
233.68148279823072
242.21577620360767
260.5598024140745
259.1636395482383
256.53174685892736
266.95712647412074
265.16371146770325
221.9710614320611
252.41529927630472
254.6332362138637
223.74629789965184
239.52177513531933
232.68152807437946
250.34033526822168
231.86704589171495
248.85838876197158
258.8548972250137
251.03753893227622
273.96845452167327
263.11882230298215
248.30099167851586
215.47273787190352
225.01422061054473
235.9423402060129
233.98325533716707
255.94363320506818
255.35974222920777
267.59613516366517
281.15842029675696
275.78221077797207
237.43251555543247
268.49592049300554
262.37560889495217
258.1332274858578
260.13568793759623
281.19691053516
251.35018542520993
236.9288899643143
297.42453169262444
261.0513870619252
244.4557398059842
263.30820265985676
230.92824109093635
259.9661059411883
263.61507569177775
271.1102132535816
271.79349860506045
276.9891636822431
292.89857695184037
240.86232774915698
257.58342574341077
282.158633326726
273.17343061458087
271.04719265983294
263.1623121336379
276.7392246531672
253.86461152974516
286.42813545027457
248.17622263481462
266.57627330720425
259.5220525708937
248.39648193948233
244.5842540976446
280.7800768875677
265.4769584577516
254.2729320794533
301.0999884523335
252.7700923396187
300.26744556044287
253.8033777159435
246.48532222426002
228.200527463865
262.5673100450949
221.7443067488275
246.98557693179464
267.2289465880749
230.07282483048039
234.3477657024705
236.97194357567787
248.00947800695576
242.46339736755908
252.8580450469599
280.3520407951946
232.87531284057332
226.5214500642469
212.0029636881227
227.5052584885634
263.38774772232864
245.82155986494763
261.90785441083426
289.1270685983691
282.00709233032103
254.17843256063497
294.95800849912484
256.4392298476887
297.7601086003706
254.15459916347754
252.70464219859423
249.2813360668806
257.3329146484757
250.81756689453323
245.90780487018492
249.22867029068584
259.1723529558585
247.32219554545009
228.61512553755165
248.82417639519554
230.37054211340728
245.38174153545697
246.8963770428818
257.23502962166094
232.42906393096928
272.2618189019122
255.7590237416225
290.4934147311287
271.2794808603503
285.62587809483375
249.693609149057
238.70618455132353
243.11117402893433
228.21932925590954
245.75936364149675
213.02140707767103
254.32727569351118
272.22166862111044
230.28258544970595
259.57598380762647
249.99568586740497
281.62764642127877
233.46596236512414
251.29086144637404
284.40710642872
257.8576698325196
250.94612094663898
249.95437519006373
276.96768834997056
224.60762692898425
251.92067968143238
246.64465726483468
263.307512186293
242.7223883423576
252.77718957676552
279.57108169650746
265.1644494317952
284.2848920342585
235.91484017886978
246.42681250507303
284.28166310478264
280.8052545867831
237.98471561033512
285.30715450017306
252.4869171675673
242.22715011921537
253.0164368084079
256.31661617454665
257.5068514679442
287.4392940425314
225.45177030391642
256.1226917698368
230.2479494375002
230.52741661474283
253.69413782538322
224.62584797517047
265.89320447049977
265.34068289853167
225.38966571590572
239.7630945113633
233.47388922849495
273.15192787478736
259.8180854590464
254.58151023378014
263.13364717188233
281.24676294570963
262.9964635193028
250.99397792828677
259.9831881861901
278.21013878918893
257.2119323812949
272.1539480951906
240.22422859644576
257.50457650587487
268.8491353094141
261.2017269613425
246.66243133509124
250.9207357698324
268.0570743043063
256.52535057211935
238.82547735438857
240.74708408630977
252.4520749625808
259.8286782253708
242.18752256210428
247.45064418115362
272.41996647288033
258.2184321005625
251.99238172399055
264.7762130689516
240.66234422953858
246.98657833656762
250.608223575211
298.30988683160103
264.1732992235047
229.31681129703065
280.5540650894254
233.67204469216813
248.93788544229756
259.5548762321705
239.46049108996522
266.26259734448104
249.0886422727781
264.80754668233567
239.70449180978176
280.69962611672236
261.66051594755845
258.44334204113693
226.299853020304
245.26779672042176
285.4315324207564
250.6771313817153
262.59710007187095
263.42361139478453
265.25965238355275
243.2072192574269
252.32432100847655
283.69882717728615
232.94503246431123
277.24878141430963
291.692537803523
214.72049201674236
237.91906525172817
255.80371094605653
242.53403002090636
271.5885845847224
242.62955861369846
260.34376132444595
272.6051099137112
272.7622760095983
236.59849447579472
277.46562056710536
248.27338397991844
235.4303159264382
242.83050249268126
272.4190994611854
238.80964522677823
291.94724775044597
246.34703623541282
257.40727309242357
232.04647770232987
232.2668017613032
237.10329457254556
256.2477317777084
232.2600961051794
240.61228797670628
241.90640725113917
265.68372661751346
251.11360680946382
254.40580002333445
255.07760752794275
237.66385571248247
263.7554586966289
260.62216635094956
256.8641407260293
278.20173687531496
261.811852155035
276.3212761749746
287.8819365034433
246.2762553266948
255.84104884418775
250.05090526660206
235.87499322061194
256.4268068065867
260.61041378913797
253.20637865368917
247.93241388448223
259.56334928417346
256.4677104347211
290.7396569367993
260.7806706763513
249.43359367758967
256.13610728697677
242.95950970017293
261.1962370257388
231.10943105077604
247.60116877606197
291.41080568524194
307.53529159467143
260.88786197030277
218.94044356279483
251.89944495506643
238.74155491264537
232.4840622246702
263.9022442273417
253.98031422912027
246.17745296847716
222.63929454972094
258.48476419043436
269.9298508607608
260.8274391810846
266.0150172953581
266.65930141948047
240.24867535181693
255.21378100842412
263.4962875065539
263.93461757793557
228.04646534084168
238.04859023840982
245.24897128192242
245.1691162573552
249.27246724294673
268.14560426677053
287.0059799734154
228.70111307647312
255.31839632046467
304.7365739670058
283.2694440688938
267.160690192366
236.50796450756025
234.89739375571662
290.3292125157168
251.28405044632382
293.3273693981173
293.92431444737304
261.7040695051692
280.75912533150404
244.4834176779841
251.85820343182422
262.3245292800275
222.83403104639729
241.2387708163733
245.6135219928692
244.37272057283553
239.91346726460324
248.8557806751778
283.59726616804255
266.55295455448504
234.28047513354977
318.8370214664319
246.91916961940296
274.4853389020718
278.16059273049177
263.51411749944964
278.01383787361556
276.1915931907133
249.10193923437328
263.516825327315
257.98389285444864
270.8769652327319
289.17954513612494
248.85493121485342
232.63049470321857
260.87373378052143
271.8705436016753
239.979638856792
260.242231549375
250.9600966484577
269.81586489247275
255.5445118585485
234.77635732221825
230.72188278945396
246.6055785711069
237.54273069289047
241.44615819673345
238.43272739333042
305.0660543885024
268.04297178161505
254.6374892716267
238.6207915454288
250.07114648263087
272.1278398104914
246.49297269323142
257.8346682540723
246.93624594196444
260.14753607826424
259.13629207642225
229.75350104297104
231.88335927682056
257.13728895761597
252.5024243168009
256.67599991596944
259.0298273439839
262.495423013097
226.7853723604494
252.1836348001816
260.214907582922
258.8230721732689
228.99198100964713
251.97398621415778
265.2701251906983
240.70943409053143
269.8212090390589
239.48324603991932
243.88699321946478
250.95600845907757
243.3895186634909
258.0098652285669
252.66195538682223
238.61711260421725
251.8561288107012
269.76946959902125
244.26517496579618
234.15595164967817
267.68460214069637
243.93366110356874
286.6953977367375
248.75590441096574
250.22821066039614
252.0517910607159
268.8941167811572
229.32669236304355
233.99971043641563
257.57119634811534
263.9191830462951
257.41186643322
258.37615167882177
244.27831595254247
241.62861892557703
274.9158823499456
240.71586673360434
245.59900371270487
227.27042145340238
257.72104915845557
286.2811359867046
260.34739112475654
253.43990634864895
237.37584421032807
233.29631017934298
250.32193681804347
231.8078659932653
259.9973781965964
255.0671791054483
248.34852296541794
238.53217508472153
213.60498881686362
254.4998279309366
241.4620353411301
281.5567419415165
247.15812854043907
261.1442966927425
222.76063044200419
233.03253624326317
232.71511370583903
265.78245862110634
239.7136872083065
236.4914306588762
238.1650074479694
278.6089653814852
269.3654190551897
271.7949537328386
287.022675414657
253.57542285279487
245.9812020759564
266.21705093531637
254.06123315126752
260.65448383122566
277.7083209405246
269.29652437515324
254.40504532732302
255.67441954277456
245.37434656650294
239.21925071234
267.7778349062137
256.2118934674363
291.4088651977654
268.7870584487973
237.25695990532404
229.01871834986378
246.24421996655292
248.51573224464664
257.7857598985429
226.96322112577036
285.85485939416685
263.3782505081035
265.83409257468884
304.77309711137787
278.73743432734045
257.03867623215774
259.7330872013408
263.8236771581287
260.70256562542636
226.44344327555154
258.60710559639847
228.84809896486695
231.13641771816765
256.8533193874464
289.47015265203663
264.13136205417686
250.8492655461596
229.51870968707954
252.67531507628155
227.3371683980804
240.33780157845467
276.591668953537
237.22439507133095
254.7572962222912
286.80391441169195
261.7257521428983
263.6172958489042
268.9109938245965
224.6126023567631
242.3177139807667
253.36077182006557
220.1794690938841
246.40428751180298
234.99081919444143
290.4136817266408
252.50615949212806
255.27962908236077
238.51076308771735
239.02970998702222
253.13608335028403
263.0670154695108
264.75043982148054
268.05477930541383
296.4254091824987
226.05041774187703
244.41947237608838
268.8079276686185
277.8411028927658
258.43048019809066
280.85435059832525
249.66661032196134
292.4899960884359
239.755960979237
267.85051140593714
291.7141570112726
243.08974791885703
244.48904596353532
270.1270901222597
227.42044012114638
266.0702186191047
251.63900437406846
250.78803883120418
232.6171044712828
231.0779569647566
239.18149572619586
272.40968962258194
260.239123361127
233.6613973339263
256.19056859015836
271.7447471303167
253.27830759901553
278.91554124784307
272.2541163879796
232.07094829450944
223.19296290550847
257.4629170658882
258.91669084783643
255.16060480623855
261.78795525224996
256.99477864729124
273.2151290648326
270.4413888169511
282.3109174891142
255.49443574715406
246.48192543073674
252.1257686272147
288.4570340977225
268.10296083058347
245.99510348739568
283.8341594382364
229.4680707755033
254.4497032579966
257.8817759460944
277.8168416262488
230.56572368688649
243.0094463120331
247.12659119185992
288.19845277187414
263.02779725773144
277.73449164736667
263.51371434514294
249.35332349513192
277.5267357736302
245.5776916364266
229.78969526899164
234.82936004709336
253.80401013235678
242.34792519762414
236.28744198582717
267.53697805892443
252.7261948576488
252.41170734315529
247.08705714475946
237.24133604142116
293.51484204796725
258.9313084076566
238.81053793535102
255.2728506134008
251.09533934216597
243.5386064205377
242.40034860785818
247.98028335967683
267.88298767461674
206.305176414171
246.5038066265115
261.2140930783935
286.4387560112518
262.83201360714156
265.59498502104543
249.71241239318624
263.4802095447085
237.76613378251204
228.86639691557502
236.04995255169342
268.53133886051364
274.8944718095008
255.33540728784283
259.56016542072757
260.7674732290616
258.08577685573255
244.88417406461667
253.25932446541265
247.37477516688523
236.5126677552471
243.60359829678782
279.2336263760226
257.8852583353291
240.76386080711382
254.24324025324313
261.6436444329738
267.57501449785195
243.33484516874887
277.0367624166829
246.640424256213
272.24152136585326
261.60198239714373
256.0751568173873
299.14916983261355
253.3901982155221
273.686810404266
298.60725260179606
264.12652465116116
286.4047125784855
292.7173810383538
266.9285179010767
241.1634486000694
220.2929851153749
231.1925046039978
274.4322679238103
261.4317209596629
239.5372030470753
272.9158405851049
291.72152585326694
238.4955724470201
274.5490445496107
255.02377179716132
275.94935580182937
250.98850766164833
269.10608925524866
236.5455471117457
282.01417470612796
254.63923050495214
240.63547463194118
266.7229395234317
262.2477885108092
280.1371839528729
234.40693510029814
236.338295383699
266.04964361837483
266.1476098592393
229.51966133376118
244.8168045761704
245.79421486350475
223.27653103496414
263.4703187746054
251.2090754227247
256.07848001198727
236.77293032186572
276.8840601464617
249.57638477135333
240.80378010991262
246.05095514722052
269.14606222402654
243.7293429915444
245.89522576364106
237.2276325574785
282.6772851488495
242.1470946603804
288.27081398371956
246.5751491820556
245.94834122990142
228.30904160309
238.14773273756145
245.87803762950352
250.78691151659586
262.6522165905917
266.8745217726391
263.45791712528444
247.92332395591075
239.58319921247312
261.0291668740101
269.82936636236263
228.45530772791244
262.3348171770631
275.5524128827383
285.1446584071382
265.0238714858133
271.8415526098979
251.1183117328328
239.60017904319102
243.62507246335736
271.8216322387452
254.45138468733057
238.31415673653828
240.57455069408752
233.70551788265584
240.48257449601078
228.17903348471737
272.8244168355013
263.1916074284818
270.2340758528153
248.15057527073077
270.3299071706133
277.16776254877914
261.99967940774513
260.86785727145616
275.0134518101113
276.08953632428893
273.92435704849777
268.6823384629097
237.12676384058432
266.30934978087316
229.33052100377972
240.4177716767008
247.3524982892268
255.2988804677152
262.1325040443335
257.7857285987993
264.0141404196329
264.2426349474408
222.6228797652875
262.51552155357786
255.01030329448986
266.3086723901797
236.09736784672714
251.5835020180093
257.34987923837616
232.46275830300874
252.01157778405468
255.4322671039845
256.60972483013757
239.45332253578817
235.8569871732616
268.126176666643
239.8951326860406
307.1767480712442
256.122963447473
257.58326321595814
257.5857057333342
262.5799867454625
253.60131018876564
266.11456189487944
284.2637189763773
233.08820586142247
236.99640302051557
271.36881595265004
266.0389399288397
261.00412709251395
256.79843148676446
292.277428469999
244.2279248663399
304.23800190427573
254.89231375494273
264.99796207773034
270.8121913197101
274.2152795596048
222.0411173493485
259.96720232788357
255.9607328287966
256.9305384604377
259.6892545540759
272.5207922264526
229.64233543231967
264.0748336161196
244.65806338153197
262.8959942475776
286.6787000086624
242.3381722899794
261.7096178001666
249.58165890764212
268.07465471254545
243.004905125621
266.3382368432358
257.1925696928229
271.14923771331087
249.51562708924757
239.6065385849506
225.75374344550073
240.22362641550717
267.714893113327
240.97953485496691
261.7675821292505
267.4955684786255
218.75425312615698
239.91853229442495
228.12316832490615
255.21095417518518
231.14531050337246
257.14336034149164
250.64314988307888
256.67786858885665
263.3415619629668
246.36450337001588
253.84346931727487
259.67365413348307
275.94461379997665
266.06588907013065
287.2520062957774
232.35694963121205
244.57719941122923
276.5206445266376
245.30098272571922
240.35331232607132
239.36955170196597
241.96592362376396
279.1822447416489
248.07902405178174
247.3985739906493
258.02571715501836
255.75047669553896
263.606794741936
217.12489697057754
275.2180286991643
265.8884666945087
238.8313093665347
259.90109779377235
247.4951416029362
272.8244925060426
234.73837552030454
249.71075828114408
261.07781306287507
275.58063747466076
277.8169127989968
262.2915335264697
246.1463390091085
263.70739743323065
233.00996528420364
271.7285275174945
252.61345658815117
262.8282948502747
256.20123665904975
286.1465890701802
241.31802815682022
271.0585361481644
272.34318536840146
242.9613160553563
253.64161151385633
218.93608322564978
214.8770592409419
266.30392654030584
293.65752900231746
232.72691799222957
244.16088132178993
278.68386017152807
253.6065954210062
255.03972467736457
233.85921867543948
221.1176856365928
249.57050880522002
261.1597415890428
245.69347619847395
260.47857927158475
248.91966281548957
279.30494537047343
251.3127850543533
247.21889397950144
260.3198888984334
260.0450947456993
279.7898486300837
295.89938291706494
256.6582362233603
290.46828713049763
233.96791020783712
216.83044322606293
263.066137607937
288.0703430798021
245.5940342238173
262.3230841042823
250.6549135176465
252.27154664084082
288.622972599027
220.53664289423614
245.38267802109476
241.47456945863087
262.4347423638683
268.0431771737931
275.2011039140925
268.0021776216454
256.89006874588085
283.46506151606445
274.2996626502427
225.17974988400238
249.5755453116726
232.15929315268295
241.05820916013909
265.0096088363789
259.3648425335996
287.71665046023554
253.7425103043788
250.34860210155603
267.2164947676065
263.72737289374345
254.05525344554917
271.6115837698162
248.80016112996964
252.73057062205044
273.6850018975092
263.0767502374947
268.07928426229046
246.1415534731932
220.53213359214715
236.17022765547154
265.7408764202555
261.43885905790376
247.5937695434841
260.6480345684686
267.64971026280546
234.9544658708619
274.2604638041812
247.03677600540686
278.5674442083691
260.27802231832175
235.69398758176249
247.9166414317442
244.7407499702531
269.0386679992662
234.83973052317742
262.42091824882664
238.84943341568578
237.30621522729052
280.36020849621855
251.67645619437099
252.94604395789793
268.1009995925706
280.76175204629544
252.9692607752513
258.13260427542264
290.96823325159494
227.20133343909401
254.61289355315967
230.06965579971438
248.00794539158233
267.5548871908104
241.3387255537673
275.6485016012448
260.80505670642015
252.59811042732326
285.34131598082604
240.94408612232655
261.9500800764072
221.50455779599724
263.6920066802995
257.3948172951932
236.87562653189525
251.2839017054066
249.9335472054663
256.23106994474074
234.5546518555493
256.09130760648986
270.6667381870793
255.35753421054687
263.1373156537884
258.69130403501913
254.19595804886194
253.5758723007748
261.70061927096685
222.2955697106663
238.7715085967793
243.07616155099822
267.2109377795132
286.3579403949552
274.06333843042376
267.75280942756217
287.3705894689774
285.9170085962396
258.90964378014905
232.78971491201082
251.1436532867374
230.02674800739624
236.19642139453208
264.9247701622662
271.5673448522575
255.28834203392034
272.06438981258543
278.53640281624394
318.11678798811045
281.1406625137897
256.52922022895655
256.02220495208167
239.0280884283129
274.71035918814596
249.43485896970378
259.02229806559626
252.96520045760553
260.48926492320606
259.93213065725286
264.9905201756628
235.67782348953187
266.5882101454772
233.56705421081278
259.0715222354047
256.7323121155496
250.60275265976088
302.93010931561
255.93244240939384
239.53846314339899
251.5056004106882
230.8120074205799
247.9918496925966
239.87820646434557
243.81602447392652
260.9167790916981
243.7771248233621
255.754426614556
225.01774041017052
227.18732825422194
255.17191607691348
252.781600084214
283.369654633163
258.9636820954038
254.42097899789223
230.7956923583406
271.7378462993074
254.02318409917643
228.97068388405023
257.01065528107574
253.2779379921849
269.93116542248754
235.4579445826821
301.36228455544915
234.12781915831147
220.12575953960186
253.46609690401237
244.1647438366199
268.8246033573523
218.1252001526882
246.80266754940385
226.7859301835997
253.6715417584055
257.6073477337486
293.143937822897
247.67663111700676
248.0257657027687
255.91730841685785
270.27859166590497
287.44630695000524
298.7252194273169
251.02080091106473
272.4490457663196
261.0564276117366
280.9582343104994
256.70918017206714
275.7730061314069
261.8050937131047
261.34035305905854
245.25206233205972
248.04771665477892
256.9162830443238
265.53424732619897
273.9898472579662
226.03734277928015
250.39489476039307
218.6372779222438
232.21078867744654
274.45023333164863
293.848560616374
261.6088823195314
253.77480198221747
251.95075982104754
221.93867102469085
237.00692839868134
250.70329515909543
245.5044775433489
270.0729195558233
243.2471668603248
232.98924625932705
252.76851364324102
254.31319267017534
253.65877706743777
210.29274012194946
235.36172433255706
246.1934726385516
291.32128904078854
277.31401524093235
274.30813223705627
295.9810965625802
265.1338340571383
291.37991961825173
235.59591155976523
266.08498005679576
266.91330239438685
263.14022039441625
222.35303455474786
259.14588059851667
251.79728186136344
248.30916877288837
227.36098295997363
259.4054491134011
234.58712560357526
258.11242322676117
228.226467737637
219.6554538066266
295.7285369327292
242.2842444362468
267.69266710069496
278.2338312358479
236.10352923971368
265.18798914109357
260.9197549522505
259.1385731337941
269.03885615669424
250.44489832717227
241.75137550046202
260.1402324779774
259.8163001773646
238.81821182573913
276.4749168648268
231.8649843588355
246.05315943539608
225.0996094304719
242.37028247857234
238.03656708309427
267.61284004425397
240.86050419596722
241.5792688690126
277.40290258062305
257.6418514206889
265.99292068427894
281.45082294469466
265.79891295422567
279.83260813885136
255.14985787007026
248.96685461740708
238.1433356271009
227.85202513204422
251.17219738883432
214.90791385620832
249.46336125553353
248.95713916869136
229.250218669069
256.77076191303786
253.21246763400268
249.52445883286418
282.84042249806225
246.62665417895187
236.18448168510804
231.8541960825678
263.866303706076
252.81477515236475
249.08013635635143
276.08425355004147
280.50411926361267
253.9028297024779
256.85248895845143
238.8176424341509
259.575574921153
262.623613122385
260.78621059976285
250.14929511991795
252.89374031260377
265.1579030264984
249.90685361454962
246.84904725995148
269.68223010667134
258.7509659441421
266.5075880580698
244.89527929463657
229.13687173684593
236.02194135444006
242.93133186287014
274.5832424305845
253.09304469212657
236.15055162773933
255.9999201851315
273.58366143272724
223.4945002591121
251.78642514679814
257.29718058748404
254.31126365467208
263.1272227517329
254.22363374737324
242.79532237158855
243.1831691900734
227.85181026766077
253.06070484849624
238.9331285614753
222.98386629333254
258.99155346263433
264.1594267868786
255.00793760590022
240.03957523423014
249.0939383840887
243.5434746388346
250.35349576734006
242.0026030727895
244.1375306273112
277.3939485652372
288.19435303873615
251.42490745370742
246.74033940618392
244.10627423721598
258.66684512858046
301.17649940692354
258.38814589974936
254.24593462224584
288.1580261536292
271.60017666983185
264.3399374173605
276.68796819320414
242.51743516681017
271.1239183206344
240.7877656010096
269.5025754031376
255.25111813517287
282.4887686742004
279.1721027633175
253.83466071577277
254.37532768386882
287.8710114657879
279.20514885755256
257.1021339672152
241.11263482482173
256.932700001169
238.91832444281317
241.06329014530638
260.0113450224744
253.907752716681
249.3955530997482
262.4221280380152
240.0084602670977
268.16220307024196
253.86827701964648
254.11717150284676
263.1196470068535
257.30547240487067
234.7754606627277
244.06709416676313
264.6238282783888
253.95766602258664
257.8742069223663
251.02722937962972
252.96152031008387
255.3790729425382
269.9901005658903
231.76696389575955
277.63020280067576
249.34607614541892
276.59906319354195
244.6609322379809
254.85594720364315
266.06131458020536
254.67743460286874
237.90380320185795
251.00346667488338
225.98482383403461
257.03576856007567
274.04918575740885
259.28055674937787
267.27716299373424
270.5159146534279
234.7622017241083
268.52941148233367
277.2017270088545
239.6672746221302
257.6423637836706
259.79421326325973
242.10509498469764
247.03066571842646
258.98997975321254
279.8926847319235
230.1226159427897
236.6287871891982
246.913067662681
256.85073457012186
224.15784080600133
235.3032206649077
272.96757834689924
265.1298878005473
266.45207871554885
260.3682165843784
249.7303982345038
264.8546162523562
243.61278629361186
261.61756086698733
254.84453130641486
274.01992033451097
259.32604408002226
292.7224213416921
241.57637842244003
270.9481936780503
254.04222557297908
249.7874567581457
237.40774228377268
251.05908186041052
249.13498815830098
276.9273085066816
261.125160819327
223.15133645304013
274.0647450730321
246.70228486752603
270.2988790499512
270.9621572085307
244.3152565662167
263.1630888314685
280.49495429714443
226.33921683189692
261.0522162443376
288.54239152523223
238.74996098480187
275.0696436757571
272.8938524288242
277.8178883640212
300.3150942942593
254.212920302758
273.65985657501733
249.37218215409666
255.38520804303698
275.99049297504826
229.25066287483787
252.56863693665946
202.1019053181517
251.35989903722657
241.1791837910423
256.346852864197
261.77783632971114
220.68507500406122
256.373679801065
234.01533940416994
265.9652957894141
250.5799104583566
237.77063802507473
276.3340363870957
241.314601919672
225.3684682266903
244.3229972552508
226.27448227762943
275.2442551428685
251.23537130880868
275.8515054511954
265.9076812037965
232.68243305792566
281.4098126742174
279.1018412769772
258.409894390672
252.19423243234633
259.86585986433784
269.1236071010353
246.9098785930546
287.79179879737785
267.69652641704306
235.55274351878325
255.97409429843538
281.17056133726146
244.0192583228345
258.6602816040977
252.33289307833184
253.28400842100382
290.94008340791333
233.27034609002294
268.41294449940324
255.10349879419664
269.96813499578275
219.2911763669108
268.7018662842456
224.11870191642083
269.05466138821794
274.54209618415916
243.57894877839135
225.78418343747035
275.91716980509227
294.5883420179016
274.27571821340825
218.9254535965738
244.097805026453
247.48761760193156
233.46799945627572
274.98041856713826
279.9959761709906
268.71512213384267
247.63778044946957
263.6523598418571
237.14725075033493
244.46433531487128
268.3773146359599
244.83475781488232
261.0256316597224
256.5182996750809
262.89689504366834
260.6713736913516
251.6141270818771
257.3578036846011
249.79813341784757
241.30284927296452
246.50138938351301
285.05971173458965
239.12928591191303
243.26281971734716
265.75831149792066
255.47433098463807
261.6226059824112
271.12627332197735
301.3745067991549
268.2198011392029
298.4492342227022
244.81368484476116
293.03108922881074
255.286729489977
249.83060686074896
262.4951225066907
243.02470265014563
237.43916457617888
255.34551109478343
248.85974308289587
239.12830345222028
264.4080142878229
248.94784808787517
231.27819124620873
256.50347033981234
236.3330780036631
276.59458077099407
254.4193802617374
216.36702422925737
270.33512495673494
241.1581604424282
241.8174714522902
269.4352324742358
249.23251729179174
246.80714747548336
290.86438909638673
286.4061335301958
259.2942305524484
235.27450989052886
266.56977090076543
274.5101784351864
263.5784594860743
254.84676217183005
231.3359589673928
267.18284083961044
259.7529777903692
261.6987358854385
242.2002604995505
267.57663458341267
247.0021704636747
250.56321443145862
259.0327001179685
306.02610712574096
260.0760109423427
246.77147706312826
277.29170263634296
248.10202347766608
268.3302364406409
267.36927545798244
262.2211259403848
269.9060373363318
249.89126979955472
267.05916978110326
241.18709859269438
265.31323265034007
277.85141942225164
288.5383929176023
268.4969782115659
237.1159112934256
243.1763778735767
258.6502870384138
240.97910021996358
257.0906581286108
257.21174127981067
252.49024790414842
280.00289148965385
266.5138422193704
246.43983874138212
290.9389528653701
246.39921713725198
260.8875292066368
256.76862803212134
245.49427390069468
255.27536302618682
277.3493934056023
275.0247284581419
236.16049392393325
249.8088614618173
270.81844623794314
261.27294227766106
258.59744834830053
263.99846695462475
254.7335873633274
248.44348876271397
256.069770041795
242.29241194511997
267.53311837947695
282.4350858379621
242.59369527356466
245.18651317805052
248.8378549843328
253.10495007841382
241.79435497202212
247.89054899767507
253.9010878932313
253.98355880205054
237.9027086624992
272.2003247848479
268.12440683768364
243.899210052914
279.89365703746444
228.7551173164975
249.84916839015204
280.5856747115031
275.66903976816684
249.22212111909175
261.6349798811716
286.67453589173965
261.1903947113897
288.6219702825765
262.26513750932645
261.32270237471676
261.3548878969741
268.31815336010186
254.07446753390832
233.96380965481512
287.3070402518497
243.09785398712847
271.2968083121232
274.71587081003236
274.67803764832206
255.2675931013655
259.0153727066936
246.97839643573388
276.73653101263335
231.8783689768752
251.38758260849863
273.82615399337374
225.68846374517307
270.00401514716214
231.96962718939176
265.8142439517542
269.12907235941384
231.29461243469268
249.64858977502445
227.00958347384585
270.19514413073193
243.97645042999648
255.8597416599514
231.73102930834284
256.5116964955814
270.19616989197675
248.94350341754034
243.34744311653776
243.08055541559588
312.6242251728545
263.75181056233123
260.1174692469067
241.93773251358652
243.3808433766826
280.55319047078956
268.9566165689612
280.141066143231
245.92309061915148
265.45150530018145
267.09898123703897
228.30982837127522
236.30429968220415
274.1782646609354
245.0491287970799
276.951345920912
249.22876793594332
294.6531254564761
273.7204757886939
250.43319134169724
204.9583099996671
265.0426142823417
254.3079024888575
255.60550744191278
251.09101045603165
235.41105053771753
274.48988321679644
243.43061504256912
256.4960629148991
257.7417718586512
270.30711474537384
245.48991509876214
241.28363782184897
248.60116139310412
245.7164609269821
260.4310950934887
291.9150202210294
261.36798190162517
257.496905520733
254.00046821200522
228.74395160732092
273.8619023717474
246.9592830160982
242.3883629599586
224.92528272414347
290.221216072212
230.79523386538494
254.16006766678765
259.43028873589355
278.07692157814745
265.46365295682335
272.9913122005528
241.21230684168404
245.55808767402777
283.6475114074419
245.55786300991895
278.75363668618957
274.18321151996497
254.3296725336113
284.93752585264156
247.12565197603544
263.08821241540136
243.83447562676156
273.584188083536
251.71346483990783
228.51308133022394
258.77576060127467
268.39775335631566
277.4954733052291
249.2604173902073
271.4864536623936
250.27153037581593
273.6418843079591
259.512949368509
256.5597423367435
295.9365778557258
230.19897997152293
246.26369163271738
239.925322213443
278.976491540845
240.57447770534782
225.30702540598577
236.74651566904504
245.4282490168116
252.7701730245608
275.5641945762909
210.41300115315244
241.21121176553424
260.35905576031655
246.85654072684702
239.00210969115142
236.14203425712185
264.11139629239915
228.37130204832647
251.10281220806064
232.09208711894462
237.73026760609355
248.73056799022015
297.183179258951
250.98320672870614
270.2914014104754
257.9788282107911
257.63186845288146
248.517718856805
282.1806148554897
238.51591253327206
278.80861935351277
269.7978034486878
261.0176246453193
249.17930879298365
231.08143874857342
251.09227825683774
284.2548485029838
261.95184707909357
326.8765348663437
262.34689478145447
268.1532570035197
250.6127855324885
294.15980097156717
271.4203338244115
261.2859459674801
258.40678886085516
237.21604642132297
244.27738622797187
303.6761047223699
270.594684226613
241.66305057011778
229.44091228180332
237.70071407296928
262.2639297977439
250.98037471278803
255.73888233694015
239.05633981630672
258.70474819402443
243.81698881363263
264.3154107062146
287.3968642334221
246.6155893985415
234.54331570264185
261.61661013629055
252.89082397613674
255.6675330583821
251.09489793295506
257.7930665865424
244.9808363149059
250.6855695672566
251.71096300979843
253.91024056106107
233.23430729453685
224.27237508504186
238.54107266105711
248.9329234783072
261.9271236253553
248.41035392368212
234.7265055429889
236.28961403324502
238.6164412777871
258.11093930900097
227.44374646479264
254.54363923356868
243.41238722432172
254.5420099858893
274.6145081813447
264.38051556173014
291.71479784249095
246.58122442144668
256.6380001970101
244.616869256075
265.92817542294506
226.89003711892292
257.4184231274994
250.55896351562114
260.6366805837024
254.91007941344287
234.59467801760184
272.2422518993262
286.25703421229264
236.52879191673128
244.2200427572243
242.64484655181877
248.15729597571772
252.1792488725623
243.02735731226858
231.10573913704138
271.6171654451173
252.80276401585434
255.00943661050405
265.7418613396585
254.73861120222136
243.33161757548805
266.3416698164656
241.64660085382638
257.40863409871235
269.9899266635184
268.62187233462464
251.82512567314552
241.6315127357957
254.33493371953955
237.29542695445707
219.61158008722123
235.11681188829243
293.9821520553087
266.7092500759172
262.31380109052407
245.06376957241446
276.0370667108218
267.460972757719
256.81703219295014
244.88103309069993
218.79985034832498
260.1095937448554
259.045382067794
238.94758217339404
214.68699552689213
277.42003209883114
231.24008218263043
252.31918207014678
255.0128496964462
239.74431549629662
260.50354685704224
217.35925143706845
255.72348505142145
252.61181303678313
254.8015639752848
242.15530726726865
267.21487830090337
249.57397850824054
212.98911662085447
250.63347177242395
260.7591824645642
286.0916633285233
265.019185223151
231.37764166039415
257.7855077239219
258.70849182101665
253.39073559112148
233.5971564105712
270.3256276209722
296.14151326648425
235.9215968392091
238.4259068836691
244.26756322436268
284.2067093868973
259.79449077136815
260.947769439721
285.1037265843479
246.2118462601211
255.9517249338678
231.99223849963164
275.1786016508704
233.2688573061023
251.3332493744092
258.7098160798778
255.99944023048738
258.60754749248736
248.00973842374515
249.00617326801876
240.56726847792743
237.88934711372713
249.83658056042623
236.71436622203328
257.9590123979142
273.56071809795685
235.82448306994047
237.1503097114619
249.49823665060103
263.7691284841858
234.2691613427014
307.36851399648003
237.1917278766632
263.11560236039804
256.81967898464063
268.165222887299
225.36609007877996
263.1747177031357
232.63048727472778
275.45999236003263
240.4110123901046
265.4864237784641
249.55324782832759
281.4720563116716
241.66237159544835
230.16250563180074
298.2765319174505
255.50414426933276
252.36733262927737
231.04062548163347
255.3607267603511
248.30769913864788
237.03329347027466
233.10644074284937
230.63068773434497
247.7406401555054
318.01547005726025
265.4199593657395
267.5085707292892
253.56485739169875
251.032825203205
270.85711725143483
266.4651995135355
231.95735564018833
255.77174523012945
278.6370815295377
241.41836077230982
262.46716721198754
258.7500967102824
243.18542029010132
265.16797886701534
240.77560398331843
232.6451282791677
241.23991662665503
260.934179943637
253.3677732773358
286.32156239432516
262.46982606413076
255.580308574019
251.60977935016854
250.59743121732026
255.37092763348483
249.13492044218583
231.12222070299322
284.486526264227
264.88000825606287
264.1146278352244
254.54215147549985
235.0211659205379
262.76236323668854
265.9683407746488
249.99696708965348
270.5564014816191
253.7970196978422
253.4171237081755
252.37186860956717
250.1912654003827
216.70798679447034
249.34247438592138
271.72003263176885
226.11943109240383
306.8088947176584
249.32152542896802
275.3738861164893
255.56951101415325
233.68348091549706
296.56656203826424
260.8698633770109
216.59287086705444
247.8499453184777
274.87164812523406
274.50799864076544
258.88932633399963
229.30866083083674
278.2125020723324
250.95639691816177
240.92905394174159
246.77414902928285
230.35996522044297
247.9565169614507
238.63566617271863
257.28062376525486
251.08467185456539
250.60329474153696
217.3201944961911
225.32708106870996
277.3749697038438
259.46574117650744
246.25452529109316
283.48212241492
264.9426716637099
274.529239865602
240.29034519410925
238.82331323320977
250.39355750498362
268.1694577547605
297.85601332306396
252.7445134036243
249.1086249736254
283.94603187055327
215.58673050435027
243.25655988254584
282.351252018183
272.33225101209246
242.32062957575545
311.24649471684825
270.63472180161625
264.8021932617994
266.55094913201174
250.8094132610713
239.32782029220834
267.87488441431196
247.62613004707964
266.0840406328207
273.2421694303048
277.8080552595202
292.5760188981076
251.86181247001514
259.0586252992507
284.42851519514807
244.48274738097098
259.37153067369945
286.09153699304443
237.8857089630328
282.2311546456767
274.1342893836554
213.23678540426772
262.9654143124353
259.9115728707984
225.2447815660853
258.7656928973738
304.99560266162734
241.56692644383293
233.56540405389387
240.75957133667544
285.5820521643618
268.3538424738217
265.31377260771114
255.6137916726293
242.94693417707458
245.53446807095315
242.05629792483523
252.9883457615506
243.22678476711735
244.78835986810736
257.5699604320107
257.54437362158205
234.0640698208008
256.90617771307006
264.598082473618
215.18942432943732
291.20072241767775
259.59055702900514
286.1837529723998
281.05131042108405
252.36125620396342
256.4596168884309
258.0502334777266
231.08472590928432
261.1662075011991
265.8518499422353
257.16151801205706
248.7939086195547
273.1582416698802
257.9863601963734
255.9639117231127
231.53792713512667
260.70667556265835
257.87786706269253
243.98477153817657
275.18989816249814
259.2953470557695
279.61318324913736
245.4610156737035
271.208056687261
214.31474860745948
274.7977340761572
312.27912170172203
257.5669257087866
233.6047947369516
245.59525011118967
261.02754477923736
265.16736084246077
292.9145398469409
281.72248488815967
288.4183196076192
278.25157704995945
245.33761561498977
240.20728336204775
245.57157664420083
226.43309772899374
236.51944827625994
223.07870796590578
238.3725222782232
247.41968213266227
240.39373154111672
251.32254517183173
289.3340086651733
262.2808965621516
281.01350885571446
257.7169242250966
267.23107938689645
253.5376623463817
270.7823385577649
256.63700186891947
216.49152894329745
229.60173067555297
262.6096222579945
249.26879838574678
260.8360020221444
260.14640823507216
247.9387964392081
248.30439091136213
229.85931926278863
249.6566323294537
276.0435952610569
259.87703763635363
241.90566563699394
274.76821687677875
269.22287418157794
235.3651105783647
264.3749202071922
288.1672532040393
256.2814076994546
256.7640798022039
272.940953661222
243.7191493269056
261.32219606579747
266.53323354851454
276.01045932108536
250.80849118030164
246.08714321570005
250.29807015229017
283.6100034756819
245.43823569861706
258.2741285188822
293.01439609820955
261.3735588301206
256.9547577559715
281.42848845373373
259.2197569850832
250.83296561730094
269.3965284251608
274.23724248213693
236.60791537584737
244.68492875737138
264.06315074907616
229.1198195554316
248.2542533078231
232.48223561956547
233.39189105597325
244.1522617219016
237.7008387655951
236.80148423369974
281.9735961287515
275.06710802041925
280.7741159419529
238.6884940089658
252.79629182023928
281.165349445655
230.02590550587047
283.39143813587725
241.85804782854393
249.368844618788
274.8129712862428
252.17110572953243
231.53724566358142
253.81003690569196
270.56923499307595
232.72402280010283
272.17100488126744
262.69075193058234
275.7270871679066
238.3858235172229
246.90852972492576
260.10779083298985
236.78863946220372
248.7057739351876
289.5469760384876
260.32669005251955
236.09670899726916
264.58569932344835
269.72109132108744
249.89270160277374
238.6687376870541
260.99556559859775
232.68554136378225
255.6897499060724
246.8857350036269
235.9981456742389
256.2368596030865
274.69845631474163
279.77762265875936
282.9926255334867
252.2435215844307
250.3831628964981
237.2793560542632
260.9213360255817
287.3012884755153
275.13813815265894
248.09883355954662
257.4076083971886
233.872613569838
241.38976087758783
276.6023933799006
228.5184456068091
212.21812732692342
240.40053223993164
289.58299088978674
235.88763532380108
253.44233981252182
239.0174708524719
233.3976284962846
231.36107191583142
255.03873380704317
287.2550925936084
274.2247093365295
261.66898753191344
273.1986563517712
251.2857241401216
249.72752170194872
240.39343858032953
272.59365915192757
240.22750811558217
262.40566948859487
237.83335341652855
266.91403468651697
271.75551301869564
246.84186608705204
262.0268447318813
286.8160980439279
250.11525983910542
259.60314182483125
247.27174290106632
249.86222972080577
255.18013744067866
242.25358927401248
233.57771512412
255.3872800837271
267.0071215755306
248.07190514274407
262.81924889900256
231.3277492604684
221.2323575859191
230.20344210136682
265.8134559193859
260.06373216654174
260.24852277408354
262.2925138375722
254.59158600843512
254.83839559892658
279.38168468500953
301.39635810325854
264.519551010686
247.3223101211479
301.2564147840021
264.2308444631053
247.38915699685458
251.33335024758708
254.39127433020622
252.94917788892053
294.53467843763065
264.1104303073371
243.21729326900095
241.1447177635273
221.00283564080019
259.2856045922963
256.9993366164854
273.37387356569525
255.59718879242428
267.09817889286205
247.4137482616352
268.69503185816575
269.46764427772723
262.00560139270965
236.33694728137925
255.1332487128675
272.5000031355303
250.97684415639378
235.77167437737808
240.9064092155313
254.2779710807372
246.21267413382884
250.95179641677532
277.2544713844545
254.50482176383957
226.48069077101536
273.41664750373457
259.57073378702626
265.738806477515
256.7832588128513
249.87204156373627
289.0596738521708
253.68086182698607
250.48532543890178
241.1691665557446
234.97202981146984
258.01760773267597
250.13418026047293
229.46672021225095
257.70862356526777
239.71834168687928
237.1424718098715
285.6449301716639
232.07097040198278
238.65238137322012
257.48734138335567
226.37947758927476
265.082447763416
236.4346357183531
233.55199943343177
221.7663169283187
286.37080319423694
252.98046518920455
284.77399639075156
250.68029192753602
251.1366027862532
262.1655799240107
246.41609268274624
253.34990989847574
255.14287599001545
251.00455340149347
213.91970040858723
263.29569139389787
224.02249729307368
274.80953495542053
248.16350635606796
263.82196326949634
272.32944407046307
251.373201392591
229.22958534723148
238.37509451503865
219.70557023701258
259.1677919626236
241.80464610876516
252.2217375373002
232.99170474975836
246.21398123307154
264.7556026400998
244.3234705509385
280.9398285035277
256.1997608424863
244.869916075957
263.9614527091617
252.29102834570222
238.67067278479226
237.01668826385867
253.97088686726056
239.23615712032188
238.6655777505366
267.1462339479476
266.4092390751466
237.91628052981105
231.97985677386168
245.74576086411253
284.81865931500215
254.2816941253841
219.9805602170527
260.1975545377936
276.1326464654412
237.30310247279704
259.5604569115676
237.26611851458438
233.48973443591967
269.38416539505124
269.7432911260985
290.38094264280517
274.9671407560818
231.7205138055142
259.848325117724
261.67534972331487
266.3659574833
262.7534219910158
281.1741430843249
223.54945822723676
254.01105132640805
253.16792094672564
272.94405378983356
274.71637516340706
244.795227460796
240.46185304492246
245.24932052346412
252.45774231443647
272.25556586449966
224.47072322224267
261.41882809693925
238.5892507721437
252.8285724162124
271.39298399782274
234.4064237108687
275.51291457016487
258.5029798265314
266.1948670874117
251.9539425764233
261.1419582525268
237.75349332846235
240.2092789998278
236.30915878689848
234.67194864177145
270.5863684033975
254.17699479847215
250.718618328101
241.01904559950344
252.90862726897467
288.35201212216634
251.35294579027686
255.60910353972577
232.45978744828608
239.12890704500023
271.0390064562671
235.6710269730538
259.95361127564684
263.68276823533233
257.57829534751363
244.813554138178
225.938504775404
232.62024946324527
254.78360489266925
279.75299394258764
261.4489412754774
257.9358773208223
269.57829688489437
267.4225273753982
256.9138137745904
248.57903113332577
224.3268675970612
274.4864636583952
288.87287863041274
253.34818083466962
244.14732617186382
249.67381665715948
289.9733890994685
268.82730964338407
259.6959696583217
263.3390995734371
238.46682781598065
274.88851588976104
216.36495016829576
297.4718760023825
210.7240401239833
244.5510446759872
243.41716469742823
254.13744897581637
259.9904047952732
271.67636008304544
274.1686947417911
225.71231578686275
248.7232759471517
288.5113018398406
229.60555601632223
240.44431320717558
250.12341955432203
259.7148179401411
258.9141136602266
242.88167843979318
272.3131737401709
254.55741445417516
238.58054573496338
230.61768379760906
264.1359882261604
255.79708192078397
218.95395351399202
268.92877115146257
235.20347572292667
268.97096202906687
250.9153773332946
252.12719154148363
246.04762287053745
273.02266254194546
262.87352742173243
252.10042064415757
241.5600424807053
252.46425744646695
242.03764744184446
275.07314902881626
246.73699005390517
258.67376616748516
260.8505601211218
221.96550904016476
252.51828901527915
248.8448277550051
244.23237292142585
253.47756210865919
294.5406002890086
244.32645281008445
252.93166107672732
250.7937814083416
233.35209604201373
254.9287159300875
294.62241892679594
249.80972992943134
290.00933593325317
223.4477421148913
256.9084119522013
269.22893395251594
257.6107656818349
260.59998738300055
273.72104750026483
239.31378654087894
284.5151459260378
233.24836669012439
305.9266062398674
277.86293493711855
247.3538635922596
233.9798271120526
271.13897126412485
265.0332101947861
265.0374258790398
288.86944732104894
259.53437482577283
261.7549319206737
272.08932342287153
271.3640155843459
254.7267478388967
263.10000289126765
281.6233639229322
267.47076551173814
269.90676249633543
208.07941583136562
241.55604953248985
242.7887802143814
243.33981189783663
264.1794456959469
247.44370649009943
266.46062789449934
283.6344382656971
285.6864906459814
259.28067067381926
249.05412589455955
216.57257138204295
260.81891927402467
240.95649964129552
233.69094608095475
238.17934533045627
246.35396080324426
240.89543290634174
235.19912774290424
243.74782056070399
279.17241444741376
264.8875566961942
254.48551288840827
250.04795666073915
260.99243508896325
259.3042030817596
241.8577723223716
246.75259643956088
226.95157839276362
260.7467324323952
300.48153390572406
258.946485701832
271.50669723248575
259.41213785344735
234.02690500428434
268.2250668783672
266.11028565850575
255.0225302638719
283.67342175974045
208.3554203363601
249.988078371156
239.7791554608848
278.76349439274054
239.73347945860587
233.88295003934763
228.78405540646054
244.17192865069956
263.0004304526374
287.21446625655517
281.5776705695316
285.0127810537815
263.5012822173303
256.45003910944797
281.46049252711236
271.14696589880623
270.3577592691872
255.91747389826924
245.2014392259298
217.5635033790022
262.16768653760664
279.5271901123924
246.52294654818252
241.86536268296186
239.67432534776162
245.75672318134457
261.97223609290086
256.85152254928835
237.8686474931892
277.84163255628664
253.41839496733155
265.1792736649513
264.2234266247833
269.97868672094774
224.56589697790332
253.4851006870158
261.89395399030764
229.62050095549785
274.49141039524693
257.33315086062066
282.50083800731227
254.9924645733554
244.69217921653762
276.2229096982628
276.1747638366651
239.94434212346096
263.35193811228964
258.9769828458084
252.1773898380343
268.4044796838425
256.6551789509831
259.9211084925337
252.0158753420692
253.12334138492588
243.473593808827
223.74813048099168
257.73893153562676
269.9301791682374
246.95117747283075
240.86297291249502
254.93750768492464
277.2699041920714
288.71361159626395
231.28910037479363
258.587771517341
253.25278083758894
242.0637714912882
260.9264876192901
262.81061019957997
249.96490454568993
274.54557739873417
263.8410961261252
268.7163197629852
247.6505909737898
250.39078627887648
270.4546072225785
276.39207844878547
251.61766707571223
249.42724047938827
247.63026289688423
230.76898346212693
276.089767819969
257.86235587729607
260.98295905510895
249.93761765910313
268.2606230903184
249.24406977475155
265.52614348055795
264.3831729636295
300.27479751757346
227.4026081705233
248.79806374956388
245.89575240842532
238.95165029598866
250.71038623386994
261.96683032705914
243.8422057685675
230.3446920112474
237.25914632994682
287.4416487272829
254.15852801082656
264.0879713379545
230.3061362967128
221.1274997756118
248.2743423312204
266.82519563264214
250.9939892416587
263.0897175052669
246.30281399085652
230.86247702862602
235.94124500267208
261.95817652496044
229.1277579284506
279.0710135536501
218.39534028968774
249.99535824300256
256.00110499432776
229.21522945945617
224.27282172010746
282.36231837654486
265.87974958575796
244.97477892483585
274.22512075456325
232.58489502198063
257.0599058927037
284.1384388584411
278.9611645132536
250.51223626185674
234.14785657182802
275.20499117067084
272.1740699998336
234.67531848070212
233.7934595552506
247.51700517628342
255.94901759421919
224.67700887680985
247.01329074206296
252.4055828594137
260.9375589254778
228.5572785786353
240.5126228784211
264.89094246923923
282.70683879987337
256.4412330724299
268.5415937046055
235.133777540992
241.688148489804
257.7461370397359
253.44704514404293
284.98169247445185
250.80235270783305
269.63810074562207
275.22451317252126
225.26998508896213
258.840784639935
241.25186943472363
267.85594113497064
247.18811918108258
279.1347632656107
262.05571981694084
234.67752706434112
271.75850889098365
284.758040064713
266.0308844166575
241.36304026981816
247.54279949318152
231.69195173552725
247.33804309519473
257.55824332288466
284.7629652727628
250.50911504239775
257.03757772932295
239.0915243262425
243.0719976176042
248.210604032618
239.5070558139123
239.39750968909357
244.45751677372027
237.93458589969669
250.7379635819234
251.4735061286483
256.78403672087006
239.84067171555944
255.76895187341142
268.90160456101876
239.57265666965395
249.17356522392947
293.1625404218212
274.69335694797337
314.0084696030244
250.17989799950738
263.1858606504975
264.90482889756095
238.43950413924176
243.78315332892817
280.16611503681634
303.0830792506458
249.47065366373863
249.41696238180157
271.56851264380384
230.97930676140822
254.99026356160175
252.80515319749247
265.08342468494084
243.67019485356286
241.53183006425388
268.6611068996135
265.36584495194256
271.15125962963793
249.1989321328001
257.9534674282186
245.93327466922347
243.4828526561614
255.4994069734821
268.8411319227889
257.9395941523835
253.99983314424753
259.79884371336084
259.8121067348402
245.49377924459986
288.66901120427065
244.8179713091813
264.2962854874786
235.82981439470313
251.95506467972882
276.84475132264197
281.93681003479287
259.9677536531817
243.82237218949012
271.8932975473581
239.56791075866204
252.13192229205742
250.62132400693372
271.2812329776352
277.906109377509
264.1905726372497
288.3241621822817
261.68842413043603
223.46079681254923
262.0210409979336
249.21875856781844
243.41026210645214
227.30234616145026
250.92749674455263
213.40800200833473
250.26527515717316
224.3238791147014
240.66243212495465
221.66483878926374
242.94039187871385
235.64501589955762
255.7617042408092
238.58818596461788
275.03734698763583
238.18990628945176
232.4543413759675
246.0655980228912
268.14089279435575
252.06030375277624
289.9386856110068
263.01474247977603
264.66213316004723
272.7850888008252
260.0498266866198
229.03070365963504
267.15135054069106
249.29021366813686
260.36085085815284
282.96403087710496
252.11292564834002
292.78526032029185
282.9409482086776
266.25022919639014
286.09942442155443
251.2474315034924
260.466501156101
262.49840417399537
240.7715667731827
295.2232058495283
253.27685090096202
278.455956197693
235.03443537349813
268.9994355988456
273.3649212606251
280.5639307188103
271.15327740996145
249.2746036677854
264.7672289463226
281.14877351291943
272.2047506814124
251.59719206998125
275.21930832369253
225.3817269554129
266.29537578416057
290.7436511066044
256.763300981489
224.231213463936
265.2848794411402
270.26541652693413
232.11462262703571
228.3081398612121
226.17616904503666
233.33997144701425
238.28888544021174
291.5509877721779
257.14419911801815
254.87886486877687
234.32313726528082
239.65944045805372
241.81873429124244
255.38246462563984
246.94994459394366
284.29848839412443
247.2079439460067
259.6284477483714
220.67203754384536
236.36991434614174
266.5758673916571
257.46666291635484
248.37655182322487
284.42766866856255
298.0080767321633
237.10744780185632
281.43651490681805
255.70741756248754
270.489420765196
264.1598897976801
267.3440311793238
259.9333429648541
270.72431131009944
284.2037888234481
250.69189677969553
253.30158482212573
246.5091565133771
295.404190264293
243.13428959436715
254.1559709503781
247.5879300578963
240.00667984422762
276.2291179730091
239.93316816014703
305.36897670291364
255.0243007176323
243.4174833423458
260.55561361880973
247.22281339031179
263.579352158471
236.3759924749611
244.36967832455412
250.3074627337046
276.5877878909232
244.1318910648115
234.87758401501924
229.61774896946736
277.9471166940639
236.8068868056871
240.82545857992955
243.7470114850439
243.01193879381754
251.151775252074
265.1014390391065
260.3287727711722
246.0708612947492
251.15950419788714
271.6878487326903
239.81190817942843
254.62046862591524
267.69914423278533
273.7179424641654
251.55754106177483
248.1929094637744
255.39832289563492
248.50390063552186
260.0910391777288
250.94357021164615
250.48365586844739
233.30376876925584
233.6068557468243
257.0109523080755
243.86590780853294
243.90487150894478
226.22844388603698
264.8630836737575
281.3689520552289
282.3071941906819
267.72008030407596
239.16277483839076
262.46403084800113
260.5351273700362
217.438771090121
244.319971139892
248.05972965224646
265.6653314437717
252.68132809270173
243.5086276815273
253.5126947327517
271.7593741050223
242.04527589830104
234.64686891657766
255.36292011709884
285.9981163801858
265.3942041284172
238.85309453238733
226.45489551965147
270.9573851726018
232.1613158066757
289.37569588632323
253.67175700794905
258.006903155474
263.6876735560363
265.2737038418418
285.86308049655054
250.20553736377042
252.114606530522
230.00345750025008
254.62559115642216
274.8318887561327
283.468912063865
252.16185768530704
240.35947620379739
241.07220182730816
243.64162261679303
257.3001688380027
244.30500649439637
242.2640356431948
208.75297590333503
270.90395655692555
254.33660279447213
247.1556315018097
259.17484505008906
280.98380519694183
270.1198338470422
280.4518626088975
284.59976116695907
241.69667061103974
245.19191480369773
244.53861786052585
267.5342626457568
269.5418904555263
257.58292227599304
240.57510554080363
239.16433307516854
245.86974010348786
271.0199836345855
262.8148413321469
246.8548220571829
259.5939966720762
237.7334945264738
284.9066888949601
249.47552338265814
262.4880710000871
229.00625218241476
255.82367300312035
240.5716556950938
229.5375068205176
252.47176693647634
255.01879946154077
244.82137690822128
249.0528683568118
266.40230023593176
228.67784524778835
244.93620186753105
313.5799055733951
230.7430351874791
254.77391877828632
219.77836364798713
254.48523589828983
248.07806816301309
256.49374918593094
260.16434407548513
251.14100371743552
237.24826113891322
262.8316676558461
306.3150744616287
292.9485237696208
261.3312695255736
269.22420148260426
256.3909369324101
242.63641146116424
265.663771096617
218.94945836486295
270.14118915074505
262.1255365292309
241.77743480482604
255.59419528581202
244.67307154578157
250.12148415867705
231.65761331107933
226.26808245375287
259.49522063485347
233.99609084555414
263.19130915310234
236.19677887589205
260.600776316016
240.7036729498068
249.96248981915414
271.22546937374864
259.50056505936664
269.9737268604804
269.428833341226
257.5443949410692
248.0310178437503
235.53890124929603
262.64091461291537
226.23563913919497
230.73032050812617
250.22469604900107
314.9797970246291
242.90453631361015
253.96800143446308
264.12303554068785
275.83322551241145
260.8429781777086
240.65950882271864
280.9513641730882
299.42004762694705
257.68219720886555
233.55668609414715
270.97171513340436
238.33750511717517
260.87013499159366
243.28502228180878
228.45967895467766
235.04715224273968
266.5688346908428
225.9760846288409
246.28185561916325
253.95934231218416
254.9051241800189
228.4189124549739
231.24267105164472
230.02281748491805
261.79921622318216
263.95829077914823
262.5204150826903
252.47701597644482
282.04436447878834
277.6517224183772
260.4270806470886
296.9494532366516
240.86695198481902
224.3706209602533
286.0890211388469
250.62368714937475
299.56179661501665
231.51361186045688
277.76834397099447
252.17268985987175
279.2056124312803
257.2740326653002
262.17619142273907
256.0757777157705
277.19750110059977
251.68625861790497
259.7157056494616
250.6435931418091
243.00881344173104
264.908246545936
256.2556688223267
224.6728623417439
250.5997996883234
242.19510122400243
230.95566649991088
219.50563841953408
276.89944336016197
234.69392625940964
235.01447381824255
244.21262930135708
248.4500890945783
225.4511643217411
231.06067745469045
226.739334983984
240.54843735927716
227.49351453222334
262.00873744883575
244.12541755172424
232.13240125065204
260.00281570258085
261.01541244320106
262.66430820012465
258.0393738140119
227.60944897844456
213.0880681173876
249.20952798856888
260.0593040743843
263.13452327041887
266.06001281912904
242.80940297979396
291.3159100918565
245.79707438428886
223.2102244872367
223.66498797840904
266.30112438625656
240.8071644156007
292.9431384115014
269.6608189205872
284.09101297997404
247.97044285503216
254.7721633387264
232.2487028700998
267.87911422748584
256.0360227096826
270.450329265208
238.43720690591726
288.6156208825996
271.32853334455285
258.67649345553946
285.8588001973694
246.47728501143865
259.80729797889944
262.26227549801115
248.54359759483486
292.8543662026059
248.1034394459566
244.21955025137868
247.9662401304813
274.54082734987605
263.5584656604333
256.53374347963836
268.60303101933096
245.25800751545466
270.9054593532346
239.44664088753052
250.96017455274705
234.07193437195383
238.74954918248113
260.74921497155447
280.84972340241075
249.3998501491733
279.70849025796633
233.8994018358644
279.2718634296907
266.48833885765634
265.3747079035966
245.34520078636706
263.14788579544984
253.31063446891494
235.48867413285188
253.97904320876114
255.52659864723682
268.6662036884809
250.43892855849117
235.20108964445535
238.27475366869476
216.77836970123462
251.05721015192103
238.1471531551797
243.73122290708125
264.029447073699
251.95547120692208
243.54208108480088
232.0604323927546
255.12660823576152
247.1673832491506
239.37852144020144
252.6005532295676
246.19184453960042
241.52631727594417
280.3862215508707
256.0959643459646
261.090197660611
257.2331365317805
216.06941830762662
265.31069383665454
221.30764312145766
242.06966443825513
243.1675375731429
265.67755704792216
251.21335173107218
270.56826142582577
252.58759821299464
231.71813318727072
252.02784318011254
258.4124270355096
253.45359996822663
267.9823171356693
265.14304860588163
250.34848725772463
249.92809846659657
253.37592063704506
248.36617131985258
248.51228367676958
270.92451112077106
258.20649386849254
264.9770890729269
276.4077709588455
244.94174100994132
256.0592097317567
259.18634719529655
270.2814669064246
269.2306112832157
250.911504692398
293.08446400263347
286.91723023704253
267.04549273091834
264.848862922634
245.14382141898386
240.55283152742777
240.2880439859582
260.453702443745
226.13707023498137
260.35927172226366
234.47277184715495
267.2916168195661
224.49568431754597
279.1136684434023
235.58598148368765
242.13733169285115
250.8379957486177
239.9571264833212
245.85990354116075
238.19305753160734
245.52062801877037
239.3602060165722
252.15300749149173
238.8700415994972
263.408190448652
252.8224585474236
255.102897914825
253.22157729777973
280.00870079081506
268.784571578959
235.43189908820204
251.7958561812993
274.4676631552866
246.7253767879447
250.46924013306852
266.091299102176
279.8031412967248
233.94390273548197
237.50810352189
246.94203923165333
283.4363567335531
242.51708848739509
265.73008068150375
291.15323895332403
250.38378709333483
257.08600606024265
272.6437936013099
256.18941061536316
266.9317028131336
267.2256268140627
261.0864582374925
231.00849213730544
224.14713502849918
233.4732084395364
247.90625478618313
243.88733893015888
234.73493894317653
235.94153956964146
226.35449390811846
269.9112430047244
322.97329955676105
269.2508050734177
236.9741353758145
291.5934593890561
250.75118089129683
257.8871765972581
272.63260742032435
226.08685080101714
232.9502129565226
240.5835834397003
282.79952550365124
256.0732405997114
289.66927591071
246.92491639452055
248.78603213478345
254.6193081312813
251.89647220016923
254.11687523929868
233.7831471572863
234.5748119126074
287.1654443544103
258.1639499452431
256.2586584662786
247.82794924511109
275.0051946808817
249.75126271962654
250.94426249351818
243.74546168546658
287.1262495741248
277.89425976225175
234.11953431088477
249.25263741170056
273.43763129622675
274.1434144639643
262.222016040585
275.947953684954
247.24472700525075
247.65400638524443
272.89616317802574
261.28224420326296
261.984911665204
238.11028390028514
225.30873479146976
255.88709602633025
242.48808881721925
223.87921646318864
264.4071697432082
272.91095450730063
250.40887471893802
274.4842388740508
259.0400071798358
298.6837807894917
267.6888922676444
241.56464208569378
259.9796395567246
251.73266073665582
247.91855960409157
255.3032288363902
233.92710622632876
243.89149962353986
250.35462099069264
250.69016829878092
249.18554972542915
299.63554143102374
254.40121172566433
280.4210370783694
241.29709232982714
253.23825260752346
243.9344814516371
263.94743837032
244.73938402882777
261.47005316696595
215.70453660120256
234.72558634437155
233.8930026809685
241.2490998087451
235.51221398147754
253.06972698983736
286.07083447033074
250.21088731614873
277.8971053734422
250.4250757606933
291.66400420991704
292.7690630625002
257.6101268803468
267.826921708649
277.98539265757427
305.8846276627155
244.84408526855987
264.66582417150494
237.60655057046097
252.28166040114593
259.06571593286935
240.97855044994503
246.5924685759237
249.679454864352
269.8748469026759
263.75235629465897
269.7927626556484
245.46977222850546
283.81100109871477
263.7075560425874
268.2469446778996
266.24651365808677
300.9574826573953
269.9529601209797
211.28802885999903
231.79035593301523
253.73250301391818
251.08939680678304
248.35881104832515
283.1785937345121
252.99879669304937
274.8161037674872
282.8332626791671
254.33994807931595
265.43934312066995
268.01806420914363
244.098325998988
263.94078438472934
277.2448139882181
253.82238791452255
268.1859537884593
257.5386559475446
272.33461539284326
235.0848283068044
257.9395193303935
278.9469692201819
241.1682165536331
240.44826312747318
229.67093978647608
270.6078105835477
266.2077977824956
222.8676596863661
251.86540310503915
261.68491640512366
227.3925094784936
254.91973987605888
275.07774244458415
252.11603141226806
240.2745109545067
295.6701997281052
300.9251706918003
274.42021978937555
220.7383545753546
240.96702584507875
274.35936361528
242.8118775858311
249.66029100189917
255.90633402240928
244.85157647682354
257.515835861559
256.1986308830092
263.34303267870564
233.71938578167465
284.3280181478476
266.4394968530396
235.59772599837743
235.23393812275026
211.2047274549259
227.27282728429418
246.29390113358386
272.29937687597703
261.22905160312075
277.3816363424994
230.743205953273
251.55398784694262
232.14325381116942
228.91836346383207
217.94335478136782
272.7394721501041
267.23006692365743
275.1681766116526
263.37295277696103
266.05731532070786
266.319909413578
257.61160029133316
253.33741199038923
249.305154306232
259.6416272270726
223.61419020709582
274.34077487152535
265.9563598225359
229.94682882819325
228.59166360506788
254.23510360054206
260.46965679735877
257.6766932400642
306.75777787389234
277.4915720571298
294.50512109079864
270.850985534722
261.6014806323219
262.33515001123305
261.7246938459575
262.9834279154893
268.6841710548615
304.2557575881947
224.29430145642255
240.1681117019616
216.03024479793385
273.10482479422353
265.7471118667163
287.3406160764862
261.0553544879658
249.77480604872108
246.76402420003433
258.06055021611974
227.1976653264137
233.5784485230688
300.7783383737551
293.06227530294564
239.71136493608356
311.0737022248795
288.47231314715464
246.0993897661101
257.5115880378289
267.46389646444004
264.4596438764129
286.07860965875443
288.1358634358039
257.6257131395396
259.95498532115016
236.06996098998934
242.87991911324207
272.8082290957682
288.4993949329946
262.81542222504504
279.7503656996414
245.86402190080844
233.4033529649023
265.8177301384276
282.81505973264575
264.3792113943491
261.5566226885421
252.5204921971308
243.30600233224686
256.3273624475114
250.25249046913814
245.8622051915154
255.17953954078257
270.46914745040704
259.27790857758373
252.00695242418442
263.96559674397577
271.3768648186233
239.4442341615213
245.86377002845984
246.66384041227866
254.0893271904206
270.25925211119466
277.04744555510115
236.94243975158315
248.43282648432069
245.61433132889215
284.22808348888066
262.5134217584273
267.2702943715267
284.157031179755
232.87519962596707
252.60275251499843
263.1515256676357
252.41220683068968
243.14497753256
223.4719244951848
242.4147419121582
208.74037005600985
237.2302408788819
292.6984676347347
251.6674424916273
265.82055086421315
285.1609854372218
255.29071693471633
259.41857534321025
297.8736613324145
262.29398246272467
242.18454656610265
262.07527885597665
279.1614141034661
284.0705484354403
285.65070370875765
243.63542022870388
296.80938265519217
270.03788427391555
269.80946654174477
282.48565478029195
292.0078042621026
230.0834140025545
251.95195503660943
261.92441614624113
250.80153367680032
259.3417660574196
264.4200102747418
244.63095814350527
220.54091521038208
259.954191308585
221.2837718630908
233.42004023655318
248.07296282961033
286.4506094518583
255.35552150348667
272.85219460644294
279.50202334299684
248.67336787027307
275.20719010033645
241.6849635191029
247.26457415893674
259.17114762275014
254.67017273430247
266.2112456599716
219.31233145669103
231.32578222895972
212.06929566641338
279.2177348405821
266.7733515375294
235.08453915128484
272.08550752094015
248.30142463801894
237.71611330332235
229.60297172633
241.3781460019527
260.8505094248103
240.6719478245359
266.32701537793037
245.01745649054646
254.62848954228684
263.272620360367
263.10552359977737
264.514193791314
245.75405455508735
259.35054851765744
269.9507443913026
269.61383061204106
259.19665580883157
250.2412527735578
269.31636000983417
230.80346052732784
239.038597223931
244.83393041184172
281.5170970459003
252.410771924071
277.0708080912009
280.77850416721776
254.63841158617288
230.19203305989504
261.80229661113117
238.9044197347248
242.18291743809823
235.76238490699325
283.57157962338533
238.04167818906717
271.85978195571806
258.6220513517037
281.653220828739
239.00777022948023
281.46815794706345
269.51333518303
253.57000010448974
226.74865583737846
255.04853238537908
251.16571460384876
282.0447422218276
231.52796017262153
261.7659638773184
243.50774868624285
276.5143196299905
292.6391597375041
241.57864766241983
235.30060227843933
238.54810893838294
281.0421793793794
243.54953893041238
269.63630982278846
266.2372172368923
238.51649749325588
226.96934966393746
274.6233614081284
243.68843776581343
236.62298148719128
257.8334871934494
294.7510282556759
288.68207750318106
266.78100445028394
237.01144304382615
233.91451698704623
244.09614541218616
264.9892436435912
256.0850641033612
256.8582987074042
266.76078933035024
248.04692540410906
257.66378431150224
274.75402346591
254.94417762791272
244.7093722379068
253.9619692893466
231.7820338436868
264.83511639921926
245.39704711944796
277.1086321558105
219.71222652762663
278.19701648817863
252.88630850240588
277.4198865580838
240.21386722207535
261.5244776086183
280.5996718701208
254.63854012510274
301.037867297302
246.88287385297008
242.91526760079432
267.777357825893
246.37119067891035
270.8048971008975
244.83462754439097
229.60793086676858
246.7028118435992
293.79771310219076
277.74364455020986
269.2814194399398
258.0485268578632
298.2428646367043
238.83221516152844
264.72475038585253
237.34473360097036
274.94792508054525
235.51402617490385
261.67263872770127
234.6092479202198
267.87832934153266
269.632238946273
239.3500334826531
278.01232170744333
242.16729245113675
248.34983299148735
262.45498839288484
280.9742079246789
259.7940348844277
254.46080634673126
236.7403466590913
265.62315139581915
253.2220198403811
262.7490024348954
245.19919959350955
274.3164410692407
297.76745088002644
251.39194496697746
239.68540989246685
253.4142478259746
226.17691400728654
258.82427622633986
272.29262741678394
212.3842397769913
228.81771259906236
276.6483554649167
247.87662574427668
263.1307792458683
285.2415976333432
251.87574363709427
280.83473554928787
248.72506158950273
279.3912802663399
258.1189645646373
289.83131296979263
249.8868166137254
261.13790715881623
244.85035798500758
270.4390188178513
270.6080052756006
248.57085249980446
247.79132446856238
233.36683206737507
262.9172187305521
231.4862185654929
235.60637228598353
270.3649972383864
235.66825408732984
264.86426931689493
242.30790044926107
246.03158374829218
250.1283479507547
236.06580828491133
262.27972955210134
254.72281957336236
248.56853584840428
283.1484372812556
244.3488212141674
264.3697558121057
247.0341565584531
290.6937692060601
260.6306939537171
255.02652654971462
232.90174900135025
236.98742241912987
250.0260218102485
250.022035140777
248.57725206040777
264.99880417622626
264.7903529581381
241.21313772560097
305.8970898319967
265.4641274403548
249.5132497404702
245.08178278547712
266.15767161443364
251.03159582451917
265.6553448450286
284.91066723759286
272.6102329402929
265.0347661357373
286.3057895186357
256.7573638620088
243.96413440722972
218.21727390936576
236.14091030531563
251.28547509969212
277.12742452311795
255.28899776469916
251.49093151465058
238.31972885562573
270.5728476541117
249.8021971511189
239.77826593455393
235.35095286101568
240.5389837307157
242.18319915351458
271.2720429204637
271.18568256206345
286.17390901292674
252.90404641104396
258.8506544283591
239.87635052728
252.7284612946678
230.9233227177756
262.5939640017459
253.47384986595716
262.48229983693454
237.92222872469574
304.7695723212091
270.649153627106
243.4536808191333
263.1501609510742
244.2423820683034
248.47199205984361
279.2671997541329
258.0460726066958
293.5096832080744
243.56950529606547
268.82282511435915
239.2530008526519
245.3962850869866
245.90575380797964
238.75186812016182
257.5000361946877
274.69183087174315
259.92300942679867
260.6697184587829
288.21094481286127
264.72089872392826
237.96421216684394
257.9015656153206
248.39469037938397
255.14629953051917
274.389360820991
236.50244673609268
257.44538462278433
312.47829675953835
276.66418873728253
