156.10464705343747
156.104672443862
156.10469553057465
156.10471654295907
156.1047355126002
156.1047526410175
156.10476800600281
156.10478166097255
156.10479421315813
156.10480546137387
156.10481543381957
156.10482474345372
156.1048324512367
156.104839739025
156.10484625469508
156.104851549062
156.10485677544057
156.10486105489053
156.10486507285896
156.10486836811197
156.10487170129363
156.10487445220133
156.1048770446505
156.10487912150893
156.1048809451313
156.10488285292558
156.10488443014583
156.10488566590357
156.1048868394064
156.10488825988614
156.10488879332297
156.1048897493929
156.10489029908967
156.10489129024245
156.10489145430074
156.1048921770289
156.10489279786088
156.10489301329108
156.1048933565162
156.10489392496856
156.10489393795615
156.10489415791199
156.10489408133435
156.10489448770932
156.10489486235565
156.10489522761418
156.10489522739044
156.10489519143084
156.10489542785945
156.10489534304907
156.10489540611525
156.10489532250722
156.10489562120893
156.1048957153198
156.10489588402197
156.10489552676336
156.10489575074098
156.1048958990541
156.10489591134865
156.1048956648374
156.1048961980614
156.10489581274305
156.10489579671594
156.10489614234575
156.1048956818977
156.10489569796846
156.10489591019723
156.1048957185667
156.10489615797815
156.10489604630493
156.10489623578906
156.10489586542644
156.1048959221298
156.1048960429871
156.10489591223086
156.10489596601474
156.10489615935148
156.10489622611203
156.10489638930449
156.10489587878328
156.10489609187425
156.10489582692026
156.1048961738452
156.10489615169354
156.1048962645218
156.10489599801804
156.10489609074648
156.10489596312254
156.10489611070807
156.10489594433966
156.10489591409714
156.10489620373482
156.1048961765373
156.1048960971384
156.10489601765585
156.10489608607168
