215.9213806214866
215.92139816774215
215.9214125848166
215.92142473884996
215.9214348678106
215.92144276588624
215.9214496517352
215.92145532301947
215.9214599268371
215.92146376347864
215.9214668695331
215.92146945650256
215.9214715538974
215.92147332887725
215.9214745756235
215.9214759241404
215.9214768340098
215.9214776460649
215.9214783017651
215.92147879473487
215.9214790964379
215.92147948020101
215.9214797466284
215.9214801689268
215.92148014580016
215.92148029920827
215.92148047714545
215.92148059977262
215.92148075582554
215.92148065167567
215.92148078995888
215.9214808599827
215.9214808935103
215.92148096774145
215.92148100044687
215.92148099624683
215.92148102817737
215.92148105158776
215.92148097250356
215.92148088486647
215.9214810362082
215.92148100654776
215.9214811481379
215.9214811924412
215.92148118825753
215.92148110359267
215.92148106715467
215.9214811004167
215.92148102974352
215.92148107807407
215.9214811610782
215.9214812924456
215.9214811204256
215.92148100935083
215.9214809139521
215.9214810205376
215.92148130836722
215.92148114844167
215.92148116018143
215.92148126751636
215.92148104807347
215.9214810740632
215.92148113759686
215.92148121438368
215.92148107406683
215.9214810260455
215.92148124237792
215.92148120406637
