218.04347241781034
218.04517028624014
218.04344821945597
218.0442147425283
218.03823477094102
218.0442545594342
218.0439653106905
218.04515681586327
218.0439434094351
218.04514451099658
218.0439829356137
218.0445412565914
218.04235982502632
218.04414172772977
218.04422163436902
218.04570026211695
218.04233298899817
218.04448423092435
218.04610160117045
218.04403135244138
218.0444468831156
218.04440797344432
218.03941803095586
218.03700348290295
218.04480584466
218.0430248893972
218.04025197362716
218.04359455451777
218.0450075477347
218.04427901376403
218.0454173379385
218.042288140854
218.04489792880122
218.04435026336614
218.03764690591743
218.0462156161757
218.04400794699723
218.04444704705747
218.0461452370182
218.04409067477536
218.0438844944092
218.04339914410957
218.04437699088885
218.040216828771
218.04356170275605
218.04466230762227
218.04306068545338
218.03998694995607
218.04354538892767
218.04420954634952
218.04361271346716
218.04463604535704
218.04301261399996
218.0401019222154
218.04356591313626
218.04465340390016
218.04296080311542
218.03947482875083
218.04346571368296
218.0444463959393
218.0447478630631
218.04308762645087
218.03948187309652
218.0434663441083
218.0444513785842
218.04459183438667
218.04277120371626
218.03999712063887
