154.68545129451013
154.68539733856232
154.68545555486708
154.6853977242672
154.6854259731026
154.685414762258
154.68539998531742
154.68538288158015
154.68536255499203
154.68533746015964
154.68846257923815
154.68532546437837
154.68845858687018
154.68531601040831
154.68844642280055
154.68531008516038
154.68594018379918
154.6882788537323
154.68845125718872
154.68845123968094
154.68845067163238
154.6884497425217
154.6884492774243
154.68844850613277
154.68844855536736
154.6884486071176
154.68844796402664
154.68844741325483
154.68844793346761
154.68844738729968
154.68844690449987
154.68844697363238
154.68844699579495
154.68844654099303
154.68844683118732
154.68844700908812
154.68844673046988
154.68844680468283
154.68844657560112
154.68844663199343
154.68844695031476
154.6884470694713
154.68844615104717
154.68844631183856
154.68844659504066
154.688446545415
154.688446565513
154.68844624541998
154.68844650092615
154.68844650193023
154.68844674578577
154.68844574014292
154.68844605688173
154.68844640989664
154.68844598141186
154.68844649262246
154.68844634530979
154.6884465543335
154.68844675709806
154.68844628806255
154.68844657516638
154.6884463611077
154.68844630895364
154.6884463958686
154.6884464093182
154.68844645953322
154.68844623243058
154.68844660653303
154.68844652326334
154.68844646720208
154.6884459870962
154.68844654401073
154.68844600743796
154.68844671956685
154.68844584558974
154.68844691844788
154.6884467883283
154.68844610340602
154.6884465556359
154.688446619366
154.6884468641074
154.68844642969998
154.6884461806876
154.68844643498596
154.6884462047019
154.68844594808252
154.68844658316084
154.68844679783797
154.68844657330192
154.68844650703977
154.68844637587608
154.68844598652504
154.68844607534993
154.68844633854678
154.68844690163678
154.68844673539206
