107.29168989355003
107.29026446128319
107.29033481052011
107.29157464113814
107.29372063383835
107.29652573942622
107.29980582694225
107.30332752978211
107.30695053739146
107.31056170266493
107.31402132060612
107.31731603214484
107.3203971098128
107.32320505207281
107.32578027737873
107.32812495508188
107.33024147772085
107.33215320413183
107.33390058468103
107.33552669056098
107.3369963596997
107.3383337956393
107.33959702898574
107.3407482967541
107.34180577946063
107.34280574130025
107.34370613907595
107.34454820639075
107.34534041252209
107.34604589837454
107.34680344345179
107.3474874518015
107.34808619405885
107.34865883879684
107.3491986967274
107.3497344458192
107.3502363215157
107.35064876259821
107.3511158294059
107.35154990459705
107.35195672404006
107.35232548392742
107.35267115321767
107.35298931139914
107.35330162885475
107.35362509396691
107.3538927051377
107.35414116700122
107.3543835267501
107.3546436470715
107.35483951351671
107.35505833608477
107.35524177062325
107.35543887505992
107.35562166180716
107.35579064659032
107.3559444528546
107.35611953728039
107.35627576428669
107.3564251796779
107.35657376443487
107.35669869035519
107.35680369892361
107.35694128751493
107.35707026790442
107.357200431421
107.35730201259503
107.35732962583097
107.3574411476402
107.35754863772854
107.35763561006206
107.35770510962902
107.35778539972125
107.3578496117425
107.35791831397728
107.35795301595681
107.35804179624574
107.35808077915499
107.35811239604118
107.35817795027106
107.35825557644966
107.35830356586848
107.35835594287346
107.35839887339353
107.35844104844364
107.35848347246429
107.35851713291595
107.35853275796762
107.35857837255207
107.35861235671291
107.35866251585139
107.35866717917088
107.35868537297392
107.35869729176557
107.35871327368113
107.35873312148033
107.3587946448497
107.35881847446217
107.35881623489331
107.35884538013306
107.35883227698105
107.35889714812947
107.35887010807892
107.3589055559496
107.35892709245854
107.35900699836566
107.3590024064215
107.35898427819848
107.35898493818604
107.35900264284282
107.35899969880484
107.35901788523915
107.35906389695083
107.35907310156472
107.35908243224185
107.359082366449
107.35910069707825
107.35909182683827
107.35909088116023
107.359074580585
107.35911096937343
107.35909270225238
107.3591111769565
107.35913811939827
107.35916150480625
107.35917093568423
107.35917078713464
107.35915481413394
107.35916229940267
107.35916987354722
107.35917725744366
107.35920472966609
107.35922543680135
107.35920074943351
107.3591957038625
107.35919828292026
107.35918860006859
107.35922551526528
107.35921666308786
