307.3055688135746
307.30967111939935
307.3081349607837
307.305938172015
307.300640542192
307.310362709688
307.31008350130924
307.3073925796116
307.30979662838763
307.30816636349937
307.3079830732677
307.30747240199344
307.3133729063138
307.3085220788071
307.3058422892136
307.3098471108151
307.3070203195257
307.3087516470696
307.30978311181207
307.3069488630972
307.3075452589492
307.30993095486156
307.3069690673292
307.3070354435731
307.3092509411035
307.3079158403507
307.312351954366
307.3067609315931
307.3077209200692
307.307327827486
307.30901573970004
307.3084682586705
307.3063867354376
307.3089341667419
307.30738480113723
307.31330099732804
307.30826985372914
307.30763495208885
307.30871469153135
307.32203572959406
307.30703694210024
307.30820209293233
307.30723334386494
307.30720622738227
307.3088070154445
307.30870600020353
307.30823718279134
307.31329201276094
