331.3767602862066
295.27542721896623
257.7487869924922
279.49534633201483
248.17896117294185
220.97729918484038
234.94676244981542
246.0033551865272
254.36795641218987
252.9159923441889
239.16596447245092
241.37961305696945
221.31383033418615
251.99990247424375
256.0848003374608
242.8213730885641
239.93489398968268
230.90052076635857
220.27149607035153
227.40540567887365
234.28713085280106
254.19484383864346
241.70156550026968
221.86786540589037
249.58920310700432
229.34398080876872
223.84057502560609
242.20063154682612
233.5251856427367
221.70188899104323
226.8879468223913
246.8097190551698
217.75380993660383
244.86473584100986
226.29070692047208
217.55118268426486
277.24130824324493
258.728127632985
269.6100700435363
243.56913479413015
253.80266273853158
220.89837627390807
246.04844849518486
279.9503019414624
302.62728178104044
230.77703843150448
253.859746408938
243.37278480359782
231.0559897865387
259.3915185356873
222.1507909184129
230.72240180914014
226.29581251157288
235.7147335210484
271.6116980164097
251.00943757189816
227.25614061775013
239.7037949278856
237.97310008258864
241.89929059271708
237.25021648709844
249.5969665410812
251.65799340123522
246.82061256501584
254.911634368038
231.92593999476594
237.94310127320387
228.49869663784193
248.0914387178418
245.69238906367173
234.77797000685678
231.8118766187581
260.9311019677152
250.9574160582706
277.34334039159876
262.55539607707396
259.22369926635656
240.74957502073812
231.87227116803842
230.40494429837418
263.187113055832
245.3072919420738
237.83917441474478
230.64994531499542
208.09066526080642
233.00106729188337
227.06165412840346
238.71486799138074
235.91079898611497
237.06863694293133
233.5372283330289
242.2107373266299
242.30565872898296
234.92027152171067
274.30618543187666
265.44991444534753
254.16515903823165
259.1187536588732
226.4131782658551
242.68181491589712
254.73502973366703
241.06549288253882
253.82676069275476
232.5290190383348
234.3951873321348
235.9094229605398
228.40737622341112
237.12193800449313
248.40504315963335
232.80188950530646
218.73282843108973
217.47168393536776
272.9155783062306
218.53229502571412
252.38367432806263
273.9804014918591
234.35984315849782
242.33036391667338
246.3600410179024
268.25165510711304
251.87159703340876
238.1348777158637
228.0316654067683
252.63532411421693
277.54815497725576
250.34409667352884
250.18811135840224
257.6527936002749
267.5706511554017
253.2901354263231
236.87037811293703
222.99007050878572
247.6779238997915
227.99891650828795
234.9977392844703
236.20462648385728
248.3907123467652
227.14051155782363
245.28991642613983
233.56007341972145
230.1379321613058
252.85001466456742
253.43294191865425
257.27093277930544
235.6559447040927
235.83193922799546
217.91245994885685
243.35081344082573
270.99231670759764
247.85306294121983
262.4756595736253
262.1522386575598
246.1604441006275
222.62132698557252
211.85889446474175
248.90090984570998
227.4080475946539
221.65752062762476
254.8701672434836
234.26838131937984
234.01231346662098
239.72920203903777
258.26521943985426
249.57657457537425
258.88438080152264
239.0680143690115
240.79357950704434
236.20648763215286
255.43313197483803
245.9384199531778
253.28239438346645
236.68500761050382
235.44512720702915
261.8466535091284
225.4339213773128
215.56638621516322
221.82688993181364
263.21530013722804
223.07431538155652
209.05968843138544
243.77161904737295
251.2577015355928
237.40793515615223
214.00475576879398
264.0477674863796
257.4133081111868
237.94352783387149
260.2507936960683
245.87647580444172
226.6717297549112
238.29242964715377
255.82201659417478
251.68841848179727
256.3837561336768
297.1278534036901
223.2387207594511
250.7147444360162
241.34032817974366
257.26180797509005
251.08950283566082
235.43813981171115
239.5404965713169
260.00948865885584
260.1098392277563
237.64303333072166
244.40936333770514
239.1697218712725
274.09309958344966
263.9728683698995
240.91505079025956
231.23271600957378
245.9878007301595
221.7296641670473
241.2158546186256
220.49854165804572
251.57738515562232
225.2280058327451
241.13215052150917
256.64225958242605
229.99388054963492
239.73701648489805
255.93818013605778
229.25958913352224
221.941460149028
248.72045291960967
211.88659167342848
230.97203601052024
218.04385717547848
250.981015800171
264.410253959737
253.18855272076325
220.2649342635268
226.6490645687736
223.66701879530592
227.13048699513456
220.04793511740718
228.19579064283607
243.5768037611051
216.8150587748678
238.30360665738408
239.4084524955906
227.23859514725336
240.45361980403686
216.08852140176896
286.67066945931583
230.05511559416482
247.82843614064768
228.52203580689093
215.86100026323402
235.2428810848578
202.97787957594846
231.96115902913152
247.86238187454728
232.88868882308452
275.9057166256025
233.8746231156765
227.43246540865948
234.2058368042417
232.07402349619952
222.22432996767748
227.27947726858838
237.89368663940695
243.10084142616688
234.92485891676915
250.60677308169397
243.9718607738614
238.88428752129403
257.43778517723695
242.70391154330719
232.79295035546238
254.80172035403666
248.1210552277771
222.19223501504166
216.18633505963953
235.97102645839914
235.3244384524878
253.55147945677163
239.48352723558492
244.90236642466334
252.76292322119116
233.40865113456675
246.051019718725
212.71771135376184
248.91020886074693
235.5419036281237
259.3352195057814
252.6652235645597
240.8981534140039
230.86509182337613
219.62126154899306
227.04811584489653
229.73819989663025
231.84274577406177
226.56566438924347
261.86702443411923
208.31175471942697
235.8924839815736
221.53420419470058
235.23444225433923
238.46699937628
232.89085518762295
224.97666756025865
230.54789929834078
235.16999078105437
250.80302825095714
243.40116554891574
249.69569713293458
241.25420965983358
241.6115546040819
218.59310340910451
220.77366863352654
237.96376565188984
230.87527025565214
231.3790494951536
233.45560096387635
233.50474831576867
233.75347549052094
243.51434651759337
225.4470728925662
269.6232541824429
243.439081285469
231.86073938589834
273.0197374336276
272.3139952377096
243.10837525557145
227.9736050642823
223.6943187234865
245.39570290259144
249.03787391500373
247.1705227708735
240.61728583916556
229.44703467408544
227.99188919062726
252.82782782132563
242.35286157210066
256.0025066659582
260.4378577571333
273.23895092679595
263.849873303363
219.85308468912262
226.27646139528952
229.68932390827104
237.6066971753753
239.4767057701829
261.3327943522163
247.66272735773236
252.52899624747806
233.02761156545603
228.72888698741735
233.07517838281638
268.5475327762397
240.397212301963
249.42116524279118
255.05288811058563
233.79941272518772
230.94659558319836
232.68951015756465
231.65029496634088
253.08633515195106
226.97261927995714
252.90298929571873
218.6173344430863
235.42510642785055
205.5640757878573
246.86112668030546
255.40088135439146
246.22624234006798
247.7509275720222
241.8073528942041
250.39854633799405
235.27192446426488
247.43435830864473
248.80384360969765
268.5263396244263
232.28375193352986
237.22680478041002
239.660050918872
224.29778411076404
232.67562147315766
228.59143089628196
238.98797823741916
226.6243905324518
249.22714771256142
234.79555610154057
231.33215707201452
233.64158217598742
227.08752225909848
232.47383365810674
209.2856436573784
237.8751999604865
245.3705861151684
246.880909481275
239.12894952444185
235.3107431843091
238.85065147987916
245.26116751105292
244.94712052734394
251.08275406814937
257.42361554925446
227.73566540374304
225.7074578009342
251.45586889985134
245.1860656752251
223.9817973646568
246.6360149475804
240.88743609575613
246.71389201375132
225.58555264314055
227.6886393964669
237.9904431120085
233.4374708966643
242.12344559766643
236.31828243889322
221.26673225898412
240.2875276021805
230.04792884619383
233.94222742581042
284.2830012251652
227.37225219907123
227.01628467984847
249.3589675611438
244.97997351874074
243.93072798411595
238.54851460258942
238.29234501702012
229.04296511055145
246.56887875172833
224.9236031124601
252.8132294389361
267.79578259491245
241.14953585990588
268.1433930029161
253.593243837895
246.49539064566488
275.1555530994083
256.042543912612
235.66199973251787
223.53643801984435
220.69258186905063
222.8872169891256
238.33077928189596
245.55960323178442
235.03424973762594
262.3415487578459
226.85735653471784
254.55181749194162
253.00504196388647
241.93422668185667
220.42223342294164
221.93390858147177
247.821172106429
268.6097042309557
224.06133389715978
236.54719979764195
250.41642057042918
229.48185963417927
258.4947533067316
216.87350688586594
264.3916379146249
230.45681270654313
258.58150309568737
211.8818484761141
252.8589665627078
249.85386064364866
237.23430307050876
225.84424392992514
256.7933524609689
205.43931772842188
