360.8693271361927
327.8139744301112
277.5012335440904
330.5404886946949
298.9221616742766
310.39558523849064
382.2540222802022
311.3763303461319
257.8878157760123
302.80667734360713
230.4305217411993
262.0679082491347
286.47456482445887
275.34519901361
290.4553710379096
309.28871235358747
234.10230538017095
327.46962308632646
308.79170320540015
324.89097296917134
266.63523957533926
277.6104581401323
322.6415056370988
313.86081087102593
296.3215612847198
279.9605258694364
293.10714262903275
263.80961384488546
305.6372158594768
277.98834845256533
289.14326065878413
307.39217987002485
263.230157481481
250.9101702857388
290.9128681250695
325.91258088765244
253.26913270949808
291.7428090001431
265.38909451658037
242.09979411480526
324.92467897795177
295.5439098473016
272.79812515561935
319.2029840064188
292.7574615174108
366.97532733845765
324.07703617534753
259.43450582267906
329.13087135703245
307.0977449287566
241.9985501607407
321.4333239570351
350.2749810137029
352.1832877296529
291.97807922877837
261.1572376483018
259.57290491119784
288.0227461294271
277.8876458133018
286.8708127192331
293.3789001193836
270.39838649289595
233.39158622512696
240.684512388234
255.68083339676014
318.1012455015516
303.34797869879185
255.56398204916695
289.0800736686433
286.35298731523653
244.40777545593664
259.1664872043766
344.0397133427796
310.05286528990837
293.0736316081566
310.8828418345547
307.5114027468735
249.6876660530579
306.81555742199635
264.80054238285084
345.5642590092866
362.0591542303482
315.35953226454876
307.68130981045033
328.7013361091231
303.5734205348999
312.6402103025248
387.353309036891
278.18876652426115
490.31225421064664
223.18638962616023
257.1295448888668
315.8134764013739
314.8639097940613
335.2541420353191
330.73021077612793
307.3631125162101
283.22880052951587
321.7833445036522
358.7834895737651
356.1649385258788
303.1779670963115
291.08597335246304
327.3517399324519
298.10827984609205
277.73450908258746
364.59090901963646
359.11375351373135
266.5673987348491
302.8432689041365
270.79933807242924
279.07216952811723
262.6020088006626
262.45445989455766
316.7428012310411
295.6947864716567
292.4587244823124
300.1224004408941
266.2013413249806
290.9700596498151
291.66867866819666
274.90202124209463
369.2471121941271
271.5445640436228
288.367478260363
360.7646959035774
288.96223949886917
312.5977368458771
286.52295237759245
330.4817373518599
313.1569252327099
216.28233160118543
275.59644931030925
365.938025736461
339.73754173760244
271.2815431801646
256.57602523016976
239.64187832767493
256.8306687311633
237.0309505766927
294.1754875261686
247.93160249270295
251.7064696374582
332.20344362498145
367.2396724282371
308.485989703986
287.3479387407642
350.6164233146628
319.21848852386756
341.7013692739274
253.23709648787917
229.3697509081685
312.8886474758983
294.75136195035157
323.44924955483293
299.33827525358356
273.55071242431586
268.9447905391862
288.68939416016656
309.9577556249569
319.36502324492176
317.8763721943178
329.558724958275
285.2738125094329
293.7579520529107
286.1378760723892
321.4046771379799
266.62851248926745
256.3769123426464
446.72139204349514
340.19888568634633
249.79124109098484
408.30896749309613
291.89446174494515
394.7397751391545
351.99625562633446
272.2130029283144
285.2903684565099
329.17452892648726
277.4536277612133
272.62624043811957
242.41343214398512
249.25803152037406
237.21876093326864
266.4970458983953
344.0727599166348
263.95520559525903
284.589463985918
299.56778354580456
267.0823118520493
259.23077727224154
243.40741550234816
278.4738965433862
256.9107263482947
287.85512942457717
275.87057621989516
286.8969555474614
276.0220184065038
280.51651853788644
312.22112284516334
307.89872950336576
319.0806192846285
268.938117190497
236.60544323451904
325.8631218764349
311.2707234290938
283.70800672553014
336.82391153442586
283.7237828106736
285.45468910579075
275.32988544252294
287.1434372945514
274.1081201877241
299.31087991245295
286.2122444784618
264.0936535496148
276.9524864232153
299.072023859444
344.2474474618575
341.7395192629847
301.27753549865156
285.31983249954646
213.14258500856522
358.3473344286176
271.4773224658129
341.9866586714488
253.62425298825838
311.2957928709948
301.0829628637148
238.55706407903926
256.16853663430084
286.02714163961355
296.0880146418058
286.0879234713939
269.7006364935223
312.74893133103615
279.58736248298374
282.92516516651085
295.6576835742744
271.36681481220876
272.52179625093413
274.49147684301715
285.54868269342114
296.80593813501764
217.3966193072265
260.90068846702343
255.00386682387034
258.53003081421775
268.30879939356237
270.65591146971565
243.7907348806184
322.38682905733003
261.5278617005097
356.33159638842335
319.2119176409615
302.95077013208356
320.2130511058349
377.50913205428515
285.55166390369413
298.5313675881189
227.63764187040215
238.33733504530392
340.09307867244934
257.260129500879
296.589737305927
332.8317177607387
245.45536773401545
271.62940860659
290.9935804632114
274.56840810368885
299.92952672272804
331.6712658243632
385.9227533279918
387.57012069493067
305.734031601256
300.60807663813466
312.61989358937717
303.40166807083006
261.45600355713395
287.17623211516184
237.74337719919276
271.2130462921632
369.0659673935297
273.5622235894407
314.0116823162243
370.90629807132063
304.8532491430524
269.6792276901542
322.461379495624
311.6823875689297
224.68051200459013
271.6379248641024
243.8561571077007
273.175213045688
241.6094886296778
353.96906735961966
262.87144613625424
280.80342402464885
291.5683247590496
301.13235676109616
289.3862950721814
283.31537269128603
304.98027285709395
299.3178158100927
267.6778109254519
291.22568091035646
334.8539229281596
271.8286482469557
334.49273012092453
248.39211617247202
288.49235021050845
234.26723194817896
384.7312432117469
256.8320162483433
281.4677290062391
299.5122083413444
333.41630427334167
384.7291680790222
351.44938716082834
283.3909705959377
286.14270290377317
273.2737562428956
305.72468863258837
321.30612713919254
293.2225278051628
285.51158848912746
291.32140106655424
312.57901952379325
343.65132813829405
292.4140074711904
285.07759502349654
308.5491864779033
277.6838879666466
261.0476159480313
228.60433829120302
277.4981271370925
366.5743981448031
259.2625860601984
236.85427805234212
317.4103282732831
284.93305383704137
308.43993382676854
330.3784701213008
310.7240932916757
250.5382578188437
324.65975715150125
288.5534354826086
358.8396841847134
261.44231250286975
369.40314363212383
301.43859989286284
268.6715895078669
228.2789181622502
233.4755018826836
251.36127953791583
270.87294001282135
255.95652837413945
317.30470022126974
301.42929290331085
287.9127549594559
230.77009296214965
375.92483723502664
256.27593600911496
328.90425230318215
284.684442929356
238.21555635918048
240.71152697419166
290.1505945107201
330.7140819508204
209.4498556303006
321.78249136589875
303.8228497650998
269.163384851694
386.924175214328
313.6054883173347
250.2192602625728
250.63152096302656
273.6713043816126
288.83960589965864
337.7654336503183
303.1727280038467
302.972434520183
353.4025386418798
386.0862321465247
279.4197388828179
431.73432569410943
322.11289911811764
326.5820510143967
240.7044094375742
266.39895623974735
266.38618131652765
293.93867577813216
280.4975905799947
307.5520420229732
271.6553711943561
277.8432668264577
295.9274006103369
252.79309142840793
271.58609605526726
336.1441083331156
317.778528880197
259.4177865879901
317.03989041819295
218.80826868960867
291.2124212276103
299.38701401527214
327.9149101718067
303.57770340413845
336.11154934456863
285.60271075498895
345.07326747183106
446.9640380557539
285.3566758390807
308.61362516244117
332.41695692377107
252.5062474851875
259.0085723582888
337.95263303496176
235.72569403990929
288.045323103026
238.52287144631555
331.35996098023315
301.73116284680145
291.9515141618176
247.07829616997333
262.7768455090845
279.69614862665185
273.7448929551465
339.34687479909917
239.04505793604767
286.23089126189006
268.8247190484399
239.28034584614215
294.40224682523694
262.73511783270806
353.685068859646
302.4524578249693
317.34558585898776
275.80889430597017
237.86029541263997
317.87627080433595
337.10649392374035
335.04491178662283
261.3221106752753
263.17949691717513
317.3905838591454
321.54602257272927
328.6718345248373
332.92650210435386
319.9925150674826
273.6074911825708
328.9235729682259
284.6140236033243
261.1280245630478
308.7628185945505
289.0037959963083
296.66518380321213
298.17352300224593
311.0309165165236
260.71537932692445
297.71022032079054
263.2385115972429
249.77066538549843
300.9885236802802
273.3570728788327
294.47284044715343
316.2498390819528
302.51650747060194
291.7627121983387
266.2546686111309
282.51196576925577
281.01205086076516
303.07291439920664
332.6168727520562
304.87956778972875
259.8420883931103
265.12712745476165
263.2757233635057
258.68865768794785
314.4366605874966
322.2736791006464
286.8701357934333
319.1850612104172
326.4028290142887
278.5172121298383
319.96876613458153
304.0177293033339
316.4682059856714
440.29304223525105
281.3643848634965
357.92780219131964
291.3226654106111
263.07193986250786
283.7038556900807
342.18399568714085
362.06638665666105
270.14427193949814
270.6318595549965
322.84462211388745
282.25332430997514
323.911577175837
259.2157476777211
325.6844376344234
279.48516247214866
247.81794031968457
314.3894987218955
284.06308969302336
283.58885194023605
235.71071524737636
306.62477288220543
328.93615346058505
289.19810373109067
298.82656752996263
307.9128289911314
315.47131967681344
293.0672519522486
322.3329088857572
263.21717229500064
277.48072882569977
258.16396102446015
236.7260840489471
320.1095808384416
247.6426546346338
292.9424013340031
311.28116427036
290.1083757111919
265.3578689133865
300.9309039512882
338.96276231095544
304.4996278344188
300.8716213949956
285.8319262721925
332.55258430194226
242.15873381236452
297.1946111058933
324.9547425993369
323.88498449578765
318.71925116030616
302.33303669304587
295.43661539876484
253.6278897211596
264.71050069422927
301.8337223601411
290.0729643467057
267.32335845642956
271.1891773811658
273.74155193468323
290.43898778618313
298.67971675359877
286.4635994595883
285.83228008041624
265.39480616888613
234.22512792315683
245.45411287006573
276.1863937743183
279.98344426142285
314.6140081935155
305.39371489483165
262.2483960558311
298.9096977436275
301.5998789614823
298.4140438666509
337.1758414757205
337.7882092084619
230.67134821167565
341.0482595174399
319.70741477797856
299.90359218762023
265.66101137240184
250.4119111028558
354.62005631785723
307.75412587297615
418.8693565528956
354.416141144844
326.19788411972695
348.8348571782699
296.4924821961613
253.93127014060155
270.27340768210706
336.36378316857736
349.31836160240346
289.3226538213494
287.8503543770639
276.143511077913
330.5136345923238
301.72754608653486
258.93598880653735
263.5915776026959
360.294259094022
254.18924824745045
286.6007885936124
347.0488032469875
257.0482890131534
243.48703972317162
277.12885694985744
278.3143875244132
308.3947250698693
270.9863839809841
244.60901423855103
434.23552345877397
317.8341694677656
238.0405936015013
290.7317553645116
328.94180767791113
302.6457018801011
312.503045670077
318.89849985737237
311.86085475745494
299.9488913034147
264.1632265505323
242.26849564618897
230.3751337438589
273.5014923129347
284.56191687079263
271.7392886703019
305.61136933302623
308.4635922976595
247.30103268261882
275.26637555041816
242.42164446556126
279.4771984007966
300.7917410869268
296.6207269607985
259.023123788269
286.7018648466037
293.4557926420239
269.79068965278566
322.95220978939324
257.3867874167918
324.52453827642603
354.1176486928598
287.7465490613831
265.0329346078797
301.4416352567496
248.67904843887663
291.3501392242615
306.01195043110056
294.69028889364563
259.5741983895714
428.6296783068974
299.3841309834097
411.068137832568
285.68030338172684
268.27781218092423
282.60193470231025
317.9711561870063
282.5231731236563
268.1786899129802
375.9160531834059
325.37760285811964
294.78880778857274
372.0103713283024
334.8302521276346
272.6267964770959
261.1402706835652
314.7799264421046
299.63370259758085
269.7284878215287
302.3641433175653
286.064903923223
318.99550957165775
240.97184721415397
274.52791881136363
309.209052486578
312.8688435133954
395.1935604818573
306.00887781521305
317.46580907606403
320.47476794870454
341.7342145976727
308.2450189664378
302.3763021964405
277.3445888493443
247.39639681219705
237.44197288533906
295.3191804998787
242.66031103182468
291.67435788031435
268.931279276032
287.9367110115709
281.6139890032646
273.4520839290344
286.12989412242314
253.76689260060084
337.36861169486656
319.45249322926975
298.54458137234906
228.63714746382902
275.5030291993753
343.53492021912825
329.26032128027873
313.2665831397462
262.23929521246464
261.9979044237116
268.5186270818813
290.61965866191895
261.92273526938516
228.8305828833836
200.07732680870686
295.44799562107073
268.4109351505467
263.3478267492901
500.41473634672
282.13866675880854
226.45939815384918
324.6765800655994
217.11099252049462
285.36504268166027
202.68216439682874
269.60225245778565
237.72425115221995
262.45142071301234
293.98930810266756
252.9971209479263
324.66129724594066
272.4706352412177
258.3008430248301
328.6974988713919
253.07129761617398
293.72311450951383
251.47240695368964
292.8882050247921
281.04279180127196
271.61398457261384
267.78455075758393
315.67718521054485
258.8512812386907
273.16911613132106
338.73447281419067
276.2533882926218
302.2029109544819
317.4365512787481
308.29461885715136
302.6458072261885
282.352261560387
349.01141496471246
310.0657379005861
301.4786168416613
259.78513461045804
372.04974818229675
369.00151669667684
