87.34452373392742
87.34451876245839
87.34451439335135
87.34450988034587
87.34450562170514
87.344502205161
87.34449832590599
87.34449474698795
87.34449120477166
87.344487894542
87.34448475639238
87.3444816363617
87.34447874156922
87.34447581126187
87.34447324549274
87.34447076142624
87.34446835143808
87.34446586749254
87.34446373821811
87.34446152747205
87.34445946922642
87.34445742268781
87.34445541863806
87.34445369511377
87.34445187414713
87.34445024352772
87.3444485212176
87.34444706318209
87.34444532431644
87.3444440239582
87.34444282049571
87.34444143768633
87.34444005665046
87.3444385224193
87.34443750123773
87.34443623395691
87.34443515131898
87.34443426782309
87.34443312110852
87.34443238258973
87.34443118795207
87.34443026257213
87.34442946017771
87.34442865587698
87.34442783089617
87.34442689785647
87.34442623573523
87.3444253302223
87.34442478102574
87.3444240800618
87.34442361807851
87.34442281617157
87.34442228834996
87.34442161208062
87.34442104521986
87.34442051379483
87.34441993720975
87.34441965012593
87.34441915029674
87.34441862139101
87.34441811106808
87.3444177290894
87.34441732387677
87.34441705893187
87.34441641180274
87.3444162752603
87.34441578235237
87.34441537536804
87.3444150030391
87.34441478853114
87.34441444881304
87.34441418140523
87.34441380117278
87.3444135623904
87.34441320591759
87.34441323263673
87.34441277215774
87.34441251970748
87.34441219601649
87.3444122084602
87.34441200619221
87.34441157815127
87.34441157939182
87.34441157760193
87.34441111347587
87.34441088445783
87.34441068309752
87.34441067551779
87.3444102942467
87.34441018378493
87.34441009802504
87.34441020957092
87.34440961984546
87.3444097311658
87.34440967088267
87.34440954639831
87.34440945351344
87.34440926188654
87.34440921707937
87.34440889913094
87.34440878594796
87.34440892844941
87.34440861212533
87.34440861898656
87.34440858468224
87.34440860794712
87.34440846142388
87.3444082180904
87.34440806633393
87.3444082279857
87.34440797082061
87.34440789980727
87.34440787265521
87.34440779567012
87.34440786063533
87.34440777539567
87.34440768930654
87.34440755983269
87.34440744744825
87.34440755682954
87.34440729589551
87.3444074273848
87.34440728701702
87.34440729423295
87.34440741455728
87.34440743999039
87.34440734941018
87.34440727879701
87.34440721308965
87.34440709320006
87.34440689222902
87.34440681950946
87.34440710063791
87.34440696096499
87.34440675096266
87.34440709794217
87.34440678515602
87.3444067318851
87.34440686671951
87.34440693562283
87.34440678266765
87.34440678338433
87.34440668928073
87.34440673531935
87.3444064235664
87.34440660747714
87.34440668276875
87.34440654717764
87.34440648511372
87.3444064291507
87.34440659917163
87.34440647051451
87.34440630773315
87.34440652032572
87.34440652277408
87.34440649142562
87.3444065392905
87.34440646675284
87.34440651703699
87.344406684344
87.34440642784102
87.3444063025272
87.34440640467074
87.34440624297349
87.34440632500991
87.34440613376137
87.34440642333357
87.34440632806218
87.34440640093453
87.34440633559643
