161.9232418161464
161.91917791908327
161.91950390424972
161.91369084851794
161.91547146511766
161.91911839585373
161.92180525220647
161.91962068145494
161.92227752427698
161.919992797124
161.92167427583354
161.91970345692152
161.92188794076083
161.91849693942822
161.9151283829342
161.91465818968481
161.9226311116763
161.9168362014061
161.91369338949698
161.9201294452305
161.91829975913606
161.9228748304522
161.9197254998744
161.92050949705663
161.91936894481478
161.9133702782583
161.92241518637275
161.91846803898807
161.91892799632296
161.9223816529302
161.91890738958318
161.91845459710385
161.92283403772308
161.91852116904556
161.92225470531957
161.91940243876707
161.9192978679239
161.92267137254385
161.92235183048433
161.9190407311944
161.91563782815138
161.92286060006882
161.919827107753
161.9192833657071
161.9217573463775
161.9182179966665
161.91559506228077
161.92287877899435
161.91981324610424
161.91872285804857
161.92175100355962
161.91819727017355
161.91582957552237
161.92273715011288
161.92027896551008
161.9156984351648
161.91788196586458
161.91190622483737
161.92234303016448
161.91871768718192
161.91998102934303
161.91561921676293
161.92201622848552
161.9195059589547
161.9178906989746
161.92210945676197
161.9196790850292
161.92174565056666
161.92205370781448
161.91969400903326
161.92114838947782
161.9220030957258
161.91887795934963
161.9190240077587
161.9228487229302
161.91977996043715
161.92186300526373
161.9166884250044
161.91977501822475
161.91914112895392
161.92160135769154
161.91942301230665
161.92303331603034
161.91944612193765
161.91876255716124
161.92174515941952
161.91824869553602
161.91510277763882
161.92324086590816
161.91847994245836
161.9228078007036
161.92049312875315
