200.1356546188381
200.1356494154379
200.13564697652782
200.13564452821993
200.13564261595184
200.13564099425184
200.1356397945292
200.13563860169415
200.13563771557438
200.13563693510878
200.13563631261513
200.13563587349472
200.1356354358786
200.13563512787186
200.13563482551308
200.13563453593906
200.13563437087032
200.13563420779428
200.13563404060733
200.13563399873965
200.13563384573717
200.13563388041803
200.13563366599737
200.1356337274774
200.13563373915895
200.1356335805267
200.13563356215855
200.13563359179716
200.13563355528095
200.13563351237644
200.13563354810867
200.13563351510493
200.13563349101787
200.13563351824087
200.13563349660035
200.13563349525612
200.135633463904
200.13563343265378
200.1356335397577
200.13563345907096
200.1356334807042
200.1356334007287
200.13563340839755
200.1356334584434
200.1356334423781
200.13563345332477
200.13563346113006
200.13563345059447
200.13563339689972
200.13563344344038
200.13563347569834
200.1356334478496
200.13563341656481
200.13563345596594
200.13563345226976
200.13563342966336
200.1356334416978
200.13563343885835
200.13563344676368
200.13563348925163
200.13563339659595
200.13563352583878
200.13563338501262
200.1356334579723
200.13563346118463
200.13563345962393
200.13563341430563
200.1356334899574
200.13563345654256
200.1356334567281
200.1356334538068
200.13563345101284
200.13563342795533
200.13563341970803
