306.86179526219803
306.86074400124835
306.8564780552897
306.8626502509496
306.8614649936908
306.8637386518303
306.86269942850686
306.862591221432
306.857862340883
306.86043828267157
306.86574987099993
306.86322834276325
306.862150454961
306.86336451325224
306.8544943095585
306.8657432406744
306.86461256817165
306.8614724310919
306.86485975581127
306.8606128533356
306.8635927143405
306.8604624276959
306.86084605441465
306.86565494218485
306.85993652301477
306.8622415280133
306.8603246835828
306.8687492998597
306.85865373697015
306.85471340593904
306.8691554106863
306.86420111780535
306.8621257727318
306.85720466810017
306.86630154244085
306.867412120675
306.86672961151817
306.8649868763059
306.85919500674936
306.86331062973477
306.86129578179316
306.8596497303188
306.8753174197045
306.8549964058657
306.8612063493965
306.85942127742237
306.8637016969151
306.8613250745402
