166.10245529546228
166.10238887367814
166.10237072881137
166.10276320104003
166.10246939610988
166.10241685577148
166.10267680811376
166.10264390311477
166.1027999195203
166.1024452496904
166.10222739869369
166.10249186565943
166.10195853109144
166.10281417320402
166.1023249141008
166.102412136338
166.10248920279264
166.10194507004053
166.10231097842006
166.10275599684792
166.10275730196008
166.10275599719716
166.1023912194014
166.10267635293167
166.10264498841207
166.10277366881746
166.1029470247122
166.10227524729635
166.1021075418721
166.10275617830484
166.102755636879
166.1027558915248
166.10275565010306
166.10280320774473
166.1021245464126
166.10268094683488
166.1024760055734
166.10209036730157
166.10280738453548
166.10240500128202
166.1026482154557
166.1027623277605
166.10287038287606
166.1024746700059
166.10252605323694
166.10150620511013
166.1021021685283
166.10280549805975
166.1020006957533
166.10267752320215
166.10248267355746
166.10259141657662
166.10211072730817
166.10231476234367
166.1021122837319
166.1027638123669
166.1024954403656
166.10210221297166
166.10236119021283
166.10253390028265
166.1024642694938
166.1024074889192
166.1021156303541
166.10248247383242
166.10211307402278
166.10276696107758
166.10247647370852
166.1020923907381
166.1027952700715
166.10243394077406
166.10222342794077
166.10267228695375
166.1025113865653
166.10239060728418
166.1030293971271
166.10243402523338
166.1025290996149
166.10161901028914
166.10210150180137
166.10238327733532
166.1030439958049
166.10287726623574
166.10241327341646
166.10249068300254
166.1020160685839
166.10268225414984
166.10244507360767
166.10235049201947
166.10269524349133
