291.3089638180169
318.08831106645187
269.0653323361066
212.30322290541267
239.60072085051206
234.30004866274567
212.99863227530886
258.96244940898805
222.8812864597669
225.01840830143055
242.4053409236335
234.5230000031711
233.79710302160402
266.16281446245466
231.4112148454392
254.14485794651046
250.37842622697463
242.50779749131743
245.55615518198192
222.9164207540589
215.8399417904584
202.90097421588143
282.3043056914903
235.56458495068
205.9968394063626
250.8531041600445
242.90582073376027
218.7193506165986
199.4381879915727
189.3500890891537
233.37157339337955
240.23445384352362
244.56459976704537
261.2893137998162
211.02464187353235
223.80617844326298
203.7287075974491
275.2647874607992
236.33148924757188
211.5547439092079
234.5624947074466
256.53278576311277
221.75821300045027
245.37191771583457
233.57052720661522
251.88239190293825
271.39685288711917
253.46658784866486
235.64443118412964
236.4595094521792
216.71753149129654
254.04622905137512
278.5682101807488
253.15935880438883
278.4809467827781
249.4119379467993
234.63159027237816
300.66022143926057
227.17912407143194
234.0208027672561
207.0303110480454
214.80437124109085
217.85946259829507
218.25336957020045
229.2142869276031
268.27931623340373
257.2957490406934
270.52092474713754
274.1733105603362
279.36135189798006
210.59800910731428
221.1449852418118
232.05800138624545
213.83421869566155
230.4935955744586
231.9848626578423
215.1693808416967
248.01401079444622
241.21684060733241
294.64943920767837
231.57227406694074
224.21795724060576
251.5010540293115
201.25706058253127
217.4544294199004
249.1218314524849
220.92434569317993
255.04026815052566
259.2771601133536
245.04306613402878
184.6715862706369
255.8577378311129
222.8319606396435
261.0235659128339
250.28904926099494
254.55912447234005
222.06423998044556
225.46565663853107
229.095562369268
219.36117617541458
265.64080466129235
236.69163169838066
240.8190019649992
248.16792382693893
225.72026064241072
226.7701459085656
229.29675886460245
238.2843099528509
248.05492875142954
226.88223519007806
221.70246605649663
230.67046186490916
259.72382750269026
226.5116920472501
251.52357374674102
276.60358923825333
211.11905226757517
280.74660876950657
241.24092376926274
246.45303131389664
245.9185952875814
203.3523034074533
269.0632537270649
237.97382654581452
214.2774855621392
249.08912952128594
243.90557845944568
215.10219310554385
231.26113760049338
206.61929382048038
250.1182489059538
247.5257688920501
235.76108355165707
236.8795392685788
217.2298168723064
264.0006995466247
239.97794788582178
232.5781396852908
172.22361766368704
223.82644618949416
212.18313357892475
224.03808763874986
236.14351480492041
262.9472838140209
261.4170608239874
247.89292915760598
247.14907193364343
244.5517592988108
256.04117501513247
238.12923838281858
235.19847416666744
284.90771413139737
232.6549072730122
251.06720400394988
223.0955757563206
268.5970873642873
263.46006163182756
227.75526152841485
256.78857559418975
233.40313320841233
253.20189094971283
240.51736974232335
214.7675734346485
217.64118459621386
229.52770515072189
261.35916999982146
218.687290505899
237.7330847473204
200.2683405084972
235.037963030838
203.83519382067607
296.64700327139144
237.33182233702973
243.27880323872523
260.45758544644923
215.02688073050376
235.28554239591904
218.4967580841403
244.02834141025232
225.56564994057408
264.2563919993481
267.11070661785925
211.90630897263327
234.903038371187
215.45290610446682
236.7115397997768
223.52363589254674
254.46573754748533
223.1329336779745
235.54373913485324
251.31033828160434
209.50535271473927
257.8597225967824
211.5681908988263
221.25781208245462
263.3105456077683
297.3518758404243
217.85645567558822
208.30111166201095
198.74753503531974
244.5572615085548
257.6011282924301
210.41466211739316
221.98574244030897
229.4726405643014
219.32077365564328
218.4443625838976
262.19920852126234
218.63039582824422
234.428529170611
240.12465467883158
248.72823587468883
233.38533979051135
227.0909777288034
231.44743524628575
244.72317932180886
240.917990335176
230.60280130775936
317.3331005080181
235.95429957521992
270.62836887248704
207.82301748191094
206.7023694786476
237.62807246441662
215.06559853944054
246.86964274624188
258.3389090760902
229.53492560832092
229.17813671317708
215.23616802465403
193.9975310271402
234.91724523997982
200.881065423775
209.83455165153282
245.34002084983513
213.4499059989248
244.24315988447051
222.43430151423672
220.69922623864113
203.0744966338534
220.42000549780641
245.56465020143514
244.59257692423125
241.83023920610867
232.20821357680688
240.57241960406827
208.20333252414275
247.53540061284002
235.31905850978364
213.27790357948106
232.67427007745573
248.04995084553957
243.5202238368147
278.1161834046143
243.04422080689983
250.59043477698287
236.66988958355796
228.17573919962888
208.61999093107443
258.06586176226847
236.51493641411798
234.86091043760098
195.55987053045828
247.482001461889
268.8598615367591
281.8841125787367
268.4317038295194
256.2405159689879
254.7972825894467
245.69929822810082
259.12883641565713
280.99315703423053
213.8342561479658
227.74948962504277
271.9790356088197
256.2381904405993
227.12943417814677
226.1979342809791
257.19583134130517
247.62576021961286
250.69765517879569
246.68548088944226
273.68434038922715
265.8847470172186
241.3534905990673
220.86469301991747
257.21680572332116
261.85306060896255
245.15416736107727
249.67710495828942
237.56950053844776
224.81675422198896
242.80175406383933
189.87057111953618
207.00998980207078
232.34332721639657
221.62818027193134
237.81335925502935
259.58489592789556
208.23359288400388
208.87522901275952
205.15725073762587
233.84501257832744
222.84238385372737
242.01041562312457
251.49831342467223
239.6260066945979
289.3136034524505
217.80682123845327
224.22268841654295
235.91706424526637
232.83093471548636
220.65693846730574
264.93955747522705
220.32488741984707
199.87276425938762
257.240989665268
216.69173203293758
228.3772647206206
228.07789361246978
239.46868477349926
198.57407610089285
290.9475326576503
226.20268202955776
220.37961618941335
203.74986059345247
233.5557085289911
220.63588681144756
235.08834057403146
241.21534779758076
206.42098058610281
238.32858304567344
252.95025822649768
212.827720477173
309.3143161589687
281.40262765981606
271.5024206898088
229.5463616596826
196.16206252131087
214.47130874964932
213.44025631491968
255.9117049898632
196.55943921828293
259.20437685668
274.0062484925875
251.7562799803709
249.28416444752656
215.44204215648642
271.6457759423065
262.52746113079775
246.7396297109808
243.32339031927404
252.95994094753405
251.20916807804315
255.0305201644951
231.09832088068652
283.71055048448034
241.88842322328128
237.382877589509
219.110650815579
231.55614112626063
262.0810469834105
262.65476002976357
213.71317061557784
250.05012092008837
214.29182954636053
256.04874311349704
273.94479983561905
243.09938671972486
211.40667139476864
228.69025779083313
238.96171123272507
245.24818277602026
236.36451273671992
242.6666032671783
250.4096124011412
237.92128390700964
223.24901233738638
234.27188146166736
248.18374543673417
225.00909654656425
229.06637831464468
238.4496807425021
265.72075452258287
214.18111932938336
234.3108383580402
215.22032656223746
233.66881001244474
266.55576555269363
216.5102599801612
270.9077937764232
219.53690616918902
242.45584852574393
252.41731358911784
199.3222818554932
240.47386547652422
235.03333038605342
243.88116611658188
232.25646547084034
285.5022165589762
239.58252464445832
212.04419447953114
233.8709340664209
304.8320196273853
293.81779399364314
228.6573523380066
250.0632273242809
217.99676144763362
217.32637676659215
213.82883842196316
234.03191759392212
264.35182045162946
232.93770371042774
235.26964953917195
216.16787579873926
210.17363280929567
246.40470323090267
222.26845651266922
274.38516313048603
224.49051930602582
262.98691384799895
249.7818822071422
290.75556923198747
267.460808165677
239.6814119945775
232.15647910404368
236.2082729638787
224.58678039265214
214.5158808237902
208.33070698291704
239.3244831435586
260.7115316928248
231.38384424720425
222.45290408443543
281.79490258752776
215.95041312060494
208.21928984137776
269.57664310303517
252.2483354217111
222.48750934519921
251.95419110317016
255.90954889733985
238.69419786869548
268.1652580219088
238.26043228743947
220.23933406706783
235.72619642286736
251.32359056881978
219.77183878212236
293.90576084217173
227.29937685534242
239.28251653224288
217.70163346783374
224.43795352056623
264.0150262115203
207.5226151656243
231.72608541218506
240.21342133275175
236.12868356340914
259.30859907846025
261.63837758943555
236.85366961656837
224.82221359318646
213.44030324943014
221.04239163042803
218.55503430731187
229.8912210691342
257.78586428731796
260.83989091272815
230.18713023861346
247.86185485732858
237.83011601603357
249.06813227046223
194.7859081109782
204.70050621505652
246.46269706937892
274.62643735799065
252.6908281268552
224.10867377728573
245.654827877981
232.48936792106542
226.25652866004384
278.8938369634561
221.76079723377188
243.70068671570334
266.7873978110438
248.07957436717697
209.46592045447323
225.46640815636783
246.78622403077316
256.9720730064146
245.98387164987798
228.684324220274
233.79439561157778
216.53975091487519
252.54769154459063
273.96973065752536
255.92491001611052
216.09223708554055
219.34543027589098
225.6549800656794
224.4156151503994
236.43797494663158
251.20416362771357
215.38432840105088
227.4325175135309
225.4899978742469
226.32856749807252
251.04162872086454
221.89583400568517
225.5043420825241
246.17080675816396
220.66093777188507
269.67244236292026
240.69550007474027
225.85677780218248
212.08357508810877
255.29979120155622
260.99554612638894
232.83735645623528
240.09000997574185
245.71643811106333
223.59164076155866
264.44373493856983
221.89830645165057
237.06541383787408
283.42650656355545
228.0801250464865
196.60983918800775
214.37928806021228
270.01989735821553
250.46176117222058
217.04688661680848
238.14997681321984
205.87847249567858
212.20558749754855
203.66126417042688
233.61759871442337
228.16340232007497
245.41424869626644
251.71771933640412
253.56319770621485
223.38338524625578
227.0909688500833
263.49008672020864
262.8567811653047
248.97710751296836
267.99774938001065
234.67762753101124
220.6242490131699
257.3364004150644
230.95260654113372
219.6342067597725
215.77476532239234
225.84956860373495
260.5310640274838
248.1491599419969
238.35156326903962
227.35587748058606
235.2556751400989
227.4868348185555
214.2624682620517
236.8700805590779
287.17376549652545
254.18160327823716
203.44846513381344
205.9314455097483
189.90349949739175
262.6948458669358
223.80971652281005
226.10367732387385
243.18413882885943
225.97330940628308
208.62154130352428
192.31868617184227
213.9515060101403
254.04796688171336
240.64525843862793
240.48627429560293
269.1092109574238
211.85504830692662
263.61327122707735
260.4369055289717
257.5419620377361
241.16723824790097
227.42278880433878
299.4723089969193
237.73720000652247
204.25999840177246
219.026855051663
265.22599650599295
243.5725524147856
204.39288856161875
245.23427616321715
225.89093260490336
229.36643742962042
232.39406885084463
224.71575031569228
269.02993148966925
248.32445269299205
204.06004401433165
239.50750199891627
272.31113183431444
228.76357118581655
229.02985633487697
287.0605731459218
215.12110638950253
245.95778283063555
235.28469005119405
205.61635169087094
254.38417103671236
212.44139671960147
224.0221739874687
252.49555842360132
196.6124254919996
251.75798996639787
221.02706321302685
233.07405281544197
223.43713546945946
206.25111700201523
269.5346370265179
241.82081846118672
217.24223626978346
234.5580386578804
248.27748345740838
217.32179739369894
263.1288305982307
251.87541652529035
229.6848832507094
214.9308331091015
252.56904562021373
241.79993822882534
220.71241469832603
210.54347641201457
246.98513590163202
219.73383609546
226.93055126126274
225.25581679833704
239.83337009849492
237.81021164439153
229.78436184788006
252.48745125395362
235.7573802464467
258.98461884073913
231.03824507890386
211.9653224403446
229.87750882213004
257.83386894338764
233.03065725279157
258.5670957482944
193.2722771485278
256.09347005718155
226.7296427404217
242.64340308628744
212.70095469529042
202.4606340500759
229.55368559490307
264.0586703598383
296.1723060578224
234.79790177938412
235.76912937281304
234.99974079590174
248.1902854134387
218.24144378685742
236.10659325594315
317.8947724645259
221.43975233720266
213.62353691700264
332.9659073992807
291.2549244823458
273.7668990071397
230.9928615593526
217.47998232368263
261.9388610943861
246.95389008772327
256.8512038666231
220.2879544456082
225.55645025195554
252.03236030577682
217.5587018537335
255.41856351535534
190.47209560670308
240.63372031255858
217.29197078041034
223.6949927212263
225.7020631392661
242.35305579411215
207.1037019030482
231.00279163388768
227.79153215422411
212.5925830976921
224.350494955288
265.7777419561753
214.03840205434244
204.42942590845632
206.76436912897043
224.73169543308904
275.82152021775255
222.9148796860245
227.04385265588644
223.2309240468312
201.55682612463715
243.3487957632169
256.09513957079616
225.75645709360833
246.27896720948047
219.33918389314204
224.73232221836224
238.5497001883923
266.21698858911986
213.8787004238402
232.90088017072412
211.66601342405193
240.4499975774961
192.37406094293692
255.2050857153663
248.94482282345416
203.72086926997872
236.5786111864727
214.46335742124938
204.15715216539684
232.62353097304003
258.2342613914807
246.5794769571512
201.03134045010665
217.84370435075834
221.83509487399715
191.76431965301163
237.465137534542
235.65514106169576
204.21361000137404
211.19343796325848
218.48679713523597
277.1931035327725
210.85419966754853
245.8366515391681
208.64438710428658
215.838559585216
228.46659951857873
225.18305429659085
268.5611506201967
254.59106450958643
247.44220198053517
251.49240629092674
269.00268513162155
228.18896917498205
240.28187909084954
253.91000111741596
217.26587671187008
224.33868994543445
250.5784457505506
240.80394045141293
232.62268263925216
208.28818381554447
215.77680311110453
283.9763787762204
263.23775609920267
253.0161861476954
223.26413408247754
235.42340679711197
185.88917264834163
245.91705542249838
215.54214815367595
241.80999958579196
238.10873384651495
246.36097172935843
271.83126975406776
242.77624908680446
233.26614409559988
191.42831006550114
236.70623877062462
210.94110193880624
222.58188936742954
202.6431932997075
272.5540381127212
219.19862720294623
227.98264489037683
241.54005022865022
265.76711014509783
235.67443545736023
250.67899668726022
234.4602458474983
249.1724300099013
219.0572472976928
241.0714812502556
248.27709683944704
270.76984651136445
215.78911082650302
247.41242481654626
247.5379601427121
242.94350668328116
211.67444878740935
272.56614925834583
251.90210253861733
216.85252441625926
242.70899533780175
238.97792930415017
218.76244327542372
239.7723440376285
243.9086083137372
257.90080405338085
259.25728524586884
216.14735115887015
219.71769853984006
236.57726153201656
247.7707187187625
235.82766973235994
224.52654024079675
213.51548207289306
267.43789569698856
242.08847012423212
227.17515817974345
212.6743052758393
249.12150917295367
262.7002229792415
203.1971393210697
234.29230540897697
232.88743096022517
242.21866683260305
223.7896963545354
214.1339137730829
293.2848754792358
239.84242245394853
247.58228103644797
251.87538420700002
259.81393168636714
260.7135041974834
262.00997013863525
252.19934465637198
234.43687128502643
208.56579096714268
246.0826532037172
272.7603066326119
226.23672164144227
236.59195072279545
251.78129050484858
231.4821747460228
233.57214243194903
228.6441327376233
231.56110306709888
224.61576908791903
239.85970427817665
238.17042589504854
233.4568019102153
278.8347117516969
260.1432203997683
249.9246253039164
235.54793325820356
193.12252078126767
213.50305368212867
248.13932732644025
235.7080519644951
268.7770403358445
221.1710006466019
228.29986659361748
311.6965931583545
252.05102934729075
282.66841842993745
259.787401978916
243.03597920489847
232.85928406307357
198.91124155698344
231.81008015820407
241.54813527263468
210.5504062816617
258.3965835690906
265.60461506657884
254.53185043597477
259.86998970946297
277.20127602724824
223.03494629712077
234.3485616981052
233.54154810396722
237.8921617368178
229.51567579319817
215.84415311794146
223.6113326625491
270.1686276711116
222.34402010054328
197.72942129720468
240.44134337748983
260.68342782752006
229.84203757956857
215.80141068354715
228.70928024561726
268.7040200284682
232.57286548402044
218.35358355453354
220.58465505435015
228.31347328211996
246.20613966602832
207.86083169124322
251.86748701691977
255.23536245006835
203.86949127877597
197.88122323027346
268.3922097629693
237.5684190018801
214.48933406808646
240.2489029544813
249.8293319249642
235.71199280355358
236.35616648485302
213.28085092428955
257.72416219548904
238.29420290639973
228.79284335378907
200.81372245098464
225.86747082378133
285.42372400671593
237.60988647447084
211.58371966669802
296.89928536722437
238.9727465409378
223.24587694267393
202.14856068004156
242.341604450281
217.38006063515786
234.37815243657678
214.2322990426328
232.09030707465718
264.0957848599937
263.88881102224695
268.4850351270579
247.70858753778157
262.320493472158
236.25210602013976
280.0365539888735
228.11549096473027
228.80803165840916
254.4300457056088
228.73657810871373
228.1701378962607
263.8894260362722
281.9219041693141
247.2925111410732
267.8958701415104
216.5879778691742
226.89122423363733
224.29805275204126
203.71281225935672
200.6692111317825
218.3681739961612
222.8452572209644
257.59287226499873
234.90077352395747
200.05505806737347
285.80842516955454
236.70555468040402
221.7530141575844
246.92884401636547
232.09963863162557
228.25734785405803
222.54445405537263
237.46190031588776
236.26384104954195
259.93573389950325
269.1231007083261
266.4693408520543
230.88173851306783
241.96969435695792
248.44792924562353
207.84903882342041
282.1093661468476
232.93182046382572
219.77869560028194
264.30727503987146
208.81195745212608
208.5902092535107
244.21242097616778
237.13687656712136
226.04118914005812
248.09820874070283
197.26520704562427
236.15358035685495
236.2182498225011
216.43452341359807
246.6446266384737
256.3031886414101
223.0859249571513
222.9985768625629
289.0041273472889
241.7537195928744
259.4003667559591
196.16535316340742
216.47763363015838
228.0603120001906
234.2753812772571
233.498613653559
212.19289866747567
199.19930993189337
236.04770565908984
305.3411309774674
258.3061604896793
269.49184072605567
226.4490152085491
240.81578973546857
216.16406485141488
230.57930883413064
257.77052371253376
232.98724915107596
224.94379973964533
272.35666505026165
192.77387695133802
236.53188658086583
264.400750593486
270.3784239649831
246.82528315883246
191.45617403724464
200.61615717667155
219.3963878370123
229.45269019773696
238.75439426017692
283.3111721492314
281.6636292653566
231.50019639061065
231.86808274133364
254.73398996106698
202.4131597696105
233.93816269512172
208.6078212450666
238.34064655049588
237.71265018105623
238.95631217354094
211.8097934302932
233.08151210757205
237.27588470926275
223.3775979896891
259.37111003670725
216.23844071070198
272.78503446053946
254.83821392789832
215.43240600911668
229.701576625288
253.53313956042985
234.89320540212793
244.4138927348249
263.3595995272917
263.2141202702478
222.10752465337282
235.3591303488938
197.98651956394315
196.05309456278337
245.40760370873613
246.6768942248891
224.83524878084427
275.26912588553387
257.85155736329034
240.8290220107301
214.7881198132527
198.15779115917394
290.3102823604422
218.0150178167678
239.0134487579635
229.12250422636862
234.7657245217415
257.44703787288745
250.80505758695654
234.07548644903
239.09248846853734
210.76927248414722
227.7798983315006
245.068344226951
235.9377413757611
287.31165481574135
261.2852495719271
272.763698396011
217.49566228385083
255.23672194039682
218.41129106207518
249.4794866188604
259.0777549968625
269.69904889090685
230.10480321294744
225.10323548156884
244.9987464712758
200.64250809306395
239.3476364488306
266.5878836615884
203.05273846999626
234.71576448026462
218.20868403225904
214.32266565054306
215.68963350533159
208.59920289731235
241.0302418077772
221.94610522541916
233.74328449729364
217.31257762928726
222.9245948945172
243.65434537958936
257.9964373060211
270.3642568663345
247.5248004978057
274.4962300093903
243.04919584447634
243.32504115227493
211.79851540355594
229.63460285638575
262.25420401620795
236.85668757805252
231.10348275161232
242.9166513325472
258.2097386646201
225.97319888498168
227.66554249450564
224.67135797417723
217.34220447042026
248.59057312319055
248.80693490011618
271.1005809830385
232.32289054832654
226.83259532839293
225.4798591650906
215.00218369741924
219.187304960622
218.83704300841782
213.61026974517154
222.06083358923206
247.7758776525734
247.58793128369143
238.7601582397474
243.18209541094257
227.62395124754403
244.84826225432334
212.50989542214666
244.46514600742375
260.80235341138905
249.28090989938937
218.4952314030961
242.94332127895905
251.3527869770187
224.20574863400543
238.27140110294567
252.8840180442785
259.8998315789504
212.25289319094736
273.22818761109374
222.35850185959134
208.7550780812744
219.61110441328492
208.25400110747432
218.7553862600471
284.72719604021404
296.1706176146399
223.3467590227374
290.3134161949856
283.977788795135
238.639952638885
245.38857912644744
285.5849130349234
250.35303942806786
276.03655714256456
222.87730823265156
197.7704695520806
231.72435422457056
219.36085738881957
256.00027014897205
260.9379858371103
258.9297959472169
243.85892316309037
237.8516498299432
248.71785088506294
263.85003368370235
237.75972126494162
264.1484473099699
230.50293370475993
279.2428698535077
252.7532985850703
239.31101417017635
243.42360095429467
257.5730346716591
244.3079624521779
282.720486355247
238.2632825798937
265.1157767358818
228.91178345668595
242.12887714244425
188.23777688317932
219.72200612328015
244.21823221456725
207.87171170755755
218.6146018751897
267.12991869822145
230.21270319615724
241.25910469924565
231.55229321483057
222.74914309661835
245.2139433886041
241.69528955226997
239.6957337958156
270.49138999544084
248.33699822926428
221.3365029633278
240.95527161995415
224.4201279989793
223.9339852667763
209.08454201422865
216.02756051212782
216.8503709944198
235.9718191336142
238.87422937474912
252.078841706214
215.64939724327996
233.7426407377352
256.99879575386876
222.4819838841795
302.1871090954519
211.92669578501955
206.6772065035184
219.39022517442936
236.93683129514102
271.2233016047394
214.42419457883807
242.40603134356206
214.71763386641396
209.37750892090844
197.71139210584806
228.9953725366504
242.62562749470817
215.22115736827254
257.16209538670955
211.60326320392778
247.66970963496715
221.68346624425612
259.7628686913522
223.53427030693274
244.1173561552423
204.44651185465045
201.89945953327697
253.80946847231826
304.8912553130067
251.6628099604277
217.34466501430143
232.06181832938455
218.63066085940227
264.03426082484657
227.88991135719698
203.369633966533
268.24829469196266
243.5235151112429
252.09029108926188
209.59025850723265
215.98526413628133
250.22474664164474
260.9502666546032
217.11312707175966
253.59003298263997
234.53067201637896
225.34736299468204
231.84599189815344
255.0078034066828
253.04564759426285
237.9551497826469
207.87410494306823
242.0537606307771
226.78974379139254
234.9685261407867
209.6360628005932
223.5664611129905
192.23054468265036
243.5350064318045
228.15395509899827
261.2797324593994
206.10020313429413
205.01353197381832
225.36599198554177
230.72735717130126
244.93472528771963
229.05802047887119
244.9090834762319
254.04712670546724
234.83944246562896
242.87062936619623
250.5025817961432
255.93103647627868
258.860210564977
253.87339402950602
232.30387732567033
208.4372478441801
235.95741016423563
247.06460196140688
231.42155645636376
228.13482057972578
281.2258056020946
216.7180200466537
245.21559856535168
194.08870283083525
232.40211372217163
247.93052392988466
249.29384151595877
238.43872866843594
235.8531171627692
271.7668253125739
236.19458935875446
221.84089664724888
280.7959050387144
257.3515170040773
210.82587088627042
216.11556093319086
203.07583795289975
231.12681285483995
207.74995453469455
227.06213058455614
233.47359540878097
232.0032005495741
208.25569662102498
210.67881106160348
240.35566276020836
260.47557715000585
236.658631230006
254.28958444314776
262.5723434960819
227.49486863875063
235.05048440262908
266.95590615051333
255.3131041410379
241.86870354309212
252.35616458347067
202.8616171744652
256.47498777735746
230.53711800614838
251.69810836203396
282.1067929408746
224.1586586581543
205.5771352024749
233.62429114838596
207.0037102305214
224.14514108275762
203.71458715194603
219.3775934171863
206.4708986376063
272.7999284430989
234.11201418779092
225.36501421913272
205.01513938751305
249.72660727024777
246.68552775896387
225.14538917515893
256.81870277167764
235.58945701969787
193.5272631124244
219.30754439008888
238.0163813821855
230.28000808460638
258.2304031813983
262.6057958272286
261.03142386005493
221.30372671497753
248.88429777754936
234.64547861757455
217.37743228196632
220.1444883236545
224.69311334891245
244.57099763216684
237.27871835662518
204.53403118107235
239.07136040757177
218.44919815764297
182.6475189331104
258.12807153648464
250.07120687956922
250.07932918530423
223.51534182636533
316.69202868960565
225.73406979395077
254.07980656949803
243.39497410849435
211.91456078574993
212.72602588660084
194.9133007976343
266.69264176057186
235.92124788538786
224.74469661019975
201.5375059467042
219.43544212257257
238.63288208754966
251.1764888348407
229.9726505986764
246.71965883654775
251.06611627253005
269.4260319333407
233.16963618638692
224.02432524290634
268.6902255034656
223.26967037905706
213.48847067879979
268.124477769481
256.76109427859774
254.27929902094183
245.72036454436602
226.7607741196407
226.56396993499948
235.5510579990805
229.54839408025146
221.71338626515353
230.47471103287535
231.83807235129643
220.14339473616565
275.34119054634357
230.2921203150181
233.88835075712996
213.188913993421
212.53883159469115
223.17029647971503
233.19252232066356
239.332142802421
269.0008617118583
197.44141697394662
220.76151653489796
222.3900718659861
239.26976965542417
227.76216325169662
246.9907342378283
249.20047978905495
232.71156150655588
236.2827995744883
262.3349581436487
261.1822969925706
234.87589724035934
212.51148224069038
215.4891010086867
260.69365926412866
244.24550866516074
215.46364910335978
328.0696576741175
270.05978125619004
254.8538381208782
259.68967602663906
197.3697840832756
224.15000490372768
227.04029109264957
209.78583390195854
263.1798136549187
315.2031513915863
216.49239361903165
254.14073836692842
253.01533507258864
244.55741814518115
253.38297201885143
226.18393835122697
232.75381129677407
200.59942144097295
224.1149913542904
224.47454251738964
251.2751786847366
235.04436163359787
255.67172178428154
260.43316938495263
266.9127984290826
252.26667086366797
241.81363644939847
238.89470161282225
245.7873541043955
201.84787478274666
225.18396309384843
225.81952311220812
242.33089150092565
270.4392765102093
271.2554833155591
310.4419982324471
265.9525131805567
232.02608087210683
279.4920844694716
243.72436420148006
220.27317695802776
208.55577736359555
242.57790952920914
271.9851796824951
254.13856515754014
214.67642041435465
194.3369280085899
235.990720925387
226.0979943466955
211.08638069074368
209.3536587205599
245.09473569266265
250.12363723490853
257.10594010469504
228.58428671839647
215.76204032928217
204.8019162134733
203.90166256943485
253.11361616768409
257.5457217991934
236.42618983372813
250.08851859834976
292.8004334809375
259.8753981938935
208.53347629570635
299.33135604666313
216.9061141020502
227.93852239247644
233.3202002363978
253.19545826129615
266.2541074384353
211.24100032169372
239.09133262821706
226.82694575481582
249.49695271876408
190.988331922621
225.17439421697054
250.9427549529937
246.42394636839163
218.18083802319597
220.77544405357912
235.0032489641453
240.1645886412589
264.17928259499604
272.49716494767927
185.77339425851824
208.92763334797928
226.1633924121852
200.8665697061224
216.45994237501873
191.6887020172435
214.11700134235434
247.11821663664887
219.0176514813793
254.0545497906278
293.6381874521612
231.06684085453162
251.11666015762603
250.86206667957595
229.07642553781625
247.94125935569173
251.87747389375
226.6570348793175
260.1255807785783
273.1910619913251
209.99842840625206
226.35931474075187
216.04759019747144
231.31039762101136
276.804601904063
275.81412070506485
197.28484262822894
232.42134341114433
258.888181388902
220.28054432477802
280.09424453851534
257.23078790982254
266.5369111796026
238.29039157397347
239.9542512629996
265.6548927827389
280.51555407600245
229.19755189982243
268.58970234298613
265.03738730750047
240.68355346634053
247.2523657020065
280.21944956842344
222.5863246266381
252.08875704585807
249.20605339470785
214.39475752896396
227.03302029665792
199.54220521327807
217.44419457321055
212.10208637884352
206.22189663042082
268.23904529359424
222.475162479328
223.64123343653046
230.62775956763653
234.8727985349833
217.28509351494722
201.4098964302102
255.82040600274922
221.02443705394398
245.0921743924264
239.41995417128783
240.32725217851112
229.06051073683193
210.00281090656063
228.3055927567766
220.18652638309868
216.64488386141602
232.8415130187641
285.11744968459243
264.6728722000844
239.16030648862943
226.161396037729
209.20496350043686
229.35543983260868
232.39394430659013
225.81042236596113
259.3646272344049
225.4344754840131
207.35116171085974
263.37454553268617
218.77874753705692
208.62872787355445
207.71486240567174
222.73431749705924
221.17028219474014
223.65191907330882
213.05063896178035
213.65428369661095
207.7696039848961
225.46139555069385
244.05211262428202
221.29236812255112
263.23345808056183
232.6908058374538
265.6885532931774
221.20310489909025
231.9127390733338
274.4708039686666
229.31355120247463
264.78805828123586
282.58991946082097
247.10118945402792
244.10033919411944
249.74587251676712
213.0906137287966
237.5266109369113
206.35499106673524
286.4998199886177
295.0309893407393
265.55001427658135
197.5941101856879
231.8392871687538
240.36658316862304
268.1806676435517
244.73152789915912
226.20001177914673
273.9344929222716
217.63358324067667
262.4617979042814
257.2736030469532
192.61319260153687
202.43181480909698
261.1457005337579
201.19341996195726
223.30830587161472
220.88798400969245
217.13081297656754
214.3029795665061
217.57488985807868
250.94732067518635
254.67138901900034
218.8236043531797
242.93937589298002
247.1691051935195
210.40340244217077
283.15800760895945
234.35479879623745
243.92541968642035
235.46291920123622
248.6120961208362
226.3073344398872
233.48417679942213
207.2724802264711
230.61405128159095
203.34029992943397
265.25394014362246
215.2273918116698
265.9549515710678
241.0369170435588
220.8658770493348
251.77827040897682
206.93697477155365
242.34493190428475
210.79644486209145
245.592607945262
211.74380111455685
200.1774723358103
261.10205069964286
199.2447011678596
285.162203307671
242.75056905922247
211.2431293905247
230.89006410277216
234.85384005104424
274.3617624648032
282.8802931885584
278.9956923748832
204.33665647398448
250.2372273482615
302.71492132591084
250.05439094395842
244.95599742175546
217.33702688739868
239.3454228367773
242.9317571358406
259.0454094480374
211.91294608876342
249.3492925853352
227.24767727649305
223.40507197758416
264.8211625426193
227.11345849459758
208.7237288726028
226.37915491632884
221.54080275044544
227.42875389481196
209.01252260926412
205.71154172706883
220.81110691925278
228.05582032969687
246.19641458120896
222.39785348059377
222.7300749103888
244.42965973890387
218.8514048352954
245.242370408203
215.32003365800483
226.67941951414105
211.78806545905536
233.13784829783253
208.69220503483666
211.45565640414134
253.54264063364826
192.20962002233136
224.1077085120487
228.6122016212903
242.37143113615457
253.12698313611327
212.0639003313845
225.26070008130046
235.35796030808706
231.0702129533165
251.4330654917867
218.28256458678516
218.95715219603153
238.20153588213725
259.9500862660352
204.17920317454264
226.7533017587848
210.1191441914416
241.9864145569736
284.9536561676068
242.24586016795365
211.9669923047186
252.74896175658796
241.63003831187962
228.400707812747
252.02901969791856
238.26925924612442
245.41760237532435
261.09970108722337
238.21252550609643
239.28789642744232
215.77406817360315
251.393747137452
258.5283355960855
246.0169248211314
208.58633742661914
273.8277458550874
282.42563599784626
220.15644623246044
242.83741960249608
235.05253576784162
229.22760236629983
207.10756048205076
296.06514204427367
236.4579048200976
260.99710812291596
257.32360894733574
194.79084541351767
213.02904053626116
252.2192204510211
242.72399419674184
224.67628306895494
198.09168135147775
239.53498439729447
218.93499453773256
234.82057806826197
269.3079500470776
208.67713502788683
233.97163666167762
235.91752227110555
233.27002067811554
300.458132456406
240.5677762698033
218.04272946482524
225.9481925269356
241.7795341698802
240.82006376446225
225.46918706735596
244.41647819138598
201.7751894008834
232.3393329353421
221.4619520221022
256.82581902481616
243.3047723795171
215.45774272817653
224.81410045706434
253.13322640390834
254.2163433454698
198.95685741573106
293.539553508861
211.92925090208882
274.926038594509
217.97782502981136
250.35323023918318
256.1998903185013
257.7498201960698
254.020998646738
245.52261110942345
216.744188694458
218.15262078272644
284.3500812903512
226.13089812506223
235.1361859307508
230.83288682834245
221.26224216469564
237.15892395289848
233.6353493180941
219.76877599710133
248.45787680178182
256.30381566740107
228.8480457884143
207.34993511624634
266.2238605323946
218.99048445158405
245.04746853472898
269.9165690164664
255.6317735296907
231.56720007391414
244.72715037612943
206.6644502977142
243.52945819153683
233.38731464504963
214.64181530632777
247.78443761449307
232.2972566349781
237.6376376519911
290.7464044553344
240.2677335079643
226.3143507845234
266.7251955482061
211.06575051904656
213.13408121018438
235.95764241722645
259.4765689751948
212.13732203870313
214.55151034338633
249.68850648758234
240.948895611451
216.38750586594688
245.8024927592487
280.89460655662697
218.81733020261163
242.1561805579695
221.042002695438
247.50166475883452
230.1873910180875
226.16464404767612
228.21602900949074
237.97269536770182
217.58459406060865
253.92831944365753
225.0174203622737
216.0023925465066
192.34247121971566
226.91206763125956
247.69441260624444
238.70134170819074
249.3405051731388
244.1424587086076
215.61590769287432
249.47671977354912
219.04769069026224
249.9545365149388
254.11880363029195
270.10017682093894
233.73464745719684
227.0765545751783
219.48975944903214
233.58814844448352
262.08069058775436
240.4143085378455
254.8129513800377
260.88328611070756
227.90504492766922
273.21367150818696
266.73113025695784
217.17895527021028
236.85541267349618
258.46736846055137
218.4631458959193
236.27666135021718
241.95462561090244
217.75274207443
236.34725628478918
204.71002042974578
231.8884167674114
210.82654716982506
222.4610735141323
236.84242211276432
217.47678509971593
205.8403700220515
247.73332654568367
189.79506187484367
237.01876364659984
223.9689234487596
228.86434624821413
285.9016720726504
235.8038984236191
224.0378329216037
208.14720313850557
246.74422030890128
289.4404362355708
243.9979273659992
218.82106991426554
257.8258077336941
255.157783807721
268.78019808151294
214.73008931288496
214.34137311048107
205.25027449172921
220.59428898867918
267.24845473788446
224.99195409275126
310.47171233192785
250.9730242062942
280.08321960433386
217.50120526080718
228.90437198721338
222.82715442759218
273.6057247115532
220.2540718218661
253.6810730706784
232.21271110884845
196.06983923719963
252.05809144832892
221.3841593088
216.01842158468207
222.50110842834692
229.01761959929718
218.3697407784639
236.00769178796327
254.69738892954774
245.31039462360786
255.47851328621618
228.23792372387834
256.1436406461871
195.52411674219184
232.78116053232225
262.37185750727076
203.66352790722158
217.12945239170222
227.05485591100296
174.89362034597434
255.58183432463557
234.23473116446985
221.65210723382188
229.55682665336644
246.78109261748614
271.80488927382976
205.0271393674775
258.93471848155605
246.50802769645816
270.79668252152624
294.0635643640999
249.4495580648072
204.30325683933916
257.78722529590596
208.54412915260764
235.3496502081398
228.83787228161236
222.1663380113896
272.79971012985334
243.43289303057827
244.4709684450063
225.81190104183042
254.28385174943833
216.51290043262998
221.28901457501343
221.02996996155707
239.24773019907298
217.71812443068484
218.13502411311492
250.04943587002344
205.60960148251615
248.2245340476511
229.9875294829253
294.0428153295652
271.08991041372065
248.83760715846438
234.59313168778317
236.56720976612996
248.966858561791
243.1101365519571
244.8524414827698
258.5497035490698
253.12563309428515
241.1280555552803
209.55303380644182
239.68774026742904
228.84199585189344
221.06957098661223
221.15800127468538
226.85915697348537
258.87836959556444
270.8909381139674
239.48326356965117
241.2691058877972
292.18702711950755
216.01766207121545
216.49594670563238
250.03018821845762
227.32838066999102
254.43724826344987
212.52173838455928
308.4329783314024
232.3637265667785
231.27067637286382
227.6308838314726
202.88988663745113
235.40784516674466
251.17861128685763
275.85080575192114
238.26317309448496
240.3879170936998
249.4555441614939
228.92790328577394
236.52313411515206
216.98656914650928
292.0687663970166
226.4413031222648
213.88871386449318
259.8062118986272
276.7827644305653
270.0460122379591
230.9218438550015
246.82640365487896
227.3043675973313
224.56920312321745
270.84619796299376
222.44476079492597
242.41283142683096
239.92253013077425
246.55853448814014
194.95262275187997
231.9777155405609
253.8360717849573
254.0675603946438
264.2786212489009
227.7413104926818
199.04156837897608
225.7330535664223
233.72692857228685
245.97834565571975
209.29728428740054
199.28541594353737
257.9944356929045
217.55174655414885
220.77085962193087
239.11057744524442
242.2114895695122
211.78495713334996
221.57000868022442
252.1080877946224
235.61079287627945
218.121080743731
266.59700774605153
226.40548264002427
221.3429267470492
250.65717882703757
241.46823654719628
235.94322095118696
234.94695407623658
236.26252454723
243.10519515362103
246.6120501490659
250.7739507756778
196.18548425490735
243.29372794012306
244.93970922677545
228.3125524679199
236.37091217009583
251.18421958730323
217.561247560021
189.44081303739222
182.48301747086225
208.55947040038882
227.74962613236858
220.97936074616155
212.91468906623777
213.4789909797255
240.1346912092995
214.85102807439398
258.19672975473804
222.72508009138983
221.74777490022825
234.5597751950845
227.38155318325153
245.41658722842112
227.57113001612015
255.08174286858412
278.65038743801415
264.9948432906531
278.21454446966527
293.9211877253256
244.8179674828425
216.71995772060473
192.81812762637855
233.1303763818578
214.20544718625024
210.65744263504166
237.1236759184976
255.88714640692342
216.73360920435516
231.36899295751937
223.93698240513913
292.67499746911926
229.54062381922267
236.19593930244446
247.04672195448074
257.3318942769547
249.79907619784353
234.75700656563276
218.54399534902768
212.45335040579084
202.64536088408204
217.030423934164
229.3415296250605
241.5569606164354
229.20302505930886
251.90326450549765
208.24899574776646
240.31630221568048
224.06863172742305
250.7637104272144
274.8972082880209
250.88742469862336
252.21860202791868
251.1975129225175
234.6230259843869
212.4038458110299
240.3364147465909
220.78608050843468
256.55040463089244
220.89719473698642
246.4970796846319
227.141791813483
220.06226220796816
311.51093850430334
249.80147001275327
205.53092700440902
265.5024717625929
266.3705052168807
222.7357871691347
215.87277055182494
209.51614257931942
267.27671335003106
234.06401977222413
253.9475934545626
241.34346980776172
206.76369927887572
302.69211861881195
244.87266036251094
197.45395299984375
254.12165788572747
245.18934989883564
269.6622136257938
229.49959672108525
237.7040054438403
212.2150994524709
265.36099073686637
257.83906125539215
230.92874032183317
226.2213462117943
288.26820546982344
339.7253146764124
254.28297275706427
227.86043583450373
241.63331245165318
284.8954461455578
219.576125505846
230.57941499492154
208.40024423709838
256.08980850415537
235.09659060672857
252.73164949100465
259.50722198584117
231.9195741363219
206.46394925290952
282.3751694452949
209.3536348839989
238.63478645612486
245.0371155506582
224.5281482776045
202.6459533101297
216.5249618391972
229.66222692804877
240.22486205998575
190.84224105108296
232.76474096556194
205.00325138604967
257.5956826689653
194.34940031956648
243.55685334495502
204.83886091737077
268.7669813526445
262.62673190346686
208.54080061800778
223.8448518757359
254.21025375742465
261.46134496253217
251.6494672698318
233.71325358818285
243.04669862479204
209.63967655575834
199.41343636042438
223.31993994594086
199.30070522695314
213.88096585613675
240.61355441075284
250.1020382734714
199.58295690163504
259.0236280463869
238.94477576005738
265.4371745600365
271.01312738098204
224.2859380604932
217.11889746587258
209.8267807707889
261.85640091099776
229.50593200942967
259.45828985015396
260.4830857772613
225.97817313671112
298.1442815295886
243.24784557078965
242.74000058707315
221.95341346482746
243.90214044228196
225.95008792728186
250.1669072190998
241.31843947328161
230.12760266277473
223.26079273351934
247.06713612412568
242.5682033416815
236.728443293483
286.10978897253517
230.63847176067065
246.5761943992693
260.2169907402713
241.97851690580137
251.6100561977364
254.01035799190868
247.1281003615586
239.62806612683926
219.4315399271436
222.04757839848753
262.281261650729
241.78564560285304
301.8946717014769
249.32259076705668
221.7703252962092
248.4848500720691
249.84321223408915
266.1682639257051
219.3968086198438
230.78469390561804
260.1642508658115
193.54945356608368
250.95460031321272
281.96782162517775
283.6453620408429
257.3763760582078
221.89377603679895
214.18966515141074
213.6467166938819
241.12725830671843
287.18294061813504
212.50673013704363
248.51365504704881
242.7313275942579
205.7481566843344
223.7902011651313
215.37345482409
261.69097223470453
257.58075100998394
237.45014621689916
272.83586080989335
284.2463956490392
269.68272472033277
231.45537422550842
242.65749651310034
196.6973632243462
189.15525951539166
222.65118268609513
247.5574086563429
235.1841145918006
200.9222300350666
228.87648909457494
233.63064294308424
245.9808182665147
261.8969316948205
238.26655479799956
258.309569607256
198.23725573031697
236.36671506916173
237.35124467418063
201.710790916346
258.81267134309746
209.2648978541838
241.38983573717996
252.76048949244432
233.19386908889282
267.3898684878368
226.6943034841679
286.2003118111752
230.69039029767737
234.48319609917235
242.81780178297777
233.23889992316253
246.01811497635208
244.07363558653742
226.2301283814013
218.86067868839018
253.12758999876678
240.7848294766154
233.83061898103915
247.3604548991425
276.7137775697047
273.48465369071346
228.66579168534372
218.5136741452152
219.28781029442325
253.40866904286668
281.5665258493973
215.24209125631023
213.37404360016808
260.40778204170056
230.77230846357998
201.62120785214938
227.5301077349577
205.44042683113366
227.49802000424825
243.35342137527186
259.0360183347948
220.50394725555088
225.40587286604568
244.35449943155982
226.0480481723789
251.60128889407497
237.54135739954654
246.1154677743325
222.05657493928447
215.80803543934599
257.28661208960693
264.1113765864866
248.83355292165652
250.62822934170254
246.18641206645407
237.69952941138763
268.6238675112836
214.6056496736128
214.73132001014892
255.31429877702612
273.37400393001735
238.9740197919309
252.26139627047814
283.86360996589065
255.11797961138655
271.1544723374536
237.46341626450885
273.7784657846205
225.5540926902322
241.645912213251
215.38801171514206
221.3044578274712
238.50635375187267
239.49323015741538
232.64179331134073
232.27072775375564
240.37189062766265
233.18868340388872
236.32141603110358
234.6868406542344
261.8690704354085
189.0955408848822
220.41182073834352
213.21168309566565
255.0721893903101
257.0227527183015
262.6371964839054
209.78866943751927
274.538103394676
271.3436971876072
262.0879318722291
229.35002061899286
280.92804550612345
227.88191160862334
204.3869213075377
230.31100445031188
238.50606191565748
241.63965966925025
196.09922482795082
187.46147232467774
266.71473902324215
232.48741050320677
207.6778075156035
193.4042479217751
264.03994213370606
268.70246159133967
313.2955776079325
250.51004895626102
239.86616605205927
200.23604949691799
235.27133401297033
225.4670768652577
230.43295246479101
275.81495330668986
227.3411770358216
244.5546440531034
222.99095554836094
238.7220983975567
247.72211578895804
261.67691355641
217.38938500965014
223.15003223030362
255.26611148461234
212.0302974547958
219.23664115415886
226.0372756497236
248.84410452051088
241.10075911006425
224.88988506421447
231.73128515295684
248.33934342628345
222.1834780977806
231.31696390768047
232.51823767554015
241.9352551989723
220.3478788281791
209.60956778051332
208.71268156380393
255.66819987329654
264.0804244619794
242.12561151874252
250.39326549647376
211.8754630438052
226.31956175377127
190.74710535875056
184.81645486317575
223.9848465824034
213.14147693431005
211.08846614393406
232.86232180567458
267.54778748063836
255.56848521123175
252.293014268158
228.339377326658
197.34803688782267
217.6365556421224
255.81346652447246
228.1305090355454
208.7304196814075
234.30037400778383
252.5003971568076
204.38130572391674
272.2789407358505
201.98756824282464
267.5871019337792
277.5718438930344
247.22416192025412
239.0984750034986
228.67038980161306
229.96599233569577
230.29150338598993
230.21062410087325
215.62790974625386
230.91282295587007
230.32011527428403
298.11254967330024
230.59330544504337
241.0990496503655
213.8901230902411
232.89786274696235
236.25336232688278
210.04492462438066
197.93748833308928
206.06656884402037
224.81126860983204
215.88486302131787
297.7044286642922
202.70468592538964
177.59852682892233
232.01768553454895
211.17108949052636
217.92178743425757
238.98731418373063
229.02765166689642
237.54947548394557
236.33014772133902
261.7827593544498
229.59642315353267
208.34851779043674
239.3744699554518
237.8468727027066
244.75314363848884
284.6212009526789
277.6688155652955
238.8647262006998
230.69688538985793
272.14019932749216
285.2600865866989
225.88034354837146
289.3930973644601
221.6790078447666
239.1121428811457
238.10758146794979
201.2482768036425
224.06641708919778
228.90483505418524
284.02964071859606
227.26953654468525
283.7206224555848
222.46089473052416
240.48953242891002
318.604405787657
197.48334303533193
242.81542396557052
258.5500491678249
277.8438186466228
275.02405076730065
233.45060188381467
226.15161524619907
255.30872474017087
245.4778754916042
218.21307977836113
231.04452143411618
212.62390453391708
245.1603153331671
250.0786242169561
229.12424781371374
222.94496188906487
250.4099217170151
230.84986297471914
228.93702732329257
277.3886645255843
256.84709652524907
243.71349118673243
249.75059409835376
243.9479879103601
253.02792765852064
213.38810872507747
244.91841865342576
203.4214367637178
262.25229906698223
244.82025305915158
202.368711618823
263.93264551926404
225.8137396357488
207.12887580378447
231.7904143212363
243.34667297301348
218.20060827524867
226.26764165016357
248.07642446283717
220.3966425404651
197.91449037194252
246.56196341197938
212.66777233965695
260.35339920886327
217.7467974764295
250.3607736803824
229.87239555222914
297.14652105176356
243.90572542720474
229.83399939804804
224.78227882483043
230.0284432664048
226.65275808691513
222.32313771056943
244.81562295614276
263.1382806210313
253.45552159962244
248.74392119434197
245.12539438076783
236.62019500439055
217.98305703001097
231.2199833849445
260.96181498933583
258.61576360312756
248.93053534976207
216.82530024147127
259.4185678312788
314.57026558637153
219.81551683030557
236.0743643740425
291.3311210408574
244.30025702586863
253.49961543269455
236.16449460480362
276.0062349361833
287.3081246637739
242.2531912047416
211.0115316803567
253.8003174784826
242.92726522381417
246.61456488980912
272.0824210103601
220.94089616602287
233.1379888978554
221.1958028934896
202.72139063617215
201.4828586874064
228.11340934154578
234.79543691047002
257.2078541110968
275.8001233278774
249.3904336533742
232.22228459629696
230.8352246354334
239.53171157673933
217.48099759593606
217.23520621284842
219.60490342532285
220.71654623036738
248.80558608856518
234.2327139833942
255.31475403276272
282.9272845496889
269.20174439344555
211.60570272500627
228.94447331526317
221.12659123400226
216.95396099542268
266.34619334805757
229.3459051598329
224.61441597831436
288.1890212127473
259.8931843409082
235.55164604901802
223.2213291755179
221.01870101329405
208.9433010116918
215.74040903535206
243.8504926962778
246.9439798707608
226.63215518719517
216.4547711937921
226.43541795003694
238.1539275443647
251.73230215639342
269.50178953947034
221.64477893942967
215.40200590970926
245.82108879764564
234.34524815005716
239.58451301069
218.84378228860442
245.41864580707625
298.67174843209796
252.71175045601558
246.72556632512715
245.29423768469132
243.24707619682886
231.52665805467404
223.39389122545253
227.83121447230224
266.75814715900924
210.601050067693
234.84413418755867
271.176700607175
222.70485284295864
248.35558971459977
213.5963325788034
287.6070197300287
212.2373419373762
269.13338458852377
237.2746477770852
250.13447124836966
250.6431108780671
194.23137250286527
251.14767259010114
208.01221786648966
218.24959980451968
220.0583980239462
229.2508564857999
290.994983798475
207.73566646303516
239.6323262193473
266.21920644748025
210.1361175031634
228.2036676214775
216.17433655494824
218.42047402390745
199.20409562741406
230.8753905958729
243.09906085033435
203.31186383706518
232.37141001422424
205.81911840382963
227.3129282349255
251.3204078450799
242.7485225269338
196.42372536519542
228.5762513022637
239.4979627801804
243.69928687275387
225.91764614917338
200.06722687603906
286.3346861809259
232.38513684354257
223.49852255138103
294.32666402403265
237.10473162587732
236.41174292296637
217.7969916111324
240.7053206161363
291.62269998679403
236.41933107702062
243.57986334571615
258.9012574835215
234.4424849160714
247.68193488346878
183.9463765192777
250.84049821656663
229.23643452848773
202.9617694085464
262.41961660888046
240.80157604522537
214.74336945533287
236.00526312424336
235.88364825036842
237.65666468976997
219.70728482992854
207.52749908179976
240.49501848302316
223.14431249711197
250.55401405179873
223.6279230742948
238.29598326445557
252.45675709296484
215.3256187592633
313.6227833062876
223.12880761246197
226.49292086123023
261.52303953736555
221.63471432216465
213.22423767868895
231.98405346635263
230.04510127811227
240.13425734231714
235.40624339098576
251.9126573650865
233.67534378892742
250.47734498081263
297.2485316894017
222.82524114381522
249.86198855936527
226.64973299624398
249.26890120375901
208.28423799504526
234.3675811488647
250.09924607048742
226.4858217437286
204.64024378580507
207.4196684913477
236.1570262009045
234.6422523271758
242.04952914244495
219.61668346694205
250.797958390438
230.12342813017312
216.29471474094316
253.03262764168903
240.6594205275178
246.55609063699376
241.86267048015725
225.5221741796704
257.4701801156625
233.29211406363174
208.5709110707976
238.57583149592392
225.06146716908552
241.31782337639015
266.83624249033164
218.26566728996113
253.2987392609939
234.31798748509027
257.8362519880757
224.46482439548708
191.34791269164998
204.17370243591722
211.97442620852962
236.1787054381566
212.25191985268611
241.15891038591508
199.52637964405585
232.85950283519924
256.9219521401683
213.85400144406594
245.25598142272793
226.5409275854472
245.805976560805
222.0030013237847
245.26111065607984
235.45786387019325
242.0877708675107
267.99505803675856
233.5251881777076
244.15586062008515
219.9261476919055
189.60199938016012
209.63603119098116
238.9223495698534
281.53027489583474
231.90794526576065
228.94586645346135
249.43406798038632
283.04375256958883
244.52560363931116
261.38350864488166
313.6602643644437
218.71408772980794
236.92383417661767
272.0617869189009
239.56505248206668
256.34632426837925
230.98762208316475
242.40647243452258
219.50068843155168
217.17153157258872
245.2341407663189
285.8177146090893
238.77851727686357
227.39560994075146
190.26997367781587
214.8947728537023
216.02856088068802
226.58219055260997
250.9105960818706
235.84510381147265
221.96352129196748
223.27983379352372
235.61371124337893
234.731516049942
250.2561233949382
244.05006541940384
188.81794391095173
279.8929682588205
250.1870891477447
237.50440740701742
239.71739490900654
256.8310786387883
252.37702492286917
234.03754902561195
268.1617337525822
225.69942315726075
247.7976194935618
240.2815711419098
238.3857378185494
255.475821066997
202.84104161697906
282.52858397213276
218.53537269320805
265.1950650099898
238.5032138947863
211.19162114709616
257.31547821487766
252.20487573894206
271.2810412028339
220.42474742152262
245.14566755353007
267.0821746343281
208.57709760626312
214.5568723201286
222.30264074052684
228.2268316905247
243.56266396399587
275.3652592001017
251.62148130207788
201.3351869402686
231.6347535009263
235.2280030476395
279.1639109723037
238.16373192542233
240.42985636531375
280.641997755738
267.7492932191817
280.5876101385802
245.64755360013805
236.14839666266926
232.23326109547634
234.80182358715683
192.93525498989038
245.39001770399045
198.4916866462445
261.7819727574242
242.10318837093655
208.56823684915435
218.53672557405662
234.59744405560195
192.04536303028
261.7098928682972
240.83457620197441
222.82884915580507
214.4331483808346
233.33541353791952
224.31911745748948
232.90456749603618
253.3738253674237
245.7136526791146
261.68884165934287
240.877704728744
192.65710972063243
270.63469991844613
291.36105444608256
205.576439481345
258.5365940008778
246.55415035190526
298.93044486665167
267.1195372410584
313.87867822358385
252.48100875911769
263.60941277013626
225.49404586164746
216.89596889843233
211.19948990503326
199.14274694013875
317.2753202315653
244.29950051999185
244.64473001810256
237.73723697499372
275.7075445916271
232.84602753643412
220.98905195540283
231.401459896937
243.11071457737125
205.25775738444645
206.09542796970345
251.12335426092613
203.59838144795503
239.57608829101082
273.72158450540155
215.35736580833327
265.3727384926751
254.01824456558097
243.1408561654389
259.2318326929817
263.3449000795372
242.76193397666793
222.21384297008626
199.4131901115179
230.22007771162316
237.49137268320192
254.9918562916573
200.19288170780055
251.7469365063589
215.348390387604
222.45338873472065
268.5329970123712
259.61192181543447
250.3919137257617
239.44937826832756
265.9758517475566
229.19276950368658
230.1671777368756
234.2502167483326
217.9822096255375
207.52329719555564
241.41653157374822
226.53369399148505
209.5630241294857
255.17420194251463
197.44158359069843
249.89328439638484
209.75460993673187
200.51847969228402
237.79162693105172
243.99297335883602
200.6064473161241
217.51627139979973
223.7680086143082
253.08842318714596
239.39847586199176
235.97584876033943
218.39626209402923
256.57459901447874
213.0480642420007
241.45531582308467
253.41459460835904
239.89053690293804
263.7178296567872
208.11061838432215
217.69377409573644
248.92789721593726
252.28820909187198
241.86199862288777
270.8294440222671
217.7415688788751
215.56519894930534
246.20899588079192
254.24432781373616
268.9078455774579
276.51103816740215
246.17292711115442
229.1035524404142
211.7825702788541
251.19084395922255
197.56694366352167
253.56730536359828
230.6559829142643
246.61867183307186
258.8162143235095
250.58024011715315
276.0783892206382
220.6839667102322
241.6985915194964
236.0441013063537
218.7318561442662
210.54996291571297
217.63929593143985
262.4530367666157
260.5719311389839
244.45707121153828
236.70284657669254
212.86932314164005
219.29612919141073
219.8759050614899
304.53374655300286
271.66636173671577
239.10893176030368
246.98902310128324
207.63814456190448
237.33692856808193
227.17770868551452
231.27821815863717
220.70754895545542
260.013744284166
241.98879960586783
227.27352218294982
253.76159359759185
245.53518780949526
243.22819227841683
234.88035872171167
222.46974607685115
267.68205944960937
216.9396766211139
201.5649208847899
217.28775778703857
245.9857147282455
256.263202636037
219.47604544262867
222.8558959782822
231.8055766307516
272.0991996395169
221.2129831694765
216.46014777733944
216.16825905290898
225.1393353792373
249.92544731637463
314.0479303279426
273.47158943559043
261.69344050157815
216.22419017960783
242.78336608980317
262.69403940357734
245.60620325792115
230.94336748914793
213.8943064606283
257.797728489968
227.51484513783362
242.275049994234
263.70207487104926
247.5759276287863
243.38872595631983
205.0138865041081
240.94071871228516
244.85457780584693
250.39594871131703
220.53860593726858
309.2045813361183
235.6284451003885
269.03945332264993
228.50560973852407
247.02529858844355
250.99103455303703
240.38348691212013
214.8574471954489
308.22645512374584
250.54529865132645
221.78572048153728
261.40155275538564
270.53825654648244
207.38891880062874
275.81575974519365
264.1248290458461
221.01380067900755
245.15169149590656
263.6468094351003
247.92926854954567
259.3241150500253
221.6394942990737
222.20842490554787
247.20261543022934
190.63201950851362
232.14424837043043
232.3335123034194
252.7925691747805
227.2619984181365
250.67956426891033
240.4210850453237
267.932512790896
241.42140862497035
193.7379761832999
208.94644866616
233.38274951756466
220.0782990877051
215.28405097010545
211.12662396009546
249.23893703217618
209.90588075318374
215.70219028182328
230.19269590021577
204.87786688574124
214.72130991448648
295.97097824153025
232.3828814344015
237.4731538343476
222.82116944063455
194.28524990589358
235.6456552486634
269.525396253448
244.46732697461266
227.77842276659794
234.9880722372327
240.38042713224422
244.27479538624175
231.35019181319512
250.49639034667052
232.53803139633965
218.5900320444489
221.32899767661002
205.93526777764782
247.62170054204762
245.54089779267088
236.34946675389074
234.4185124320211
227.0039167702198
231.4063413621625
276.0220865717856
201.41599347547162
216.44260662491433
209.49572802439798
244.75701633514836
247.60869620507583
268.47985914116725
233.986394694075
206.35997303016484
283.79477406234946
201.74183856404852
269.0956291067414
227.91567679936998
257.5467573454371
219.93815565353725
295.18046684970614
249.41992527723778
261.56415717920754
247.1542193617206
237.92696264549159
238.21176715567708
265.71875309338793
217.88749999867287
221.28263085789513
202.13069741986692
236.89841578749474
219.270998143591
218.6318540778011
197.40810226043686
285.52465058350936
238.27578876994085
225.2218671690207
237.31670913705602
247.75332091457676
230.31217197852675
233.41083219391294
251.7266877949005
244.54677124833688
219.54301143088378
230.0895896158181
232.5343146737432
232.32971837907098
246.75677665055264
236.46362058760133
227.1295249934774
244.76277239760384
212.44557068427093
229.50092041108292
240.5820922901621
271.5714373863302
237.65562001685612
269.29938244097866
231.3854086076608
222.91877776407637
193.7995540604461
230.31889501365367
241.94971998268738
315.2959873842774
265.71923455246724
265.4917343291454
210.50863726285752
213.61553549137898
256.40278598247096
204.06890307110734
208.05805106961634
251.68397308210842
252.04233727918472
222.04315347387455
217.5633483742131
233.92325267393608
232.4113208578201
291.9486343577737
258.95646718214266
227.3009098735638
226.1548060941277
223.69737651362084
217.54061207640916
212.66692845732905
208.9052827975247
288.949682636885
228.4714589943178
226.66508557007182
248.94676421326585
242.83781541907229
246.0369124490535
243.09856087283697
247.71712047734763
200.0464753343258
178.61804360197857
249.33059647970367
235.34119679802097
250.2298938794993
230.75921271601692
223.84463129355572
257.5740312690614
205.0528535824269
256.89522578543983
230.28649390826467
267.7413397001801
210.44388830242679
216.76258007495198
242.5655391131295
260.46398286463227
238.55030894372612
233.2348078514915
226.67212952848058
262.97866114298813
233.64784391759895
203.51284425379708
252.55420461192261
232.733447505394
240.8853830283042
261.14924467215315
237.37961415271275
245.2515654291492
234.64681436284445
232.4954546148656
293.59155286999885
292.4234530022368
252.41344009630848
244.3487739880802
234.6755403963616
251.53098344942555
211.7321647220524
266.2537108687684
248.71974999830127
273.54801323870197
235.33457669289783
277.6526814115932
239.6160204974003
240.77219361322932
236.37599719373975
226.3937511544209
201.27272046532016
228.68375677533913
253.79281371226534
223.96342245058622
220.1732045907993
222.816839468549
241.34798198344652
213.1996169659542
262.5128663069336
235.57685224257875
246.6489232800668
192.64035047439393
229.21725454262923
226.50655935122631
239.44167760154232
231.39307298255153
220.61724983516615
219.1125387659995
244.29383041220717
262.88071379379835
257.34544356830884
227.7029279745184
209.62567022873554
236.48103079595603
242.90376205684152
201.19962550071068
233.088347129873
214.09455431369133
234.52423104911577
244.1515791307902
271.01359671063256
199.7110860774992
219.3377428300446
226.75889728369657
227.0696233654162
240.83852972171735
235.65500574791804
216.60250746679958
249.61219193669967
218.96758808474988
230.94287364929914
191.252814419684
230.97725714556873
224.6712683304213
234.16388175089378
242.89219572779257
245.370058186003
239.88179150840733
258.34651295817457
231.43097999715246
233.80319612997118
230.74298196274322
293.67610508494545
214.9193729319377
251.3334880990442
223.83186375233345
253.15526341844816
245.697356994031
216.86798474437091
241.15086197294295
290.4446631913306
256.43033134180587
236.86664824106265
249.05781695153564
268.36654098075815
235.82356895820703
248.5143056322122
274.6953282880131
234.80770297558047
240.2765855838079
262.4263259534491
232.6583394559566
249.55027158628218
234.73193095240276
201.90240779472515
238.75385580048896
234.69808719668072
237.56617248628754
211.197896212223
210.97941086546052
225.50852632406168
233.49461723607965
262.4992096258793
211.02181323233526
245.77553055866156
230.589766124147
280.1118299647933
201.4586001142161
222.59811081190128
230.1695215939544
188.3805727296276
178.22774495068006
227.70132637722418
251.25265829951968
222.68146895093378
214.4953250818653
253.30972325312905
226.04037969489582
259.3928832093952
234.11724816996139
248.14483886270318
229.6051297544036
231.8866617892636
216.21293188165873
224.76161494711414
252.84273698413745
237.41178597451653
242.37047844473273
246.80733004782815
241.0536320649553
228.20855552062858
247.9974562865682
246.52066620765254
252.6483910784591
233.2255309681641
232.0390630955808
242.70312374620698
228.35418526397552
228.119011939154
230.74272001744248
253.7622445031302
213.5131843133131
227.14960148185492
294.1636487246724
245.4556495664874
247.61748020572122
278.73336567217484
247.64868829841726
233.49771842360497
258.79808934940957
213.94417080725543
227.09371944109444
294.7343373321928
221.92200616758782
242.4184228987433
248.93461010116152
229.70361331361346
218.77097829570994
225.48501400416717
288.5656248856103
304.14291397307534
237.04517258377746
199.82508629059885
239.62200015224516
239.83836003171746
224.5367326614214
255.56202986149583
233.22097432706505
247.55768922506832
258.60004530858714
232.08202381408773
218.1779241282493
202.31465519987978
223.73255849105772
221.33705590106547
246.57526677008718
273.67055975436233
250.36399603600148
242.4246448262129
238.72387272131164
224.4015219392022
260.978492668597
227.65569230658002
248.72555755020585
231.46081097540446
254.77021950273775
252.3849767955253
217.45310141297523
272.75785601034295
250.891610566061
233.98187190224417
274.9410842132056
196.4083262627246
201.23417343571782
250.64608558209147
206.6469125195872
233.03807719622273
235.60615467093885
204.80492624407634
230.84133278869558
230.2678661607206
213.13919718912803
214.77858154196292
311.8994770803256
239.12674905802123
196.7342563526472
262.50524988025427
216.01817930373363
233.98068234929815
203.523495744681
237.83814342319965
263.59616069088224
253.30572646670043
231.56199841981288
228.48519466794096
218.38712206936907
220.1711297373986
225.62988581496757
206.97359016549308
234.5225540107349
239.24463245272636
209.92627685680054
250.93961542553734
213.10608073463663
241.162335667992
247.4397460136097
234.38264694355894
242.4334807259729
269.20357361331116
212.57507063273806
251.3029604133917
231.24464989255648
260.4092199560255
246.62573845661245
241.20356115151662
254.2074289600132
227.1246061840793
205.89047446963377
250.98610155109782
237.84256382007152
213.95522487768903
245.9624594952911
214.31144486903213
247.7109683745075
226.26286391040776
214.15371147438418
250.23224153043702
209.96834040863905
231.10758325993083
248.91708574059885
275.1250316238729
249.60729588533286
191.649446155061
209.60546726442408
255.52278982882854
231.1594770931406
251.79997962957714
275.65217204391956
253.47691836603917
220.79382514907047
254.96877769485582
224.84930343588348
241.49491186626256
241.60998314095195
276.972201661556
222.07733976084273
209.49674845929258
258.3661313802004
192.82032020413317
221.40376734524034
235.7134632744128
261.6808342175791
312.79246154113207
230.16340139927343
262.65306595817674
224.22602742468007
254.03682980372105
260.93361627147533
229.44882768916432
285.149014858529
229.1664414408151
213.4325123692397
270.43175546254497
270.20049887604546
304.3291200947715
239.11636115121655
275.831231660326
230.77225550892763
277.2630577114178
255.8640358087141
274.98438509972766
265.7713321946794
248.78981152456254
229.73787956370506
249.11392422858626
228.18351442017592
243.42023760615848
245.0214320041705
229.98222116823308
217.03280507039744
249.00514383090194
223.13804027135484
233.62955081486143
227.88908044504933
252.5838185257744
246.09715952933766
248.27112824027427
231.3511047558859
251.89649229380302
227.33475085545797
257.53325481154025
195.52932623482775
275.7408323737327
245.97663274756633
266.8645373870386
231.739490244654
237.09492093476
228.94532058108598
302.87249795300886
230.27861916075926
224.8688716456527
216.13875697064213
210.04761153797153
216.10762372997124
216.21951507718768
253.18081141309813
261.1921255362686
205.06624260544777
269.5220563680632
211.92557320534252
209.87834006990306
190.7010145705426
244.4272946389392
214.23989602783695
231.13239739800338
202.91455549478997
234.24738123326097
200.04024922836106
263.0485012801364
243.97521188657265
217.19459826673847
220.99326636863407
266.40159073786344
217.64999382081442
231.14730556192808
214.14418134198058
256.88644166849554
202.34780195134226
230.45531836838927
260.14847876434214
230.34197543328628
195.43141717021354
274.2341548629338
268.3319778701989
243.2763640146004
254.3637784178136
263.25026443833485
229.64797637972515
253.64761533006094
224.84256072260905
202.3220817631809
252.85031087009702
245.82694907835685
271.03484272712376
249.09115342306904
229.88024356320966
265.0589746562764
219.21060990949627
223.52362733427435
243.48172189341858
231.9965635992121
253.83444978715852
243.22808886144776
221.0235203760676
253.96669977111742
240.74227720720228
268.52016165317036
238.51063302822877
246.7734508041758
257.58133482013363
267.41007946874015
235.82953870017081
242.02963256801013
238.78807007917203
223.61673829250503
213.48711748665664
268.1993765995139
230.6348326940788
241.1291917791823
282.98555110464804
257.37138346908614
231.66112776612863
268.20798203279264
187.82290001527872
246.03963581146672
213.11003709945362
240.55700275895651
245.08020630059764
213.3739350179676
250.67301769834012
233.02284114866052
254.72049002524
202.15342944324948
264.5544457597425
241.45061273209285
237.87423911038786
222.48040327476338
249.3567648185417
236.8578770159511
239.11455821432173
231.14118541497737
271.9490099604009
202.21557935199235
233.07163556525484
197.3510266044177
193.32752629567403
245.4239084891742
244.58759187499527
239.18402913422324
226.02870364347473
267.32864464772865
249.18947757710703
233.28688102040906
242.90392040926963
228.36037595104426
223.70692311564926
226.1131053759018
265.309626571252
229.9247938072076
206.06601757311728
225.9649436523905
249.51357137982268
247.6358292833902
206.33097351551987
227.80500409030356
270.15630044590216
249.00067916605622
280.19219661096577
299.09100294241216
228.61243639071472
217.98886282066815
237.5525782565819
212.42218926234636
206.54678542958573
232.4961019854527
208.1621837040875
225.7783199022524
235.1683810740942
238.5997152926866
222.44135133211967
233.2490167702781
285.02174508944154
242.09190889517777
234.03203645988833
204.6632631609682
229.65629544004332
224.7616312050959
226.03931337746326
256.11918383440934
226.665948726004
247.64149962109514
268.5967209828086
212.38548704469576
221.6010361193912
228.34599714318756
275.25896002573427
234.27457316056825
237.95507197792176
251.63686404330656
246.9637695326237
227.71785781066865
228.4860071936855
224.66893691080622
288.2169186328538
233.58179549395572
249.99418658402283
244.84246987348888
250.85401789238676
210.91499152733013
225.6260516300099
255.6509074534988
299.8770412049489
272.4527697430458
238.0716659235768
233.85686469601933
248.81996513111517
241.9119576761732
259.18547515023965
269.0870607662946
226.10656408895738
270.8888504666975
213.79788033501245
244.5994660932338
235.3753366949968
262.28875314991456
233.61779493629
187.06681762787048
206.5018180719344
236.16770001733676
219.76404637412634
225.07171970210038
282.87487836624496
251.16011177864857
217.46217528451234
233.28368612052873
243.59055845846888
305.3401496238075
200.14816005609464
230.0333281076746
257.95968258043285
243.12683009775355
266.50242816016544
209.19956211920362
218.21456111536827
220.3162273678463
252.92291166435461
255.55804228875786
220.0086187046254
238.581163334311
246.31094594462775
207.90583875984885
303.7136667295126
262.57487219327595
230.69050583872013
267.74677424377296
256.6189620476216
247.88533960538916
244.64931304601487
237.91462476283778
233.71184022922534
178.51696869253647
252.2592251820024
236.2397504063556
249.01984130847268
223.6793531969888
281.1387065438321
217.60837688099127
274.14565367414616
241.74561933858786
229.03763129992876
232.107012620545
260.0904629585566
221.4342144014081
223.94366121664643
248.5224269317696
266.3115544428583
184.4049299613107
233.41078414022923
235.69182458892465
212.66039092338178
196.49381562217604
228.15654154366348
229.6572467937367
207.68706830148585
210.0580470971763
229.12914489849936
238.86681061866693
272.12958841584623
223.5344826055225
239.50106215535197
242.99587608664297
243.07930969295558
227.92290039476939
270.85511555790436
222.7673962159315
262.53513984871097
226.34311409422662
252.99535898806062
293.5605986684095
197.34633350290824
223.3186152986018
234.8402308266377
223.06834662135225
275.5720725392457
218.68508884811308
240.5235808264697
225.53175039449707
272.49410974315833
205.38497569377068
279.4700093237916
240.86268131434917
232.91715258045588
231.9868549804669
251.86373065668158
237.03382356325164
233.64694594126195
248.18942996743135
241.5438578686444
227.06470614497084
246.9201946358662
251.2705809470499
223.5930861622328
240.0703843665542
261.46689919382334
216.9027807607781
241.59529543155804
212.31579917680938
203.64470643212553
239.57610812038183
237.67298599844798
204.30582279909868
253.0836933675455
263.99134579568636
214.67288793751504
261.67514822573867
229.66370531567372
262.5524092131527
227.54040728055406
204.87034560902975
222.14974874909967
229.29068440094125
239.38390497816727
233.19235852512065
256.12272259616293
239.53267603332642
251.6097321897978
256.01657558593433
228.9690441637067
266.591524260235
236.570762245683
219.86933869181667
252.12893027171958
255.90083006117493
219.4235870221164
222.9707323613111
217.74402157519944
214.6738881036872
236.85535703145433
218.28155017527752
227.3956786527997
235.45714798930567
224.82856930303387
216.9285090334015
246.0966056684265
224.94845549587626
255.4758795540547
201.29754816263448
259.02210936159827
206.91450165363494
242.70641887246165
236.0807774916757
248.40471827436704
231.84002356394194
251.10692457016557
243.51888544578105
224.49066828144714
261.65495138289407
208.12803437141702
212.24537987355143
232.49928420805372
237.9003821593942
253.31286882434506
261.30030552472454
270.240528657916
244.26458597218152
221.25858990242705
235.2152289332589
239.64561153843533
233.16264510701876
204.42554270045366
205.9478065551957
300.4584991449956
226.05591076368
239.1354229397839
230.07776280585676
192.9583940259181
233.12898578529712
254.832940257038
253.21402406541165
255.78293131291866
222.11719145462848
234.99870523437858
243.61551024590153
233.7184315759223
230.6955521410564
222.05443872883916
265.0577123541152
265.19089877954684
211.82481178001035
271.55659037537407
235.8524266827153
250.87096486531664
324.94400763954036
236.27124014531728
235.16314377821982
211.87955427565612
283.38364516734146
234.98007558553945
209.30952204368077
259.44848836935125
189.7883807029575
217.71004087058827
256.29147065081634
239.8453020072775
242.6925668134354
223.88308712665457
223.75985763478093
303.6091341021238
210.6736782331718
256.6288664927706
242.09494466159958
220.05937705154065
250.09015448007267
300.2011336708674
231.82148535375018
275.0447208698606
210.93890675075818
224.1237228171667
276.8228661774192
225.3454505756963
219.74047804099973
276.05562564660795
259.6216600075131
254.3537721434841
227.21681738935877
197.81588131783064
243.9217426701216
256.7590149906464
230.99283617991023
212.45272279519122
242.36385756905656
224.52476075442974
232.81210813252255
254.94848893862218
249.36941890593152
258.254402047256
220.67808759817854
275.54420052224305
225.6717270069057
247.51419359387364
219.5183283330407
272.0113599875476
220.4848955764901
242.32222152675968
207.81072576448787
320.0444329553284
256.1272980228532
206.12663146771956
230.07577720377594
220.71791232086252
226.21088446397334
256.73651720851194
237.1868995318655
211.9066650441382
205.1666368833976
234.65393707877956
242.1326786808204
237.8706300832564
217.42414691648446
243.5930276241852
218.2822884627385
218.35230385768227
251.5386170737911
261.48301231022924
205.5949840939138
196.74768194765784
259.19178403611295
241.5808630833635
266.69356400927063
279.86395884805825
246.5607224588748
261.93447165063117
220.04460097884294
287.76763868751004
235.12732677697204
207.8695559442276
222.1207664051326
253.07903867401183
193.00379178649746
243.8697527401382
240.33730225614272
198.28615249681752
226.30043577693868
263.08541288168635
223.2739636580227
232.13061175285839
214.6939616240561
213.84736952534877
221.6232966678217
253.76748393895105
235.48362656671088
249.739207417937
289.5392901363084
210.18152221071068
256.57262697885744
224.40128124179319
294.9588134260848
228.9617034784751
299.9268362671137
235.41035763255786
232.81033673265483
246.5485226084711
217.98304749606177
250.1119622810511
215.7799811270088
275.10962642368395
265.65138756053057
248.60637536842842
280.0605614738306
218.69690944359172
237.3464833300095
254.84052297193557
233.80217406107113
229.7051805757219
250.8608295841841
219.25606096815318
259.714018712868
226.56454327853862
234.26409376377705
221.32287161238492
217.97365354013164
265.27459191391245
212.65068980888464
304.5055428482592
256.9855698302854
195.735309882788
222.50288272160105
223.34756862791255
260.3706302444916
211.61153220024426
241.07635520526674
254.899673655862
242.8142990199849
267.81405202287715
228.95985818491317
210.97596193198115
248.71855130663607
211.86480069626123
239.00282861618325
228.36070377018768
249.49789862090256
216.44325117289554
204.63528912363108
224.28617965686135
225.59978687413968
287.6939275052864
253.36189702968113
241.6943402455654
242.6186035251012
242.2974364941474
246.85862503596582
227.7249984445516
253.96742523484863
240.1492643468082
264.8649980351329
230.3454509190051
231.759104964789
179.2696247792337
220.26770590874366
209.17810429027304
246.2431076032808
253.67872931237798
245.71118122444022
229.9504804596072
218.86091066745576
239.7728073139442
252.8471797099337
224.12820636341348
223.73776234686375
237.9176316949306
226.16445352102164
252.5129330958007
218.14717397361528
241.68112251744606
250.8856353117153
252.91585037484765
229.69163537025452
230.60133082442917
209.3965408410877
285.7578861712245
227.86019603873137
222.7675852329703
236.07466915866826
237.96894834318664
228.40157653251663
225.0510871319566
245.55882322380785
219.37752678140532
230.9566583223641
251.7773383257445
250.86598696466535
268.99767329823226
269.86337354406714
248.8620198261924
216.0691468451405
286.36577942746226
253.43159795436077
251.49502431205474
305.6407761161681
246.94494027935434
215.25412209820934
227.48360833479092
248.14441796613391
223.76108562888112
237.83221927727573
269.1597587587312
255.92949451797176
209.45742675091606
268.08962921681814
228.2895041401498
219.80883561901283
223.10609090037178
224.36273409042042
228.46429590065964
272.15978772507515
232.67483260924928
210.27261029998772
285.7423279553186
210.53653906367254
249.42113073542714
216.59346690191887
210.1727752512088
224.17974582640454
229.9528084816411
245.0410629218677
298.8267550395103
260.83554175065365
252.00307293992955
269.5173851888394
242.6128448951058
221.70354462869
264.8858231495833
229.07686987973284
206.6070146507118
268.1520166120026
218.6622932824539
228.4401696701534
246.3585494325962
250.03274124267045
221.9253584172111
242.85866530425847
249.84621869190596
227.14605717069935
233.67888632183895
244.68330097326543
234.95785433473065
238.25945141050033
249.17607067071367
236.2396011321107
238.96143972338177
233.29488538287114
247.99233343452215
196.41052322869655
246.53888875467237
239.21570549346507
268.69809957419056
234.8601011754945
234.8779400702333
212.1427236677846
