354.29741884002965
260.55347944562936
350.1638902576044
310.09822747165435
332.5807994628799
311.04285438560305
268.8470241783516
322.5305473525991
305.5054867474205
328.3446893493933
305.98535059626374
330.0181635621584
277.434997032698
277.58327225362336
262.31454890848545
300.90860837379114
358.8897226775698
306.75161212677085
299.0783266828321
245.9082455942189
256.46241453732273
273.51946672610393
274.49147199078834
264.49489309060027
293.8467313009305
351.6952568147599
308.50194300035673
342.44547760824025
258.2472110766412
315.4030869301059
297.38812161010173
290.45686185746126
309.8883665245794
301.6975402771477
263.674070136969
321.73684867518386
268.2280434437271
302.9706639159449
300.06026804198154
339.7510455102911
341.8666565710537
334.0366566542216
301.6913095664786
350.9288209931419
328.953705838685
314.4942780586771
340.3174957527626
295.04675877268164
299.298425435989
319.4720267360226
284.37781747185545
271.3779612618964
351.58390427424456
315.9267295552072
313.28315862734235
309.60584208616274
293.1664382254494
270.51784876338934
298.2160988169999
317.23757302645754
268.2835261570035
315.99045551995005
357.3325108704739
291.40784793692
275.3784336567769
256.00745869274397
405.2362718428849
289.63485863603273
305.8952152144484
315.62559472004796
308.04090279164666
272.14536372799193
376.0474359299733
380.3307996647927
350.4807040281812
335.9973920354205
244.00055019986394
249.70923638069144
279.0192734676639
329.2479436119247
312.71262748222944
302.71182812968254
301.76315809070366
303.1154562639458
295.7992226569586
290.4751651278639
330.116406872472
352.57365921685414
302.14730317860085
285.4901161990965
353.6416468042771
316.87991554877226
278.34203759839147
337.98391132410325
315.5730258712356
267.09670118329086
307.28614826837656
274.8210147612226
307.83730158649996
285.68681397196997
326.45014012415777
349.7260267624515
277.7203453922193
280.15838095147774
388.174637682896
284.71813974449833
298.1286110062756
357.57280138511123
308.92342235428805
366.66793601817335
308.5768155203914
296.72089148934174
353.615637165698
299.26298550402134
291.02830141593586
292.53079363139113
290.39266330979444
322.88867803841276
277.2064470585974
362.0885323877519
290.67855678026535
331.2847333521495
363.13993476736505
274.56501648109406
320.23170364290854
321.98362105593696
330.0378898850613
328.8998698831929
283.5230993131845
294.95324646560766
275.9587624502892
300.09899190876604
323.13684407859546
325.7327224902183
289.3199261225891
251.75668571567076
308.0608633630909
305.1816473999934
291.6956458267814
256.6312254262666
241.05273701687838
284.802333993277
280.4863717947446
374.93894918790465
299.9128764200359
274.38031815879367
302.5908330146776
293.37017111731984
300.1969756509934
304.22914614426554
298.38136588039197
286.7516564356556
321.01897506633395
329.5738533214171
321.2529648824129
352.17575831670547
295.74240648010164
285.3915483635574
319.7883688306538
315.852347029213
323.1599857627516
331.56371682084864
277.6260940711436
261.8841784512915
331.3117721555318
307.1235440687524
277.5561742642385
288.91479411319597
306.97483907072456
322.8573310389038
307.69571198511403
335.0296929768301
288.5959755299773
299.8398636056445
267.98828505136044
258.98008881720307
279.351628034281
311.74998946874257
307.0087395768642
281.085279797946
318.7003588075677
295.2817403851077
269.132415775297
282.545469542747
273.3031983234978
273.9708067657557
282.7775417128214
311.7570602278647
286.854719837007
300.37281557469396
316.6517075249212
300.5290475027505
326.3925111587887
265.80906284498633
283.34563841394265
321.11244706509024
297.9118709830145
254.12789063809032
242.79848788335948
327.8794621454217
354.1273036341663
323.2553887719332
361.6913760850657
279.2400763100959
332.67346366318816
270.10796134876
308.90010101388907
255.42599369973323
276.78427728471434
272.75419860731927
306.319807754473
359.91957532651577
307.9300602766525
318.3918757411884
381.18747402549343
391.66960563950124
307.38884878208046
279.98456639642245
359.7309755744209
362.77398699120386
388.2595793326036
292.30613667062426
325.3075731153658
300.38272424958996
323.1861806241359
274.5663384518848
250.3656065526593
303.1883048371092
282.50405753814266
325.0468549908401
255.65162440919084
380.82620577949274
283.32515765818243
307.8737172405381
281.10582637795596
341.41242963509285
312.86252169030195
320.67509658851486
320.14137129903247
304.53320926356537
341.3543085357669
278.6394123285136
304.2727453591069
290.6448993702652
320.2440718293801
298.98492521289154
304.0168433163635
293.8866375837533
324.874331588755
292.43441978946794
322.258492570254
344.3596297251934
284.7388111643522
362.2793960379058
320.1174417572038
386.9447698229924
292.9105796054064
279.51086964426213
372.6223366861377
292.1185932756489
302.18908281379845
268.0334062925831
264.98378293198766
291.7336060543894
319.14226901652
348.82240794335667
298.55807409195404
285.221229688148
278.4587605059496
288.1280077870906
352.5871640822879
283.77013806431205
316.71094986685785
381.79574775455694
344.46468676377845
330.28003072146385
315.1719559338526
304.3457445240783
321.234831904585
288.58783199712343
263.6910355710279
294.7560123788862
251.2183439586952
292.66012106620474
293.55974461913866
299.04727574221033
318.51517937473545
363.8638384393271
269.3986984107323
281.7837400935241
295.04003970163467
327.25304091237194
294.32918036484625
343.71236472245073
269.8700907416496
252.7117126446101
260.16823390329955
312.6143935288128
296.1216817980021
273.5726051144011
300.13028730248334
315.5208335767966
283.98334544172394
277.3101181413658
344.1262096108694
252.8345786464779
311.3603561534692
262.2930056456971
274.0884056552313
265.7339368311659
286.3321192050935
326.4015038258658
306.8370051703823
354.1076316969702
275.88934411658556
280.721478739375
275.9951739284588
309.23513663148333
302.3979520961002
275.4516852755478
262.84539996062813
285.039336102971
267.0831842908228
289.62465111733763
293.92300550937944
320.39406473412237
313.4825034098758
259.2696488361107
286.1204280332022
258.47216553062026
276.02067537068797
290.29655333388655
295.7041589462897
309.05897720229405
305.97108278299856
341.03374373533006
331.9010412450152
323.399852284434
306.1994284552202
321.2691946692066
334.414879924414
249.88919257214002
308.66226729855407
291.4519941978506
302.3947673895309
285.8818033826392
314.964021572232
308.86628331292013
308.19115830732335
278.9419957524806
319.3287808895402
267.57781625869393
271.2089232481958
312.5160525365791
291.3653529610456
366.922741681803
352.7011301348248
329.84680423969985
305.04584537327173
301.2238213242963
390.35666152552585
299.80501426752016
330.8539055904257
291.15001059530186
290.96989435832074
275.8359574407368
307.6897076849127
326.6560925465019
306.1911732182343
287.1828197718569
253.14698457624763
348.20988370553823
306.2211840952805
327.17625338194193
331.73550393190817
283.38872095129045
303.03933753602905
284.17350629984867
293.64356938343553
274.87385160017584
306.6414213777607
333.99708640985773
310.7756198532443
308.8954003994877
334.91570391914865
265.15225136012305
285.52122640243033
313.0369286045752
337.4098991352221
297.4766152080265
276.05249305130565
287.57506622045184
296.2546248694707
296.22590143978596
265.52190707830596
304.2055848033633
290.5664745830727
319.03680371628434
305.87304779289116
262.1449754256464
273.72231688878674
330.4303801400238
298.34273963312444
305.05439892537834
277.7611935585446
328.3645621002652
339.39476674224716
359.72858352880576
277.13650514637993
332.0799612325209
341.35648428123386
285.1051112714922
344.35501244508487
364.0391704442445
308.12246707684244
252.56474001926836
269.616875191743
297.4600326047803
260.87897037628863
264.76818443019874
313.35595828953956
281.6120622923627
344.1976352330239
292.0168486311304
333.60611816111486
294.81005912748515
278.52937476961233
324.4416789562092
353.3899839097576
279.75642926037835
261.3649180113862
372.3034154745692
341.9443617031211
348.17770027020015
382.0512418404105
302.5424027820409
300.3004479226656
319.76576595770894
333.79103777220007
287.5895794229873
347.92264439570135
282.87608830377576
292.1659926272696
316.1262935522245
329.9662727052637
306.5479769243684
336.74744514829945
367.74164769871277
329.5135549044353
313.99708810588345
332.2236548431101
280.9129635534482
262.00440670520766
290.69595001876587
303.68226670695003
324.3787414158869
306.23378132787184
302.8132075816975
242.72425069630845
300.9172949322965
307.495320760936
291.736219627026
294.65297431190265
380.5348648157087
323.6336605819524
271.05990388896316
345.3347829293343
307.97922629199456
329.1496156108333
281.081182111986
287.19651705611614
264.6827327165229
360.3608147059567
304.55073983076727
312.1172754628642
296.0721475610044
282.0960446727113
345.82893436332233
282.403004464315
259.3314011208422
304.3486932251835
311.6123961483536
300.3908252247493
294.99853557450115
317.0903723386873
307.90865656686947
309.3525628608477
319.7795246487949
282.8766798407596
350.69327860465273
284.81415874743834
295.44875071765273
337.6366778596421
289.8714533059392
284.25528072589077
312.28512826099177
335.44124596213805
307.6780827647017
340.85910199102364
331.44184948535985
319.4485789804894
258.62084640862304
325.1980733856035
333.09590475205914
350.6800338389003
260.0733692900103
357.14793593477225
282.53393634944223
281.556577445328
293.0142643300642
312.85292465321254
275.54092755078455
298.06452825834276
288.24301448845654
322.32093656418147
355.91764274655725
337.15973772341385
283.8457616325468
312.30174167235964
277.24748636584263
350.32893442964996
297.22588026401354
366.7972930051328
308.7522940192721
324.42479551257566
331.80136746991775
312.97604883860913
269.1753246850858
330.7670117254311
287.2664546480519
270.4675471262017
354.1830475628667
289.3012409187795
283.9877777051006
321.09715877400595
273.6506607887859
288.2571719370899
354.24386968745966
300.6086720863823
312.6361531446455
360.817343333445
333.42462406895356
307.28837533065234
267.19874537547
326.09679413805134
341.94018164725276
288.36341971950606
288.61878960439935
267.2136358820135
275.84076538705267
292.69828223160584
296.86716932212585
278.16011509124655
295.3060667331447
312.28851699843653
295.24170364206657
258.3752992937225
355.2173360832967
316.7246304124128
307.7222671713389
280.06415149217355
272.4993988124188
335.6425299536495
352.3882582396909
302.4478137945116
272.4652973396878
238.11204133240972
323.64395219506696
401.98961872814107
326.22950002824655
245.84192228823667
322.5156246992992
320.235281997564
267.38291419451707
278.7832306214259
338.15920444612857
336.41916997532826
298.68448396824533
258.47508726106025
291.6393547428306
273.5244433199405
317.7853934968007
291.1699681413884
299.78341063295375
240.28846619979595
284.19066507325624
292.5224420452141
272.45487049699295
265.0980084967741
269.84532722152653
273.27700723020826
264.94752998644253
271.47011184625444
270.63904881538474
296.05264618832734
346.972934933583
343.7672929428809
275.81575287730084
276.75221301679267
287.46651318500517
309.62087513002916
236.45293151182705
321.62580346901086
300.74029028366203
290.2600364066311
279.88988056144444
260.59656691670534
319.7680455526279
324.2506691526505
259.48526304017287
316.66283451914205
237.69437087280676
292.6538118653407
323.4954461272282
304.69800340232905
297.44667310098885
309.18852215399966
347.4956667784718
392.3804881828255
335.85519923633547
266.0616637793719
306.08699005749077
292.161266073701
292.56344098452246
346.6634853776777
320.14170270378236
302.35939317938755
288.8629586509778
257.3245158647187
331.5983116358984
256.2558943767508
331.2632706454606
262.09143843859783
329.9084945669456
272.1221983880678
381.3874511294998
260.58708701707656
363.6588692663063
288.7234350631479
289.7376979221881
305.7223112182983
314.5923292035295
294.25800242405967
304.28189128966187
337.7053182821546
289.4297335736046
278.01309570102603
268.9272878182237
324.3232967343647
306.2252010781376
279.36061309315846
317.5741206232924
269.68425289483275
271.30910639296053
342.55117145957774
306.229808951437
271.97226681461325
310.66580812085886
331.9103669770702
299.5588240643847
305.53313019836787
341.21032070042565
273.01352199804387
304.70288338069804
292.4813644448004
296.07688442233484
308.54865282657556
302.74782991816755
296.50382563483436
289.8606110426481
304.60101561126066
296.7750406319392
260.3441156821209
334.71150814340217
284.16413587128045
383.1789447295014
319.99444568000035
383.84032207811833
360.5609910302155
284.96109241008526
304.8624293754983
267.14519082021434
304.10636871517636
279.80621294913
296.1910680703295
278.28821118047927
288.2081160878879
336.2091072597541
305.65371426573256
289.49633924354566
271.52858650058624
302.60650411472307
279.4462023045344
303.6691381185956
311.0558548559784
331.0156239081407
279.05158232114627
310.68589373736177
286.9034460794355
348.3875340280647
298.0148039862979
298.41622238137643
348.8093071458861
352.44175149599323
262.44723528510076
341.8180038088467
312.6571713119047
314.5237670475326
292.39735082842526
330.0807750748063
314.0960444683442
261.7380058763956
280.34447967418237
247.16806906537386
248.96126006313716
313.02091295889113
310.29686074054916
288.35795435489854
304.2404985889443
299.7946337055764
287.920686500991
275.016031639243
327.90490401384886
298.97783553093905
290.3559995627438
250.5555175958434
327.1042660465755
297.51688716810895
285.7742138939793
263.230483560852
286.75281307831756
302.84859662645613
279.83786066333414
315.6908514670504
268.5428378787474
319.86290400850703
325.0613876625721
368.2563305888325
304.1765293532808
291.910778323072
357.8596389989543
276.40472313264036
313.93756585218944
308.8295041755773
304.952944260207
336.32755561496015
301.8114522792748
290.123235929932
288.6712924987369
350.87162939301925
265.6374609777995
314.3395643173135
284.02379291231045
262.78951109052286
286.69019501144066
270.43716241486254
305.83029859818635
309.6951512924279
287.98226058861474
295.18851349767647
285.02246541550267
294.2081558847567
298.40131065953756
289.6720583588176
324.6010704138316
297.36103978563915
306.54129814667976
298.45276468090015
275.58925535861636
331.52684689083253
299.93483369916794
323.7599587276927
431.1997910659993
294.2558954079286
317.1505474586738
276.48922989409766
300.62864586917567
331.7185657520313
292.03276025675586
259.22381771958317
356.70618582717725
277.0869137683185
353.93204020083067
291.96790198708186
287.23086401150795
313.60622813226655
384.62185222818516
302.41326968497015
321.11605445787427
301.67849256598856
311.0774262783234
252.33900783734862
279.19899327651365
350.67593761437456
289.51726987573784
302.4079723234463
302.83680913757416
261.01285125516006
309.6412230206188
272.10179611254716
325.27748595707817
254.81868552434025
279.0681814753625
269.28584193679853
299.8842849059147
287.0833752397157
308.9170073943387
276.2794596985914
311.316760607413
293.33703834886546
317.0667099560378
287.8334846556245
323.4441758673638
319.7186642207962
271.9527892440965
354.6057646041154
308.0509298328252
347.1533614626678
345.62018542544683
284.51665583709837
315.041862176673
316.18822586210445
281.8587201910559
241.76497305440716
260.0751481866464
321.9627393047849
293.5322882194596
295.84453613954247
273.38581542656175
325.8707533220586
287.82930218742695
266.5853790995898
268.6357623565709
301.5463082798815
339.5384970456944
343.24470432352973
296.0940569216327
298.8354901250277
316.94859551472473
304.8967416466039
270.9370250228094
272.9512878282985
347.9905677768984
287.53701906232163
288.74624639141257
330.6000233591767
260.5443455230561
338.08887541331933
326.2159298583283
355.1329963617318
309.9166851975606
309.1818548825104
282.2549983378267
342.30227690172615
268.18202798458515
251.28786227098317
331.74564215526334
342.95593630106305
286.64546866939054
336.3006833449763
305.9370110213058
306.4520393193816
350.1788913688506
360.158418347768
309.51524792885175
318.161756477959
246.3174546151422
335.83882460190216
335.883553060994
284.19756062625675
289.42293239885475
318.95775236573536
265.2684269930469
276.45542540197494
357.44318540702807
271.6705156851094
262.44084794499213
282.3452076970716
344.6523788536433
317.8861383406329
285.44662090117345
303.22919842315605
307.58827727206517
315.6072826947784
344.26223752018996
302.1269109871355
312.8060609876993
301.42973995703505
270.7539111583028
340.49336423323257
316.1765352800139
344.8165629860596
361.8418575276155
294.24095806956757
262.4706226490089
294.0522934109904
260.7280007256777
287.94533056457294
308.8280208851793
285.37338360009016
308.9890934530413
261.7941814541118
289.79835057636956
300.01952334906673
298.3773784759687
324.5734813140007
303.05169993190793
316.4259790814249
301.263072583999
340.40762774046743
325.3886350849061
308.2539903255529
289.8969011413865
324.3840963295661
305.10590146528557
314.16322412289446
288.85715441708453
309.292947463342
277.4737847249489
297.92702674947213
297.847631788929
325.40722398471553
305.376462173881
307.7523222269956
335.96847107977374
320.6462766121258
314.9385424926877
322.5869190750527
293.6805235412903
317.0844621118158
291.7851838620263
347.50663530186284
335.7310425014002
283.50668456807034
348.54570918367244
273.46856009203475
311.52234387682984
361.36771485372446
273.2833079370321
305.0139666998293
327.0258375383564
313.1177187481662
302.97744759195484
287.13723062339704
278.6956419608323
315.9747714297264
291.3402151114424
322.458546258742
273.1240748723503
296.38310580758844
342.7905851373216
335.03849689895287
262.4889359715162
316.0360293335398
351.0084481211961
330.0980612488347
300.99091771879466
321.21604697970906
291.1332146768109
321.63097717548953
291.5372869091807
302.35970660316525
265.20248225628166
297.056902745564
266.69743048079545
318.67836674838327
346.49938185088104
307.60543090762803
326.9603561242693
347.59019907028414
356.90957560844254
247.42735417524818
256.15990746195894
277.58596619107993
313.3559133876115
283.490728111472
312.89069482072955
288.68358051707037
265.7294595791027
285.7428672655951
278.2359139203327
272.3320688197273
300.6510180492769
288.1537595902337
313.3139816177427
309.0909667922533
289.72519546863623
343.7458887710818
291.3960727659287
261.71106524422066
319.1416273690411
325.58816589362686
274.66306258999975
292.0899307150394
270.8743953558733
291.7991157148499
299.84665266191587
289.64814560551895
291.7893231085036
263.7048085432616
337.5616092499695
297.4357283980935
311.81886872439645
374.8229887863854
301.6024132828461
304.4475115973037
309.14454568811925
245.2216390427784
288.07467568217544
313.85338415566366
283.73359097365756
276.7575020728982
318.58728217316093
270.9249014487723
320.87968537327833
293.3729372570524
285.0193382163998
283.903536905942
283.97446061187657
321.1657938619028
311.53796470857924
312.8694652989507
368.1748934384086
325.6938854586915
289.53367860621074
326.16993095120415
241.69492554082535
319.54581778048305
307.63219181017485
379.90090109949233
330.0593681074097
291.8349988423288
309.18537051137537
311.7676438213675
331.51981925644213
346.4942463641055
315.03851378301624
363.2834810591303
306.3863184680231
284.0360147624742
311.82148340920685
308.07277289562626
334.33922241505934
291.9942055022693
308.4738802459324
295.32449802494375
303.3737504436285
299.7579635109869
275.1039035973372
297.996920507052
313.04992342257174
333.8210396899958
295.87301099451724
296.1497794134775
293.26560051419074
261.0784505457268
322.60096817003796
281.62387265247526
374.35112061240943
281.33706073177746
343.7520690418896
295.32551362382947
279.6713789572823
321.784513554303
262.93710748758167
343.4881070983247
336.15489345008973
290.65370032249484
288.06927375652594
353.8910607789294
304.45463247038424
320.63867309858324
284.07760752597824
341.99517423688667
321.5959659978398
333.9916035484639
299.8341449968866
280.4442670053686
267.3331570868613
306.880428744189
349.3824840232264
314.1049775101128
328.4867941343109
272.590346686251
288.26471365458565
278.50710617395816
272.4057482458884
287.04775769572007
315.3917495798669
285.1343371591647
328.8181056121248
315.4970679891994
300.7289791997755
322.4268966249074
281.553034546203
357.6317702951492
306.36896453844383
288.46728585025994
312.86032439535484
311.60748279682593
314.1332731448347
325.9668489075266
373.25762446963927
338.83867492724676
329.1913665939355
308.31083090702305
273.7798267083708
306.06521209847415
300.5016524603707
268.84658591786865
311.98375779093476
300.6742100993288
268.846975511231
319.10148265282623
323.49499046365963
352.6629567721393
293.17322751134634
351.80402919318294
249.42743007652462
305.470637169783
326.2769320488442
306.19921547482954
317.1003802536288
241.41538358683465
365.65761593397474
323.0714678597287
328.65053471166175
351.7234434520942
297.744956172246
312.1188652656274
303.1660193100688
425.467980861722
319.7243778798729
389.0732987888041
286.5698784790002
275.35884582350263
315.9116963002598
365.7110589062213
325.45454914908623
330.82177275652066
334.26778842823114
298.4860780328745
315.5717065841309
279.80141994176665
262.99208945565624
269.3388222970534
321.3600744228461
229.4509462552378
315.0107682059752
383.20223195885774
308.62728640506975
310.6699792968575
341.38153874129057
294.43514091632096
253.3806365840137
318.1418939951109
252.92807660083054
317.15928555454593
296.0421028442215
312.18888173776213
307.62216475378955
341.8777209179825
359.4457444146392
309.80053174932254
328.8100678329938
376.7627101469552
327.3048658823245
309.65868811751716
350.4060341781005
279.56478556839284
371.90607833029935
339.0966829615063
268.03694854700007
302.6223219136591
358.2777733206167
310.2180157643743
295.0666855428717
328.61645782704
357.7759513948695
252.91213613533182
318.15531508473214
281.3867361905868
313.2668510028161
269.04939304164145
292.0895913107088
287.0125577302533
324.2836141384323
295.67468573740916
290.6226149922586
291.5615566110937
306.9422440334456
280.8034794147825
305.1166644926998
271.73544179002056
315.2262345519266
267.89574948122026
264.4476215178729
299.8944266017061
389.60003973793937
271.49860205489676
309.31946050503757
305.48062553751515
294.556597792136
290.18785747507354
326.8979003202403
281.58053025166737
344.04643179749837
291.26006872049766
355.06816144270124
306.2714049622882
298.57206267351285
284.68685811845353
340.56530259060673
265.6578246904537
272.60366583097493
332.6740367846214
278.03525271936087
303.7385785909719
321.6634982218384
314.4685057316092
308.07984673266765
324.48739545501303
315.2766205330263
313.711826091283
263.11465130833676
324.6664465867798
316.03591755544767
310.5838163701701
299.67164498445345
303.7507100675721
301.46457163098967
330.1145642141928
318.8569466199842
268.2380460287095
276.70664472773205
294.0117732413928
369.1583351290319
310.6904814261943
256.99100270605413
271.927446857153
378.0979074409697
314.15456554602133
312.50656642008107
344.9441706269863
303.2460746294237
324.8228354425519
256.61908746440895
301.3936101156287
307.0624866493745
329.78932357626036
284.9592671478167
324.6408486131113
312.97102745162556
269.5291057540453
267.45064035221003
306.7138441634015
280.1762867900543
334.88212377851596
302.2153440871625
347.330647429917
294.8317287035752
310.36764354316983
332.9555014487705
276.68410057754954
336.3503380449256
338.6347470651381
312.3211136691971
300.87192332197446
322.3505860918667
312.4425508483546
311.38937591493595
311.0621393665788
302.5173820866621
239.59233199158916
284.26616783818463
310.31290413893294
284.5144285085262
297.9094768251525
279.68680185981793
336.3493949594558
259.6726291072555
342.7196588530787
309.2182108119596
257.1071241054451
282.90446683129994
314.8694651380647
269.46501498133875
263.58015179418726
368.176141954842
270.54397110419814
308.99274472380057
259.7369978236966
290.06092753633857
272.92287118156673
321.27683755371254
340.91434750991175
342.4401225564652
299.44520755897975
294.3300263907295
365.23454518744256
266.6879568955046
276.4193222138565
261.92183001386
299.81411908898735
316.37597351236036
329.02832610346377
295.0426040147431
293.09496695769485
277.29024335183203
278.7333108748426
289.61991254094755
269.4135895582731
270.4673897603061
272.8070456889109
311.66306960658403
292.94048662291607
264.4834196292213
316.1131240859395
294.608087982866
267.9874997639563
316.50737173168454
300.8138829959207
269.3497914252803
291.9405178387533
252.84945232479367
297.4416589603061
294.5738725763513
301.63013437006157
304.18877799849724
303.98780121514574
342.5654562857235
345.65325041196775
291.2500818592962
312.62768345547374
333.1931907366961
344.43382737750653
323.9524410346057
392.0861809668713
315.60851071192883
267.2717580058379
321.3926532189362
270.59060752001824
303.1914941801224
259.03547789825825
328.7343760058866
321.52716087922454
304.47422258683946
282.09323007334024
330.4301060549915
296.2670991088962
304.4621031740098
326.6445293529541
343.29916019685334
314.4648014753475
290.47399358445546
292.7059132702998
312.67917849106016
271.95627826463897
285.823671263759
341.05499853065703
306.57109089993173
260.4699397494551
279.0337554172729
315.87806718738284
284.6463845685357
270.83509779756423
262.93540176475653
291.55562986439327
311.59045971452724
292.8247736946214
279.90699648554437
345.0110409350018
318.6348975606379
274.05382516857935
285.8234390509897
242.9403293359792
342.8234857346979
287.262737557292
290.15078585018637
320.3174267359427
295.6593293506303
273.66302411293145
315.0922368707834
298.58386621414684
316.0909176011919
345.2589510300895
305.5905341542675
300.68310193833895
319.27205551578663
288.1297422006028
293.1276865330874
328.5496347138542
290.33289459714433
311.5267347790068
293.71126009814907
322.88074457645416
338.25246162875555
334.2970017478219
235.640105547267
277.1047339120996
266.99646413110895
280.1303507478442
352.5639749941183
320.84683844272513
295.68728081980953
270.62457350594923
287.76480183796957
289.3374379600864
312.0466395455296
361.58743099484127
301.2923518026946
317.3626907224534
337.58148368715774
294.53866013674997
246.88148307066876
273.9875257286476
273.31798410089687
283.1488156655105
311.8744976289454
295.6532689704327
299.1503068979364
342.79359572491376
303.54994253482437
298.14418987737736
304.6431035651476
290.82422311243135
294.5803206755081
264.1060463760514
294.8024177835905
259.9086774557363
272.2524681662326
288.61800728103844
288.56774865067564
309.8743896339438
295.3677020405303
334.42204645392485
289.26663004170405
375.54449949302943
324.76289069786435
313.7942996696802
285.0121493585757
283.72227634239243
301.50901184469694
298.85970147832995
303.24745427566813
272.22594284516526
347.6649171219324
297.49733068567
329.1907013600576
329.04262627044227
285.8411379561876
309.85602722881595
331.5214896677644
322.27355497993995
266.85251705150586
270.45931495912373
246.51301596296253
307.3987416122691
348.0128611412365
273.46080190106295
274.3555594024365
321.1730545865721
300.664600789838
301.1452334601199
275.78552693570964
265.17607053299434
326.0069528534077
308.2772809920716
318.46755775721977
325.4685398230795
402.6441487937118
268.5613271955517
303.8094785010908
247.78662255289964
258.3664943900658
292.06575539382175
322.19297953811474
283.5085826133145
347.48921946354676
320.5624193653348
321.85451144573744
310.6152868292993
343.5701306184055
356.719615959737
393.85006253194297
301.8268980535795
305.6923091202043
264.5705841372255
297.6865317054908
268.8420803825138
278.11808505892986
279.4657485266798
285.36780108103994
278.4304171340773
276.51545672421344
262.68015739211114
284.3084557118127
315.7308879400953
320.4685525625828
331.01054790749913
286.0169175224146
260.0153693825123
289.29708975355607
301.8986777298851
313.4173311109771
289.15614023187663
277.44306915346533
289.4453164408915
291.92150331736775
322.196014394809
310.58066008030437
285.319351920858
287.41122053703293
297.5941999181523
283.5831506065442
353.97300500556594
312.9235215644003
261.1342201543157
313.21503999788547
357.9772632192471
324.424561270047
302.11218684207415
323.2890778981964
265.17409271519864
320.0151022160426
255.4164472637931
275.3192503161845
259.61155010201037
272.96696959028486
269.3902217836003
312.50785568973515
338.3626611965592
267.66145904542645
314.7501301430166
343.29339721868746
301.0657606931054
291.3970453531365
295.6367405789206
306.8833869228256
288.11666016076924
333.3227408234379
364.2945806013886
324.05964269832475
351.23055405088235
312.51063675154
359.27326536457986
310.83719765150454
291.843056524056
309.0197408614331
330.47512124839704
298.32030224928167
327.34655806596857
279.6591043387889
338.68108953215415
337.15248858433915
298.61637259373674
305.8935592456837
318.4307047490729
311.2712677021045
286.38187962863594
310.978915257263
270.12076679675374
249.5643148907693
272.38876723713474
308.53557864931645
319.559658315673
277.34537999215536
337.48042232875014
283.86640589823946
268.9186694853124
309.7528202692629
294.649097202986
316.7735719085322
337.5194096712512
322.6186866358621
305.47212335903896
335.0965613889275
290.32958536891965
270.8612183665973
259.5850284736953
311.6084735696204
297.52462129009655
249.8598969487939
294.81566732021747
313.3150975641911
333.16636248503346
327.09284175001085
279.1930398226832
302.0805855707731
314.7256877849577
300.6600498620537
317.38625423959456
306.5599389363779
319.3942572053056
275.7515812057536
276.51595666934736
291.79273824981647
329.1144754056586
317.37127582292305
278.55113787256414
336.31171271944186
282.6458817725652
268.83808642072836
302.8995720806415
270.4629372602212
289.3098132349551
273.0878364822711
283.310484698799
267.2750499374815
286.19363402423915
324.445462281059
293.0383441958111
370.4996814758051
302.39020792389056
321.9722241538693
289.6728166437242
290.7179469020921
266.78538567904616
262.38502131798305
240.4867605243344
304.512011991872
278.44166966783814
309.89014706847956
284.114254410204
314.34407738491427
296.0748063402134
307.5496395826922
362.5910390159115
332.8474109105882
354.7499978521373
292.7645373005653
282.9976502083009
284.48594136477914
310.4045925019309
261.34121917083394
320.1573908823775
308.9169728300767
341.8534827908152
357.8099354810547
287.8936297468608
344.70605777506717
309.2938401091378
252.13844682829222
345.94313243596116
315.2023035403108
292.6262416811078
330.86496056296164
292.51457796094473
304.51484941045055
325.01990793133155
301.53450896427967
316.55976415623445
297.90290999703575
262.76860439922893
286.0329211562057
320.6512641229783
287.83496112632565
283.97944225079846
304.9414851637557
317.5954785239883
315.4718852813239
283.01523807569174
343.19785556104034
279.62562215689104
294.79185616911855
274.4296022055787
238.56345735455398
274.6363646805403
255.40120416972786
258.1525930063799
265.19138584146276
341.7393762220745
328.63289682695176
309.9121348366025
293.0579651732114
293.361231253657
317.7015322453226
334.35004766186466
336.18605622055475
302.4744731487008
377.2623400131124
303.75100645353086
272.72739036090206
273.1351833467488
322.4848743053735
286.6509349234984
320.4193461143295
334.7174926199368
327.1585280235158
340.2858959760051
312.11968335387064
267.5898869392695
321.3476892132312
278.27016370208
282.07254464604193
317.95065999554936
298.24209355714265
329.5869305402157
284.82228337362176
308.21240366995335
354.5501368258265
349.7155661621364
267.957229030435
320.0886582871317
266.4961961734807
276.3563835825189
280.3610023949295
292.6975695021101
271.5171543257893
314.8607654564548
304.0744900899008
342.39470865711337
300.1809841977665
318.0762274945737
325.69855135225225
319.70404401939595
289.1722891086247
298.629893343139
288.690831036889
278.590944609954
298.1557418323937
271.02305518626235
299.47265773342224
253.236933866865
316.4988383295713
291.61905183980707
275.51013023837004
248.38302101753652
275.2716647993075
303.8037767711794
338.9986695732223
304.416997323744
294.18981434684247
291.0604848463554
289.1002561826026
282.83185000915546
367.87922469491605
326.4918940353673
387.2014623808209
326.09724900790025
296.98883346898947
286.5371411013184
285.5181484539062
281.3262807544088
298.4413171483902
282.74884417885914
290.524614163558
333.16786661488004
317.46090052835643
259.9510840048315
320.7047742094146
339.0325313009089
279.15758212911896
273.7283528826665
335.873032344738
266.04364482837263
264.554338798509
319.3018574505113
339.5639971069759
248.51317847403698
340.31962493411265
304.4587583539542
333.4049368817359
297.71572083979845
266.1068293203134
295.6479939465644
290.1872680967208
245.47686186723877
309.8745674919337
280.25059999723453
298.0262511444744
283.89200099289883
280.2654548139544
336.7626508815447
278.2648867701646
282.78047406335827
304.4770602135686
290.92065751971677
304.6236947354628
293.46144050592557
359.5461941960966
341.44074753916357
262.0857648809906
277.5613421573071
307.9491843393771
311.0238291202113
291.26237291586585
291.9896412346279
364.1680550656747
323.96228304016404
306.9439097321592
340.54850751219783
288.5612135932315
331.0770279066637
327.6810139658628
288.8261804662179
270.9265740822302
283.8357071620412
296.41230274527334
246.54936773411464
294.0235184377525
266.49210671521723
278.90802868129686
311.1423211063957
340.7023321823217
284.2322345121065
282.57729917007964
298.5916033142712
350.79523915227037
309.803257976193
275.5842310125008
311.8907098667696
385.17204559373204
281.55690173222683
233.02573271747679
307.4544794304529
274.25402386055794
283.29946096090134
288.6136187694501
296.929522170336
274.5473015421303
347.36769530759193
311.93314929807093
315.0879711259622
305.71245117357466
315.20291510934476
298.2739378004335
283.4213700607652
281.30576760380063
282.0580353620462
286.67360833496787
300.9621800958412
277.3060727728298
273.55039342399687
268.6404297440313
279.3287610333646
320.1350669428939
291.30215057660826
251.45009886438493
318.9941162324976
288.03643073746935
280.9473947971128
302.67572181182913
305.05230917956214
257.23409099609125
288.986392363091
276.0204870546004
287.89543186768424
313.8991652834229
332.43366185505874
332.0898852052633
269.60914007469546
268.1267128053587
300.21152994502336
342.5246916151373
366.49960252968594
338.9202793582808
353.0466923713684
328.4498423130717
314.07217331125867
325.0520021447446
290.97916863963474
274.5211689941352
313.4203993892297
319.0748881708132
301.76637562923133
354.90178251301404
305.8561096593039
294.39671484194696
259.8018422481837
278.89436288177967
299.83766349439975
253.64704529941082
315.0718404207146
342.47997517639305
299.4053313540062
343.6866401844891
289.98754877911415
335.0351911300095
339.09991798363626
301.8708770106314
316.3548203940736
306.9074169663945
389.8445061147213
282.81448019412346
296.6860391991213
292.35606781975366
405.53571877861395
281.8379334767815
350.08122680766974
302.0414243582636
322.4857308557257
239.3416410861537
281.03990287019406
251.9622525057057
306.73897302360274
320.41530508047435
336.76434460363816
298.25317874515895
300.7613544893684
316.35429813561495
247.08164691890124
341.96598808595445
351.58560064132325
311.84296786016785
304.2643614212284
269.041840877966
340.94100522401277
279.82036920287646
289.68554400629364
262.57596931571607
273.87013133149594
288.965859193122
279.5584925102303
293.22564046038315
301.96388814901
244.89383734506555
308.67936295096297
281.1335445131408
264.19509176164865
307.1499435863225
308.65429863671307
255.92274604411796
425.63731916842517
281.16634471318685
342.70971430221107
320.88080687390175
350.26970987569075
283.12597469438333
313.1152230310254
285.22390230814926
340.2052379370434
327.13191821880173
286.20380589028355
292.687511043041
285.517291892902
260.90626707545016
369.21419448254164
366.75539527251385
303.8601628767792
317.9788049176568
296.9879236856941
332.8956535689067
322.83057241141796
280.88193846901413
298.040551266633
322.64082645601593
300.7615076996153
263.9889487384353
292.9978026316967
301.79948398738634
296.9371500960551
255.64932306739502
314.3239210470347
334.9333334552357
283.9081795583479
308.3483578101732
311.4557575616054
258.8447469518287
277.1992067571264
263.8169559203088
241.5767739295261
326.8048764889827
306.6194715577876
300.069439511979
279.912541453843
391.832388856099
278.56216534774285
304.6567007722333
288.85195561288856
273.6996205279138
317.89774131565355
342.0295793262776
348.0272051920183
324.71325224696193
314.3441048010718
327.74771127535496
338.2285554994596
308.2856704641599
291.8296237285249
298.52421440614853
336.26676615001634
291.3164176454302
292.1165904906811
364.8723498530453
331.63826961431187
292.6403151244158
281.5479709284846
347.7344712186605
362.4463779749349
282.6189352009678
291.0918834689073
315.0194081495283
342.19079100340605
311.32683061331045
279.84294412389863
309.4221469667973
318.41222248377744
334.0685533058131
372.2443002789514
380.44551714416593
334.43279648793396
358.2299736493733
356.8968470604159
254.96607714646962
275.0859304696787
306.95981111738365
358.7497579024639
316.3495364696719
292.29696885158774
317.7160655114567
357.2051404694794
251.27811707742512
281.7141212178394
313.7079665372148
386.0705034552375
341.8455856345827
287.7736635702895
317.48745454568416
274.312464792165
317.34832087054383
298.09745742031373
302.6151095269015
295.1721560815349
287.9222559807822
295.60039425012656
377.32804733724333
240.44735961640254
310.3984514147742
320.16845848807134
325.85700288042426
292.9777122187661
342.2883530346444
281.67187065503094
242.80283938953653
284.69933916057926
312.6639640503563
312.5611497092759
281.3178333280375
273.0696301232092
293.8539695133222
312.79422076046467
296.02837582072243
294.68525581015274
263.0869215190178
282.9262172022136
312.7225173829356
293.32640825316776
314.34758668451104
278.72951816534624
277.51469953358173
289.3721992834471
311.7312638623407
310.1890219770139
257.0347374053672
383.84573702223133
281.1098860381171
267.81898533809
291.9445737267379
285.7240305838641
365.12926079088356
271.8556834080955
284.83820777293295
355.6727081091376
308.631698500365
270.27776108146645
292.38416352448985
296.2502634176053
320.83177107269876
337.94928306003567
259.9617437241832
291.60572190838866
272.12606633326504
319.3260752322385
280.3481254148064
281.64322655578144
334.7575815190794
327.2987673158059
306.00122486276086
285.9169178880984
332.91407161252573
301.31463305745274
299.52947965438943
311.12545899278484
267.7719443071401
292.06275126710534
331.78271558042616
343.23358087672386
303.99430555384606
345.12747836497147
293.97446666006
323.1259729451267
277.9431406763615
279.6013718851609
330.76433019014075
298.6789049288491
258.9575660219416
245.2188949700212
287.50157983705867
312.3750115253497
293.81372829910833
346.51032120978925
324.86205752484966
262.71233382821083
256.96783900854643
277.0936631709337
272.915041515138
327.5851410719333
288.2528602235252
311.75048801430967
401.85112338268664
351.3165607985575
289.3929137082305
329.46241379645653
323.9817089472199
303.33026781654917
329.0809444496408
351.36874738533515
310.56623986538034
307.12908390397206
354.2331358618103
270.3427567484323
322.96804177120794
256.7804750301875
297.55602520611137
279.94206249911804
323.65431184112094
318.5241874118801
286.54444086761214
278.4122375793522
322.547767048236
315.00407074496616
297.04589187318925
304.11106511740945
367.19235996028874
379.92547780729365
292.9413941857638
337.40682344837114
310.5482120750239
245.24641953979153
280.34036279970314
295.25086891499814
255.05171345861163
283.3588582519442
318.8830394675024
288.3713235503528
264.7154161807848
359.75252959365025
310.19561262754723
312.8340573995374
331.75482959812507
283.91891031188425
290.75501263549086
356.82873676228337
274.13167060993146
347.01655549614225
359.81634609855246
248.23057886806782
276.1688232300803
295.03850321122445
272.19866186904255
379.91690537449904
280.5365173640894
244.9781603742158
256.1989470162662
274.83411260158755
309.9306418544147
297.6393021927215
285.0431015365757
260.29954627214465
325.466106380336
411.1360202128999
330.6987216921989
303.4930973284645
249.3024218493374
318.5539582769852
306.3368903504452
304.0882737354841
310.37747663026676
366.23934842983726
276.5425196948927
356.63394433353096
320.60844897059724
360.8448978330707
308.18051019194536
286.62220456218347
297.845088475151
279.559727124637
331.70024307002313
311.8103834668873
304.76275515486486
275.3500451198779
312.6450813995907
303.63870316382963
298.4373146709986
316.43084155069664
345.70947518746834
322.40262220450677
295.0212559935171
326.4626309829764
333.7964382353239
316.242208605865
376.23704226734117
273.9185967723606
258.9799040018115
277.0947182312375
309.6882716297405
320.0376474347431
324.6875471014064
304.53384806693066
294.4375367742032
319.0979873323813
301.10234968631994
313.29862013005186
269.405299478909
282.3687762237387
311.72799383848906
313.2019454939291
289.3579022124177
317.7169273183681
291.80800000042655
309.0489966085879
287.8203554629581
278.9055481191026
323.3900428250199
320.86326696618926
338.5090518541401
322.9062488125637
288.13413993199356
303.33549739874434
292.0248665123945
279.519163431949
339.2384580539074
288.59088412241545
276.18026459333487
259.4523508301936
279.47127394436393
261.42398570559453
305.3629745775834
311.9520264674211
327.2289894778514
360.70208047505
320.32108731905464
353.3223958215676
280.6771403136663
389.2402904498158
306.25851968629286
301.4494242030196
313.12208363018
294.2962431444321
358.3880256592529
294.1744889699621
273.9470520776231
346.56274015875533
341.06991943879984
283.88377944601234
293.8833047945518
238.49556637031492
296.02625822019763
326.02623625076376
335.99149943096563
288.6335429562023
370.61629992048256
297.51308369950857
266.1254184732679
281.10370951436926
299.4950442992849
252.74230927904136
310.70871241251007
311.4797372338362
346.3589382423088
320.90701412817
358.31991543166805
270.9343013750622
334.4414132471429
275.06931251869537
285.3174090416869
409.4361164564034
285.46612915059086
267.2204424921656
305.37647473369725
278.18187476182356
311.2978566021193
280.23272023908794
296.4508667375194
333.1820871884702
265.8642247415846
293.91233777080197
313.4004082439933
307.1357091261307
373.99042202543933
373.4874324615812
286.9440419708844
267.5684997146018
279.4586971809622
315.00104330223985
266.6595194474794
275.26655757788103
295.0318888408365
301.1954057562398
283.1925939453067
284.48633098369464
268.58783543028403
272.6954438928515
315.51123532583006
304.68885929964017
356.19387570710387
315.2442760565318
287.671566641191
375.97031668771524
332.71258934319485
297.5430842465721
331.5582356174709
320.0495587992482
313.0470288565848
301.50426423712634
260.5317861511139
292.69253936526366
309.4018335622968
338.87694588222075
274.1373064718209
300.62510059739
295.6377458709758
335.25931212026626
326.9687045410974
317.83250519435387
350.6135572283529
364.6787977166241
326.13450200122315
309.56176269555
305.29156439204235
269.7341432387475
324.3172502962407
330.2778278149199
312.56366362643894
284.33499312063213
273.26762758463155
273.5957123951521
298.7029595578788
317.4527195157716
254.93294441583566
309.768012448214
306.3782994521316
296.3042575083673
349.47444661008194
268.66550549317617
369.8145980956033
318.11880442337133
353.1139265919337
299.3507788706338
327.27576414705254
251.55643358675297
327.9760093849618
322.9798337299144
300.7827768820571
285.1847958759172
276.62974433705676
277.59416712995153
264.89178983401507
314.40915981237777
306.56914464605507
338.64187535701785
350.17348911147565
321.3742030656431
286.2756113145733
322.6826584333321
294.8849052627338
294.03201720141806
301.743709476199
269.6391490091337
309.1346448552795
279.8919907261152
270.65620665135793
340.6498237615451
289.90401107049547
287.0748114453163
268.9166217537131
261.56687808572315
268.89390981115866
290.50987316225655
292.95552347402554
282.42484907316975
271.5596680366434
305.72907826351
264.2976484623505
355.63963707501534
277.9817732052179
294.2655949443579
240.6648096400313
274.3510181104066
270.54997131065466
284.50023097370286
301.68469045928214
297.5596117983805
246.9538040382322
308.5500534583116
262.27072484977543
364.96834958787076
314.3240799882915
270.59873070323374
341.33765183226205
386.32008102943655
304.36006957734935
271.4547565460671
304.9619401235832
358.861182250781
285.77824965829495
282.82733824208844
275.770167222945
342.93443072901573
298.48686606483534
280.8090669296216
363.863100638031
296.80071956908796
311.9625801250804
292.22258126654197
279.37438175233547
323.67649854614865
287.10523977084085
309.994178704801
301.4456793565769
286.24706939572934
279.71531733486336
295.4339368781075
346.95292511722073
325.1167406280292
343.4507356300019
296.53692802845035
321.9220412806608
297.83601058716886
318.0691910656169
309.59916411247104
284.32729936088435
352.8961026489269
297.3795067850733
325.5023049771553
316.71239615627564
273.2673201507423
230.61128233908676
232.10244098550174
295.3051066873595
295.6956516163191
278.96300359547604
288.65739693609066
343.4942358075641
273.65838702814654
290.6000335784629
310.9018902180251
319.5602445169352
301.22069486801047
345.39776850270573
288.2935414338717
329.2373972266214
309.1315594150219
256.04147066827863
244.8213933383813
304.0835540652042
312.56125107302796
294.5703300703317
282.4856708118459
300.3170360545628
397.8872017893009
278.6926524172304
307.24387338908855
355.5938861306058
328.6932170133805
332.4318269197829
295.3764481608523
314.69166387198493
315.70525360654574
287.51712215167936
345.40840613283217
299.3941806773655
322.2307107311208
293.58786640886683
271.14349899988156
327.52063638856634
325.7061878476525
313.2041249750182
313.7852293753531
272.5158391399309
282.0214930494549
280.840909158811
327.6925282982411
319.4585073647322
331.23824497673195
301.9847438771976
261.75740918226074
271.97733278397936
307.77786406269297
261.87849687377457
346.79569915437605
309.0266544278711
288.29951908101793
267.56707256753
300.41307836107444
263.62334525736514
309.32719424564857
338.12510459998157
331.9514460428618
286.39174390840344
284.8146427014144
288.5317676765844
274.3075075169327
302.40107868216
259.81856170028914
338.5213391047437
249.88988396746572
296.08768944523763
305.03049624024425
280.7079174850369
302.5952185909264
346.43981887365226
323.5129397613928
293.6291774396086
299.92669822322205
290.8185934838839
275.46084530837834
281.78756486903876
298.31879201426636
340.7748130392283
289.0546417608857
300.40787061757874
272.9747387266252
330.80415897560306
251.11110789969098
258.0294746659929
276.8483865772141
269.9467654887121
292.24902415601537
319.61258275446016
341.1897141006775
296.9192984356778
281.70769514597487
324.1085693332134
294.11110009392723
300.9224210801767
305.7313491849927
311.76039192453027
343.59832133178134
334.79997132124845
262.36278541747015
326.624736382626
273.8845988594694
306.98545802617446
274.34788403555285
302.9343039254891
271.5452809793642
265.67279341374524
323.51899742963724
267.4383404395776
289.06941032246687
291.0673961651046
286.61549974326044
277.9851545118727
318.64825069135986
292.9842708578799
280.8677320636343
294.3800030587008
299.56343468267005
268.96811653801706
306.94280059915036
266.53480597480666
351.97873222862836
323.14183855440933
315.254107059096
236.10432310891338
325.09883167780936
277.1916824426735
316.0863873042399
287.457453042618
241.54953563027084
286.23367505613714
286.2283226728905
287.09359661571216
302.19751076959074
276.9786593018798
308.15179974911734
316.0658239306649
295.577364500612
260.9889880869305
261.01779293222353
311.1094357360853
365.18145776935853
257.85807149636094
301.7657944964012
277.6377322047483
245.9987203356577
331.12417856114917
340.67733815684915
246.56691975600552
246.67957438062876
265.59330374607816
317.09333244594745
254.20463045628276
348.1360849943012
338.5439201151021
283.18445462943055
266.31867572292686
272.33091077033896
278.9325037301751
271.85274906107225
314.5669354806887
293.93834514485206
285.558579810895
348.1544402531581
253.67308135097846
298.8380161211826
284.8826989468653
298.78212795127183
304.1815785021754
265.6344995908439
349.3289965945296
302.1138914874755
306.572336558369
332.15726323449053
339.60508519841824
341.1985476114787
311.93907572643366
278.638205460622
321.12892957788426
292.6527661384316
267.59039054682944
313.6091411418747
296.2338332553627
294.3424168843776
298.48126690252684
327.4357014322886
246.5268467181595
286.67210222035646
386.1800623588497
308.5164029803127
254.97157992201392
375.30022921960335
307.88961540034506
342.1940144558903
332.3346498562023
309.64440781029407
285.28061912732664
335.11556403455324
318.5630559665151
293.42040791222826
266.92762464715634
286.70759078883566
275.91937387757935
315.68323792913
320.3349057158921
290.61982968321536
342.9418806586182
335.75716245616786
292.35224885551725
315.1031114712823
297.9734887693776
317.5363667231286
317.1787629891187
311.6210369513137
308.84662293840665
344.96626256615855
323.82918403157964
313.2578602525173
287.59297180676367
281.7827421424445
272.1078588590026
308.8167952246731
314.54968217539135
263.3844444868155
334.38210187200457
289.4434639305109
303.9217772681732
305.1318473921856
341.77310237905476
330.39433576120064
270.2354166164296
317.4979497983586
307.2583772504004
322.6027883293573
295.59208353352733
297.38493828941137
243.29021672799718
284.8285585254198
283.81076271121856
309.97671611001715
306.6687223914778
269.13412598415744
345.7781754338648
324.73148825543467
341.99124047276564
282.0528065946419
380.6536143104313
300.85409720952157
324.2259739432484
277.7753406887641
324.98489253688604
285.2487465037266
319.9871567928931
333.4913663172629
289.918733828119
284.3771732924506
312.5212847755756
330.11197161779273
292.19688894914
301.83637242158875
286.3557508626254
292.58133661490865
345.6088991936995
310.0394559960114
287.366387419519
262.84044982108753
313.46474781865254
297.5381699644495
348.2095169442473
318.28310626361053
317.7646384050604
291.64407649764325
318.00571443280205
306.6115953963017
273.6831781939836
247.98929465387482
312.92838137049694
304.31184006494004
309.34533475211356
284.91554077807814
303.7293095831992
275.66557798499707
330.61478370893747
256.0858296225779
280.4661113427719
311.7228670959594
303.87694242817815
275.512153086951
294.0958417803049
295.12621991871856
325.8373695826158
311.5539339162642
320.033534443588
254.8412852967158
387.82164560467936
314.49259715294465
307.2427630726015
305.47268761787564
260.0659835552797
316.76737900520675
338.27775757189374
353.64356920169666
322.2594926073216
291.34279258013703
322.8083266754402
302.5194886132376
248.97358001442626
272.0102658943506
287.3195462569129
330.38889860908967
307.07755737612024
267.9062869718764
261.1342559803743
270.7708723016549
336.85393604042474
316.75984874460846
285.5245853080414
340.6896033426747
269.5091361980885
315.65913768776227
279.60705785418395
329.0121996337548
295.16909072594717
294.5934871665668
279.7912310906686
288.5758047888521
286.7522534284508
267.87349536048714
259.86175423732493
321.0357988665346
265.7824475528905
316.860143261496
315.119861728861
292.60906419041567
282.5457581713563
295.09144975838717
328.9631069030147
288.5189479805995
304.79439458670095
266.0721571573522
339.54197523219045
319.21528466197196
348.3492971494561
285.35327938757837
284.34586433437653
285.1880590758519
337.7311215805821
332.7513066333486
274.02774343662895
290.76118687016424
302.3414547375869
358.8511166770477
307.98342263768427
238.32153904496226
301.8517315053614
323.845270705875
302.78669178218115
327.93525778409094
269.73624252004083
254.64815570425708
274.7304898429429
294.5717104623327
290.69304101518355
314.45216519897804
279.84498990292195
280.33402840292547
255.5241625092458
331.9393476995174
310.8064345794264
307.3733908828581
324.0243535215268
303.27473156235646
274.25946676556487
316.6900064983638
328.05754414969124
276.9091086271219
248.46288243343588
330.3215869732667
289.8442462005187
268.54614605824463
364.72819683142006
272.01189958443865
294.3612966736546
353.0697771018604
300.29077043151483
280.69950958143454
314.1371984258294
323.9731474437285
241.35605728894006
314.9974412599113
334.1271383580752
266.8263854176039
286.84444162237924
334.0337765181903
308.35083441936877
274.6437795814127
300.282227981952
315.63336938398425
290.62318529281765
318.059302604408
346.5570251335157
309.9007976311259
365.17697014892474
334.4180542904651
291.13135105592664
322.0030623601051
299.04416259296704
328.1369416452944
296.43855353759136
281.05226394103374
311.1758657397004
302.36743260151707
279.8121168682119
306.03391077474225
283.683229585411
336.7239378581289
269.61476085567847
284.6183677405352
284.11077375663444
258.7148126955144
273.2621831919532
318.1424068433698
272.0818650200963
288.6707266175654
264.88263865653425
321.1747057910543
325.60280846070964
278.71936651098076
324.1953659262508
267.3135475696763
264.06658704346046
280.06582903140225
307.4199875679333
262.5143531265203
340.16451634676196
272.3022398534231
287.50270666822325
271.9472898952663
336.1190683944151
314.7940841757227
302.8639059959678
346.52961603179574
281.72158329200465
280.5174848724855
289.48526860028505
283.2898864829913
357.04105024645105
265.2999415465165
299.52694837283343
302.86669471650384
275.4048304759199
292.8121520213317
282.34882239589933
277.12933011131827
324.61385059845634
302.7202052231878
309.1396260759793
286.6323306285776
300.9992170362966
261.1599824994337
324.90584902628325
316.5027012148639
257.9698531120084
282.0309891657671
270.7500629411079
338.37371293338947
300.41739423770923
282.1941668114159
327.4998920254875
299.25716068793554
323.7093394086696
295.2240461121546
388.2338596561458
319.96271433401853
270.72397836798336
295.1749367500888
349.98247183079366
296.035251216148
306.56180251401383
316.8777074920945
341.8144723835867
251.71727892349008
280.4101885932032
259.6323500430444
334.8973694771994
325.98120104090776
267.1571071691578
286.50904262054246
338.50643990340177
323.7113569783978
374.9134035684401
301.995105463895
303.99148148146924
287.8240234932164
323.5622307363665
320.6351596224122
248.3000119786011
274.2920097776223
259.5637573344866
292.72784016339574
286.57603544043377
272.5755759761669
291.99155918019824
336.5964912668569
271.96968272025697
283.55302612506784
310.56535123474896
349.5121217907872
342.5395210282877
279.8333992746193
292.6419724250445
260.5975717161782
295.0384971452877
269.5855961968191
270.4047350715846
275.30247104587033
353.62000112060923
323.17632822855376
257.2045811867574
294.7848066088045
274.1276305174688
313.6305744657293
282.42694975913037
323.18304089759476
287.342078569578
298.19189718272537
276.1910532307811
284.76226044027135
298.3251860792516
306.26485336059704
253.64224731794093
282.92769737832714
303.83721722161863
278.09524918720126
299.9650434460491
300.161887464812
271.6155786002055
311.5416247805115
283.7560680418974
263.25467788393144
306.79542821564246
322.52044416673016
315.50176171422936
352.46158416057006
310.64850209641736
303.46998205629643
265.866585615091
326.80277236539405
244.85114618914668
318.3577583632432
326.7060399632901
333.69394978682976
297.2831279031234
312.2040177702438
316.5429724875139
334.05700534628704
305.7356116725132
299.2074256786145
322.41485636716243
363.31009790161625
261.0910071482649
283.09551188047044
277.0420548496768
271.8048208381515
306.25481733540073
278.3253195655998
321.37013048736844
298.24340500927065
357.7295763831353
367.32390179194044
383.69521829194855
302.2845571603393
257.74177715729456
268.2238394127926
311.3277259662282
298.7010329811601
315.24811411381233
292.8130865745479
296.67718879389577
301.3061914717546
341.55674668587744
324.4366961995838
321.37834669929
292.9966018392006
297.3779730561655
325.83420247398317
302.7256247361656
287.0301291454816
295.3092818342848
297.3624625497032
323.391678267275
281.7426840031985
316.27533591678366
301.62159166205674
267.8006404553307
309.32698746817186
266.6159744136967
282.09541772003286
246.79103932762519
319.8053841232322
278.3817241381621
235.7384035695577
311.1246148518985
265.5548300219234
338.44784335116856
274.6847335206112
373.592521305196
336.6942677004263
389.4839270567754
323.8274111303035
272.0881365000969
290.9267181395553
284.5593706155196
315.28236941213254
285.2688835468143
274.29834868363105
354.91261148115154
281.1211525822291
276.83473862172104
272.78974140342325
271.3109022430144
259.40193187014665
283.5638888690155
262.40617987758014
229.38089336047415
285.98846551100723
313.4893714392092
270.5272761876695
284.8178318463033
280.64035954582505
325.52262056816835
284.2304786001332
325.1477109505795
288.5724905706011
312.75198200542945
325.0114173369948
337.8409338023048
231.71211312059313
314.3137784334831
283.1991715290351
249.4333805415081
271.3928185371915
291.60369210818317
375.0837491044076
304.46561931679025
319.15425043471623
373.3324719101656
295.2813904391369
379.33634675561916
303.623378114542
368.00890897319186
314.8486229714472
302.93738465895876
326.4105533369584
378.8433651298983
333.3086877919268
317.50206099031493
319.8174416148104
336.6636399400886
263.05989345768467
290.2547469625715
321.5876634262968
368.92565930553246
345.61979617306497
311.37373726500664
284.2388609328773
330.2612702276092
298.45337856770493
262.360430624336
295.3270108021097
276.48225475568324
289.8277998220874
274.23061829654034
307.5602052657632
309.66067930927966
312.1834863864351
348.6005658733193
287.9450576165691
320.45210366277024
297.1486003806349
252.60577008815017
325.9764235577313
359.7492484735558
322.4998684452148
351.4156874184264
373.4660068192752
294.8873183031101
288.47475821571425
319.0277631958015
268.8853023175616
301.2156663710484
275.9627054758603
360.17058884433936
343.8872069376521
309.7808987003518
277.3859610980144
317.1991928584175
278.7857287895167
272.6656322017079
301.32601389708
298.7861551400274
295.18639470171183
327.0720070168609
323.4281183547573
264.26328706287313
358.78217442194
306.8869489885401
296.0149283426581
287.3936024897266
308.47976967168506
271.982180682593
267.68879900185857
335.9113530952018
346.39929913834203
275.4555403314298
332.833139475435
271.19948964519426
342.1875101204496
278.10234290675726
253.40071403316688
307.9406064407667
293.1915621388471
293.0061371966731
327.07627155270893
247.0353529448621
268.6236886542756
278.0938262693817
276.4615586827276
285.1849662574241
315.0776095663896
302.49608911410905
293.61849955120124
309.1093250088161
312.9271037216531
273.0817370117875
304.1547593191499
346.6026095630368
302.52900517336093
341.2901440358255
299.3846801088657
336.88131285714917
359.46908329217695
298.4068272873992
297.82726800837554
280.61314782314
281.1437181086512
275.96888539218344
294.40805806952994
328.3157662007725
390.7806980039459
359.5639463366242
333.82120900496375
289.12320524908137
343.82770816760603
304.97633959539235
329.7964189272607
261.99363335128874
310.87904535606503
341.6291310591623
275.6836082841037
348.9073371666018
311.8827833017567
397.24639390036464
291.5412751417607
352.6565553555265
329.4425075997133
310.60146020166576
303.8706539943814
294.2829146767035
390.06617186544463
330.20527907682117
339.30575194151606
313.0674123518402
299.9466802967945
258.8289057139773
344.751466875663
284.6436812267639
309.0214502286399
354.9281683783047
286.8431686006952
310.4940609970363
304.2457264068071
349.2825992385624
301.38999438204337
309.8981417044997
369.82127323409077
335.30365690169856
308.99039884016383
289.2925211013062
285.9287919315975
291.5528975322377
341.90622249851003
308.4333597123623
259.947185093537
341.45801878196653
343.9333862878848
314.5229117886629
302.72709989652503
268.36294575745706
336.9947126205079
305.1908269725973
298.3948205431225
315.5602345656371
272.6324553138111
289.7615257425932
280.3267398905009
292.1547863917658
252.33242773532402
343.0366147462046
328.0692244574893
323.1577581774909
278.05182834214065
329.07620170293376
256.7636781336041
355.36221495014615
343.21518028888386
331.34572777629364
327.3814226667164
281.7052488637855
295.19184953242075
284.45276978600305
307.1302544788923
290.8701659059152
299.0421069241129
295.1701961773215
314.04346868477296
319.85032504738774
299.7105717106024
299.91868080652785
290.49097044498194
278.0926859775791
358.96524882735685
347.4480380588211
280.6681557256961
327.4512714470038
257.3125018639257
294.242493245285
276.4356015996309
308.9334240119206
309.7570633717114
287.2051235672552
343.60810895077884
297.1988253983436
299.38787819829304
267.7914622054668
271.63247271149885
299.79504965012893
219.80457472184207
311.0350147418212
