93.63423591513038
93.63467810485781
93.63540522090989
93.6258002826462
93.63748497614597
93.64095221381558
93.64050883224627
93.63613600817462
93.63573324231038
93.6344456382867
93.63975090144686
93.63976814454963
93.63545518557294
93.6241681724232
93.63746704650293
93.63632005372983
93.63787662568666
93.6355394491411
93.6360992643622
93.62784116376224
93.63746098738375
93.63533327147707
93.63799461058261
93.6330188018128
93.6392783118581
93.63425408018884
93.6365036381494
93.6385603453
93.63512937572978
93.63057681802002
93.63690591560953
93.62898787204631
93.63747583066834
93.63750574111236
93.63846770934833
93.63725547825561
93.62742669676663
93.6374426770617
93.63961083543472
93.63414687921068
93.63775830505256
93.63941620889818
93.6361620796688
93.6294127012552
93.63747980291373
93.63983897403705
93.62746384184356
93.6374428715153
93.63412555067043
93.6363907899904
93.63487868946686
93.6392022117725
93.63415741050267
93.63620898331646
93.63806649810431
93.63952377226087
93.6359531915241
93.63622440757717
93.63517374137518
93.63804572753543
93.6394118864664
93.63542764966041
93.64060344982317
93.63441788682394
93.63928679250967
93.63399619403026
93.6391278914416
93.63206722684299
93.63807143648773
93.63925830635526
93.63431638110524
93.6384899636796
93.63549314183001
93.64022791982279
93.63734818813282
93.64066394834663
93.63966563832037
93.63597110110823
93.63604646890781
93.63560464381953
93.64056285019797
93.63593010140721
93.63127321071443
93.63453523205499
93.63772885038634
93.63890212887418
93.62818816248364
93.63744989044426
93.63907295930403
93.64063205826824
93.63543645245772
93.62898691403643
93.63745145434041
93.63928127469262
93.62815213852991
93.63744994961235
93.63894046257883
93.64024481555862
93.63734639984432
93.6296961634871
93.637477537839
93.64402076259285
93.6362341487038
93.63634211220597
93.6363411583734
93.63633214110996
93.63724111655392
93.63510065176342
93.63300619682377
93.63831981091425
93.63947464490775
93.63507648457562
93.63939884446336
93.63394667191824
93.63897796123274
93.63485812412182
93.63935146838776
93.6335047363591
93.63864580894187
93.64005679929141
93.63557172599758
93.63754122420869
93.63910530196517
93.6404132811731
93.63739414497104
93.63171652398523
93.63528256922291
93.63935199021944
93.63380061453427
93.6388535852384
93.64056068928767
93.63521382088948
93.64054018677052
93.63623249065495
93.6350167721539
93.63813830028448
93.63933820804596
93.63423509445056
93.63774186044975
93.63107569484055
93.63160463262466
93.63749106883552
93.6397933533517
93.63576012155318
93.63999837646043
93.63616689033006
93.63601501097583
93.62886972652996
93.63745056400876
93.63906986266375
93.64053568596137
93.63621251171935
93.63517209164274
93.63817599749746
93.6393389336663
93.63420742539165
93.63750176005487
93.62651910152636
93.63755443922128
