276.8290548533123
276.82941448174915
276.8295103548571
276.82955058766584
276.8296055271194
276.82963741669937
276.829655861985
276.82966644855514
276.8296724886741
276.82967592023306
276.829677871081
276.8296789657834
276.82967957065375
276.82967992388694
276.82968011715457
276.82968021343004
276.82968027941934
276.82968030302436
276.82968033099314
276.8296803259782
276.82968032968347
276.82968034682017
276.8296803360554
276.8296803317917
276.8296803326248
276.8296803407593
276.82968033685574
276.82968035149497
276.8296803419307
276.82968034736587
276.82968034449186
276.82968033994985
276.8296803442663
276.8296803485773
276.8296803424946
276.8296803375815
276.82968035492195
276.8296803418052
276.8296803389403
276.82968034865917
276.82968034470287
276.8296803393132
276.8296803376834
276.82968033519865
276.8296803404228
276.8296803394078
276.82968033471843
276.8296803303492
276.8296803477133
276.82968034633086
276.82968034680016
276.82968034442456
276.8296803474914
