225.23923245561946
225.23947153890913
225.23954746579057
225.239359308649
225.23958901730657
225.23941404992001
225.23957067721403
225.23937013696104
225.23958636318093
225.2394109140414
225.2395723833315
225.23937951454536
225.2395835663383
225.2394042310916
225.23957501861514
225.23938579926107
225.2395815562395
225.2393999775395
225.23957662200337
225.2393897475995
225.2395802415267
225.23939750420323
225.23957754844741
225.23939203445298
225.23957948182215
225.23939626342508
225.2395780059651
225.2393931599945
225.2395790978062
225.2393956313008
225.23957822822376
225.2393938769419
225.23957885941854
225.23939522756154
225.2395783624961
225.23939418221744
225.2395787469377
225.23939496610546
225.23957847305792
225.23939449914724
225.23957864055592
225.23939466087177
225.2395785829558
225.23939461686496
225.23957859390794
225.23939467844684
225.2395785815679
225.2393945273452
225.23957864236763
225.23939462540693
225.23957860263545
225.2393946589509
225.23957858660287
225.23939474282815
225.23957854701803
225.2393945030999
225.23957863599207
225.23939471545964
225.23957856327252
225.23939459938993
225.23957860196242
225.23939458428868
225.23957861227973
225.23939474188228
225.23957855232584
