198.23240320917193
198.2328031664074
198.23219202628843
198.23281416738973
198.2320870758822
198.2328217779368
198.23203002656828
198.23282655068215
198.23199473578825
198.23282940436548
198.23197233185783
198.23283086976062
198.23195895659137
198.2328320982142
198.23194975587103
198.2328323396623
198.23194538188545
198.23283273233574
198.2319407789746
198.23283289017127
198.23193869143688
198.23283307098973
198.23193750134487
198.2328330267501
198.23193597357567
198.23283316167726
198.2319354844185
198.23283328077378
198.23193456911758
198.2328333782043
198.23193409905252
198.2328334476315
198.23193346304834
198.23283333926702
198.23193413855006
198.232833461454
198.23193392514077
198.23283327577337
198.23193430984975
198.232833392849
198.23193355508374
198.23283341611386
198.23193387190986
198.23283317847745
198.23193472841194
198.23283339073532
198.23193293414624
198.2328334795402
198.23193460817674
198.23283335663473
198.23193386270395
198.23283335154883
198.23193392358553
198.23283341644674
198.23193434412315
198.2328332549023
198.231933588233
198.23283340444323
198.2319346060831
198.23283329688275
198.2319340110189
198.23283335867745
198.23193404794802
198.23283341023853
198.23193356343108
198.23283323772193
198.23193454001375
198.23283310315674
198.23193425995487
198.2328334392114
198.23193346984044
198.23283342633295
198.23193319991333
198.23283330711274
