143.56007731511545
143.560077804691
143.5600781750718
143.5600784915623
143.56007877276807
143.56007901961766
143.56007919236527
143.56007934615536
143.56007950102685
143.56007962468175
143.5600797080251
143.5600797909974
143.56007986187524
143.56007991897604
143.56007998515634
143.5600800063039
143.5600800292823
143.56008008868957
143.56008010495952
143.56008011307404
143.5600801441724
143.56008015155658
143.56008016030773
143.5600801797118
143.5600801919245
143.56008017850036
143.56008022331116
143.56008021762682
143.56008020986883
143.56008022127207
143.56008020500485
143.5600802315439
143.56008020863374
143.5600802247609
143.56008021880007
143.56008023334107
143.56008021278285
143.56008022943934
143.56008021441994
143.56008021236448
143.56008022681817
143.56008022987953
143.56008023151662
143.56008022935566
143.56008024664152
143.5600802227109
143.5600802312456
143.56008021889284
143.5600802186691
143.5600802485551
143.5600802144727
143.56008023204413
143.56008022326387
143.56008023349932
143.56008023423055
143.56008021965135
143.56008023482354
143.56008022153947
143.5600802470799
143.56008022691094
143.5600802227873
143.56008022913556
143.5600802227964
143.5600802388035
143.5600802304707
143.56008023757022
143.56008021598427
143.56008022057904
143.56008024816765
143.56008021642265
143.56008023539107
143.5600802216486
143.56008022677997
143.56008025663505
143.56008020948502
143.56008023231152
143.56008022843162
143.56008023872164
143.5600802308527
143.56008021914386
143.5600802403751
143.56008023205868
143.56008023631512
143.56008022934475
143.56008023743925
143.56008023075265
143.56008022053356
143.56008023048344
143.56008022590686
143.56008022747483
143.5600802226145
143.56008022830065
143.5600802460649
143.56008022277456
143.56008021697198
143.56008023261893
143.5600802307381
143.56008022448805
143.56008021849993
143.56008023171307
143.5600802332665
143.56008025031406
143.56008022598326
143.560080228508
