296.6107729007308
296.6117759788485
296.6117061657078
296.61234523988696
296.61199680200934
296.6125631875411
296.6116072421164
296.6128694653371
296.61277833997883
296.6126967884675
296.6121795763893
296.61274704922835
296.6117818097937
296.6129710541227
296.61269376125347
296.61220827086254
296.61275578163077
296.6123278478535
296.61292380547457
296.6126946573513
296.612318393707
296.6129602064575
296.6127086538727
296.61260843158016
296.61292363694884
296.6127054367116
296.6123374391191
296.61292391378265
296.61269469437684
296.61251030697713
296.612896808032
296.6126898914099
296.6122021354404
296.61271762421165
296.6122454481647
296.612860054036
296.6122063079747
296.6127889337131
296.6126830605099
296.61226773826274
296.6126784616463
296.6115126964214
296.6129988448156
296.6127117646756
296.61235994760864
296.6129335577134
296.61270231648814
296.6123569511874
296.6128322236036
