85.68038373043964
85.68479151514111
85.68258313153001
85.6852050376483
85.68486429928907
85.68147614819009
85.6850788777192
85.68132114200216
85.68503549893467
85.68152863714477
85.6850506543733
85.68154742780916
85.6850382998964
85.68256114635005
85.68508530891631
85.68145362528594
85.68500147136638
85.6827201091046
85.68504948524696
85.68153581882143
85.68499340558901
85.68269975569183
85.68507312916336
85.68145012987134
85.68496747479003
85.68284322191539
85.68470304854873
85.68361914201432
85.68502141053796
85.68270026776099
85.68503807975685
85.68259083353314
85.68501465543522
85.68270194831439
85.68502302007892
85.68263621412825
85.68501464663768
85.6827095865574
85.68499984551272
85.68270787299298
85.68499902852454
85.68270538559591
85.68500007928378
85.68270495947036
85.68499782059189
85.68270111617858
85.6850021920909
85.68270413875871
85.68499418940883
85.68269518513443
85.68500926338675
85.682708189408
85.68498277692015
85.68276933350899
85.68464189761835
85.68346530337294
85.68338002881319
85.68466008289215
85.68345450464949
85.68350561595798
85.68493641245186
85.68337633368719
85.68489567006691
85.68353684212707
85.6849453830946
85.68334937578766
85.68488614089802
85.68356909261274
85.684954796694
85.68330009206147
85.68408191437629
85.68464258799031
85.68345339219013
85.68345299501561
85.68491504164376
85.68353108982956
85.68493983319058
85.68344280583733
85.68491150587397
85.68354797524626
85.6849446670567
85.68342527405912
85.6849055013572
85.68356661345206
85.68495059774432
85.68339595510952
85.68489583855444
85.68358822686787
85.68495813992922
85.68334162330393
85.6848790300246
85.6836101642566
85.68496655583658
85.68324868546551
85.68384727138982
85.6849311824044
85.68349914162172
85.68492677574613
85.68352928403874
85.68493623681752
85.68349584970201
85.6849254321969
85.68353701651722
85.68493866096105
85.68348836677796
85.68492287990193
85.68354614283089
85.68494164689946
85.68347630845528
85.68491900146182
85.68355710129254
85.68494520719287
85.68346035051036
85.68491381625608
85.68356991506698
85.68494944860504
85.68343649126291
85.68490626229868
85.6835852886361
85.68495498392258
85.68339563943482
85.68489388081434
85.68360253214087
85.68496162886186
85.68333433454609
85.68487502890457
85.68362021596658
85.68496971736568
85.68322747440834
85.68008242651194
85.6845728804783
85.68337371667803
85.68465762473352
85.68343669081514
85.6846297912416
85.68343097596517
85.68463175181387
85.6834331417158
85.6846308982349
85.68343231824838
85.68463128603616
85.68343257539527
85.6846311759582
85.68343249105965
85.6846310944893
85.68343236497822
85.68463118268846
85.68343239941896
85.68463114090628
85.68343234357963
85.68463122260073
85.68343251328406
85.68463122950561
85.68343245011056
85.6846312091293
85.68343248882229
85.68463105568662
85.68343234072017
85.68463102936948
85.6834322887662
85.68463111916935
85.68343237455701
85.68463116127896
85.68343236784494
85.68463108200012
85.68343239534443
85.68463125867129
85.68343226248544
85.68463101910311
85.68343229586026
85.68463110449011
85.68343235907378
85.68463110510493
85.6834324510346
