71.53639065209245
71.53639103970545
71.53639177672994
71.53639225625011
71.53639272276814
71.53639324841606
71.53639368667245
71.53639439477593
71.53639487966757
71.53639537895288
71.53639571911572
71.53639626784661
71.53639681318054
71.53639733508317
71.53639761575687
71.536398068989
71.53639833633042
71.53639883799224
71.53639925987136
71.5363995618327
71.53639997970186
71.53640032879139
71.53640066753269
71.53640114232712
71.5364015187779
71.5364016981357
71.53640207074386
71.53640236016145
71.53640281095977
71.53640301807627
71.53640340118545
71.53640382178219
71.53640388367239
71.53640415252994
71.53640442190499
71.53640470228947
71.53640493296552
71.5364051960978
71.53640543367328
71.53640561757584
71.53640571567394
71.53640604517022
71.53640625744538
71.5364065497979
71.53640674355847
71.53640691996225
71.53640708360945
71.53640732159147
71.53640742168136
71.53640754303342
71.5364078821076
71.5364079088522
71.53640810294019
71.53640834223006
71.53640840805929
71.53640854293371
71.5364086974605
71.53640886770518
71.53640894106138
71.53640917946541
71.53640927449305
71.53640926234948
71.53640938842
71.53640956001072
71.53640964632723
71.53640974607879
71.53640980361706
71.53641000483549
71.53641011167565
71.53641017948212
71.53641027785852
71.53641041952324
71.5364105661738
71.53641056252854
71.5364107185178
71.53641087348296
71.53641087706819
71.53641104141388
71.53641094645718
71.53641099456217
71.53641124489332
71.53641125446302
71.53641135788894
71.53641135278849
71.53641149198484
71.53641162366148
71.53641177933969
71.536411753641
71.53641180277918
71.53641181879175
71.53641196064382
71.53641199025333
71.53641200585662
71.53641201935898
71.53641208062436
71.53641223034174
71.53641220674581
71.5364122427327
71.53641243140555
71.53641227334265
71.5364124122334
71.53641234652241
71.53641254127979
71.5364125650267
71.53641265085025
71.5364128024321
71.53641265228362
71.5364127488192
71.53641264082944
71.53641273142239
71.53641279688782
71.53641291423628
71.53641294638874
71.53641302707183
71.53641298060575
71.53641309660088
71.53641312181753
71.53641308418628
71.53641310383136
71.53641328221602
71.53641328072445
71.53641315556524
71.53641316078392
71.53641326235265
71.53641335223983
71.53641336895271
71.5364133636158
71.53641334492022
71.53641336611327
71.53641356316439
71.53641340596369
71.53641338567286
71.53641346260702
71.53641342023548
71.53641351096121
71.53641342394803
71.53641339446767
71.53641358422465
71.53641364239411
71.53641357472407
71.53641371802769
71.53641375616462
71.53641360809343
71.53641359804351
71.53641356343178
71.5364135848613
71.53641356940716
71.53641370932564
71.53641385306946
71.53641378421526
71.53641382319438
71.53641378689281
71.53641378006978
71.53641360730035
71.53641384202092
71.5364138340974
71.53641391212113
71.53641382989736
71.53641385464289
71.53641379402325
71.5364137585093
71.53641382498972
71.53641393933503
71.53641384785806
71.53641387082098
71.53641387869357
71.53641391818746
71.53641388172036
71.53641403085567
71.53641409600823
71.53641408803742
71.53641401074492
71.53641402168068
71.53641404456357
71.53641408001567
71.53641407619943
71.53641416335813
71.53641400060224
71.53641412572324
71.53641406333554
71.5364139706544
71.5364140195743
71.53641410419732
71.53641411111312
71.53641400988272
71.5364140271231
71.53641407307805
71.53641404433438
71.53641407396572
71.53641406683528
71.53641420441272
71.53641415397215
71.53641419009364
71.53641416476603
71.53641416849496
71.53641415605307
71.5364141432292
71.53641421326756
71.53641419987252
71.53641410218552
71.53641414873346
71.53641427404364
71.53641422401779
71.5364142477847
71.53641433051962
71.53641422828878
71.53641424732632
71.53641424340822
71.53641412156867
