75.5081857010673
75.50818701617845
75.50818833511585
75.5081894840223
75.50819066102486
75.5081917045236
75.50819262816913
75.50819368608245
75.50819466414032
75.50819554037753
75.50819638747271
75.50819720101845
75.51710668863416
75.50822093524312
75.5172498818738
75.50821873945642
75.51742074909453
75.5082161030241
75.51761814756264
75.50821357557379
75.51786716289735
75.51538856404932
75.5082288328631
75.51834369608605
75.50611768689305
75.51435512770513
75.51757976107456
75.5172110171834
75.5082229396503
75.50969336039543
75.51515729958919
75.50822335393605
75.51318139259456
75.51507477087398
75.51008254971384
75.51539391136339
75.51533366249896
75.51543846328514
75.51479261651912
75.512438888014
75.51504764527999
75.51181676916985
75.51529860688242
75.50746341595732
75.51531095599421
75.5139304017357
75.51486772917451
75.51340860723758
75.5152504978505
75.50831516721883
75.51481108275766
75.50968069913688
75.5080969576884
75.51643001088814
75.50823575529648
75.50663617045211
75.51315699320003
75.51520958790024
75.51146135136332
75.5153498699583
75.51001261358579
75.50930830225661
75.5092055850273
75.5097822762873
75.50820998319796
75.51643285315185
75.51672058151235
75.51237727110674
75.51545153283587
75.5123127094048
75.5154524182235
75.51227928095068
75.51545146774879
75.5123500860791
75.5154525076432
75.51250887626884
75.51544654596546
75.51272643414995
75.51541950413412
75.50961531522262
75.51115136768567
75.51491908950447
75.50975836783437
75.51044050239216
75.51539998034059
75.51243046737363
75.51545227926363
75.51282629267189
75.51540895627113
75.50976127645663
75.51078014105951
75.5153932325502
75.5058037011404
75.5153269549428
75.5136848099537
75.51331281377134
75.51537689329234
75.50967483234854
75.51249156547601
75.5154514139922
75.51302858718009
75.51537152629498
75.50966563963811
75.51280223761569
75.51542007443277
75.50950961127637
75.51244002045496
75.5154526368151
75.51303146174723
75.51537320285752
75.50957645287053
75.51324313683654
75.51531766819608
75.51371131996711
75.51327231490359
75.51539206966481
75.50977413751752
75.50926359035839
75.5093382325631
75.50564552052492
75.51536832633792
75.50992110031802
75.51180282613677
75.51522351546555
75.51365608046399
75.51517190935556
75.51187200834102
75.5152903826056
75.51341732595029
75.51399548946574
75.51512035224914
75.51315707203503
75.51541784981418
75.50926309387432
75.50923662383866
75.50958809389158
75.51219605073311
75.51542784748744
75.51306222513085
75.51537179293337
75.50961355662912
75.51315697035534
75.51534681038356
75.50997789907706
75.51212448552178
75.51541088694103
75.5130832460436
75.515366448637
75.5097834381395
75.51240542225787
75.51545165785137
75.51309813743865
75.5153616454736
75.50986971208476
75.51201191807559
75.51536483382006
75.5132504486719
75.51532242264511
75.51376299130425
75.51310034301423
75.51542681478531
75.5068682292258
75.51509890270245
75.51332578533402
75.51538255793275
75.50918567822373
75.50969673797954
75.51287730089462
75.51541206046386
75.50970657723883
75.51157000151943
75.5153699381226
75.51315624574272
75.51534922743667
75.50996637528442
75.51206168127464
75.51538833897939
75.51318295831152
75.51534109195927
75.50999835224138
75.51242815644946
75.51545249589617
75.51313171318907
75.5153541625732
75.50994037696
75.51191474277584
75.51530973629633
75.5134318563396
75.51526384166573
75.51197336629411
75.51536666079846
75.50958130015715
75.51333931361296
75.51529427581045
75.51348096489528
75.51389448334885
75.51517609610164
