271.04226750629186
271.0425631649032
271.0427507304166
271.0428657139628
271.04293531833446
271.0429769569928
271.04300161320316
271.0430160845781
271.0430245125608
271.0430293875206
271.0430321900876
271.04303379245175
271.0430347040692
271.04303522007285
271.0430355112676
271.04303567462375
271.0430357660189
271.0430358174599
271.0430358455469
271.0430358618796
271.0430358706053
271.04303587535287
271.04303587787945
271.0430358790927
271.0430358798112
271.04303588045696
271.0430358802332
271.04303588054063
271.0430358808244
271.04303588118455
271.04303588070434
271.0430358810572
271.04303588109724
271.04303588112816
271.04303588121
271.0430358810463
271.0430358806552
271.04303588104267
271.0430358809117
271.04303588075163
271.04303588111
271.0430358811918
271.0430358811536
271.04303588102266
271.04303588097173
271.0430358808662
271.0430358811245
271.0430358812773
271.0430358810336
271.0430358810445
271.04303588073526
271.0430358806989
271.0430358811427
271.04303588077164
271.0430358811318
