291.8090802580296
306.59063926011936
235.41085124824474
220.41114810062766
244.91155954254987
228.5001480299777
227.2536807136364
194.1554972340282
221.5968563439194
225.2864033552546
199.50205047223926
230.7482645795635
248.21036378156987
244.03852138275033
220.25012945262324
232.46561869213792
288.79473790397424
232.3193151396281
233.29745985724912
242.88884108616276
221.7433693264129
213.52717816037148
237.35994469895013
233.07281403979232
249.15638848880917
231.62040897450606
202.95834023503357
200.33937838755264
259.34643874301946
239.55350545204055
238.74479714018162
236.74972830628758
254.44221682241914
258.9507300187306
208.27996380054174
274.92258596285865
226.99509677335118
234.55816291208976
212.2190226068942
226.59886000519873
223.40825853802016
227.2921369695905
254.86917717877986
229.12345088410257
274.4522725275401
269.26031812588917
253.82092013538568
230.47197497297566
262.27360811119433
214.8160914383443
248.15756577970205
238.6805795068958
207.79896109994115
238.1442021893199
230.89990010050678
214.23658334203537
261.9308653211847
246.32255125576194
213.96688885724325
244.98341989032633
181.62533368271943
230.42890363129663
238.58706733325016
231.17273073920114
215.39766615637564
219.45377287830524
225.74294418504724
222.75674739953865
222.2612881235582
264.19581783919784
248.90538831062076
210.0885082830937
245.26824403520004
222.45278117789712
250.29160499698264
255.71698263284998
226.84179418078566
243.41718283702357
238.8585177592795
225.7956560705461
237.37158327678844
211.51870823572608
228.38206939550219
263.1396660837963
226.85584523493162
241.3887666762639
205.89872462267522
217.45593737805393
255.36523654426856
230.013104334128
250.28870805425322
263.64600455910113
242.31223356481132
233.94204473532955
220.95094565217732
228.74882570216505
242.45960229553384
220.7811503286357
224.8639177868463
217.3354986511913
220.67943481477414
232.58839837572668
270.3715580181379
222.38006867892545
222.18086881146883
249.55826687816807
243.88490287400055
220.70313970974166
259.98093700942627
254.11150611954508
231.26844565045758
228.0851932062833
233.67127893375073
265.40983006320675
246.77415501589712
221.7896560549998
229.4350408944738
194.32740541468593
253.37948504847373
225.07873863698114
254.89673152818796
246.21524675721957
246.2410012237233
247.4272561568032
237.92897374615495
246.53226307065415
261.12842840499434
222.36001858665986
222.41322907476206
212.5439913918417
214.10147748027157
250.1624445954767
228.15441827358518
239.5389733949778
222.31777049921584
220.72238479176303
242.72389333152023
235.7102800227549
228.08540555123545
234.0404778389675
226.75937574971613
267.8977402881719
254.41574793999462
271.28708019756596
221.78401127996767
274.7186700334714
217.14522170525015
231.40212745244935
202.08749055981752
258.10729041514423
229.43838084761228
266.1895399515852
265.9852530799544
253.4501911460684
220.81503615286783
220.97453402357496
259.4090432747762
246.01401991093735
237.8675789425106
215.89375762332202
243.9044355061269
240.71033814983093
207.65109387301345
215.90141213446623
240.68817207325628
223.41329216853046
249.4293984512915
243.1418848082758
263.200672715102
230.0239809321356
253.85430763631302
225.5048871599647
227.6266281587159
254.38511243788525
245.83380628861778
253.1941759387555
243.85764612498315
261.1888599040685
267.03285873521236
256.2118723773019
251.58701078933518
254.8018461771644
250.0073560682431
252.12961974652717
237.7707819571442
209.5080129955677
228.91905175705324
244.44002621928666
213.26505264570005
255.05274819730403
203.66138441118528
219.87594835568598
253.72242428491154
210.5028900402176
257.8172376046423
255.3593175950664
195.04404003945092
242.26376527448156
238.27333744685166
211.19672220261418
243.83031306391786
201.6184028793723
240.03536137159244
231.66392356915458
230.63358917877486
226.28482191251533
252.85186520434218
225.98299907728506
238.59520663284638
230.52408250418375
232.69974611108046
204.59064057209616
231.37031743449916
224.12873669373948
198.13066093522502
230.76218655904813
230.6466319705287
206.2524000992562
241.45383120280167
238.27297359834483
256.46886089194595
214.2927722780296
230.21182009204495
257.23936551046063
283.94309754282585
222.61277672438155
205.1945450371204
223.0121318074889
234.69334599730792
243.47397413917497
247.78937657093775
271.7849733124676
243.93363784351095
250.04500615508732
246.78053874711622
226.04281325145712
250.28248764327145
265.4849813418332
229.61121995406575
220.15390249638585
233.51052583804267
237.15349590047845
225.25170924768463
215.91584761712875
210.3947786448407
231.92587818169704
237.89384241562948
231.31076701214624
214.0298429049144
237.85118268561928
209.3012122893997
236.03799314863863
239.6978158997881
265.2031255316251
222.81408733918943
214.9449509038459
257.8850637438518
255.81428444816265
227.89473363035358
224.40637803244317
239.88919598845678
221.52254648048256
218.8189503346366
241.58487396019336
236.18369775111933
224.693454966422
263.58242734773376
207.74628811048024
203.37429181297193
246.99831322242244
210.1503429292352
236.23390745287907
247.3774362332988
236.43868963370187
237.53781563083612
241.28151188580523
250.34915901309432
256.4143094191095
240.4029801320139
226.09716763290635
234.99689186853357
214.64575426556985
262.5017674206174
236.76347696172888
236.2516140781663
239.9228255055641
209.10740352251742
243.35763389813656
220.22516711473872
239.10246700624702
257.6887855694804
216.62252643340616
224.1413118892233
216.03640890176757
219.2308453964797
231.49734113088925
291.0562121702096
229.08293177447922
270.4261834141362
276.13127791075385
234.6499191049079
222.89102966010978
246.81267699303862
250.83099830632273
214.51595320453634
233.45688891682948
245.98286046320572
222.11557850999816
236.22435889155895
248.19395856113988
241.9647284134262
225.81827929728024
258.69055720164033
248.2930892785953
255.55080225219717
210.07243538825423
249.052796603748
227.85528415658337
258.09140347107314
229.400573017876
245.66197102842852
213.18236031387642
276.4936486759834
231.859151568191
216.53160971532634
222.5753071301442
260.5571394460858
220.16800678453
255.95570769278856
223.90031407000788
233.38525965581357
230.35684901748027
230.56889325198426
241.7293249797367
206.22734768166265
242.24593668829766
243.17476958950283
251.10420567519031
216.47450317758194
194.60206767245836
251.04128675113316
277.4854775428539
218.96811450316454
212.64550555689493
260.78922929867986
265.5066096241062
220.95419299634523
205.9890492803679
256.93498482435825
234.95606194158609
241.75317887838173
197.08137474014075
264.2289242401166
255.39378263166873
251.45638506682008
214.63049972761655
295.2911270409677
250.18477446933684
245.5219040360389
205.87027522672724
201.6060661162628
221.89597714299452
235.36527377086168
257.11270775775483
282.5052805894229
229.31955782228033
217.96148825861746
230.88762474889518
249.14786492953135
223.4786459430179
240.39616967816255
244.19304416538216
239.21058172865014
251.8514544746431
265.20344805049535
252.38345364679117
263.77775330707664
238.96261667541694
230.25905213494843
232.0543937971379
241.949933503769
250.9104248391668
238.5118295392458
231.7910246358806
213.18856002985558
218.72265755324042
251.69715319208626
229.26131607980642
213.4499463379616
217.59727697327617
223.10110257520864
245.4750286239141
230.93617978820112
228.71545868301473
246.19274442883034
241.84081875208358
258.7892771390907
251.9784925259446
234.6520639614755
224.65785307853366
255.16898765329097
214.86363697268825
275.8996856030135
225.96825589619402
258.3392244218703
231.87000239136978
229.06472563935677
241.59307592519326
234.30844610313943
245.97159022212145
234.4961791329988
260.26280487487384
248.00252724612074
239.1943027384259
236.07429000794946
231.9858320728672
266.7429910940846
318.4865579853504
261.2369868181413
226.53493111069838
266.19395106696174
250.16475561576954
248.3483243407245
230.92303974523384
251.94140200997936
203.9350518692372
216.31656694141566
245.89856248720025
241.75424746313365
220.0070066009357
217.52626408389187
254.71236216767284
263.30511855057557
242.18734586281062
249.24954257291392
242.33486199956678
209.0635939687636
243.3298435145407
234.16485691843263
227.46724076932878
201.14400646227296
224.07257620205928
200.03613053476147
206.57789796122233
222.5214397496893
261.5807544291456
200.30654404386587
248.025688712165
285.235896153099
264.30134113290114
215.97322707144485
237.65186859000823
240.4236083765427
274.3622135388723
272.52372165540874
265.9956345846149
214.3219178437139
267.7034277230414
243.63909156165028
288.85773629590403
242.354554071062
200.80885869063786
244.2539169167576
226.06350226876384
223.045771088553
229.67817779611505
252.07845140704012
241.07143190423085
235.6974688997725
248.55321670218837
238.51101278411807
239.88452254593722
231.97639922628878
257.38707116815203
224.94608356086246
230.29394674459763
205.5975894221192
207.75536995044968
233.6005957836751
202.50886825371708
228.2523353868164
265.9048117575294
263.53691424151475
227.98254851497768
242.09687921201112
252.6897932085849
190.00576463023026
261.5348257022415
204.13244483442395
265.756000688576
239.54154484042374
261.2543374203233
252.51610070461174
239.17500801585265
241.39351162972162
243.72574617005012
248.14002430206165
220.8935319158918
216.99584246015002
235.35650313315273
219.09924648699234
220.3157325903012
256.8344258639263
221.4522680851369
210.40614868035482
243.23634761906578
275.7296641446592
221.02154825865
253.27737924036046
229.8193786500633
225.44270383106777
231.97188003969495
201.72582332685124
230.619119683397
239.43052308668848
219.22837023959437
238.1974092710734
241.82054943719413
237.2945137659699
231.94638019421836
254.6228926476906
255.396311876073
216.6998713456269
220.295477189371
216.27669382510066
199.92957852424297
257.4268248261069
274.41482906434976
217.59882051536988
231.79534251932637
201.24819091516838
272.0172121907526
219.52130128524732
268.177055203545
224.37297803649562
253.2450888020976
280.86176370005705
236.22810740425484
236.57610395690426
226.459056015854
208.45660760825558
255.3151975001383
199.36697282569367
217.9895067433099
238.7053408286156
249.2509751808393
248.8288177653012
269.9938425816363
239.3559983380983
252.12781011636253
235.74736934588873
232.0463549279666
223.12749920821807
239.24688888674427
219.45248568899115
218.1564695496054
239.20899239205755
257.79779812679044
226.74027248789207
246.8326201250893
247.81398762454046
246.98084260945325
245.38132461966597
235.21453732764348
268.019524512958
223.92614989727736
214.20094217552105
223.30832319019828
219.77834658627398
219.46833933933522
208.15982298430754
231.36108696233714
205.83257672862965
219.9013857631071
261.44350113443215
247.94522833495284
207.7572971067857
215.3743965307076
229.31023049226496
212.46615293202922
226.95566426205914
231.74665740781347
246.09920415870147
190.186920494918
220.77376623629243
210.78814705379773
219.41419078063336
226.71570215682732
231.20750496635446
227.03686765677412
234.90024846667075
214.39459605011507
272.8129914724559
258.1353171261144
243.68038280500332
229.92051876927144
242.2243016512948
255.98745203088038
270.86140853053075
232.8472877762688
245.26202661535353
241.30027587059885
215.53654118679697
235.69207549697603
237.39007890640642
243.76207742086262
243.54215134805418
226.0461413958401
247.65089854568942
275.4797879193793
218.69696200892213
250.60818800271954
234.46868194523267
238.9477859349281
245.6160986846371
255.39290360585437
253.10250005000853
226.39445211770362
255.34347537119174
224.34986188000767
232.56939824984875
256.7736901912431
258.70475531413103
239.86774406014592
218.89931944743148
252.17550153419143
246.7441829412419
230.49365870040492
247.82189189986093
256.71209753357107
232.28707301293616
231.63791074085748
237.4585103993304
228.23463402022026
231.5720926025242
270.1044460583362
230.00047084025573
251.85085459664697
276.77299180734553
256.89405462209834
233.82163646267145
267.4449045349611
250.05662058739108
219.65652240547934
221.1983115930925
218.93071702160523
231.1757409472484
215.40988394472515
224.38903657576884
234.09031484549632
244.33003513276344
230.0203827045334
255.0219431873411
224.1751065662247
223.44047037436394
242.4665269960533
205.07145452228724
241.29624785177293
242.6384927823674
220.79024821525672
263.8255735601997
252.45017738407478
248.75795502989786
258.47207347184303
265.44505909923464
252.87116817681817
227.6789316832146
258.91558244344196
220.02105004977784
243.56561719434103
270.38979422545526
266.55822794439155
292.7923627633718
236.91865087550832
231.4274182128138
233.4813180323108
236.05376214234275
224.61942938811262
228.22877047100337
195.99472255029832
228.90772445648327
192.57208631449612
214.99811897415202
263.51973326847656
256.4652910620789
242.60475788728218
221.8289284403727
254.7936238455586
218.53184627054725
224.20260584945208
215.74189483642112
234.6938092247292
243.1260249336483
225.21674570458708
214.57321995749953
216.08421235895366
252.78941143793054
228.2489437291224
267.2006349541771
254.91452140020556
229.50525227401522
226.38727675389964
235.13316485026735
236.98065767457592
225.8191099780379
228.44494302218664
262.1926910493348
223.61291061833617
208.39386665137135
237.58492674835725
252.99000905104913
244.57156518354896
229.49334986519534
283.9580243797391
258.5792598509579
241.06713786823093
235.58523575161234
264.2963853489782
235.98515083416714
220.22439330266207
236.61311071168166
222.40220736854826
254.86757866016706
246.0011031254544
220.21379659531522
245.59256689465838
251.75526054674992
243.9021936354984
258.54124233775656
235.4284103520913
222.1272896938899
230.21940604416886
251.96759652567562
267.9902775179362
234.3659754767723
209.77696130084223
244.71281455626013
223.28649562521605
226.78978875203757
274.45423628325807
241.7084142647218
260.2158020562201
221.89257131068734
231.10857934958767
264.36851262138225
256.2128272660193
234.01202951022424
213.0862367329537
234.47359312168555
221.92545683504432
232.24947811703896
206.552007959428
270.6014200997015
245.141368608427
213.6826599353808
240.18115183495684
234.25401569181122
265.49482053442625
233.18263700723764
273.26763661523
253.87061824044213
247.77763902622974
235.8458334300667
253.5920299316058
259.6241285436554
244.85521153904847
252.54392248828663
242.08700886368752
247.89147330549895
257.231964855775
204.79434149176814
232.74508440654608
249.30288790958002
204.062822449574
230.09878799086437
257.1043175641098
217.99498828750802
245.75176596044912
238.25704784758273
245.3407827593328
252.1116294938838
228.72450502382708
240.20025015086867
224.3146019159758
259.6939374768408
257.5239209776337
223.77792235140805
224.22885870968457
242.4999200469174
264.36770158150466
258.4788772854372
211.5321217405144
232.93625864156638
208.0289054621535
260.4863370709645
250.08033155690646
243.2112142262922
238.74730438631377
243.54536130817723
260.8865860585356
274.37903132432257
232.8657196687418
226.92517528688768
256.1801781944814
249.38321244972758
231.91976470587542
259.54913970350754
237.84720523812575
241.7444498401892
234.2329215387581
267.0202051428205
218.8917915718048
230.2178973837581
189.288700452802
243.2115532560274
223.20783949954784
232.86417594068917
228.763466317876
226.73634155918262
252.9501045992074
290.16507722248207
211.90053204647847
242.56515123820282
245.32401622264297
219.5639816050534
246.26951227069367
216.7029464133957
201.32546449499205
255.1113749948563
230.35447184499935
243.60175595336477
222.54284649406327
242.03744571801508
236.48443358702934
210.93487143784296
210.03069764139946
221.26512870634906
219.35003982987837
204.08953077084152
206.3865138144174
230.70393167229486
237.40313204244012
245.83544425628497
212.92224539801828
248.1043780176842
228.31815389668918
228.71984652261017
233.11396564307506
261.51474044675706
248.48735266481526
234.11332898039836
237.89255053238594
224.059490495536
230.66491612553364
224.12418666208396
230.5546718178084
245.6058320508455
287.0138769985351
209.00733211182524
240.1723218061088
231.10516919309157
227.47310821682913
234.41483902250184
222.52480795053998
222.92179329821374
215.32442687402363
199.31008613531594
227.47845600618166
225.17732021544361
197.5881121236598
248.07301463925978
235.40100086122402
218.9293032355199
207.04300257461728
269.34600707073696
270.87081172695616
250.10117125260876
252.38895697894623
210.8074595768121
286.7773274049978
268.9513695417845
223.42551600100705
221.35457653639605
214.09894934875774
197.82582393140183
234.3869386308652
248.55206801209715
241.9875660558173
237.03472923929803
230.55650694284122
252.1508322301961
206.47498255653773
240.90693020256003
253.55915980963618
277.1654746673885
253.41247317247326
236.68926459856448
230.26110825137584
272.925510695728
231.5195718332252
237.34177022238146
215.45764198785764
210.27858450709027
229.6371414353198
210.86052014818415
215.15815690421732
247.48539973291918
230.46841551424586
250.20508910738863
237.28464504654403
278.36869465981727
232.26858147751773
231.91655877890298
222.57614992102026
211.52777281904127
238.61181450643926
227.1664315625094
235.46835496497806
222.7431627427577
242.0485487850965
228.54286380915437
251.3022939049115
241.65908753321855
257.0656283425633
239.9570847833529
225.99985201776144
216.0616442198807
226.53645109964418
238.47659433659283
207.84809919304098
211.86687862849794
222.20071820681915
235.88944824889768
204.97892409851192
224.39084966579685
215.2997502531798
251.8848825058667
215.6778760094021
217.51795275785844
203.54488880344434
209.27728339115856
214.40895245646243
254.69852326213731
215.92604355409276
239.8990493089077
266.5332338291337
208.23845296449144
238.75466876439168
236.0265738844464
229.24975078733405
240.0302062848641
234.24364331245306
240.34798964200309
200.36565287408303
223.3751376492728
231.06837537471438
251.2287332919368
230.20030071795918
217.34636790506192
245.00358908931958
206.77356093827984
239.3252340236795
253.6439998729329
246.32137951123877
247.10734407493146
233.42997226605075
228.73029495280934
248.52109129246674
222.83297682131524
201.9084959916072
209.69814654666698
227.8866062128218
230.27778196611325
249.74988645326812
246.90492287348025
235.346698981215
228.37875884998357
215.5241488777683
261.798801468889
231.55512488496606
251.3529141774634
269.3490017018048
255.4186328704236
239.84888469308498
238.33599623673945
246.09049326422974
231.60206311536604
230.41008062736364
242.55829199415166
233.9800076771935
212.43301153861103
200.82447181775933
239.43574431736488
256.672454972635
247.41667954734294
237.9902826002217
227.25260590520338
237.0654682754539
236.37057076385827
242.55733463083743
242.7189144299773
242.46901631067158
241.4945061793842
246.80347058511688
238.23580242801108
240.61780984856887
248.31139822819387
253.67512442203588
237.88648499920964
242.3912261140067
254.72663632410695
208.27679129282478
242.2271223604621
229.17376572897774
245.04928202318843
217.67557436146308
232.08983450458618
238.73799894721014
235.81566152937012
217.8028581040271
255.31061907854746
219.21316661537276
233.80320558071253
246.438846545032
236.3378700230096
250.7608364778862
219.84503780046361
185.4501555938623
219.85783467645524
209.24823724653106
218.13136745494558
220.29140672949143
240.90906359272776
243.46215802434017
228.84338188765105
221.41602331434842
245.1081611837435
216.8792005223222
240.09549153753323
225.61704487277893
208.14985967453686
239.94130630383734
256.31062473446946
268.61054750555195
224.38069134330726
212.84029351500794
250.622337031411
232.66910442887456
228.8479045580898
244.65818859406863
225.24063215518254
245.40064721734961
231.39482953879633
250.6086046861601
240.63559199913288
250.11803218571004
226.83401559913182
212.60315624205396
234.8562674113491
215.2901201848581
223.27974077535328
267.1558121416019
225.3363688820391
208.43379417643882
245.97825019064476
271.27034429687774
262.57749614780187
274.7042907429568
229.1286857202358
250.31946198511287
223.92010272701737
253.36619179166155
196.4215239835903
250.79803605555207
214.41621991159627
241.1404710628558
236.71909626974957
201.83259507108596
233.71264057449298
209.041595763847
214.3601133527991
206.40484582597855
247.09602343055303
211.59653855243232
237.91287221293896
191.27230322535615
237.72094906150596
229.8199426823121
209.77988600428216
246.9183721971931
238.08940504968632
257.5550255833077
224.5546715753153
235.86850879332633
217.14526208510506
282.42227744325646
247.82610663195373
224.73104968084954
264.0887907782162
264.57492608146276
243.89599176330375
256.4716637208476
203.70486673596315
231.69795965656522
266.76576337750885
221.37658092274796
200.76182691883878
254.45991684994078
234.18227505832328
246.05496943587787
241.85462547140196
224.3281647961703
232.66042789828498
274.784448635648
236.06302907067584
266.01968367234804
234.07684132858412
260.458723582502
234.9192174578202
232.8602057910757
228.610347847105
220.88890788011486
195.41163126425818
219.8427742399508
235.46209618763532
193.57626814802643
262.4583140402101
251.73878987308126
248.30601863737684
205.6128907406237
225.85340544837527
232.28626398538472
253.17937982961303
263.4927822535392
233.97940337011823
227.28655893239193
220.89359166758368
252.88281499582808
239.7220912744524
283.32264389737975
262.06027305859607
230.00651360634947
229.22590137302177
195.01550217467593
233.80438053287799
274.8492703200318
225.75561863934854
214.7591754574678
242.15487143374048
261.2857759926119
271.71395598107483
230.05604093597503
228.9983241664013
247.315592003637
243.27175867540063
238.25831450970145
201.6495426548645
216.20475121063646
236.1854207268334
230.27347238222137
219.58891227119602
244.01946993230376
254.51478922128445
279.38629589398624
268.2572257880238
238.97414576564915
254.50976348645054
239.66206276672892
222.9395238974248
208.30255442584166
256.9519175438327
239.82969872711692
241.57993832795182
231.31785950285848
238.768082659808
234.95331039454322
231.4910282943747
223.99946076440392
213.90962796093663
232.24786249903264
242.54434347338974
210.48262288008118
267.32974443474086
200.26515684375772
257.72000951645896
239.4845460994984
259.3819601770956
210.7360815802822
237.19174088758882
222.14835098409094
223.03819847939303
218.81582648213953
237.2420697050402
251.43733560986584
241.61274447082542
224.62092635699082
224.2383582968614
195.2731820003246
206.08421170827933
232.0415218025446
266.79952011734713
247.37170009274269
236.39960681146476
252.1781898396439
218.29912181780674
225.72210860205814
228.8827367934864
248.74469923588913
217.64136572327698
202.88449653808493
217.87650064611807
247.96852512587793
284.12287640047725
217.00056218571262
229.0004386777291
241.1655343475286
224.96947283064947
214.86154752539005
242.52070093137445
203.5853595820372
239.44534930569353
222.35568589740433
248.14842857862823
273.5401868458139
256.0082178512239
233.35031014482956
269.04138215229614
235.90613212698372
241.31544373621
230.88245480618207
240.54379705595784
213.95283497753553
223.07615169161
209.5904914814746
251.2831005983171
215.61181864712853
224.89046268205857
243.49017739464762
249.0463284078869
259.7551043808926
223.27425682602916
244.26943963358644
240.3325756547274
233.68318730511237
248.0042536246474
243.49247128912248
234.1593730909517
210.48004155332455
256.6479243224021
214.9624855404254
250.9943762466428
232.70389637199696
259.31949523702497
216.7048557411763
222.28442291199462
247.731958065473
241.98197847628035
244.96175244927872
239.2590817635646
191.1783583042561
228.49354731180938
235.10280709998915
244.42614787793718
243.79699670837726
274.7452714453102
229.48477833811194
230.3322631106712
240.24756556999637
206.34996621432947
247.0012244830723
198.49590384139447
225.24647002929123
229.35372382804053
227.28945353167364
229.12297462130664
216.83502795838285
240.90591732563917
218.3065890292055
274.1289522028528
222.64052384870593
234.8360657650628
234.66696157190017
252.81923866341822
217.1961515728035
226.10564979189076
220.60496379132383
237.26918535109144
223.96363043377642
207.1562706780387
197.8109666822711
214.8600689258892
232.48133278969908
227.3482811138383
258.86567113758065
185.29463903786382
257.91196055250475
236.816325493739
218.59032444219338
227.17105900961906
250.376262542326
242.19019307143753
270.1413612840115
260.28727253706893
222.4947600735468
200.34117404103745
222.94955410365947
229.89184490899788
240.93530424579512
241.54309363180073
249.52139761729632
289.3913931454881
286.96736210770905
244.85786572971847
224.8958879004931
220.12108517438173
235.8272555048461
221.8666257680743
227.00422528845957
235.14912628993625
234.77879627398215
248.7566528096795
282.0507450631703
236.6365122180432
233.74733902397566
232.79942451661918
230.49534880480496
234.83161323040258
244.49437106825644
234.06432863580994
234.92884705209872
219.60773905360838
247.12526026082924
230.25045055354713
213.81687398039503
242.70508687500842
257.52236077026464
288.2068773258361
226.3312624465907
228.95886112231528
192.2465675753774
230.77124449267285
270.25810813967837
230.81501558155287
264.83348872244824
224.28456267068395
228.37820555840153
266.20256354415324
234.24236979801208
217.17903003585525
269.1492332043126
226.31453047518153
210.12960363010643
227.31066981388722
216.74100778112188
200.56489081232576
234.0671863569296
221.76921125582885
225.6037989819306
239.93069060565904
225.15602096938528
290.3978713192628
282.0538663161569
232.82611668715253
230.81073961337097
235.0939463180257
243.69721953151748
257.8253629402607
225.541073580971
237.06793041701894
236.21185017219977
247.67318617831916
226.90576080192113
250.05710250558332
230.41593599197222
217.7019841055735
220.99787430488504
217.63698234333424
201.04448062105803
226.85923730325885
250.74746429466177
216.6060701487586
265.91117962275166
242.0268654585816
237.4185978315072
225.68329282855848
223.28263413830427
226.59473686054116
240.78296310978476
241.69656470994232
238.0404977503349
257.9399101342424
220.66467462753644
217.1382143693627
224.88613599463133
208.9070187387406
242.9219956555171
216.527882263239
224.78487091767602
227.96862608316587
249.85670603025937
197.16698426485527
241.54711466515437
219.51984801137587
231.95673310547136
250.28231303225039
215.13087436294882
249.80561752419453
221.21794964704895
254.0853068549768
284.90066801023204
221.46823173121084
236.75127666274784
227.34987685014494
215.81361289828783
226.19563085224945
213.36144435347524
265.5984597502975
247.48302427388262
222.59626627276884
220.07481840450782
210.85623284237226
215.9336673176731
233.96678696665913
245.891480266524
209.2067022942938
231.35474143998
245.09357474418357
239.06001226935768
221.9779867802281
230.31492961157346
201.82840087579098
246.29816252365708
242.82026128604775
253.2961388398544
223.11736309097614
228.3502575403545
249.65461224451428
221.47432080598082
247.5506733749644
236.54155079164775
239.57572310249088
242.18564996187342
260.6391156510217
236.38133594533429
231.183348618506
234.66887932369718
231.1075422228314
245.3555356824072
237.585280965548
243.63846019731136
260.609935798333
241.52152947476134
235.09234526654473
234.6971501171356
225.94797150802333
182.1560206846916
220.81712596438592
240.38287439156557
227.1614149424131
243.87542051041964
225.0797258800012
184.29765907651745
230.42816844960907
249.06248299020808
220.17401031096233
246.5829477411462
225.66271579900058
207.02200404158793
231.6768711564364
262.0674056869466
249.76783047040226
221.88257233059267
206.18047260056483
221.3596601038007
227.7453895896324
220.8946884382167
245.34490387904225
222.74205521971453
245.86304372223094
240.70586938789347
251.61666709755082
245.5829711968545
232.55872362258378
294.5972048828262
228.2073527466855
252.45613242458785
237.14369922142942
257.59723049926106
240.6082388642826
210.2974179565208
233.1906845890917
241.4889079661225
230.08467512362404
219.21491500752745
221.6808408680954
223.3927959696739
214.45907168771373
219.81774412246887
243.99608617526246
209.67074272205355
247.73025419499027
261.0890227541677
243.97542504564626
222.29115287133027
237.04750713676913
254.05816762510221
243.65155559359118
223.04935112962266
235.95066732884152
251.4827412130544
262.91778420162154
232.53754702873994
251.93604143231642
235.74701685050968
209.9677946093725
250.56470585544594
253.6270608723862
231.29368016176159
242.50738824147265
220.85098648519488
235.48089277767576
233.96879472985165
249.30694027722348
218.82651520241052
234.69868542527547
223.53810367331607
240.69238745153416
237.16636064701015
255.87722078309162
241.20234229660127
253.18341853754828
216.36150754237315
240.03986276622163
218.61621657409705
234.56144813616993
213.75164045306155
261.0940897358232
255.38354769023135
251.60242410260253
233.3839430619264
213.46142690005945
199.61960231576813
215.84502549824538
232.38742685021134
238.9868773148628
246.70166418491863
234.88133871630998
242.86126922868425
232.8012491671252
261.54153824428795
224.00798383483198
232.12481312052114
236.29236042365665
225.54400864371564
244.74399433622602
261.40326552826446
222.96697051328374
228.95482562104007
194.9635994391865
280.6269182704855
237.9957144142827
252.41928543971153
235.74481044104323
218.69102186750388
227.04045612853952
230.22470450703986
228.98283971083583
238.67986629565712
209.14942847157363
253.62393456161954
242.8885646162671
265.2555487094214
248.93942465505097
246.48724549415056
276.8740666467929
240.9170654488844
242.26727239607135
255.9232172211632
227.4124528193497
212.60396601678804
230.2251932908548
223.06901625392493
266.32803885568865
252.11705677880673
256.274982478586
254.15959793736693
246.2639360143803
196.74342366110068
226.25803992792498
256.02946094452636
224.48047568532638
251.1297625885345
241.63321125035873
255.00026655942202
257.86546041379916
243.05141611921135
251.53920157440007
254.388076282572
242.27885339967906
216.93029562977608
241.96791520208353
237.5740725027281
210.8049787672353
231.97195784322685
209.86281315120868
216.94985864509363
245.7644416191033
217.94813563325442
255.25083369144704
225.78933162766043
257.9906086171395
218.8661991430563
206.85824401659193
221.48479127895553
235.34431253251387
244.78162788494956
227.66293257602956
260.9295712157618
209.34548701072345
222.7731096468051
215.905049848021
239.48051875538658
221.34617915999843
258.5396533269668
247.11265346594155
227.4056534835836
251.3995580546325
231.531072720245
220.60413929482456
217.49458171852166
206.95745232672198
219.0580352319521
236.99629246169934
244.4426954833907
237.9980702418252
210.92650722671533
225.33958660892677
235.32209380483255
239.6447733033565
238.38521623320412
227.69156222679885
206.79579443234252
221.9614354033256
209.2230913019739
221.54404037364293
290.00109621108277
242.94155916111777
270.50463424104964
287.6442545976024
224.87346808292205
210.57683548238128
254.93045971886022
221.09646543324925
244.17218972119736
230.29955094348406
203.4215285682003
234.9356594773708
225.45881941978587
232.68349268479506
236.7756971740746
192.67905836098362
220.25242329842877
242.931649958482
254.35590585670434
242.8543689411017
229.0355662967777
259.7483784229262
240.1101252787048
209.20704196509905
243.06100921158213
233.8442178737605
222.48749352170853
209.49958262220025
259.0397096272209
264.72525099944323
220.90089483140036
223.71924890606897
266.2858971616952
258.07445422396995
240.6566676425282
240.62664713460254
227.19283779006219
229.25719363969984
234.32240827567875
239.75656650215387
237.7820501436363
222.86008935567224
257.95953482267214
226.28264587459853
231.38705405924702
232.9635919694556
265.44853483344195
242.10437634261325
227.67965180473402
242.3800798340817
240.81650609674398
206.99438617215492
214.65169926482486
231.81149728415767
232.4365856362856
234.76962358591845
250.2250524373958
233.7296026456752
242.56746048026253
258.3037114015315
221.3025693372474
236.52407925593434
233.24357789353235
245.21385796467075
270.4719911371358
250.47036815842148
247.3827638537041
227.904978634906
220.77468349121045
248.66768840665463
238.0679835206829
241.3321981895715
213.67722467635758
249.76441687205806
237.88391589687672
234.0032249687938
215.89360638009384
230.42811262561008
223.74647324084071
243.06093059910927
245.2063619933324
257.8365769428201
244.8043939920026
236.79529744718457
228.87813397246646
209.8873540260829
242.937203019741
205.4867904804414
244.70390915317694
200.96480268082814
225.7142770611681
205.18781268771272
246.80297231290024
234.75245211290894
231.6067028772086
255.1604156222893
242.07952602481237
249.63471633044537
233.4014354053652
239.53030122199561
254.26458405790618
252.56322927313158
232.0723928194493
201.13981453242013
206.91336267936276
252.26062166073825
236.30384842579952
239.5013303681044
231.7423537527793
239.18940047221258
239.44495138409548
232.58536952344002
252.91214683151338
227.24967957340414
220.19649457233027
239.73351550038205
250.65046772686765
288.49418959917966
259.8889391752891
260.80133378412575
211.72300954174716
236.2080453520175
228.79083898995304
221.4774837801815
246.6336218333454
242.96088063385105
220.30124641605653
248.76669791684253
235.735142419755
271.69314628868597
269.91649461589986
225.37834498519078
251.423831691558
204.57524865755113
228.36072032235097
220.20472777297255
230.9571973643615
196.09583651873982
238.13836880557938
228.25078573211795
240.6845687678433
212.73010726162465
260.1124706857372
243.62324532913044
234.2609869132284
270.72533737064805
274.5930969535257
247.5811320078792
234.9767697348143
261.20867893029936
252.99627359263832
245.67470038455212
225.151670191437
230.44728385086637
250.84777310327627
247.58409466344165
212.3151040103403
205.05420924827922
211.45218776515685
222.26938500709366
242.15492428268772
204.17435904353624
240.11208388820523
222.6469037552597
254.5607970796409
233.76910351822153
211.67688952718163
231.59973828215152
229.64523451623973
270.25209990225267
226.96223519957857
234.00315640954068
212.6483855645056
223.1773531732033
190.47256555774948
264.02745678293286
241.11000340076862
216.79793226427864
237.8774375184439
248.12468298187014
249.70330332411686
200.2518679004279
217.92998745205114
248.66655811446253
208.15089855989208
237.41091786551988
226.31435277225683
219.56135810783599
227.29846384649863
188.1375462602591
231.6915097158635
224.77091556525556
221.92423413385404
292.28908437053906
205.93756090244278
240.58481758582639
241.3579096114845
253.14296526601538
227.86952517193276
241.94417991687078
266.48889502719976
249.4338651757571
217.80449363793014
223.9022752448218
242.28115699335467
223.93098669324536
210.7945707530016
218.311389352486
214.53450308280298
196.75015101238387
223.29187599668512
232.490154165891
250.9527516409289
198.51498979283497
215.7388169002952
228.48185181524605
228.77073805138934
263.93194216804113
216.4460337565979
231.5456151283579
215.20316694921348
223.26101692800876
214.6767358063953
217.1504510830273
218.7678949299734
210.97165180498268
252.14080386981368
228.03875213261927
260.197742118733
279.84163776569767
220.26135461358353
228.67147212458076
227.8298943027621
237.17796878900845
217.150591570884
232.89545101171825
278.96526946051745
219.1414190606447
226.92790432606125
223.82365654304158
239.5063404190587
224.54180863697547
207.44529045006493
253.0101838093251
257.64795442210743
225.31375339534134
236.1551982719684
216.15921209641965
235.73060211585835
232.9244146902929
215.42050953319995
231.58243288099766
242.62453900760738
251.84691979188938
189.75252171803731
238.9648859006702
256.1015749113285
230.66601388633717
214.904888949648
246.09813618659973
239.99568604142405
240.37761911650887
232.59039881726494
270.3077922252123
242.713757233636
218.68441032990813
226.6303314063698
258.3034877553582
249.57972105563385
255.35279156191973
237.2599748906796
268.696568660147
246.25068203377305
256.59711181616876
214.23225925239967
274.41305269271834
229.84673281374853
260.6725255100173
241.3595213383669
274.47919392975746
251.47818181238836
236.13294538395712
208.72542834625347
215.00440158584388
234.05275497876573
267.3877252713428
245.043979731563
234.95698393229395
270.13193052844144
251.4097335934639
236.06398610433098
261.3062902315869
239.1628781077452
234.13434613891877
222.06999766849913
231.48484564688988
209.9796611412312
261.29190071311314
247.50296605215408
265.82771823590156
222.69707770633977
272.3195551770041
232.4949217090034
249.71581713290652
278.9229067332344
268.66335706063546
242.67844490060816
244.80334463267354
246.20115641818848
259.22493159538135
245.77879152464448
233.63303618802456
263.4383853056934
211.77687178144697
213.21151879860554
249.00514017121168
233.12865321687423
206.2528397134156
246.66663089446956
287.0099930600845
231.20805934100645
234.88101914909203
231.15644738730043
246.15329704037867
274.6074800987262
233.46448003454134
249.6829515689751
240.06409552047262
234.1977854904253
245.4107882588869
242.3360343645909
240.41647399717476
255.46023909450741
214.53605162294116
276.91648833762156
268.0215669259196
247.39588253805414
207.65925623383373
212.7315622137976
225.85510084120324
261.32570288312854
217.49720138544217
221.51201453630347
249.65957745409105
199.00834232289344
223.503322236822
247.00406011205632
219.15136181312846
217.0382368355058
240.16037086280994
252.65815334994113
228.66088325181045
257.34830201772274
228.23642802261747
234.30005679978058
195.77777538308874
221.17628315259935
255.49312906258274
223.87041489913827
219.9879278311273
244.23467755812453
255.51049451279687
250.02158761920873
267.9289410360507
234.80164033651818
250.7045573728974
224.9032293310156
195.73681617848342
222.40259623533348
226.69363134371815
248.8732731208438
230.9061350399861
220.31060171703575
247.05839875427773
229.30930003494723
261.2707659538719
248.61459906346863
242.25987396086566
234.45696406782372
218.25932418589946
239.8232450284413
250.7216648196336
253.6306023382349
248.2798842517077
228.01486409601057
222.2534243480186
210.77254421223188
212.68470090761548
238.41387649730314
264.61463213857496
264.441558182647
260.5999017006252
204.18757777567953
225.97280773165403
201.72613010701025
262.50146155484254
244.1242943003308
245.26773261564085
229.1589609347866
265.9932925130124
243.16604538430693
253.00509314215742
236.4803890886833
273.4634076213115
232.5369816359016
234.63884828053415
237.1127192567801
193.32338381488807
246.64226743153995
220.25530239153886
244.65553764655488
218.84901908173924
214.37053569918498
190.34174026665278
234.15856351924594
238.080473335227
234.2665796370129
245.23604328389047
245.2341787450714
262.6592306079692
239.14266915927874
228.87633091327734
238.27767803840106
232.10755136504304
233.89637202117592
242.37232720840257
247.35020275606075
232.27781806897838
229.80047073180322
233.90214464225573
248.55227031203685
209.01350268232636
222.0842817343655
222.98878994595725
234.78132004640065
254.0485638839309
253.48363196873106
220.14881558233174
256.72437067492865
269.51648504141485
232.10289712715894
240.40751006652135
217.73551959270844
222.811647152761
239.59107356652385
206.91548121348023
253.3367970736581
210.10254942940082
218.5278170328238
229.5136361378827
256.72799635794945
239.5247236888972
216.15768850501627
253.28007172752405
218.40673253324348
227.3336308823782
220.50638853391865
243.09778983035358
228.8852280365536
204.11990145704476
253.4237208631239
218.5302072201157
225.74536003021058
219.0026315145078
227.26445474929642
226.01051175768953
276.4962757084868
225.15425766224507
212.0868142261752
230.53326810069848
273.9721642524819
224.9726133637596
212.15668605349492
236.9212535592378
233.62664632714586
306.0239717068034
230.4361301176832
239.3191343670478
245.83735057816375
271.85059371142415
233.23045264958637
236.65135683049448
225.09669854788808
236.56757151166676
231.43290280504152
217.68928799929563
244.51547060284065
238.874976558669
224.73993640596746
241.80008501320845
257.6878363142605
227.74279640003806
230.2158087961143
227.40060445968993
257.15990798868006
231.4780412648106
251.99492388335057
270.3598075771588
274.9300949937897
248.06989709183108
266.9188181698555
269.26017145143123
241.2568455240107
200.97694490861613
237.11975927033927
216.85933679604204
197.10307438339805
232.2219728528289
244.77301919128513
214.83905607799534
221.6288535874919
218.4867252052063
242.50090937217465
223.62426628323738
214.3430175788817
209.78620272543048
217.20669929200085
240.3647796754958
236.23924052453367
247.54656076000538
260.3121011352632
245.31761076080147
235.2296841921634
218.48405811260454
216.48740534781246
274.1764254543232
251.11589508102043
250.2578840184724
228.83147833240218
198.74953347392147
219.48679440794513
251.7172236784245
215.51659894664772
256.0585948462249
261.40640102588804
239.29314249224262
222.65788099489873
222.20410429738695
211.02624733070843
272.1423158950638
223.7487093792879
250.8339260062785
245.56234829325695
263.38299045182066
247.63636671286076
251.48734463285655
244.97093173011672
233.66946009470848
208.77712704922305
264.4093996922602
223.93011080054566
260.9366836461704
218.6556686424883
266.12711443635635
242.5711208654684
259.31141770997783
230.26866165787214
212.65904389874777
215.81902555248234
226.30471270013368
258.5848200705368
299.81515986070735
269.65043337782845
226.76229015470017
202.50236251298338
230.65820365428226
234.46434747520834
261.68323893175693
202.60691886005225
231.61579632759094
227.79576107655885
223.78185818600468
226.4815650198143
244.2540775492671
245.77529252372915
241.9153012682218
256.2343898717663
229.9772060624091
211.43514387949836
204.27673933503684
247.51104473276064
261.41626408917364
240.65777402580716
210.50629532942548
244.85916994186118
228.91410254931543
264.1476508449996
253.8244185670046
230.62810154480394
216.21218366129324
266.5895736736711
250.34638320934027
227.13115798321087
251.53357837093063
277.62157012312673
212.40822034620214
235.7900140901329
230.3018119467888
228.16567135357764
224.6281156296609
212.45122525084298
242.16912774264347
228.77788543212228
283.88812328805216
234.749797561788
226.07672008685768
233.70366743928753
238.6868241035845
213.35640872782096
239.64463826501742
235.68549962399993
204.16126809606794
236.8117994427448
223.53427421313245
218.86126745445654
222.16009530681185
237.3858780815499
260.63289418118075
229.20276949426625
244.3090580253629
219.04792398063
242.34463801339734
246.94038040668238
221.75640112534165
239.74449384014588
223.37675497087184
252.28378998336848
223.1098599275574
220.3575341271935
209.38080198131502
245.1309348990908
240.96832523250487
243.62158838717733
239.62946370337158
220.10765939811245
233.7206119968323
254.6683492414886
246.44242200721055
230.3778230334865
234.57784714945592
224.7320345310727
213.5203593785409
229.9172632637201
207.38879818620626
229.18002527102362
207.4585170376813
240.55584269401152
227.27527753799222
256.80916520697065
201.23167303565424
222.82327639556024
224.4369807074545
254.29445096931886
225.01498534309212
303.78484021429904
230.22392028162722
257.2938185160747
220.74403182289097
236.9177772643743
231.79396757262293
209.12806850788184
224.65802620863542
222.09796597622335
215.99254084890708
276.0241863835836
242.09892327606212
213.7468294207938
237.01311044802424
227.19939493818674
235.63445426907856
226.507760020555
237.39771382824983
209.6620063544251
203.38674102630466
257.8847609872464
231.62243013852276
238.9283242978854
200.50784491642844
218.71269828244112
236.39104253205005
214.3483755219495
227.04549368994776
232.78184148075525
226.758008394856
220.08298973098863
245.48517607990652
270.4345935714664
255.76736857462674
236.3901070416905
250.05244305590168
251.44782995758578
219.60909267317038
239.1520389612997
235.17552882782184
227.81825022096746
214.51327922358178
220.60940711188596
231.39631827513222
229.92736976221204
209.86475973471534
255.6359459660016
221.47414393222425
253.44047572778072
239.47611840290483
231.54008697718382
233.6109405736206
235.37401023390703
255.1799474831205
245.8169815201545
220.9686311504338
222.93345599109307
227.7350365712773
228.52727675775532
211.98298579955008
234.32876815611962
220.69182633724995
220.6418408503523
226.41324813500978
232.4747932520695
214.60012536367867
227.70355115795974
255.4333424802171
264.2255810982315
208.94701610167976
215.95357290981337
225.1231678618351
215.8989409217611
205.4044678901555
272.2062921867473
243.7939394862624
232.70961805828847
244.2844504014356
222.28001568990294
244.99247994890902
243.91430225456133
238.6516651426209
234.2057471430162
246.10870208695997
248.44270045356825
263.24985664419364
248.48723950923886
223.31682386132888
209.8030913354596
232.49098874581978
209.5821583046345
223.94467713858467
227.15608357416932
242.44077109207865
241.7139154112665
260.27389270218555
246.34364849189296
215.57818979851436
238.04226763581391
257.86863952479325
257.3813897334039
193.00386549776886
251.03999471687712
222.64716463256627
240.81140062201302
234.76526418072172
205.53860857605468
225.6215335484594
238.71960668137763
243.23770547599997
190.61078731401358
240.5163826784119
228.4421118091559
239.7082620918518
272.5985379036283
222.79649147333112
220.25284090591595
236.22712649218738
219.16680235078093
213.56719325168524
200.6333539658226
226.15421447751578
226.60811373405159
216.63467464165296
209.4809212195687
237.99459532496985
241.2102746706223
219.67018407850992
256.9173297912348
292.6595712484559
237.88613594172057
226.00811904936563
205.1531105468748
242.008019598783
227.563381809392
241.53138424793724
253.46443675563205
202.97513406677172
282.9656602591276
239.3323865860002
209.0405057396274
242.89840983075555
239.84778474643826
265.9169449080946
261.68075200612657
256.52426296833437
262.77230499172583
199.5508077002596
230.04587909346446
210.08040332759265
219.13661307410803
201.52125295228325
250.3182895402424
207.24876604916062
226.05742336425465
242.13074687391054
255.57372319325805
227.10862145083956
296.5047659727279
222.6145978855202
237.87511863885447
245.99525225127582
243.97857672721148
251.01833337824792
244.28285768732894
259.0677523512859
242.4840438538231
271.4185250279261
230.72335299663246
252.79004630236886
278.2723982820753
196.57589495752472
237.12597409531008
211.2709512374131
249.35096418473404
245.40210428682622
209.76704071823042
245.26785940607078
243.0058032157831
234.71331298921723
252.30497963668313
243.8485332656419
226.85890942066908
221.53412072209176
242.28616015345324
259.6654167036759
239.92891400353983
213.4123000241816
249.06657339120284
251.17306770430878
216.34556810045615
249.6854583537206
210.76882132783066
249.28031142312102
219.3932958203368
212.746924500796
217.82132128160447
213.13369685004
238.50367745140102
219.45570508099627
207.204063798883
235.07585838239174
215.6516626169905
198.19907903764397
256.87185166950803
238.61293878988363
207.49353315576445
212.77624387084506
211.45193634717725
245.87859497428872
236.09065821848344
288.0509199491935
203.80332886916585
213.56144920084625
216.11210519901942
246.50213198375423
224.322891565389
256.8530112800654
262.18824949034024
234.15708293311764
222.9204648117302
226.27224680199288
221.37529203295708
249.82422374282032
235.41595415072516
242.0379226191435
245.27783940313384
217.3647647810867
254.5521328279283
247.2293919972144
255.172394905705
206.98990398086607
239.2885419720551
240.9084001625888
265.3313663461013
234.150503570796
195.71022126812022
226.3376902983291
249.70702097611502
226.8664920917945
240.40842820401303
213.56742573273368
257.2353472117102
274.8805846249452
218.83351592172403
270.00625402957667
239.46540076390374
205.40373674873263
232.4297193797538
250.87332747073378
249.27025798009709
242.24774238828104
223.8595360988984
226.9249506657943
229.87785094836727
241.60116525518242
242.01171997876372
207.1763683555182
237.2860236571869
210.476412340533
248.27341163810343
291.34139138262253
269.1856325174449
253.91361715784296
234.5290558403358
245.59168709942605
244.6291445629904
243.24843192414846
278.90381242113654
215.3280500130495
235.05600046145264
249.78855693584774
230.86280268093105
239.65453105792403
250.9334058490349
242.75875564094167
247.86154669057578
211.6242350540124
192.65017131331842
235.27296301722527
245.56726431276184
217.60496973327827
242.38877440895885
236.43646425195038
258.80233350221533
231.82835498347413
253.58926257293206
225.54940956900828
263.0527334570652
214.2934052242199
255.7889650077559
251.57165903784335
223.6866241757525
220.13642826594878
277.9736339019146
249.34480058972258
264.37820320075843
235.2917846426135
226.10742649319582
228.27081416686997
202.53976240404882
246.17559859890025
230.37953134870622
221.901944290963
232.3099159245612
228.8436182057485
236.06186133017763
241.8495832666522
223.60258834727574
204.35955684282817
220.69921941845678
272.09966915356927
216.35207847156562
239.4267704396043
224.45133929653093
211.2782066243235
218.81300178635865
233.92401258880273
247.10389598668553
233.23468441166915
244.07366922707297
220.36392257316038
243.05564957892057
291.4089260689216
247.4041440199362
229.4736903568264
203.7479314507218
245.77414002630394
231.0621488385368
213.55325808539055
226.43827819416765
226.83225116459653
235.4995116891805
254.97015335259493
219.65808339929208
239.33065662742592
247.006124860025
224.54786654608324
239.90404936356936
255.86893027590122
245.21595684567
230.53086769091897
222.03578334802296
233.34151808579918
227.0622651547892
237.82344891689718
252.7196705826791
229.73506135074422
219.30900957831182
236.313737474964
250.36568395607173
237.47585879906546
222.5829886200372
241.05328935477883
217.35234069591388
226.61077288421802
235.93507833452895
210.5809599410277
226.07600076298695
221.2948499347549
259.525974207907
230.2547657166142
243.72814963338897
225.17079167242628
253.51932830293663
239.48208508477546
239.1540311226854
224.133771540015
244.35040271142498
276.1428987585241
306.68536055798177
239.51354113128036
233.08872709586285
245.08613500068896
231.69100482040085
245.71685273048934
236.66777692409232
203.64259119017515
245.51598903699778
205.3132188707823
264.9516256576171
240.2803808435565
209.30526503513101
207.65797190542798
236.66914693068247
254.42860999598633
244.54381082660984
274.2226351117715
217.02339167380705
263.5943782412214
243.52390864561312
245.00715753040276
238.2021631692769
242.2596135699423
223.98985126800835
223.65523568657227
271.2382937693037
290.05819136847276
235.41089888487477
282.48231078882236
252.6675328563433
271.0208378570387
232.42066223279107
246.45667328045238
235.18672016100027
231.39014828531072
298.99251616513357
238.8616977436468
265.48717104434036
214.1491567947669
251.8387475310592
245.98917235329282
263.86326000944246
223.25994905934203
234.81378271523863
228.75412544503342
241.55704120488372
217.85321989969816
233.032305941917
234.23373063839972
236.75125459372066
201.20231082860846
243.40383705752902
241.10377539438196
230.94713609141763
224.36759957810864
236.84156501060352
247.64480008615647
261.416446753894
213.67609301873017
244.39989891287405
230.4054927213583
263.62367889482994
242.81166798935737
195.5668130320264
235.83150426030625
204.18499080254696
237.36286024586298
232.50090888421983
234.85141317697708
244.5352933582617
222.78558064752724
210.0088173368713
221.5711117044557
275.12383129645605
232.66335721337236
224.72262524545658
246.715243145125
263.2134154801024
228.34175269061234
233.62727051624097
253.93594117939938
250.37010148563422
276.0612285566749
222.1415283138631
255.04789073579013
231.82678778166883
221.16383984440472
258.4386794983875
241.16504914418329
255.9439303262625
223.87937910214532
264.7648994290503
217.53980729635805
251.75781410885975
274.7213334371336
241.94060418347362
230.62195717613213
224.96850297611672
219.13797473476734
209.24048572196625
253.8044806518592
209.4356343173422
230.7818727400154
251.49084495054558
224.6801854451187
233.16683921811637
204.46790208935272
226.48005216231104
221.00517307338305
214.02535491576418
212.71203693223651
228.6220483991783
224.56272389926016
233.44011941330973
254.31294643273577
218.8705669969786
251.88854611152783
223.18184804625344
221.3319225209998
221.48442853963934
257.8483074150281
211.93191373895388
230.45604222477414
248.06874472566415
263.36364282644354
214.70579117326997
266.00537330203224
249.35407986107748
231.2502321295906
231.13628757197876
217.98985829134472
254.64104566071182
225.58729302347638
242.02728874981403
289.3790606519906
242.14123381325044
235.3994698949391
231.46395108569413
222.35613097785972
243.54425846925005
239.88893222156912
230.7537455210695
252.80171423521824
209.5546667999588
243.92167504678946
240.58540807687677
254.2085857144557
227.14466582087334
286.44223216176033
232.97455621825065
218.27906729164533
220.49739642068744
240.89749024342746
236.5984949573176
278.6711472889874
224.02758875582367
245.7423742248211
205.33685244072694
241.51663648011163
228.84893950715195
256.9849576668348
228.31469822570216
241.80675701238215
233.9550451154355
240.870179650723
256.59523140161764
248.0413415604271
240.36848846124485
226.78445254312828
228.41895575914532
207.28631063259672
223.10725588910282
230.13089090934955
234.629537297762
225.52901555644348
232.4479622489307
261.7033196656266
214.60747204034124
257.1135282930918
249.47828889708035
215.2017043856904
254.94542208896019
232.2692313119769
235.25802387844305
264.1359993452206
220.860880537075
211.8719691708684
229.53035864850972
267.52313300129026
254.49401603918523
275.4612278623972
222.55792412057053
234.90257892676163
178.21636818547267
210.41337861737702
246.7855312017491
248.27949437033385
232.5083800976863
223.46111446013674
256.6561865210533
250.69072671723552
222.8470211942913
222.797598187346
213.97714683716185
249.5670926751336
264.8783256361494
233.9599522711942
259.9260383701185
248.06850786076393
270.6315981221851
225.9989450784633
223.9253521655919
229.25235053687356
244.4990457907552
244.14819467219058
216.47541204374284
240.03307716781273
257.55622642918024
221.713182548061
217.2548712620046
256.34828302136157
221.90391214983538
244.85659867548384
250.74088381463662
250.10678984457627
210.35060624335892
246.54518917575479
215.17472725675907
212.19986035570037
230.83749139332213
247.63056507951114
222.41488053055946
222.5532963044243
255.39267180487514
234.32274833403062
228.82057661982253
234.67690985568333
271.13837767904624
248.10227925074287
261.77862750715576
276.3106388448505
244.9792345445603
258.1491635655984
237.1778954429319
269.9293669874314
235.8942327023251
253.34047436027322
234.74688610248268
245.28547423146665
190.87350092013367
245.82967470714357
206.66336429060902
242.47610397916287
246.42520941910334
228.16224907827564
223.72165435587522
238.27609475317877
226.68268268741667
205.57548783067614
244.96595102816354
222.75622283108532
220.85463466111105
233.15209326031618
217.93864155746996
236.340994019527
228.0645758282626
246.65810658666305
243.0903664442012
240.85672074824106
239.3751326550264
227.52473339193966
253.74394308577757
227.68325266998727
237.84040126984473
248.5677256063791
224.20147279137745
246.3635186876636
250.46874460810795
240.63825575413648
238.0787537500728
236.6100674403133
217.05337166669779
234.17301950627007
244.14449640503153
227.42271591629833
230.2580433728872
228.87336062488612
205.2527755519841
208.67299213982187
220.81913724401966
221.93981737049762
219.30871564615518
215.63314104359597
223.8014387593139
227.0245553747518
233.50923348567449
229.2438260341296
256.41054497961886
200.56594961578958
258.37607552704867
260.80655807745643
243.52790136646945
251.86161625944078
222.94398077379446
282.6482347390847
228.39709517371375
198.6131583089009
227.03482038190123
218.64043831685558
243.86161682358943
243.1748196282424
244.2004085041117
254.69081015558913
260.4266925540287
231.62189676996786
226.6404363437323
270.11709463212173
243.35052692645695
241.20821578847244
246.6227919831872
212.12070121592842
222.18917979917023
237.03252931579482
234.89106020343024
223.70290107827168
244.87574892898556
222.49372427212074
219.36201254895423
256.1410739583662
228.13301848433912
229.95115618570708
241.74019232066348
253.9447372809518
264.92543031810783
257.2591576485429
268.7831064297352
239.77173150028102
227.85313214443158
184.2348013415467
203.14953240554314
214.6483026111964
235.53066114592366
202.52085940213874
239.58540727559011
234.49217485357076
226.86949123383965
239.29469724430237
273.163166224258
226.65667314745951
213.22958061064128
241.44204223609995
241.1373050553957
220.89644469122868
222.96848659333773
247.95761732640676
224.21586273633875
261.77808065421414
241.84741020051297
241.312115826644
226.74072034226265
225.70611841080245
210.53016202896833
224.28483597899321
239.3256724382518
257.95560006436426
213.39645951241255
203.08627527439967
263.05737085815053
217.7613872414222
240.41804938716814
223.52801458456088
229.00341275637038
194.78341526316945
264.61657702492084
245.7658355877502
242.66658388648648
225.0085675448645
250.96145104954485
235.32457536878064
233.00211355218198
202.90428832557518
241.9578063924564
221.94235395279247
215.20314926712308
243.32541719428264
222.41976438020356
212.84372778155375
231.34784300019965
272.56874407897703
280.96816548972856
258.8223736968357
223.35923290718347
233.96915284590796
238.0842041244032
243.7817739509046
224.80014132056385
234.8641555387294
246.6447091337759
278.3116369728232
214.79048248240724
244.5672441663919
220.43141765182372
256.3935811863048
229.49624328454956
232.43484873790294
263.89118603721727
250.0026504721027
251.6372407466406
238.2774112272309
266.1122853709385
256.3877258806024
240.69785933417734
224.9550035315333
220.95815557264723
224.72758352477103
269.70057864056434
224.849395576166
225.8080054045422
208.94890093442518
207.59330835542642
215.8373924168991
245.9067667881027
228.1264819338685
230.34127428475767
253.5267574971076
229.10640972910915
204.8512398665771
242.2172970130341
221.6640259292908
211.82061108923517
231.23623499413952
216.602379595628
239.84103051875718
232.62494318047538
262.29577717068605
241.24187501776032
201.24278517218772
265.68573201668914
216.55716363049578
255.0227985496167
259.4664746201597
245.76554188225418
243.62198388017714
237.85586309677456
252.73418456909712
249.19026587007102
238.25979946018197
244.41897650493775
221.6367590931477
253.88409313349985
226.88644926191773
214.24547501769848
240.36875766213052
263.96484188130125
245.10104554879945
249.6073595751077
214.5795579421101
228.53050877526402
208.7890312280506
251.56185784819536
268.11930335336365
220.370230874978
240.74046397022903
280.1105328387348
242.61570201918948
245.6164709588047
227.13565988861956
226.91400032595266
198.70800885395147
207.2699392979266
223.0314265304478
203.1606419265736
236.40277984563727
227.8736040344229
226.8016816129675
213.0579692904139
248.43709276954178
256.72991694137454
241.0151390945539
222.0624454235658
222.59854125918355
239.6854190485319
203.7276253795717
270.685221797321
215.0923468566034
271.7824762130622
216.04304001154378
225.62811811896972
235.27130170282908
218.94393591815606
214.6106634461321
249.5920031593414
252.39717977377586
228.58535192161798
255.9606825794326
261.13687339925673
247.31455198966432
206.6142783591058
201.95273725606967
251.85670802439563
244.01131839107256
252.38336954347324
216.09854041808285
246.006509755156
238.6138997611124
230.79390993784182
198.25432200788055
274.1280222458299
221.64520461438224
197.3563284537522
256.0660150765907
241.51540226105135
